16
0 10 0 0 6 10 6 0 15 10 15 0
5 0 5 20
10 0 10 20
0 10 0 0 7 5 8 0 15 10 15 0
5 0 5 10
10 0 10 10
0 10 0 0 7 5 8 0 15 10 15 0
4 0 4 10
11 0 11 10
15 0 15 10 8 5 7 10 0 0 0 10
11 0 11 10
4 0 4 10
1 11 1 1 8 6 9 1 16 11 16 1
5 1 5 11
12 1 12 11
10 9 9 9 5 4 4 4 8 2 6 2
8 12 6 3
3 4 9 1
99 99 89 98 100 45 90 44 101 5 91 6
93 100 95 42
95 42 96 1
1 21 16 1 18 29 18 2 35 21 20 1
1 21 18 2
18 29 20 1
101 101 1 101 101 100 1 20 75 5 25 5
97 91 99 91
27 25 28 25
9 12 8 4 13 14 11 5 20 40 24 38
9 12 11 5
11 5 20 40
0 5 1 1 50 6 50 1 105 7 105 0
0 3 50 2
50 3 105 4
0 100 0 0 40 101 40 0 90 100 90 0
0 20 1 20
0 20 1 20
1 2 1 1 2 2 2 1 3 2 3 1
1 3 2 3
1 3 2 3
1 2 1 1 2 2 2 1 3 2 3 1
1 1 3 2
1 2 3 1
1 2 1 1 2 2 2 1 3 2 3 1
1 1 100 2
1 1 101 2
0 9 0 0 9 9 9 0 18 14 18 0
6 0 6 1
12 0 12 1
