262
0 3
0 5
1 0
1 5
3 0
3 3
3 5
4 2
4 4
4 5
5 0
5 1
5 2
5 3
5 4
6 1
6 2
6 3
6 5
7 0
8 0
8 1
8 5
9 0
9 2
9 3
9 4
9 5
10 4
11 0
11 2
11 5
12 0
13 2
13 4
14 3
14 4
14 5
15 0
16 5
17 3
17 4
18 0
18 3
19 1
19 3
19 4
20 0
20 1
21 0
22 0
23 1
24 0
24 3
25 1
25 2
25 3
25 4
25 5
26 0
26 4
26 5
27 0
27 3
28 2
28 3
28 4
29 1
29 2
29 3
29 5
30 2
30 4
30 5
31 2
31 3
31 4
32 0
32 2
33 0
33 1
33 3
33 5
34 0
34 2
35 0
35 1
35 3
35 5
36 4
38 3
38 4
38 5
39 0
39 2
39 3
40 2
40 4
41 0
41 2
41 4
41 5
42 1
42 3
42 4
43 1
43 5
44 0
44 1
44 3
44 5
45 3
45 4
45 5
46 5
47 0
47 1
47 4
47 5
48 4
48 5
49 0
49 2
49 3
49 5
50 1
50 3
50 4
50 5
51 1
51 3
52 0
52 4
53 0
53 1
53 2
53 3
53 4
55 3
56 0
56 1
56 2
56 3
56 5
57 0
57 1
57 3
57 4
57 5
58 0
58 2
59 0
59 2
59 3
60 3
60 4
61 0
61 1
61 3
61 4
62 2
62 3
63 4
63 5
64 0
64 3
64 4
65 0
65 2
65 3
65 5
67 1
67 4
67 5
68 3
69 0
69 2
69 3
69 4
69 5
70 0
70 2
70 3
71 2
71 3
71 5
72 0
72 5
73 2
73 3
73 4
75 0
75 1
75 2
75 4
76 1
77 0
77 1
77 2
77 3
77 4
77 5
78 2
78 3
78 4
78 5
79 1
79 3
79 4
79 5
80 2
80 4
81 0
81 1
81 2
82 0
82 2
82 3
82 5
83 0
83 2
83 5
84 0
84 2
84 5
85 0
85 1
85 2
86 0
86 3
86 4
87 0
87 5
88 0
88 2
89 1
89 2
90 3
91 0
91 3
92 0
92 1
92 2
93 0
93 2
94 0
94 1
94 2
94 3
94 5
95 1
95 4
95 5
96 0
96 4
98 0
98 3
99 0
99 2
99 3
99 4
99 5
