300
0 1
0 3
0 5
1 0
1 2
1 4
2 1
2 3
2 5
3 0
3 2
3 4
4 1
4 3
4 5
5 0
5 2
5 4
6 1
6 3
6 5
7 0
7 2
7 4
8 1
8 3
8 5
9 0
9 2
9 4
10 1
10 3
10 5
11 0
11 2
11 4
12 1
12 3
12 5
13 0
13 2
13 4
14 1
14 3
14 5
15 0
15 2
15 4
16 1
16 3
16 5
17 0
17 2
17 4
18 1
18 3
18 5
19 0
19 2
19 4
20 1
20 3
20 5
21 0
21 2
21 4
22 1
22 3
22 5
23 0
23 2
23 4
24 1
24 3
24 5
25 0
25 2
25 4
26 1
26 3
26 5
27 0
27 2
27 4
28 1
28 3
28 5
29 0
29 2
29 4
30 1
30 3
30 5
31 0
31 2
31 4
32 1
32 3
32 5
33 0
33 2
33 4
34 1
34 3
34 5
35 0
35 2
35 4
36 1
36 3
36 5
37 0
37 2
37 4
38 1
38 3
38 5
39 0
39 2
39 4
40 1
40 3
40 5
41 0
41 2
41 4
42 1
42 3
42 5
43 0
43 2
43 4
44 1
44 3
44 5
45 0
45 2
45 4
46 1
46 3
46 5
47 0
47 2
47 4
48 1
48 3
48 5
49 0
49 2
49 4
50 1
50 3
50 5
51 0
51 2
51 4
52 1
52 3
52 5
53 0
53 2
53 4
54 1
54 3
54 5
55 0
55 2
55 4
56 1
56 3
56 5
57 0
57 2
57 4
58 1
58 3
58 5
59 0
59 2
59 4
60 1
60 3
60 5
61 0
61 2
61 4
62 1
62 3
62 5
63 0
63 2
63 4
64 1
64 3
64 5
65 0
65 2
65 4
66 1
66 3
66 5
67 0
67 2
67 4
68 1
68 3
68 5
69 0
69 2
69 4
70 1
70 3
70 5
71 0
71 2
71 4
72 1
72 3
72 5
73 0
73 2
73 4
74 1
74 3
74 5
75 0
75 2
75 4
76 1
76 3
76 5
77 0
77 2
77 4
78 1
78 3
78 5
79 0
79 2
79 4
80 1
80 3
80 5
81 0
81 2
81 4
82 1
82 3
82 5
83 0
83 2
83 4
84 1
84 3
84 5
85 0
85 2
85 4
86 1
86 3
86 5
87 0
87 2
87 4
88 1
88 3
88 5
89 0
89 2
89 4
90 1
90 3
90 5
91 0
91 2
91 4
92 1
92 3
92 5
93 0
93 2
93 4
94 1
94 3
94 5
95 0
95 2
95 4
96 1
96 3
96 5
97 0
97 2
97 4
98 1
98 3
98 5
99 0
99 2
99 4
