203
0 0
0 1
0 3
1 0
1 1
1 2
1 3
2 3
3 4
4 0
4 1
4 3
5 3
5 5
6 1
6 5
7 0
7 1
7 2
7 4
8 0
8 1
9 3
10 4
10 5
13 1
13 3
14 0
14 1
15 0
15 2
16 0
16 1
16 4
17 0
18 1
18 5
19 1
19 2
19 3
20 1
20 2
20 5
21 0
21 1
21 2
21 4
23 0
23 1
23 4
24 3
25 0
25 1
25 2
25 3
27 0
27 1
27 4
27 5
28 0
29 0
30 0
30 2
30 3
31 1
32 3
32 4
33 1
33 2
33 5
34 3
34 4
35 1
35 3
36 1
36 4
38 2
38 3
39 1
40 1
41 2
41 4
42 0
42 1
42 2
42 4
43 1
43 2
43 5
44 1
44 5
45 4
45 5
46 0
47 0
47 1
47 2
47 5
48 1
49 1
49 2
50 0
50 5
51 1
51 3
51 5
53 0
53 1
53 3
54 0
54 4
55 2
56 3
57 0
57 2
58 0
58 1
58 2
58 4
59 0
59 3
59 5
60 0
60 4
61 0
61 1
61 2
61 5
62 1
63 4
63 5
64 1
64 4
65 0
65 4
66 0
67 0
67 1
67 5
68 2
68 3
68 4
69 0
69 1
69 4
70 1
70 3
71 0
71 2
71 5
73 2
73 3
74 0
74 1
74 3
74 4
76 0
76 2
76 3
77 1
77 2
78 0
80 1
80 2
80 4
81 3
82 1
83 3
83 5
84 2
84 3
84 4
85 1
85 2
85 3
85 5
86 0
86 5
88 5
90 0
90 2
90 3
91 3
91 4
92 0
92 2
92 3
94 0
94 1
94 3
95 0
95 1
95 3
95 4
96 0
96 1
96 5
97 5
98 0
98 1
98 5
99 1
99 3
