300
0 0
0 2
0 4
1 0
1 2
1 4
2 0
2 2
2 4
3 0
3 2
3 4
4 0
4 2
4 4
5 0
5 2
5 4
6 0
6 2
6 4
7 0
7 2
7 4
8 0
8 2
8 4
9 0
9 2
9 4
10 0
10 2
10 4
11 0
11 2
11 4
12 0
12 2
12 4
13 0
13 2
13 4
14 0
14 2
14 4
15 0
15 2
15 4
16 0
16 2
16 4
17 0
17 2
17 4
18 0
18 2
18 4
19 0
19 2
19 4
20 0
20 2
20 4
21 0
21 2
21 4
22 0
22 2
22 4
23 0
23 2
23 4
24 0
24 2
24 4
25 0
25 2
25 4
26 0
26 2
26 4
27 0
27 2
27 4
28 0
28 2
28 4
29 0
29 2
29 4
30 0
30 2
30 4
31 0
31 2
31 4
32 0
32 2
32 4
33 0
33 2
33 4
34 0
34 2
34 4
35 0
35 2
35 4
36 0
36 2
36 4
37 0
37 2
37 4
38 0
38 2
38 4
39 0
39 2
39 4
40 0
40 2
40 4
41 0
41 2
41 4
42 0
42 2
42 4
43 0
43 2
43 4
44 0
44 2
44 4
45 0
45 2
45 4
46 0
46 2
46 4
47 0
47 2
47 4
48 0
48 2
48 4
49 0
49 2
49 4
50 0
50 2
50 4
51 0
51 2
51 4
52 0
52 2
52 4
53 0
53 2
53 4
54 0
54 2
54 4
55 0
55 2
55 4
56 0
56 2
56 4
57 0
57 2
57 4
58 0
58 2
58 4
59 0
59 2
59 4
60 0
60 2
60 4
61 0
61 2
61 4
62 0
62 2
62 4
63 0
63 2
63 4
64 0
64 2
64 4
65 0
65 2
65 4
66 0
66 2
66 4
67 0
67 2
67 4
68 0
68 2
68 4
69 0
69 2
69 4
70 0
70 2
70 4
71 0
71 2
71 4
72 0
72 2
72 4
73 0
73 2
73 4
74 0
74 2
74 4
75 0
75 2
75 4
76 0
76 2
76 4
77 0
77 2
77 4
78 0
78 2
78 4
79 0
79 2
79 4
80 0
80 2
80 4
81 0
81 2
81 4
82 0
82 2
82 4
83 0
83 2
83 4
84 0
84 2
84 4
85 0
85 2
85 4
86 0
86 2
86 4
87 0
87 2
87 4
88 0
88 2
88 4
89 0
89 2
89 4
90 0
90 2
90 4
91 0
91 2
91 4
92 0
92 2
92 4
93 0
93 2
93 4
94 0
94 2
94 4
95 0
95 2
95 4
96 0
96 2
96 4
97 0
97 2
97 4
98 0
98 2
98 4
99 0
99 2
99 4
