565
0 0
0 1
0 2
0 3
0 4
0 5
1 0
1 1
1 2
1 3
1 4
1 5
2 0
2 1
2 2
2 3
2 4
3 0
3 1
3 2
3 3
3 4
3 5
4 0
4 1
4 2
4 3
4 4
4 5
5 0
5 1
5 3
5 4
5 5
6 0
6 1
6 3
6 4
6 5
7 0
7 1
7 2
7 3
7 4
7 5
8 0
8 1
8 2
8 3
8 4
8 5
9 0
9 1
9 3
9 4
9 5
10 0
10 1
10 2
10 3
10 4
10 5
11 0
11 1
11 2
11 3
11 4
11 5
12 0
12 1
12 2
12 3
12 4
12 5
13 0
13 1
13 2
13 3
13 4
13 5
14 0
14 2
14 3
14 4
14 5
15 0
15 1
15 2
15 3
15 4
15 5
16 0
16 1
16 3
16 4
16 5
17 0
17 1
17 2
17 3
17 4
17 5
18 1
18 2
18 3
18 4
18 5
19 0
19 1
19 2
19 3
19 4
19 5
20 0
20 1
20 2
20 3
20 4
21 0
21 1
21 2
21 3
21 4
21 5
22 0
22 1
22 2
22 3
22 4
22 5
23 0
23 1
23 2
23 3
23 4
23 5
24 0
24 1
24 2
24 3
24 4
24 5
25 0
25 1
25 2
25 4
25 5
26 0
26 1
26 2
26 3
26 4
26 5
27 0
27 1
27 2
27 3
27 4
27 5
28 0
28 1
28 2
28 3
28 5
29 0
29 1
29 2
29 3
29 4
30 0
30 1
30 2
30 3
30 4
30 5
31 0
31 1
31 2
31 3
31 4
31 5
32 0
32 1
32 2
32 3
32 4
32 5
33 0
33 1
33 2
33 3
33 4
34 0
34 1
34 2
34 3
34 4
34 5
35 0
35 1
35 2
35 3
35 4
35 5
36 0
36 1
36 2
36 3
36 5
37 0
37 1
37 2
37 3
37 4
37 5
38 0
38 1
38 2
38 3
38 4
38 5
39 0
39 1
39 2
39 3
39 4
39 5
40 0
40 1
40 2
40 3
40 4
40 5
41 0
41 1
41 2
41 3
41 4
42 0
42 1
42 2
42 3
42 4
42 5
43 0
43 1
43 2
43 3
43 4
43 5
44 1
44 4
44 5
45 0
45 1
45 2
45 3
45 4
45 5
46 0
46 1
46 2
46 3
46 5
47 0
47 1
47 2
47 3
47 4
47 5
48 0
48 1
48 2
48 3
48 4
48 5
49 1
49 2
49 3
49 4
49 5
50 0
50 1
50 2
50 3
50 4
50 5
51 0
51 1
51 2
51 4
51 5
52 0
52 1
52 2
52 3
52 4
52 5
53 0
53 2
53 3
53 4
53 5
54 0
54 1
54 2
54 3
54 4
54 5
55 0
55 1
55 2
55 3
55 4
55 5
56 0
56 1
56 2
56 3
56 4
56 5
57 0
57 1
57 2
57 3
57 4
57 5
58 0
58 1
58 2
58 3
58 4
58 5
59 1
59 2
59 3
59 4
59 5
60 0
60 1
60 2
60 3
60 4
60 5
61 0
61 1
61 2
61 3
61 4
61 5
62 0
62 1
62 2
62 3
62 4
62 5
63 0
63 1
63 2
63 3
63 4
63 5
64 0
64 1
64 2
64 3
64 5
65 0
65 1
65 2
65 3
65 4
65 5
66 0
66 1
66 3
66 4
66 5
67 0
67 1
67 2
67 3
67 4
68 0
68 1
68 2
68 3
68 4
68 5
69 0
69 1
69 2
69 3
69 4
69 5
70 0
70 1
70 2
70 3
70 4
70 5
71 0
71 2
71 3
71 4
71 5
72 0
72 1
72 2
72 3
72 4
72 5
73 0
73 1
73 2
73 3
73 4
73 5
74 0
74 1
74 2
74 3
74 4
74 5
75 0
75 1
75 2
75 3
75 4
75 5
76 0
76 1
76 2
76 3
76 4
76 5
77 0
77 1
77 2
77 4
77 5
78 0
78 1
78 2
78 3
78 4
78 5
79 0
79 1
79 2
79 3
79 4
79 5
80 0
80 1
80 2
80 3
80 4
80 5
81 0
81 1
81 2
81 3
81 4
82 0
82 1
82 2
82 3
82 4
82 5
83 0
83 1
83 3
83 4
83 5
84 0
84 1
84 2
84 3
84 4
84 5
85 0
85 1
85 2
85 3
85 4
85 5
86 1
86 2
86 3
86 4
86 5
87 0
87 1
87 2
87 3
87 4
87 5
88 0
88 1
88 2
88 3
88 4
88 5
89 0
89 1
89 2
89 3
89 4
89 5
90 0
90 1
90 2
90 3
90 4
90 5
91 0
91 1
91 2
91 3
91 4
91 5
92 0
92 1
92 2
92 3
92 4
92 5
93 0
93 1
93 2
93 3
93 4
93 5
94 2
94 3
94 4
95 0
95 1
95 3
95 4
96 0
96 1
96 2
96 3
96 4
96 5
97 0
97 1
97 2
97 3
97 4
97 5
98 0
98 1
98 2
98 3
98 4
98 5
99 0
99 1
99 2
99 3
99 4
99 5
