12 41
-1144 -663 -778 102 -400 -898 -1109 -798 -38 -518 -1345 -476 -616 -801 -1254 -515 -1164 -301 -776 -1200 -313 -877 -636 62 -143 -495 -481 -148 -1043 -85 -1197 -583 -1273 -1341 -456 -1102 -822 -247 -980 -553 -92
-455 142 -632 -293 2 60 29 -625 -130 -1225 -136 -340 94 -723 40 -140 -1066 -440 -466 -1120 72 133 -189 -754 -643 -17 -475 -441 -58 -479 -1291 -1318 -251 -1336 -630 -283 -960 -291 -1395 -787 -1012
-1031 -382 -235 -1196 147 -866 -1149 -102 -1227 -947 -1121 -1060 -826 -1380 -718 -536 1424 410 1406 395 913 184 1119 1404 1054 941 996 529 1519 749 1524 473 1000 817 82 843 438 866 1055 1272 142
100 -1266 -1152 -1342 -1222 -415 -513 -559 -1337 -982 -1097 -887 -804 -1102 -703 -104 762 1228 627 1505 140 1595 1010 868 471 1381 821 1308 1211 876 737 1529 968 573 473 1414 1010 1148 1202 1111 -1344
-815 -768 -1149 -929 -127 -76 -1110 -773 -1377 -1034 -665 -1346 -924 -358 52 -1260 1377 1151 859 1597 970 853 322 279 1014 208 214 1232 942 1642 1648 758 472 1609 64 1066 1337 67 751 209 -453
-926 -1090 -1084 -735 -176 -999 -290 -1263 -246 -1307 -1127 -1197 -127 6 -556 -1114 1290 306 1165 495 782 1623 1647 145 143 748 463 522 1640 1572 154 142 1182 1383 317 272 1580 109 700 830 -1390
-595 -544 -16 -1101 -947 -459 -426 123 -579 -231 -881 -1065 -1179 -6 -818 -1350 898 1426 478 842 895 220 616 685 211 977 524 1488 212 842 180 879 673 734 628 1463 527 1105 572 882 -970
48 -211 -543 -1222 -619 -731 46 -1163 -337 -961 -3 -882 -1048 -690 -205 -124 987 1199 1490 698 588 591 1643 751 1135 628 1562 252 1166 1213 1157 1281 1413 1529 976 169 302 970 472 1321 -1143
-240 -971 35 -1194 -795 -1193 -267 -72 290 248 988 1170 1080 925 1311 1007 -980 -271 1511 1267 681 223 695 373 116 223 903 133 831 1121 214 150 548 940 439 246 1386 519 950 540 -773
-377 -997 122 -774 -216 -1363 -829 -827 805 346 667 1043 684 1543 313 302 500 813 -838 -830 -42 57 -1234 -924 -111 -851 -656 -160 -970 21 -327 -262 -638 148 -335 -599 -193 -757 -1399 -814 -641
-796 -645 -776 -397 -690 -978 -1246 -1119 928 1234 1206 1143 404 971 1327 861 534 1078 -1262 -779 -662 -665 -642 -1320 -1334 -999 -676 -941 -81 -674 -1143 -1331 -608 -72 -723 -587 -827 -1027 -873 -1165 -1442
-446 -228 -67 -1398 -1153 128 88 -747 -886 -416 -732 -39 -1341 -15 -1255 -1038 34 -490 -480 -57 -8 -174 -1345 -1169 -1131 -128 -405 -109 -45 -1042 -1204 -858 -330 -1278 -582 86 22 -209 -7 -534 -734
