28 14
-1062 -570 -101 -97 -794 -428 -946 -587 -1077 -142 -216 -461 -546 -1119
-670 -828 -527 -431 -814 -462 705 307 317 565 135 331 -394 -164
-796 -1064 -283 -790 -711 -676 1061 301 877 193 770 900 -88 -170
-425 -420 -812 -977 -606 -158 1127 1202 173 816 948 985 -668 -394
-197 -1026 -606 -916 -637 -929 1174 180 503 1079 189 733 -842 -417
-871 -1068 -399 -67 -223 -536 196 219 673 753 680 388 -187 -921
-158 -732 -173 -1087 -985 -868 768 485 518 710 743 939 -97 -484
-1135 -196 -263 -884 -622 -772 157 169 300 691 845 1106 -70 -569
-651 -500 -507 -199 -375 -231 441 1035 868 1141 1115 460 -605 -196
-812 -1074 -78 -189 -661 719 -950 -1047 -605 -976 -280 -889 229 1060
-962 -355 -493 -1018 -445 780 -199 -116 -126 -392 -671 -472 664 1168
-529 -715 -973 -263 -558 772 -647 -981 -1110 -818 -133 -433 1182 1077
-128 -369 -675 -640 -679 -518 1025 774 1094 826 149 775 -929 -272
-879 -530 -807 -625 -227 -613 376 875 553 604 398 1094 -1106 -739
-438 -599 -219 -214 -560 -946 1122 682 1122 885 1011 1189 -520 -916
-842 -413 -728 -384 -222 -357 1069 475 249 271 250 893 -69 -1052
-935 -138 -226 -576 -1122 -1057 1116 813 515 223 142 573 -306 -864
-106 -340 -260 -1115 -804 -874 1003 1061 1058 143 776 176 -462 -618
-654 -989 -843 -230 -507 -189 522 1080 304 171 642 1151 -229 -815
-729 -749 -845 -985 -1120 -698 1011 789 681 730 708 903 -566 -130
-199 -200 -160 -1033 -376 -948 490 494 256 260 968 708 -210 -458
-220 -605 -378 -1074 -361 -288 1192 1024 255 865 716 658 -559 -387
-1011 -331 -700 -886 -310 -807 963 438 547 903 355 512 -498 -340
-243 -826 -786 -883 -579 -651 824 662 914 270 656 173 -650 -268
-742 -634 -497 -453 -234 -114 723 609 898 362 472 771 -331 -860
-1019 -631 -292 -884 -576 -833 770 587 649 470 948 1131 -430 -1104
-621 -99 -306 -1078 -867 -967 917 378 946 192 644 1117 -555 -845
-518 -476 -139 -273 -1081 -199 -205 -1039 -112 -268 -81 -436 -1008 -821
