37 40
-813 -1429 -808 -223 -1691 -744 97 -831 -1790 -1353 -1523 -386 -1459 -1393 7 -1753 -1256 -1338 -1641 34 -631 -133 -743 -134 -187 -1561 -184 -477 -985 -1592 -1053 -1705 50 -1235 -1030 -692 -195 -170 -936 -317
-1488 -1229 -1300 -1563 -326 -1037 -1191 -377 -675 -997 -533 108 -703 -1746 50 -1175 -288 -314 -495 -844 -462 95 -900 -1384 -1619 -879 -1200 -1757 -1124 -1337 -840 -492 -1298 -909 -726 -897 0 -1027 -1395 -1564
-1526 -1208 -1149 -1352 -1667 -1733 -390 -975 -750 -386 -448 -917 -310 -301 -308 97 -1071 -1373 -1617 -62 -510 -1046 -614 -517 -874 -401 -237 -256 -722 -1350 -880 -657 40 -29 -361 -300 -447 -1123 -456 -1162
-65 -711 -1065 -350 -1562 -1763 -790 -894 -1306 -941 -393 -452 -325 -374 -985 -827 -936 73 -20 -408 -698 -1692 -456 -330 -170 -745 -777 -1010 -1742 86 -1273 -869 -1753 -416 -1617 -726 -1020 -614 -1123 -725
-162 -285 -343 -148 -1100 -1160 -110 -1131 -1212 -1535 -1201 -1072 -912 -1606 -1489 -20 -115 -1726 -1684 -668 -107 -1001 -1102 -1672 -1204 -680 -1577 -1790 -874 -809 -1423 -1370 -326 -1764 -1533 -413 -305 -20 -1005 -937
-319 -933 -574 -392 -1091 -401 -295 -43 -301 -1270 -913 -913 -609 35 -1623 -1271 -1401 -1453 18 -224 -423 35 -1479 -1373 -27 -1037 -1090 -1 -1490 -186 -995 -1143 -1665 -9 -384 -381 87 -1555 -902 -450
-254 -846 -154 -1469 -776 -982 -956 -988 -932 -417 -59 -104 -1148 -24 -911 -1631 -897 -311 -1760 -82 -529 -1432 -604 -477 -1201 -558 -669 -878 -537 -1555 -486 -54 -1191 -267 -1226 -488 -416 95 -1036 -1785
-1523 67 -847 -16 -1292 -843 -1061 -1791 -585 -881 -533 23 -978 -141 -278 -1653 -1192 -1093 -173 -945 -621 -415 -175 -216 -966 -841 -1784 -915 32 -906 -1267 -1656 -1247 -1214 301 -1792 -1325 -922 -715 -701
-1049 -274 -1554 -1251 -356 -1694 -618 -57 -1408 -1158 -568 -871 -176 -614 -1543 -8 -349 -1377 -628 -1342 -1267 -289 -1497 -166 -1290 -1299 -1645 -1646 28 -643 -365 -1705 107 -1719 -354 -1733 -1475 -384 -1665 -1459
-892 -1144 -937 13 59 37 -581 -552 -1657 -1120 -682 -1597 -594 -1140 -1211 -965 -270 -638 -794 -1264 -244 -1461 -482 -1755 -1145 -636 -1158 -973 2 -984 -1607 -885 -299 -896 77 -1753 -1518 -158 -971 -455
-575 -1242 -353 -1050 -934 -289 -1109 -1191 -1122 -1174 -596 75 -260 -1082 -193 -1204 -1486 -1284 -1003 -1690 -473 -849 -1474 -1508 49 -843 -1732 -983 -111 -1772 -216 -139 -157 -1478 608 -1232 -47 -865 -1069 -1280
-1409 -76 -1397 -1109 -1289 -972 -586 -945 -87 -733 -1266 -294 -574 -500 -905 -195 -922 -1613 -673 -1530 -870 -481 -833 -1266 -1730 -1634 3 -1065 55 -1293 -777 -1161 -501 2 -205 -1629 -243 -803 -938 -1348
-717 4 -957 -971 -1407 12 -1073 -1723 85 -1004 -1483 -106 -861 -534 -1025 -137 -993 -590 -638 -1789 -1071 -1268 -1121 -1351 -604 -842 -711 -495 -1670 94 -501 -1464 17 -383 -40 -974 -681 -124 -1420 -1716
-392 -895 -1238 -1374 -1178 -1151 -857 -1592 -73 -888 -1043 -285 -1376 -768 -270 -1025 -700 -579 -1439 -849 -1186 -889 -1513 -800 -856 -42 -465 -1631 -1269 -1698 105 -1686 -1748 -1697 59 -727 -256 -1237 -1046 -614
104 -1221 -660 -425 -792 -78 -1547 -1206 -98 -564 -351 -866 -502 -1503 -1780 -410 -1228 -1473 -312 -500 -439 -377 -17 -499 -1789 -875 -507 -321 -1528 -1046 -1174 -793 -1517 -1730 -745 -592 -1208 -305 -631 -355
-1169 -429 -147 -1293 76 -56 -963 -863 -264 -1196 -484 -595 70 -127 -936 -1227 -1782 -1584 -124 -352 -773 -1278 -420 -595 -1581 -1331 80 -1319 -1776 -1321 -1296 -989 -902 -742 -481 44 -1236 -1475 27 -588
-617 -1159 34 -735 -1147 -924 -327 -364 -1022 46 -1637 -1158 -487 -926 -1206 -497 -1114 -1640 -574 -375 -970 -170 -300 -1408 -77 -1155 -1680 -1109 -526 -1270 -1540 -438 -237 -593 -136 -801 -1511 -1755 -1427 61
5 -315 -1783 -205 -990 -1697 -1773 -1393 -421 -513 -986 -635 -1095 -987 -712 -595 -927 -664 -806 -161 -368 -1781 -1025 -1054 38 -872 -1451 -1101 -1783 -1326 -740 -649 -1330 -1622 -847 -518 -1615 -1384 -38 -556
-689 -1545 -1710 -265 -1389 -478 -1098 55 -887 -437 -1513 -1188 -387 -918 -374 -1380 -1043 -34 -1411 -72 -1621 -545 -1432 -300 -1443 -575 -948 -1402 -1542 -1105 -1637 -1268 -1501 -437 -132 -85 -1300 -1406 -1027 95
97 17 24 -55 -531 -457 -1478 -184 -499 -1278 -616 -1336 -411 -1321 -361 -1468 -1709 -1544 -368 -270 -426 -1648 -893 -1338 -1774 -1121 -458 -1463 -715 -8 -1463 36 -271 -1052 -1527 -1328 66 1 -1499 -557
-862 -1770 -1483 -437 -1097 -291 -227 -399 -611 -1724 -607 -1025 -253 -1241 -829 31 -892 -1268 -287 -74 -371 -581 -951 -30 -1300 -433 -143 -1209 -646 -598 -1633 -1495 -893 -326 -1225 -1483 -16 -251 59 -1168
-976 -1010 -1793 -1325 -679 25 -399 -1284 -59 49 -1249 -825 -1530 -860 -638 -214 -96 -1148 -250 -1371 -1213 -49 -47 -1333 -503 -899 -1047 -1079 -1194 -857 -194 -1494 -1790 -1208 -313 -423 -691 -1559 -122 -798
-1690 74 -588 -1751 -1516 632 1192 -164 -343 -134 347 450 -363 1089 657 1403 1342 1054 -84 -417 -171 984 386 443 -1681 -965 -914 -268 -1598 -904 -1017 -94 -1361 -741 -314 -826 -359 -1733 -369 -1289
-907 -468 -1604 -1588 -316 187 -414 -362 381 1172 -420 935 1178 240 1224 92 -385 909 1083 -16 -243 735 -339 331 -777 -1678 -1651 -1689 -64 -320 -437 -379 -788 -360 -1313 -333 -613 88 -789 -1674
-1254 -355 -820 -1407 -1722 332 540 311 1022 1123 996 449 526 182 1158 1262 535 -266 514 915 1123 642 1208 674 -1218 -648 -959 -565 54 -1077 -1064 -264 -1634 -1320 -1147 -3 -487 -1582 -1336 -65
-102 -664 -183 -263 -536 -123 974 -118 447 36 787 620 193 -300 532 -283 588 972 371 -395 -137 -90 1229 631 -403 -894 -462 -901 -723 -976 -1222 -532 77 -1220 -1143 -1684 -1481 -722 -907 -734
-46 -852 17 -150 -1427 678 488 1152 475 30 715 -365 1192 551 1002 772 -414 595 1341 590 1080 -27 516 45 -718 -488 -283 -1268 -627 -1497 -1099 -217 -1264 -606 -273 -859 -140 -702 -878 -246
-1768 -1016 89 59 -225 -306 882 1140 101 1098 112 414 310 1042 584 244 1025 1257 889 168 -370 1176 1440 882 -1312 2 -1233 -1311 -1564 -372 -1627 49 -138 -734 -1141 -1555 -1739 -1014 -1062 -1152
-74 -749 -662 -305 -566 789 -254 1391 1438 -85 81 784 1389 -105 132 -159 150 326 -9 488 981 1075 373 289 -604 -1077 -1381 -1777 111 -930 -575 -1439 -1464 -150 -408 -223 -594 -156 -1729 -1725
-1630 -1764 -104 -1058 -424 1375 303 237 1301 365 1033 281 -45 -235 639 589 428 -183 1142 608 1212 463 1121 1256 -736 -890 -38 -835 -1523 -1578 -660 -1087 -184 -60 -836 -987 -1074 -1682 -1331 -271
-886 -611 -451 -13 -791 30 1216 551 492 1294 1298 230 228 -187 -18 -322 1158 760 952 965 1366 1153 676 392 -557 -390 -176 -285 -1594 -282 -517 -650 -565 -1394 -284 -1500 -934 -1011 -700 -352
-1331 -42 -585 -934 -1737 -198 560 -320 209 1247 -154 144 1241 753 129 195 570 125 1228 637 -85 1243 -413 -303 -913 -615 39 -1559 -1354 -517 -270 -981 -1121 -1100 -656 -1583 -1456 -1470 -326 -1760
-980 -1011 -1244 -120 -52 588 727 119 1044 277 -345 54 946 908 332 732 1138 928 1249 -193 234 105 963 1084 -24 19 -1133 -444 -1230 -952 -1340 -481 -1116 -919 -619 -559 -857 -1491 -1325 -1290
-1707 -802 -1033 -661 -1285 -323 826 320 736 305 -261 -264 456 1454 3 1019 519 703 -204 998 -113 1259 1349 274 106 -324 -848 -1514 -1081 -1504 -1514 -1794 -607 -1434 -1235 -496 -946 -370 -1391 -1098
-1265 -552 -666 -631 -658 62 -693 -868 -203 18 -102 -1583 -268 -1491 -992 -1285 -370 -1420 -902 -1724 -663 -1055 -559 -522 -666 -924 -459 -14 -251 -1277 -1496 -1461 -1781 85 -1158 -443 -1777 -84 -1679 -1635
-9 -1188 -408 -1702 -626 -657 -158 -1211 -828 -1204 -1040 -548 -1052 -345 -1483 -1604 -199 -1118 -1374 -1753 -108 74 -146 -291 -1745 -1139 -938 -783 -17 -1433 -745 -280 -702 -799 -568 -649 -1212 -890 -1008 -6
-466 -536 -1425 -361 -31 -1391 -506 -96 -386 -885 -247 -60 -1198 -1759 -604 -1532 -869 -1355 -1326 -1121 -1335 -240 -1788 20 -405 -317 -23 -1480 -1116 -1787 -822 -426 -937 -296 -1170 -1357 -1502 -1196 -239 -628
