28 22
138 -49 -424 11 -86 -428 -1 -420 100 110 -394 45 -117 29 93 55 -356 -216 -198 -68 15 169
-417 -371 -17 -226 -445 -76 -15 202 -181 -198 -217 -154 -448 -189 -35 -461 -287 87 -440 -101 141 -149
-111 -72 -357 -451 -443 -384 -235 -475 -264 -445 -14 37 -18 -156 -475 92 101 -234 -157 -277 -236 -322
-188 -356 -131 -340 -13 -483 192 -372 -230 -176 -253 -416 -78 99 191 -67 -369 121 -103 -452 204 -454
-438 -356 91 -73 -168 175 -250 6 -47 -355 -399 170 -194 -347 46 30 114 40 -385 -439 -404 -138
-337 -260 130 151 -179 -102 178 22 -83 -438 36 -58 164 -441 -281 -474 -211 -149 -470 -453 -231 166
9 -219 -271 -369 -157 142 -39 176 -360 184 -10 -33 -176 -190 -378 -143 167 -211 -71 -406 -10 -346
-194 -336 -387 -190 -177 -391 -136 -334 -339 -27 -379 19 -182 -325 189 50 -400 -467 -287 -174 110 77
-449 79 -207 -246 59 -277 -232 -335 -109 -277 -18 -354 140 -28 80 85 -376 7 -404 114 182 -35
-339 55 -408 -310 -296 -178 -450 -254 -81 79 48 -360 -213 60 -444 -199 -335 17 166 -448 169 -68
-111 -354 -156 53 -375 -108 101 -168 -162 -444 178 86 210 -89 142 -164 -387 35 -458 -459 -351 150
-339 -251 116 -248 -128 -404 -362 174 175 -450 145 -136 176 -433 -328 -119 208 -427 -155 -482 -77 -330
-416 -22 -402 -143 -463 -11 172 381 873 408 617 736 272 752 739 367 -161 0 -469 -285 120 92
99 -450 -431 -31 -346 151 -381 795 922 266 516 627 523 738 876 768 11 -240 -55 22 -373 -379
125 126 651 786 916 899 708 -365 31 238 394 692 568 847 920 526 -187 175 -60 128 -211 -360
-29 7 740 264 352 372 324 58 -104 270 443 713 387 761 240 926 -375 173 162 -152 25 160
-408 -399 389 309 796 773 770 -271 -221 544 545 413 454 709 323 632 72 104 -433 -470 -475 -337
-410 146 562 464 868 903 879 -22 66 374 346 876 617 919 733 838 -59 168 76 -224 35 -204
-110 -170 349 562 684 884 269 12 158 698 857 437 861 598 808 313 -59 73 -96 -95 -325 -437
146 5 820 855 377 872 445 77 -159 420 373 531 548 476 652 389 -139 -33 160 193 -59 -68
117 -319 823 402 644 629 344 -27 69 616 260 752 235 314 502 517 -178 -350 69 -310 -333 -443
-468 -77 265 916 743 851 655 391 557 -316 -344 57 -269 210 -80 -117 -428 -450 -34 -447 -439 -271
-273 189 288 352 474 618 585 737 570 -86 -374 -479 -285 -327 -251 -263 -8 34 -431 -358 51 -211
-168 -42 526 363 794 671 476 302 730 -447 -184 -430 21 107 165 -412 -278 136 20 -222 -33 186
-248 -167 906 858 478 751 375 762 894 187 -408 -399 -336 -92 -29 -41 192 -260 -360 -143 -451 88
-373 -248 682 560 320 578 363 264 751 -260 -410 -39 131 -355 85 209 -472 -25 161 187 -111 27
-394 -148 787 408 243 889 714 782 823 -307 183 -216 -275 -273 3 -302 -272 -192 106 146 38 -43
166 198 -424 -52 -247 -186 -462 -429 -480 131 160 20 -60 -76 -65 197 -328 -136 209 -34 -308 -231
