47 29
-1227 -797 -358 -1107 -235 -360 -1522 -286 -1433 -253 -375 -1584 -1593 -734 -1060 -1309 -983 -1453 -1328 -1624 -1382 -207 -1025 -1224 -1252 -1569 -289 -1322 -363
-283 -1466 -1259 -727 -1566 -1338 -363 -870 -352 -1397 -1218 -238 -1506 -863 -1548 -1543 -542 -1140 -1110 -906 -1412 -299 -1560 -664 -1114 -1032 -513 -1572 -289
-814 -777 -1177 -573 -483 -1366 -344 -1364 -1371 -1462 -1158 -1210 -1197 -1691 -1381 -1202 -1659 -597 -1076 -420 -917 -693 -886 -1693 -800 -1374 -1234 -457 -329
-535 -1588 -1519 -1106 -529 -502 -665 -364 -881 -508 -1166 -1046 -1483 -510 -1072 -356 -718 -1292 -1294 -290 -446 -1240 -250 -1163 -178 -657 -1133 -318 -1222
-285 -690 -1695 -1605 -1507 -1117 -1557 -856 -1272 -1579 -1113 -1720 -1121 -1228 -158 -427 -1424 -256 -1119 -922 -850 -1438 -771 -1652 -983 -642 -1708 -1550 -1220
-197 -853 -1004 -331 -1684 -1428 -1562 -1154 -1048 -1705 -1305 -1115 -667 -1112 -963 -1125 -233 -496 -1315 -346 -1129 -304 -548 -298 -956 -1058 -222 -441 -1048
-214 -1678 -1046 -372 -470 -195 -1035 -478 -902 -1115 -293 -995 -1492 -354 -450 -1727 -1458 -394 -206 -758 -374 -167 -1213 -1328 -1693 -1013 -495 -1634 -1362
-208 -302 -1241 -1338 -212 -1171 -1165 -1499 -1473 -1565 -1367 -246 -1426 -1485 -333 -406 -903 -1534 -1226 -672 -1034 -253 -1549 -301 -744 -254 -1695 -1161 -488
-1184 -871 -1599 -627 -722 -1547 -587 281 -10 585 -107 597 -98 -604 444 668 -584 -196 -411 -203 -114 428 649 527 -218 383 -129 -1467 -1316
-889 -338 -1093 -553 -1315 -1386 550 -695 -236 -230 820 -446 -98 535 535 759 147 -429 476 246 -735 -563 677 145 351 693 -663 -1397 -1686
-582 -935 -293 -312 -273 -1099 270 -596 -713 593 423 -507 688 -695 839 -173 12 -209 198 -672 -527 -30 189 -336 -143 373 -275 -1547 -1728
-1083 -204 -510 -1561 -794 -459 584 227 -297 -1 414 -407 629 -456 405 346 245 304 -462 -719 -57 228 762 638 -577 641 596 -1279 -1336
-1364 -1641 -1637 -1532 -1476 -283 689 104 -576 435 567 -357 -470 102 -199 430 291 -217 845 563 -547 102 125 101 540 -566 492 -1466 -1110
-1443 -1606 -897 -982 -832 -219 77 124 415 -497 -236 -488 -377 -175 169 -285 -465 407 354 275 -452 -617 125 6 -548 672 384 -558 -919
-1703 -1452 -849 -1118 -884 -855 519 735 -719 585 785 561 541 -144 699 -280 701 -619 192 109 514 -639 523 -307 -304 -103 -97 -683 -674
-289 -207 -426 -1548 -526 -1717 -148 492 559 -431 -487 -250 -720 -547 481 -374 457 546 36 -693 -17 335 690 162 -407 -269 -447 -141 -1029
-403 -208 -496 -674 -967 -1119 -384 425 -130 13 537 753 -669 -647 136 332 99 635 845 -560 568 -400 672 198 167 -1 -417 -1072 -792
-168 -1110 -1069 -302 -235 -1239 537 -305 -718 -9 803 -125 -405 -45 605 774 129 275 604 470 322 846 391 -584 229 -622 -662 -1415 -1537
-889 -1087 -990 -639 -225 -1571 -537 -479 -649 214 170 143 -63 844 -502 -492 805 -325 9 -536 -64 168 -233 841 601 -673 664 -737 -969
-1308 -938 -543 -1425 -1657 -1277 -554 -666 513 -414 -737 -17 639 -195 367 -456 666 -208 -370 164 -200 -320 804 106 218 382 448 -268 -640
-1066 -1641 -645 -1428 -1688 -388 -42 -199 804 -280 -103 -600 852 12 338 414 794 -145 -22 97 401 485 309 -526 183 675 745 -169 -228
-337 -1114 -374 -1137 -971 -450 168 -717 -422 -708 305 -641 359 -107 95 398 258 745 688 823 -329 -357 524 -352 654 -127 382 -302 -1031
-1027 -1438 -401 -454 -1625 -757 -470 -704 -515 851 -421 707 713 313 519 -100 -159 -84 -26 800 781 -379 -60 464 -540 553 622 -1370 -1116
-746 -1423 -1528 -147 -348 -1287 182 -541 -357 -548 220 -63 -192 777 123 -542 563 -51 14 -88 -94 239 -52 452 557 -68 -455 -253 -811
-324 -854 -239 -953 -1066 -1600 458 -641 498 833 522 211 629 -447 52 -265 387 670 334 456 132 -17 -198 -223 437 679 -533 -1526 -234
-335 -963 -791 -280 -1725 -1050 552 -43 597 22 -547 -402 -698 317 -606 300 767 444 478 189 117 691 -75 -350 75 661 -295 -601 -1573
-205 -1025 -524 -159 -272 -1036 -330 -122 -339 -466 -711 374 -564 -24 401 327 735 -254 -180 -407 456 748 323 -667 607 724 503 -1244 -687
-1434 -206 -195 -706 -1173 -890 -29 425 88 207 806 108 592 378 -165 650 493 634 -98 -701 714 -19 -556 -211 825 -520 382 -594 -1619
-143 -1721 -891 -1565 -590 -626 243 -239 256 -456 670 270 -470 152 -55 -186 -666 342 756 76 601 785 -708 219 464 173 -24 -146 -454
-229 -1670 -233 -1537 -1227 -803 682 -349 -627 661 663 388 -358 558 674 552 831 99 74 74 -716 150 27 284 425 486 299 -1696 -284
-450 -1261 -1557 -1716 -1189 -264 275 348 -126 554 -131 -209 591 -492 574 141 -69 -279 579 -651 -381 106 105 -436 -38 -300 -251 -1107 -585
-1132 -314 -508 -1473 -994 -1574 82 -368 -95 -215 321 89 517 -79 -410 -190 415 -294 -646 -507 195 183 191 -153 -364 -365 -405 -1474 -646
-1603 -1699 -254 -1507 -930 -1594 253 599 -97 694 456 -315 801 -688 290 575 -694 509 -115 -31 -513 -545 -476 -213 -341 615 -127 -1409 -1611
-730 -789 -1700 -275 -1711 -909 39 519 112 95 -257 -294 -232 -674 307 -62 54 242 -523 -202 686 386 -263 -696 611 471 -158 -1039 -1331
-1174 -266 -1568 -456 -1575 -1004 -439 662 -741 347 693 768 -381 346 416 52 321 737 561 -592 239 -290 -11 370 56 409 816 -832 -1043
-1292 -546 -994 -1145 -315 777 -882 -854 -430 -1613 -1069 -444 -1182 -1116 455 312 580 565 -19 -576 501 -192 -574 341 148 372 713 -907 -224
-1695 -688 -1057 -1552 608 660 -595 -1654 -612 -669 -176 -903 -1260 -686 -438 -433 -484 533 819 534 811 -460 86 -661 -476 -277 642 -849 -579
-1693 -742 -1186 -178 -559 334 -1663 -1663 -1253 -1491 -209 -220 -895 -938 160 239 764 -393 719 842 -572 -114 -328 -733 -454 -240 -527 -1489 -1413
-1679 -1639 -796 -1009 523 563 -962 -344 -1420 -186 -862 -1198 -238 -1414 144 -110 -321 552 315 763 -407 -28 678 -107 -568 442 769 -1304 -278
-1186 -564 -941 -328 -239 -509 362 -175 85 201 -182 100 28 602 -963 -262 -233 -178 -1306 -1044 -1242 -259 -265 -1675 -228 -515 -782 -743 -1031
-1287 -1060 -223 -1202 -328 82 646 -138 -418 -484 -654 -227 312 -369 -545 -1196 -1614 -566 -1067 -779 -720 -1450 -1374 -136 -519 -1258 -340 -1469 -365
-1108 -1639 -1679 -512 -203 -523 289 338 572 318 -85 126 -26 352 -1118 -686 -1098 -1575 -1317 -380 -532 -425 -421 -620 -342 -1010 -255 -1236 -920
-1073 -952 -893 -337 -1126 -801 -175 -1311 -203 -343 -874 -1672 -1179 -899 -964 -662 -1719 -1130 -218 -653 -362 -1408 -1235 -1394 -1390 -1311 -470 -1108 -910
-1501 -722 -1004 -1511 -1082 -1026 -920 -1310 -665 -587 -788 -915 -1094 -910 -998 -1656 -710 -992 -1202 -587 -449 -1666 -1207 -1467 -1349 -1376 -572 -302 -172
-720 -1255 -1110 -1677 -1084 -331 -362 -1003 -315 -792 -654 -220 -1652 -697 -234 -669 -994 -764 -1002 -1703 -1492 -1491 -529 -1103 -670 -1499 -1621 -266 -1027
-554 -269 -1553 -1651 -1469 -699 -867 -1052 -1084 -1090 -582 -584 -619 -516 -517 -1554 -292 -669 -417 -396 -653 -1056 -355 -938 -1536 -388 -261 -318 -1724
-214 -572 -1499 -325 -1164 -263 -1142 -330 -289 -321 -1289 -1523 -231 -288 -951 -1707 -1530 -896 -737 -1145 -1711 -1356 -1075 -1577 -1154 -1226 -1504 -256 -304
