14 25
-1098 -983 -1029 -980 -889 -1091 -891 -1109 -948 -1073 -942 -1117 -1047 -906 -979 -1016 -1096 -1107 -1031 -986 -939 -943 -1039 -909 -979
-1081 -1076 -1088 -889 -888 -1063 -989 -1066 -1054 -952 -1053 -979 -876 -937 -931 -1030 -913 -1081 -1089 -970 -984 -941 -960 -894 -985
-972 -1098 -972 -991 -1007 -1110 -911 -910 -1027 -1003 -963 -1055 -977 -907 -1022 -1058 -1061 -872 -1072 -942 -982 -1057 -1075 -963 -992
-929 -893 -1063 -933 -955 -953 -1026 -928 -917 -876 -1096 -1069 -1006 -928 -1013 -939 -1061 -1106 -1113 -1013 -1086 -1059 -900 -1071 -985
-916 -1052 -909 -881 -1123 -1063 -966 -904 -1066 -1089 -941 -1022 -907 -1110 -966 -1068 -954 -924 -970 -1034 -1013 -978 -1039 -1019 -901
-1039 -992 -879 -1122 -1002 -1066 -1075 -999 -1094 -1037 -1120 -1043 -1063 -878 -900 -889 -1036 -1070 -1012 -879 -985 -987 -916 -1082 -1029
-1024 336 382 452 524 388 431 395 528 519 413 409 507 283 458 473 406 516 376 519 343 468 307 522 -1069
-1026 473 369 364 447 286 467 496 366 390 350 292 436 361 521 322 458 528 472 352 482 452 328 286 -911
-1037 336 329 294 461 426 377 390 434 510 400 527 331 300 400 432 471 375 363 443 475 397 393 509 -1072
-1033 471 380 467 380 333 313 403 421 297 391 421 507 379 482 304 349 535 320 411 473 529 378 467 -1007
-924 477 436 531 509 307 313 479 387 406 356 408 376 -1026 -993 -1032 -955 -1114 466 468 334 437 424 386 -996
-1045 529 398 418 442 314 474 386 410 466 464 528 394 -1100 -999 -909 -1047 -968 396 505 343 401 293 404 -918
-1116 373 351 535 349 384 392 340 495 416 323 360 447 -996 -912 -1047 -887 -1021 447 375 362 420 512 325 -927
-996 470 535 364 514 314 495 522 452 358 291 289 371 491 515 307 401 441 356 498 313 500 468 373 -1084
