50 50
-90108 -89541 -90876 -90197 -89302 -90858 -89534 -90760 -90254 -90938 -89277 -90747 -89636 -89898 -90366 -90265 -90952 -90529 -90862 -89781 -89187 -89873 -89047 -89079 -89148 -90610 -90747 -90846 -89298 -90534 -89759 -90292 -89574 -89453 -90453 -90017 -89818 -89425 -90622 -90035 -89902 -90492 -89195 -89332 -89611 -89411 -90485 -90843 -89062 -89798
-90185 -89811 -89314 -89444 -90136 -90853 -90363 -90961 -90959 -89805 -89195 -89973 -91003 -89362 -90964 -90879 -90957 -90285 -90734 -89547 -89129 -90101 -90179 -90247 -89151 -89800 -90354 -90832 -90598 -89260 -90058 -89242 -89817 -89815 -89161 -90441 -90713 -89285 -89690 -89049 -89187 -90853 -90361 -89550 -90413 -90731 -89574 -89693 -89838 -89230
-89648 -89395 -90612 -90147 -90307 -90191 -90207 -90980 -90040 -89270 -90536 -90727 -90650 -90779 -90144 -90242 -90590 -90706 -90147 -90435 -89276 -90111 -89353 -89971 -90123 -90733 -90541 -89220 -89107 -89623 -89866 -89059 -90831 -89217 -90422 -90513 -90013 -90662 -89779 -90816 -89710 -89862 -89951 -89110 -90810 -90229 -89697 -90884 -89194 -90197
-89085 -90747 -89527 -90670 -89604 -90108 -90061 -89321 -90299 -89559 -90772 -89800 -90980 -90572 -89047 -90878 -90585 -90176 -89646 -90068 -89102 -89395 -90269 -89296 -90095 -89857 -89682 -89128 -90723 -91006 -90272 -89390 -90754 -90099 -89952 -89767 -90924 -90422 -90581 -90604 -90428 -89671 -89587 -89446 -89080 -90234 -89061 -90951 -89884 -89553
-90504 -90146 -90690 -90562 -90291 -89409 -89685 -90592 -89723 -90548 -90942 -89569 -89115 -90276 -90765 -89715 -89815 -90545 -89213 -89323 -90113 -90746 -89292 -90209 -89165 -91002 -90879 -89343 -90003 -89528 -90362 -90176 -89100 -89695 -90230 -89446 -89780 -89802 -89168 -90259 -90005 -90845 -90366 -90212 -89082 -90693 -90968 -89331 -90941 -90779
-90870 -90984 -89555 -89646 -90242 -90421 -89838 -90403 -89769 -90971 -90896 -90849 -89136 -89621 -89956 -90292 -90914 -90664 -89985 -89153 -90954 -90746 -89299 -89490 -90180 -90395 -90342 -90339 -90109 -90415 -90575 -89080 -89112 -90088 -90557 -90316 -90154 -90641 -90847 -89323 -90834 -90561 -89348 -90029 -90361 -89572 -89761 -90170 -90278 -90472
-91003 -89076 -89864 -89119 -90336 -90435 -90595 -89597 -90960 -90623 -90560 -90088 -89344 -90919 -89971 -89509 -89080 -90336 -90144 -89175 -89190 -90971 -90071 -90639 -90322 -89968 -89732 -89744 -89517 -90686 -90956 -90647 -90242 -90003 -90313 -89355 -90815 -90154 -90422 -89746 -90106 -89193 -90705 -89605 -90358 -90830 -90228 -89804 -89840 -90341
-89898 -90944 -89733 -90305 -90223 -90189 -91002 -90966 -90960 -90028 -90961 -89467 -91008 -89373 -90420 -91000 -90914 -90812 -90380 -90634 -90767 -89134 -90509 -89308 -89200 -89718 -90097 -90431 -90671 -90045 -89176 -90483 -90121 -89618 -89977 -89892 -90142 -90693 -89129 -90571 -89080 -89851 -89969 -90165 -89136 -89410 -90643 -90379 -90031 -90905
-90371 -90097 -90302 -89092 -90302 -90726 -89289 -90689 -90231 -89539 -90668 -89785 -90992 -89980 -89139 -90910 -90699 -89460 -90423 -90438 -89472 -90553 -89858 -90772 -89071 -90299 -90560 -90180 -90054 -90776 -90554 -89530 -89173 -89756 -90804 -89888 -90304 -90510 -90495 -90075 -90222 -89477 -89160 -90323 -90649 -90104 -89156 -89551 -89843 -90336
-89261 -89899 -89689 -89083 -90275 -90437 -89613 -90172 -89332 -90799 -90535 -90819 -90403 -90856 -90281 -89829 -90785 -89485 -90286 -89708 -90873 -90625 -89951 -90353 -89970 -90269 -89118 -90837 -89499 -89825 -90576 -89452 -89527 -90241 -89258 -90826 -90995 -89945 -89078 -89966 -89653 -89569 -89070 -89895 -89717 -89927 -90554 -89213 -89531 -90193
-90313 -89289 -90359 -90394 -89342 -90325 -89988 -89683 -90081 -89913 -90647 -90750 -89883 -90987 -90203 -89163 -89679 -90794 -90934 -89781 -89698 -90778 -90434 -89480 -90485 -90174 -89526 -89289 -90680 -90916 -90296 -89486 -89720 -90645 -89735 -90536 -90834 -89488 -89369 -89291 -89072 -89558 -89733 -90869 -89971 -90076 -90615 -91003 -89363 -90563
-90384 -89642 -90264 -89436 -90761 -90503 -90011 -89130 -89236 -90079 -89703 -90707 -90712 -90863 -89912 -89350 -89053 -89939 -89302 -90405 -90470 -90796 -90625 -89064 -90496 -90702 -90853 -90033 -90452 -89332 -90714 -89498 -90794 -90483 -89372 -89862 -90375 -89273 -90472 -90947 -90375 -90827 -89109 -89220 -89869 -89128 -90028 -90724 -90725 -89713
-90139 -90734 -89645 -90420 -89200 -89365 -90937 -90954 -89104 -89682 -89210 -90113 -89605 -90005 -89618 -90648 -90287 -90703 -90353 -89444 -89299 -90038 -90690 -89902 -90796 -89348 -89507 -89284 -89618 -89525 -89060 -89821 -89284 -89170 -89326 -89236 -90032 -89311 -89687 -89634 -89482 -90355 -90434 -90340 -89049 -90022 -89439 -89692 -90605 -90403
-90627 -89324 -90470 -90624 -89772 -90065 -89558 -90446 -89368 -89294 -90906 -90440 -89823 -89927 -90252 -89830 -90951 -90671 -89287 -90379 -90062 -90080 -90101 -90241 -90209 -90213 -89387 -89677 -90538 -90216 -89227 -89641 -89857 -89640 -89513 -89205 -89996 -89497 -89554 -90352 -90829 -89551 -90087 -90060 -90444 -90398 -89226 -90305 -90680 -89101
-90652 -90682 -90093 -90755 -90040 -90568 -90831 -90170 -90571 -90334 -90944 -89741 -89374 -90821 -90486 -89268 -89997 -90721 -90339 -90980 -89478 -90039 -89687 -90745 -89628 -90289 -89044 -90629 -90969 -90554 -89175 -89244 -89533 -90437 -90381 -89604 -90384 -89234 -89202 -90444 -89891 -89613 -89680 -89693 -90543 -90828 -89608 -90872 -90258 -90174
-90934 -89570 -90116 -89585 -90969 -89551 -89772 -90442 -90399 -90681 -89789 -90676 -90671 -90647 -89992 -89820 -90078 -90053 -90956 -89115 -90697 -89788 -90102 -89136 -89829 -89521 -90645 -89991 -90896 -89887 -89292 -90336 -89132 -90195 -89681 -89537 -89078 -89837 -89083 -90262 -90326 -90330 -90446 -90961 -89439 -90089 -90139 -90351 -90884 -89736
-90990 -89900 -89857 -90642 -89469 -90826 -90598 -89287 -90719 -89956 -89305 -89396 -89578 -90482 -89912 -90645 -90960 -89548 -90663 -90152 -90099 -89477 -89278 -89915 -89150 -89868 -89826 -90867 -89614 -89583 -89079 -89466 -90574 -90275 -89235 -90622 -89330 -90588 -90832 -89331 -90643 -90461 -89458 -90639 -90332 -90581 -90701 -90939 -89390 -89559
-89849 -89935 -90607 -90438 -89429 -90133 -90372 -89894 -90949 -89616 -89793 -89255 -90216 -90924 -90077 -89465 -89089 -90009 -89171 -90630 -89809 -90439 -90079 -90839 -90374 -89499 -89363 -89316 -89150 -90672 -89155 -91003 -90214 -90425 -89975 -90670 -90303 -89539 -90823 -89209 -90631 -89212 -90240 -90416 -90915 -90018 -90687 -89045 -90724 -89278
-90151 -90271 -89355 -89120 -89452 -89121 -90938 -89117 -90554 -90272 -90138 -90819 -90591 -90600 -90132 -89533 -90954 -89718 -89323 -90308 -89904 -90652 -89670 -89271 -89460 -90919 -90466 -90874 -89371 -90304 -90822 -90771 -90345 -90567 -89373 -89917 -89136 -89765 -89281 -90966 -90580 -89843 -89733 -89721 -89901 -89520 -90247 -89992 -89279 -90663
-90443 -89492 -89170 -90956 -90741 -89152 -89045 -89496 -89985 -89132 -89065 -90277 -90014 -89574 -90172 -90438 -89341 -90246 -90718 -89428 -90014 -90291 -90951 -90886 -89718 -89958 -89549 -90053 -89067 -90670 -89394 -89541 -90820 -90596 -89405 -90314 -90859 -90430 -89219 -89179 -89818 -90205 -90415 -89927 -90589 -89723 -90635 -90286 -90614 -89360
-90371 -90858 -89789 -89705 -90059 -90778 -89381 -89722 -89638 -89192 -89448 -90233 -89382 -90053 -89777 -90772 -90503 -90115 -90030 -89840 -89055 -90195 -89049 -89978 -89859 -89437 -90241 -90602 -90984 -89596 -90678 -89621 -90740 -90088 -90322 -89695 -90629 -89851 -89235 -89334 -90655 -89555 -90307 -89173 -90082 -89929 -90536 -90161 -89429 -89373
-90258 -90477 -89432 -89725 -90559 -89295 -89720 -89504 -90002 -90929 -89475 -89880 -90158 -89739 -90349 -90244 -90955 -90211 -89638 -89724 -90663 -90888 -91008 -90929 -89124 5199 5182 5302 6252 5659 5827 5596 5334 5603 5320 5717 5324 5209 5322 6462 4934 -90721 -91003 -89701 -90642 -90836 -90605 -90713 -90298 -90348
-89110 -89477 -89471 -89548 -90659 -89338 -89303 -90299 -89753 -89279 -89341 -89241 -90029 -90223 -90825 -89470 -89920 -90689 -90508 -89391 -89940 -89935 -90941 -90195 -89410 5103 5111 5913 5134 5780 4939 4686 6160 5052 6152 6161 6536 6287 6453 5675 5878 -89083 -89253 -89478 -90484 -90541 -89456 -89814 -89434 -91003
-90468 -90366 -89749 -90830 -89641 -90395 -90832 -90609 -89410 -90968 -90535 -90927 -90201 -90692 -89236 -89707 -89905 -89899 -90738 -90224 -89288 -89397 -90250 -90870 -89219 -90700 -90833 -89067 -90077 -90460 -89983 -89092 -90771 -89602 -90111 -90235 -90306 -90239 -89472 -89324 -89599 -89882 -89986 -89210 -89155 -89780 -89651 -90142 -90339 -91010
-90753 -90325 -89502 -90077 -90087 -90120 -89462 -89662 -89303 -89233 -91002 -90887 -90124 -90502 -90443 -90891 -89636 -89844 -89591 -90899 -90111 -90005 -90197 -90097 -89836 -89313 -89923 -89994 -89306 -89488 -90941 -89665 -89385 -89739 -90086 -89401 -89869 -89703 -90107 -89355 -89795 -89261 -90950 -89044 -89382 -90970 -89155 -89807 -90677 -90372
-90162 -90055 -89163 -89062 -90780 -90832 -89592 -90434 -90059 -89959 -90130 -90486 -90672 -90719 -90905 -89792 -90110 -89267 -90287 -89995 -90060 -90647 -90027 -90985 -90486 -89893 -89484 -90478 -90055 -90715 -89750 -89162 -89922 -90743 -89700 -90032 -90052 -89841 -90244 -90063 -89299 -89045 -90724 -89081 -89472 -89354 -89157 -90070 -89260 -89315
-89122 -90787 -90666 -90311 -90476 -89054 -89417 -90470 -90401 -89848 -90462 -89384 -90024 -90268 -89414 -89837 -90483 -89191 -90118 -89839 -90582 -90502 -90165 -89548 -89539 -90749 -89580 -90919 -90477 -90231 -90379 -89374 -90588 -89300 -90123 -90643 -90447 -89332 -90542 -90162 -89669 -90766 -90941 -90107 -89140 -90362 -90876 -89444 -90498 -89614
-90828 -90457 -89701 -90366 -89926 -89261 -90802 -89401 -89595 -90764 -89543 -90726 -90405 -90863 -89373 -90998 -90633 -89198 -89966 -90441 -90810 -89834 -89530 -90475 -90623 -89454 -90726 -90951 -89065 -90416 -89684 -90627 -89677 -89478 -90689 -90265 -89633 -89523 -89719 -89296 -90877 -90364 -89943 -90683 -89260 -90244 -89814 -90201 -89051 -90741
4987 6337 5278 -89511 -89332 -90084 -90513 -90221 -90651 -89711 -89171 -89299 -90148 -90832 -89837 -89700 -90184 -90090 -89679 -89309 -90041 -89811 -89232 -90394 -90271 -89699 -89274 -89197 -89964 -90692 -90513 -90286 -90706 -89313 -89268 -90914 -89392 -89668 -89787 -90527 -90981 -89754 -90788 -90033 -89324 -89493 -90717 -90716 -89142 -89301
5335 6012 5017 -90931 -90370 -90533 -90893 -89271 -91006 -90305 -89888 -90451 -90412 -89850 -90827 -89099 -90448 -90536 -89625 -90730 -90145 -89298 -90597 -89696 -90827 -90940 -90327 -90047 -89718 -89267 -89483 -89830 -89910 -90597 -90092 -89065 -90894 -90041 -89440 -90878 -89863 -89482 -89852 -89126 -90267 -90395 -90886 -89952 -90202 -89526
6320 4875 5257 -89346 -89951 -89806 -89223 -89804 -89587 -89292 -89952 -90805 -90751 -89678 -90940 -90192 -90880 -90642 -90895 -89947 -89920 -90931 -89148 -90532 -89698 -90252 -89370 -90046 -90425 -90821 -91003 -89872 -89456 -90677 -89758 -89461 -89940 -90455 -89695 -90278 -89866 -90290 -90133 -90894 -90967 -90229 -89384 -89766 -89258 -89881
6355 5226 5723 -89527 -89312 -89300 -90426 -89225 -90199 -90360 -90732 -89209 -89835 -90802 -89539 -90278 -89315 -90474 -90558 -90744 -90685 -89582 -90709 -89440 -90949 -90338 -90753 -90068 -90305 -90191 -89935 -90740 -89175 -89276 -89251 -90998 -90713 -89100 -90494 -89238 -89788 -89839 -89267 -89339 -90570 -89853 -89971 -89856 -90173 -89224
6356 5441 6141 -90568 -89161 -89156 -89423 -89173 -90725 -89972 -89535 -90258 -90682 -90869 -89856 -89540 -89991 -89317 -89519 -89071 -89625 -89605 -89200 -90621 -90676 -89541 -90181 -89739 -90710 -90501 -89623 -89808 -90234 -90926 -90884 -89502 -90640 -89612 -90894 -90017 -89480 -89637 -89918 -89572 -89382 -90638 -89529 -90761 -89191 -89073
5340 5267 6188 -90459 -89722 -89516 -89168 -90179 -90202 -90222 -90930 -89729 -89174 -90776 -90116 -90547 -90436 -89574 -89111 -90553 -90990 -89699 -90107 -89310 -89379 -90712 -90644 -89779 -89748 -90075 -90952 -90645 -89409 -89500 -90277 -89554 -90544 -89568 -90297 -90298 -90252 -90144 -90435 -90404 -90189 -89493 -89931 -89682 -90503 -90911
4976 4745 5556 -89491 -90284 -90929 -89989 -90120 -89922 -90804 -89288 -90908 -90095 -89215 -89905 -90591 -90262 -90490 -89190 -89815 -89100 -90348 -89940 -90221 -89545 -89212 -90665 -91005 -90585 -90734 -90429 -90628 -89856 -90023 -89913 -89644 -89670 -90644 -90296 -90934 -89065 -89753 -91002 -90817 -90170 -89907 -89128 -89567 -89797 -90989
6083 6118 6011 -89145 -89075 -91009 -89921 -89312 -90274 -89964 -89163 -90464 -89950 -89995 -89949 -90868 -89746 -90423 -89279 -89677 -89705 -89640 -90651 -89134 -89195 -89219 -90013 -90171 -89732 -90864 -89348 -89665 -90557 -89565 -90582 -90449 -90392 -90043 -90433 -89621 -89636 -90733 -90080 -90433 -89691 -90057 -90433 -90451 -89740 -90762
4706 5892 6185 -89836 -89249 -90176 -89421 -90344 -89443 -89991 -89797 -90926 -89124 -90198 -90308 -90541 -90009 -90039 -90354 -90913 -90861 -89583 -89815 -89439 -89514 -89489 -89540 -89521 -89957 -91008 -89972 -90066 -89394 -89542 -90203 -90039 -89144 -90954 -89670 -89154 -89051 -89106 -90720 -89660 -89631 -90255 -89208 -89296 -90874 -89386
5574 5797 5670 -89812 -89312 -89115 -89139 -89043 -89534 -90747 -89533 -90535 -90822 -90757 -90977 -89408 -90567 -89478 -89985 -90543 -90308 -89348 -90452 -89725 -90925 -90482 -90868 -89365 -90179 -89136 -89239 -89875 -89365 -90485 -90711 -89466 -89228 -89756 -89230 -90943 -89168 -89280 -89911 -89234 -89887 -89837 -89582 -89458 -90526 -90777
4823 5566 6133 -90510 -90555 -89362 -90265 -90672 -90580 -90526 -90294 -89243 -89624 -89140 -90741 -90325 -90917 -89566 -89803 -90007 -89493 -89366 -90544 -90764 -90514 -90546 -89644 -90595 -90618 -90302 -90638 -89358 -90194 -90246 -89712 -89417 -90145 -89182 -89644 -90162 -90457 -89474 -90694 -89236 -90175 -90600 -90223 -89331 -89986 -90006
5090 5029 6470 -89878 -90457 -90162 -89184 -90558 -89073 -90739 -90460 -89991 -90009 -89472 -90359 -90398 -89452 -90110 -90323 -89387 -89926 -89857 -89657 -89575 -89909 -89955 -89320 -89727 -90075 -90986 -90103 -90132 -89709 -90291 -89058 -90622 -90472 -89493 -89424 -90590 -90271 -89394 -90094 -90278 -89640 -90010 -90487 -90745 -89187 -90783
4936 5021 6267 -89890 -89206 -90655 -90346 -89484 -90112 -89062 -90253 -90165 -90608 -90381 -89089 -89862 -90984 -89981 -90930 -89106 -90763 -89108 -89163 -89099 -90756 -89434 -90849 -90603 -89691 -89615 -89112 -89854 -89999 -89249 -89248 -89355 -90470 -90279 -90116 -90157 -90614 -90112 -89160 -89241 -90990 -89818 -89363 -90403 -89809 -89365
5397 5779 5679 -89571 -89709 -90456 -90353 -90984 -90286 -90889 -89868 -89395 -90524 -90063 -90226 -90402 -90640 -89617 -89672 -90782 -90413 -90825 -89938 -90311 -90428 -89682 -89520 -89721 -90435 -89554 -89782 -90370 -90788 -89552 -90663 -89932 -89942 -90600 -89152 -90676 -89621 -89320 -90702 -90707 -89667 -90672 -89696 -90109 -89135 -89338
5615 5712 4781 -89923 -90521 -89880 -89736 -89580 -90890 -90200 -90744 -90596 -89348 -89154 -89883 -91010 -90494 -90949 -90023 -89703 -90439 -89774 -89088 -90786 -90528 -90334 -89084 -89365 -90558 -89666 -89674 -90944 -89750 -89472 -90099 -90979 -90608 -90561 -89866 -90599 -90725 -89249 -90037 -90026 -90393 -90349 -90753 -89528 -90941 -89456
6086 5674 5177 -89295 -90501 -89136 -89808 -90167 -90006 -90973 -89905 -90904 -89265 -90240 -90077 -90128 -89917 -90722 -90692 -90127 -89096 -90881 -89997 -89660 -89676 -90135 -89167 -90610 -90650 -90137 -89607 -89738 -89750 -89546 -89214 -89505 -90686 -89328 -89697 -90756 -90972 -90424 -89275 -89526 -90181 -89410 -89150 -89412 -90203 -89674
6414 6548 5148 -91005 -90022 -90770 -89774 -89792 -90760 -90813 -90954 -90729 -89064 -90507 -89300 -89778 -89593 -89458 -89958 -89561 -90888 -89520 -89507 -90113 -90748 -90910 -90118 -89596 -90692 -89103 -89547 -89487 -90561 -90722 -89522 -89905 -89438 -89413 -90670 -89779 -89337 -89862 -90688 -89757 -90304 -90116 -90616 -90802 -90720 -90746
6527 4620 5646 -90155 -89805 -90092 -89843 -89818 -90459 -90329 -90138 -89271 -90573 -89600 -89745 -89993 -90745 -90052 -90598 -90532 -89057 -89670 -89320 -89753 -90448 -90930 -90803 -89589 -89353 -89262 -89946 -89134 -89420 -90640 -90090 -89917 -90149 -90645 -89892 -90759 -89294 -90010 -89567 -89647 -90888 -89043 -90281 -90159 -90469 -90213
6239 5506 4849 -90013 -90051 -89255 -90470 -89634 -89204 -89261 -90965 -89372 -90891 -89058 -90077 -89787 -89424 -89095 -90168 -90899 -90512 -90654 -90111 -90857 -89762 -90246 -89080 -89915 -89486 -90249 -89901 -90708 -89765 -89758 -89301 -89941 -90182 -90145 -89570 -89108 -89599 -90131 -90501 -89381 -90077 -89275 -90835 -90538 -89862 -89345
6496 5017 4740 -90493 -90220 -90260 -90148 -89247 -89346 -89496 -89840 -89292 -90418 -89855 -89076 -90766 -89208 -90683 -89615 -90024 -89515 -89347 -89651 -90243 -90785 -90827 -90032 -89325 -90230 -90884 -90029 -90401 -90164 -90896 -89533 -90896 -89653 -89139 -90944 -89370 -90286 -90496 -90455 -90442 -89567 -90750 -90288 -90083 -89770 -89291
6102 5371 5734 -90527 -89359 -89904 -89210 -89641 -89892 -90318 -89906 -90611 -90144 -89287 -90333 -90111 -90804 -89469 -89272 -89195 -89625 -89087 -90539 -89934 -90742 -90151 -89150 -90308 -89483 -90495 -90607 -90749 -89374 -89683 -89110 -90902 -89468 -90347 -89744 -89427 -89043 -90093 -89948 -90203 -89358 -89564 -89747 -90523 -90037 -90973
-90324 -90433 -89326 -89870 -90514 -89296 -89350 -89328 -90698 -89625 -89434 -89284 -89952 -89155 -89327 -90695 -90622 -89807 -90259 -90630 -89314 -89680 -90470 -90463 -90311 -90687 -90990 -90026 -89275 -89963 -90734 -90216 -90389 -90962 -89559 -89493 -89488 -89966 -91000 -89678 -89957 -89816 -89743 -89464 -90687 -89431 -90302 -89311 -90026 -90333
