50 50
-97097 -97052 -96966 -96925 -97563 -97081 -97338 -97349 -96663 -96427 -96738 -96535 -96802 -97249 -96572 -97166 -96740 -96365 -96404 -96375 -96955 -96556 -96863 42099 41927 41550 41520 41661 41819 41484 42258 41855 41734 41497 41745 42494 42491 42000 42356 41827 41544 42031 42340 42362 42591 41985 41766 -97365 -96939 -96423
-96693 -96615 -96957 -96535 -97288 -97368 -97254 -96625 -97121 -97144 -96595 -97465 -96840 -96528 -96872 -97427 -96760 -97325 -96360 -97379 -96515 -97160 -96497 41998 41745 41880 42310 41449 41649 42628 42625 41940 42577 41921 41813 42472 42376 42355 41761 42636 42212 42333 42502 42042 41515 42430 41598 -97546 -97189 -96714
-96435 -97284 -97401 -97297 -96607 -96918 -97323 -96523 -97428 -96996 -97058 -97228 -97575 -96697 -97158 -97477 -97317 -97316 -96499 -96900 -96911 -96640 -97472 42031 41811 42586 42009 41772 41483 42384 42031 42321 41701 42287 42430 41837 42551 41895 41641 42275 41762 41623 41774 41807 42488 41521 42011 -97244 -97178 -96456
-96905 -97504 -96752 -97027 -97324 -97002 -96677 -96958 -96625 -96351 -96623 -97157 -96601 -97520 -96394 -97468 -96672 -96567 -97016 -97032 -96467 -97121 -97191 42659 41462 42241 41654 41944 42157 42387 42268 42109 42010 42384 42143 41775 41598 41659 41784 42608 41514 42312 41654 41702 41778 41978 41501 -96983 -97540 -96695
-96973 -96605 -96347 -96970 -97452 -96567 -97423 -96913 -96885 -96766 -96538 -97503 -97494 -96351 -96825 -96672 -97154 -96876 -97424 -96431 -97216 -96379 -96828 41567 41991 41806 42250 42651 41928 42107 42034 42360 42358 42114 41447 42032 42325 41751 41765 41959 42138 42165 42448 41598 42506 41893 41568 -97567 -96888 -97290
-97466 -96481 -96627 -96699 -96686 -96684 -97108 -96890 -96985 -97255 -96609 -97339 -97245 -96442 -96685 -97095 -97389 -96592 -96968 -97530 -96577 -97513 -96598 41738 41438 41762 42248 42607 41553 41479 42558 42277 42665 41873 42639 42381 42401 41577 41963 42618 42033 41835 41991 41786 42104 41776 41586 -96607 -96861 -97149
-96725 -97274 -96915 -97492 -97028 -97576 -97306 -97210 -96367 -97566 -96390 -97353 -96430 -96358 -97558 -96774 -97323 -97109 -97493 -96656 -97104 -96618 -97388 41907 41800 41862 41739 41990 42153 41630 41533 41530 41959 41664 41773 42463 41927 42200 41941 41999 42358 42458 41668 42026 41483 42195 42291 -96973 -97232 -97439
-96953 -96694 -97569 -97036 -97162 -96531 -97553 -97535 -97406 -96926 -97277 -97311 -96675 -97015 -96836 -97103 -96499 -96742 -96883 -96939 -96353 -97428 -96771 42399 42261 42655 41889 41990 41641 41453 41496 41689 41718 42561 42175 42199 42368 41899 41874 42084 41556 41510 42446 42565 41523 42113 42019 -96357 -97241 -97553
-96446 -96500 -97237 -96356 -96953 -96712 -97551 -97332 -96970 -96817 -96704 -97004 -96574 -96519 -97445 -97418 -96629 -96357 -96704 -97480 -97411 -97238 -96781 41689 42118 42054 41932 42247 42472 42048 42171 41916 41557 41453 42367 41592 42355 41897 41924 41650 42312 41438 42043 42047 41849 41704 42069 -96546 -97219 -96684
-96873 -97573 -96842 -97047 -97501 -97499 -97366 -97174 -97557 -97158 -96410 -96654 -97198 -96885 -97458 -96731 -97183 -96942 -97020 -97045 -97265 -96587 -96617 42591 41594 41794 42224 42207 42042 42270 42566 41649 42037 41719 41890 42135 42321 42095 42516 42528 41894 42267 42365 42207 42562 42339 42158 -97405 -97438 -96856
-96548 -96934 -96477 -97044 -97094 -96919 -97548 -96460 -96689 -96859 -97228 -96787 -97140 -97117 -97392 -97503 -97562 -96955 -96670 -97193 -97382 -96502 -96684 41931 41499 42212 42151 42539 41625 42476 41845 42048 41830 42192 41682 42320 41438 42193 41636 42559 42442 41717 41891 41610 41925 41939 41849 -96391 -96553 -96953
-96566 -97288 -97407 -97518 -96821 -96857 -96825 -96343 -97348 -97312 -96912 -96599 -97001 -96600 -97162 -97271 -97102 -96704 -97010 -96558 -97262 -96954 -96497 41748 41965 41985 42518 42358 41463 41704 41880 42527 42412 41767 42410 41474 41941 42092 41741 42607 42297 42020 41527 42207 42340 42093 41627 -96688 -97408 -97074
-96781 -96996 -96475 -97301 -96988 -97238 -96351 -96520 -96851 -97089 -97311 -97374 -97212 -96993 -96719 -97505 -96385 -97420 -96683 -96454 -96714 -96920 -96769 42563 41660 42262 41470 42353 42424 41860 41609 42122 42468 42261 41744 41478 42060 42406 42566 41455 42378 41815 42234 41472 41857 42439 41591 -96712 -96581 -96719
-97483 -97564 -96804 -96465 -97075 -97350 -97001 -97483 -96646 -96681 -96509 -97097 -96411 -96879 -96646 -96867 -96610 -96835 -97277 -97108 -96496 -96833 -96660 42273 42457 41598 42015 41540 41479 42500 42273 41925 42658 41623 42379 41797 41919 42000 42224 42350 42194 42199 42141 42514 42174 41540 42468 -96989 -96837 -96933
-97310 -96676 -96858 -96922 -97313 -96378 -96570 -96400 -96758 -97317 -97566 -97106 -96899 -96672 -97022 -96446 -96900 -96662 -97290 -97065 -97070 -96718 -96743 41507 41980 42306 42421 42013 42443 41834 41572 41758 42662 41839 41820 42642 41446 42113 42382 41886 41657 41750 41892 42248 42427 42013 42072 -97093 -96561 -97300
-97041 -96601 -96700 -96611 -96996 -96964 -97333 -97472 -97542 -97288 -96589 -97191 -96434 -97114 -97434 -97179 -96987 -96447 -97337 -96358 -96652 -97264 -97368 41731 41587 41509 42655 41917 41471 41682 41786 42059 42217 42258 41588 41927 41717 42207 42206 42403 41827 42140 41894 41829 41731 42391 42194 -96562 -97216 -96988
-96818 -97248 -97184 -96458 -96652 -96424 -97527 -97102 -96535 -97507 -96885 -96432 -96380 -97024 -96641 -96507 -97426 -97137 -97358 -97057 -96780 -96685 -96763 41935 42571 41894 41929 41685 42496 42391 42575 42545 42197 42050 42576 42553 41683 41918 41508 41728 42514 41989 42609 41615 41656 42235 42208 -96714 -97048 -97067
-97016 -96746 -96602 -96383 -96741 -97397 -97180 -96405 -97464 -96425 -96659 -96638 -97359 -97138 -96472 -96788 -97445 -97079 -97309 -96958 -97226 -96876 -96678 42157 42042 42228 41833 41648 42618 42549 42483 42274 42614 42537 41828 42003 42460 41813 41608 42293 42548 42242 41520 41806 41858 41837 42117 -96456 -96949 -97322
-97356 -97111 -96516 -96795 -96474 -97575 -96904 -97395 -97065 -97117 -96719 -96854 -96641 -96509 -97448 -97103 -96373 -97325 -96438 -97244 -97404 -97078 -97147 41541 41743 42079 42430 42274 42652 42644 42568 42424 42495 41491 41514 42192 42126 42021 41613 42307 41474 42040 42565 41720 42644 42376 41496 -96838 -96435 -96873
-96795 -97509 -97507 -96659 -97199 -96734 -97465 -96486 -97490 -96971 -96876 -96710 -97032 -97304 -97074 -96459 -96858 -97309 -97203 -96362 -96932 -96568 -96475 -96615 -96684 -97214 -96410 -96969 -96741 -96424 -96520 -96501 -96417 -97232 -97117 -96360 -96709 -96691 -97206 -97095 -97120 -96537 -96399 -96709 -96407 -97182 -97521 -96544 -97287 -96739
-97250 -96658 -96366 -97572 -96380 -96821 -97448 -96515 -96855 -96860 -97234 -96425 -97469 -97357 -96610 -97402 -97313 -96966 -96453 -96906 -96698 -96811 -96590 -97496 -96364 -96643 -96398 -96837 -96976 -96605 -96404 -96753 -96923 -96510 -96773 -97079 -97373 -96425 -96823 -96795 -97334 -97539 -96441 -97567 -97103 -97458 -96507 -96638 -97554 -96987
-97020 -97407 -97064 -97381 -96817 -96865 -96473 -97504 -96533 -97238 -96602 -97311 -96925 -97268 -96863 -97178 -97567 -96860 -96577 -97547 -96969 -97364 -96633 -97424 -96390 -97462 -96552 -96787 -96565 -96747 -97205 -96488 -97081 -96830 -97335 -97285 -96374 -97547 -96458 -96379 -97136 -96845 -96440 -96750 -97065 -96467 -96548 -96612 -96349 -97031
-97536 -96405 -97100 -97450 -96726 -97008 -97014 -97099 -97182 -96433 -97439 -96557 -97448 -96949 -96974 -97127 -96483 -96434 -97128 -97238 -96675 -97561 -96887 -97133 -96462 -96618 -96545 -97310 -97109 -97444 -96814 -96688 -96834 -97094 -97248 -97155 -96827 -97263 -96851 -97053 -97170 -97240 -96699 -96598 -96983 -97252 -96509 -96423 -96871 -96387
-96383 -97239 -97257 -97051 -97182 -96606 -96636 -97354 -96855 -97149 -96752 -96956 -97209 -96805 -96938 -97004 -96386 -96552 -97544 -96876 -97404 -97318 -96809 -97497 -96427 -96736 -97441 -97575 -96760 -97280 -96966 -96992 -97045 -97575 -96771 -96358 -96633 -96881 -97512 -96860 -96933 -97338 -96601 -96573 -96614 -96379 -97287 -96894 -96502 -97300
-96830 -96512 -96536 -97150 -97425 -97423 -96887 -97108 -96949 -97478 -97461 -96764 -96578 -96579 -96428 -96846 -97201 -96897 -96974 -96460 -97441 -97487 -97298 -96875 -96638 -96403 -97218 -97341 -97283 -96508 -96413 -97275 -97139 -97087 -97375 -97404 -97399 -96636 -97146 -97425 -97365 -96600 -96813 -97337 -96951 -96928 -97180 -96861 -97225 -96612
-96792 -96918 -97118 -96820 -97450 -96797 -96675 -96554 -97502 -96395 -96382 -97173 -96516 -97350 -97335 -97561 -97280 -96825 -97382 -96688 -97151 -97189 -96543 -97299 -96372 -96928 -97391 -96982 -96412 -96519 -97112 -96350 -96944 -96482 -97358 -96719 -97483 -96797 -96346 -97132 -96815 -97070 -97260 -97065 -96498 -97249 -96763 -97041 -96417 -97249
-96913 -97388 -97568 -96634 -96632 -96981 -96522 -97505 -97159 -96962 -97291 -96581 -96439 -96933 -96625 -96743 -96749 -96391 -96892 -96499 -96921 -96391 -96917 -97563 -96675 -96863 -97512 -97267 -97249 -96569 -97075 -97539 -96390 -97405 -96743 -97178 -96856 -96777 -96723 -96424 -96910 -96961 -97107 -97110 -96987 -97397 -96432 -96365 -97312 -96391
-96952 -97518 -97312 -97371 -96731 -97057 -96410 -97342 -96474 -97362 -96911 -97247 -96878 -97359 -96583 -97506 -97003 -97080 -96578 -97051 -97542 -97515 -96563 -96528 -97170 -97039 -97459 -97223 -96943 -96945 -96898 -97344 -96493 -97287 -96346 -96633 -97486 -97080 -97497 -97519 -97386 -97455 -97317 -97501 -96464 -97413 -96874 -96538 -96609 -96958
-97131 -97395 -96629 -97084 -97477 -96722 -97574 -96966 -96513 -96928 -97212 -97289 -96657 -96465 -96458 -96470 -96888 -97216 -97391 41882 42248 42372 42440 42345 42584 41836 42047 42259 41522 42048 41769 41953 42653 41694 42092 41579 42329 42204 42018 42479 42506 -96803 -96523 -97210 -97310 -97491 -96513 -97547 -97459 -96794
-97365 -96901 -97285 -97390 -97268 -96396 -97287 -97191 -96921 -97336 -96620 -97522 -96372 -96883 -96523 -96588 -96637 -96559 -96853 41840 42102 42425 41910 42514 41833 42610 42107 42353 42392 42069 41979 41877 41667 42312 42240 41541 42379 41694 41839 41475 42272 -96452 -97371 -96998 -96925 -97537 -96898 -97402 -96826 -96556
-97251 -97342 -97296 -96771 -97358 -96364 -96997 -97204 -97219 -96963 -96520 -97255 -96944 -97074 -97349 -96874 -96985 -96665 -97180 41783 41867 42064 42532 42655 42046 42354 42650 41686 41671 41906 41935 41701 42108 42364 41791 41467 42530 42406 42157 42577 41509 -97155 -96944 -96705 -97064 -97407 -96724 -96501 -97215 -96906
-96604 -96897 -97425 -97490 -96457 -96414 -97223 -97429 -97274 -97182 -96578 -96506 -96728 -97433 -96689 -97282 -97296 -96894 -96576 42664 42260 41746 41852 41629 41644 41785 41837 42578 41463 41853 42077 42563 42251 41828 42369 41532 42146 42490 42160 41814 41550 -96484 -97134 -97347 -97127 -97038 -96360 -97505 -97485 -96401
-97006 -97343 -97168 -97110 -96461 -97253 -97016 -97260 -96378 -96539 -96683 -97393 -96809 -97398 -96639 -96450 -97386 -96977 -97376 42427 41460 41515 42635 41874 41833 42109 41505 41500 42384 42587 41587 42472 42221 42377 42478 42439 42100 42469 41895 42410 41795 -97452 -96969 -97094 -96754 -97035 -97574 -96509 -96847 -96418
-96470 -97522 -96674 -96698 -96976 -97564 -97564 -97361 -97032 -97263 -96741 -97390 -97293 -96375 -96569 -97441 -97052 -97302 -97559 42617 41757 41525 42227 42498 42609 42648 42271 41920 42604 42286 42298 41989 41858 41994 41502 41572 42117 42438 41777 41477 41462 -97236 -96940 -96762 -97339 -97078 -96693 -96472 -96586 -97092
-96641 -96521 -97162 -96659 -96364 -97539 -96904 -96578 -96917 -96901 -97017 -96690 -96689 -96791 -96931 -96398 -97312 -97297 -96867 41448 42416 41937 42634 42299 41786 41548 41809 42577 41952 42428 42639 42628 41620 41633 42396 42136 42589 41795 42073 42175 42570 -96346 -97468 -97207 -96532 -97186 -96679 -97511 -96635 -96771
-96665 -96509 -97056 -97071 -97224 -96802 -97285 -97379 -96757 -97491 -96944 -96641 -97574 -97204 -97153 -97387 -97365 -96585 -97497 41498 41805 42527 42585 41459 41830 42134 42059 42094 41807 42475 41864 41575 42336 41772 41688 42236 42140 41641 41897 41904 41522 -96382 -96608 -96500 -97232 -96978 -96743 -97181 -96593 -96891
-96393 -97187 -96956 -96552 -97026 -96880 -97014 -97077 -97498 -96746 -96829 -96618 -97070 -96708 -96445 -96896 -97427 -96900 -97270 41775 42539 42535 42384 41715 41566 41526 41689 42264 42216 41896 41665 42121 42299 41995 42107 42459 41656 42270 42511 41721 41962 -96526 -96540 -97245 -96983 -96475 -96695 -97312 -97405 -97028
-97276 -97239 -97490 -97490 -96907 -97051 -96706 -97516 -96559 -96934 -96811 -97562 -97051 -97147 -97520 -96926 -96890 -97025 -97336 41971 41592 41619 41490 41936 41870 41906 41790 42179 42570 41885 41438 41688 42364 42236 41881 42509 41689 41478 42368 41516 42576 -97079 -96351 -97419 -97000 -96478 -97060 -96884 -97404 -97503
-97506 -96629 -96923 -97476 -96614 -97413 -97081 -96763 -96511 -96942 -97106 -96471 -96457 -96575 -97410 -97172 -96936 -96734 -96966 -96881 -96386 -96481 -97380 -97431 -97463 -97043 -96502 -97200 -97365 -96500 -96601 -96805 -97296 -97166 -97114 -97488 -97299 -96952 -97061 -97008 -97545 -97034 -96349 -97285 -97430 -97512 -97311 -97283 -96861 -97172
-96695 -96845 -96506 -96927 -97206 -97440 -96660 -96987 -96666 -96780 -96359 -96689 -97424 -96708 -97307 -96936 -97052 -97113 -97165 -96650 -96799 -96852 -97319 -96408 -96789 -96837 -96626 -96803 -96618 -96714 -97305 -97392 -96901 -96504 -96646 -96600 -97364 -96753 -96762 -96410 -96777 -96851 -96358 -96879 -97144 -96495 -96848 -97343 -97457 -97100
-96407 -96571 -96709 -97309 -96770 -97574 -96571 -96857 -96838 -96917 -97250 -97279 -97048 -97362 -96807 -97161 -97486 -96827 -97235 -97162 -97472 -97562 -96360 -97575 -97202 -96876 -97230 -97574 -96463 -97187 -96373 -97326 -96889 -97229 -97088 -96345 -97490 -96602 -97440 -96619 -96794 -96704 -97529 -97562 -97175 -96519 -97071 -96806 -97377 -96344
-97384 -96530 -97130 -96839 -97016 -96871 -97001 -96375 -96828 -96492 -96343 -97068 -97353 -97047 -97527 -97265 -96845 -97293 -97458 -96821 -96399 -97492 -96872 -96831 -97060 -96867 -97568 -97153 -96816 -97192 -97201 -96830 -96494 -97139 -97121 -96632 -96758 -96531 -96530 -97298 -96984 -97018 -97050 -96613 -96962 -97495 -97345 -97442 -96998 -97360
-96705 -96746 -96920 -97194 -96350 -96974 -96595 -96867 -97325 -96791 -96562 -96756 -97557 -97504 -97435 -96983 -97081 -96592 -97086 -96691 -97201 -96988 -97445 -96734 -96754 -96787 -96664 -97196 -96909 -97107 -96451 -97175 -97492 -97240 -97572 -97163 -97246 -96475 -97053 -96493 -96947 -96706 -96507 -96666 -96580 -96382 -96461 -97166 -96990 -96955
-97450 -96817 -97139 -97297 -96411 -96685 -97456 -97226 -97348 -96578 -97448 -96886 -97406 -96903 -96860 -97151 -96670 -96425 -97370 -96886 -97317 -96741 -96702 -96760 -97537 -96938 -96795 -96926 -96788 -97236 -97452 -97568 -96888 -97376 -97338 -97010 -96901 -97403 -96884 -96497 -97366 -97139 -97138 -97081 -97496 -97304 -97142 -96929 -96415 -96531
-96633 -96543 -96909 -97236 -96626 -96999 -97233 -97078 -96353 -96996 -96744 -96805 -97252 -96850 -97115 -97146 -97241 -96355 -97344 -97253 -97131 -96490 -96838 -97480 -97423 -96384 -96604 -97371 -96814 -96860 -97088 -96946 -97219 -97286 -97022 -96855 -97288 -96722 -97404 -97210 -97296 -96889 -96927 -96433 -96991 -96919 -96374 -97070 -97428 -97560
-96378 -96735 -97305 -97231 -96373 -96844 -96702 -96896 -97182 -97061 -96659 -96431 -97453 -97337 -97040 -97460 -96413 -97092 -96625 -96434 -97332 -97203 -96757 -96595 -96524 -96702 -97350 -97430 -97027 -97340 -96752 -97135 -96598 -96556 -96492 -97088 -97120 -96345 -97550 -96345 -96789 -96609 -96503 -96826 -96484 -97155 -97327 -96686 -96601 -97341
-96446 -97402 -97276 -97463 -97426 -97212 -96778 -97271 -96553 -97019 -96375 -96958 -96966 -96585 -96743 -97443 -96690 -97437 -96562 -96779 -97319 -96982 -97507 -97518 -97346 -96861 -96547 -97351 -97491 -97518 -96965 -97357 -96550 -96496 -96420 -97433 -96441 -97119 -96853 -97485 -97015 -96695 -97110 -96549 -97027 -97145 -97075 -96740 -97395 -97034
-96806 -96384 -96370 -96913 -97557 -96996 -97224 -97143 -97513 -97005 -96359 -97543 -97417 -96678 -96510 -96814 -96538 -96483 -96759 -96438 -97017 -97196 -96386 -96806 -97056 -97151 -96556 -96825 -96764 -96561 -96439 -97267 -96685 -96888 -97432 -97304 -96785 -96557 -96611 -96664 -96580 -96558 -97127 -97454 -97001 -97525 -97056 -96357 -96847 -96469
-97398 -96826 -97080 -97356 -97345 -97383 -97325 -97315 -96536 -97013 -96401 -97450 -96840 -97477 -96747 -96896 -97078 -97109 -97168 -96798 -96463 -97200 -97505 -97175 -96705 -97538 -96531 -96713 -96922 -96642 -96742 -97044 -96812 -96931 -96546 -97442 -97209 -96407 -97032 -96692 -96842 -97045 -97313 -97311 -96393 -97180 -97140 -96716 -97453 -96767
-96732 -97433 -96823 -96454 -97547 -97551 -96521 -97082 -96412 -96387 -96469 -96738 -96912 -96646 -97242 -96818 -96743 -96634 -96691 -97271 -97204 -97425 -97173 -97568 -96719 -96731 -97088 -96806 -97534 -97526 -96722 -97346 -97306 -97465 -97543 -97074 -96952 -97558 -96956 -96658 -96809 -96428 -96842 -97141 -96439 -96520 -96519 -96825 -96758 -96384
