50 50
-16240 -16106 -16350 -16026 -15974 -16320 -15987 -16136 -16279 -16216 -16220 -16003 -16296 -16310 -16287 -16244 -16030 -16350 -16333 -16261 -15994 -16208 -16239 -16217 -16101 -16024 -16153 -15964 -16265 -16196 -16085 -16346 -16356 -16171 -16060 -16355 -15929 -16148 -15968 -16295 -16037 -16089 -16346 -16121 -16243 -16215 -15947 -16106 -15998 -15923
-16313 -16093 -16097 -15944 -16131 -16055 -16213 -16175 -16140 -16223 -16003 -16214 -16153 -16270 -16300 -16048 -16254 -16336 -16116 -15949 -16336 -16037 -16277 -15959 -16195 -16006 -15965 -16317 -16071 -16035 -15981 -16135 -15957 -16205 -16122 -16212 -15985 -16248 -16318 -16293 -16166 -16274 -16167 -16087 -16298 -16289 -16356 -16346 -16252 -16162
-16334 -15925 -16193 -15922 -16107 -16187 -15955 -16254 -16202 -15977 -16100 -16039 -16242 -16007 -15987 -16150 -16306 -16296 -16208 -16316 -16294 -16104 -16224 -16253 -16139 -16036 -16168 -16275 -16041 -16356 -16098 -16281 -16338 -16098 -16162 -16246 -16183 -16301 -16071 -16182 -16364 -16358 -16042 -16196 -16322 -15917 -16273 -16260 -15943 -16069
-16165 -16306 -16244 -16049 -16071 -16007 -16288 -16032 -16076 -16191 -16289 -16274 -16183 -16069 -16340 -16057 -16123 -16323 -16259 -15986 -16075 -16339 -16320 -16271 -16154 -16046 -16242 -15956 -16321 -15981 -16082 -16113 -16219 -15933 -15970 -16131 -16254 -15954 -16263 -16270 -16309 -16126 -15984 -16029 -16041 -16113 -16154 -16217 -16305 -16063
-16209 -15983 -16040 -16014 -16285 -15964 -16133 -15996 -16334 -16279 -16180 -16006 -16323 -16071 -16070 -16147 -16159 -16176 -16213 -15953 -16196 -16250 -16258 -16270 -16005 -16042 -16227 -16317 -16144 -16131 -15968 -16041 -16141 -15980 -16094 -16163 -15925 -16296 -16131 -16228 -16185 -15953 -16065 -16037 -15977 -16333 -16261 -16159 -16116 -16310
-16001 -16037 -16094 -16196 -16061 -16062 -16353 -16206 -16160 -16164 -16183 -15942 -16142 -16042 -16288 -16053 -16219 -15916 -16088 -16318 -16225 -16211 -16224 -16138 -16269 -16098 -16216 -16126 -16259 -16176 -15930 -16088 -16153 -16080 -15946 -16325 -16121 -16022 -16012 -15954 -16214 -16266 -16202 -16251 -16136 -15919 -15966 -16342 -16010 -16267
-16093 -16306 -16231 -16332 -16206 -15918 -16352 -16188 -16276 -15923 -16067 -16048 -16095 -16218 -15946 -16254 -16294 -15985 -16272 -16019 -16360 -16157 -16359 -16219 63506 63847 63931 63509 63706 63834 63537 63863 63773 63666 63770 63858 63942 63834 63656 63761 -16093 -16195 -16079 -16304 -16335 -16220 -15996 -16287 -16227 -16084
-15964 -16089 -16274 -16097 -16123 -16173 -16054 -16156 -16126 -16058 -16032 -16226 -15953 -16014 -16184 -16124 -16203 -16060 -16316 -16091 -16141 -16042 -16209 -15965 63641 63550 63590 63539 63656 63906 63765 63713 63741 63577 63731 63858 63766 63921 63561 63579 -16119 -15982 -16001 -16269 -16167 -16045 -16018 -15962 -16117 -16143
-16170 -16234 -16268 -16188 -15938 -16255 -16178 -16250 -16138 -16047 -16072 -16306 -15994 -16323 -16362 -16012 -16294 -16323 -16057 -16152 -16174 -16163 -16120 -16120 63617 63908 63678 63678 63679 63607 63604 63918 63748 63940 63689 63944 63732 63792 63694 63814 -16269 -16322 -16082 -15936 -16016 -16248 -16340 -16084 -16185 -16159
-16330 -16048 -16009 -16170 -16083 -16348 -16362 -16118 -16150 -16020 -16241 -16038 -15999 -16310 -16250 -16069 -16152 -16250 -16328 -16121 -15931 -16293 -16194 -16176 63856 63786 63833 63744 63706 63679 63763 63516 63551 63699 63566 63899 63681 63885 63838 63548 -15935 -16172 -16000 -16038 -16171 -16115 -16343 -15917 -15948 -15999
-16299 -16049 -16348 -16248 -16329 -15953 -15948 -16345 -16144 -15920 -16261 -16273 -16315 -16255 -15999 -16159 -16098 -16017 -16263 -16141 -16164 -16335 -16330 -16218 63645 63731 63790 63745 63627 63800 63746 63783 63762 63864 63712 63916 63791 63663 63518 63739 -16113 -16203 -16105 -15968 -16006 -16356 -15937 -16186 -16167 -15914
-16029 -16087 -16195 -15925 -16233 -16237 -15932 -15961 -16330 -15942 -16301 -16157 -16174 -15945 -16325 -16319 -16195 -16219 -16290 -16319 -16026 -16167 -15980 -16002 63545 63596 63861 63671 63680 63831 63840 63624 63615 63634 63795 63826 63823 63647 63562 63576 -15971 -15962 -16008 -16281 -16250 -16278 -16141 -16165 -16291 -16113
-16088 -16187 -16222 -16041 -16328 -16003 -16126 -16193 -16173 -16255 -16340 -16138 -16024 -16280 -16025 -16165 -15995 -16100 -16183 -16151 -16190 -16174 -15927 -16070 63878 63886 63610 63722 63504 63770 63898 63635 63873 63604 63658 63577 63923 63888 63546 63751 -16294 -15967 -16201 -16045 -16202 -16329 -15976 -16125 -16243 -16176
-16283 -16203 -16209 -16262 -16140 -16115 -16043 -16156 -16023 -16188 -15916 -16308 -16316 -16257 -16027 -16087 -16247 -15939 -16302 -15926 -16016 -16348 -16072 -15966 63647 63586 63671 63924 63573 63848 63687 63759 63657 63618 63520 63835 63517 63544 63708 63512 -16314 -16183 -15955 -16100 -15957 -15921 -16340 -16194 -15919 -16279
-16303 -16290 -16338 -16171 -16316 -16252 -15986 -16173 -16107 -16270 -16209 -16105 -16283 -16001 -16047 -16364 -16056 -16242 -15992 -16014 -15957 -16343 -15975 -16017 63802 63706 63685 63578 63789 63723 63582 63697 63665 63652 63775 63761 63751 63680 63708 63518 -16228 -16113 -15919 -16286 -16144 -15987 -16012 -16084 -15952 -16026
-16284 -15962 -15983 -16327 -16128 -16187 -15961 -16196 -16255 -16024 -15971 -16031 -16318 -16317 -16011 -16265 -16357 -16118 -15984 -16020 -16079 -15921 -16343 -16185 63545 63652 63567 63919 63591 63936 63896 63850 63850 63737 63894 63698 63796 63732 63806 63715 -16270 -16224 -16171 -16240 -15960 -16105 -16001 -16095 -16193 -16065
-16128 -16175 -16062 -16058 -15957 -16052 -16034 -16363 -16018 -16140 -15955 -16258 -15958 -15967 -16075 -16017 -16008 -15915 -16135 -16164 -16281 -16027 -16188 -16044 63901 63643 63587 63940 63948 63784 63931 63763 63706 63924 63559 63620 63625 63687 63749 63719 -16350 -16046 -16334 -16289 -16309 -16219 -16233 -16024 -16169 -16272
-16043 -16302 -16094 -16179 -16356 -16033 -16255 -16138 -16026 -16201 -16140 -16015 -16276 -15984 -15946 -16362 -16238 -15960 -15939 -16198 -16355 -16064 -16286 -16259 63525 63733 63890 63858 63764 63522 63700 63797 63856 63916 63555 63685 63792 63774 63665 63768 -15950 -16255 -16251 -15954 -16172 -16060 -15947 -16291 -16014 -16050
-16251 -16273 -16338 -15955 -16094 -15954 -16064 -16072 -16110 -16006 -15944 -16283 -16061 -15938 -16249 -16354 -16174 -15983 -15973 -15942 -16219 -16329 -16241 -16316 63649 63681 63922 63534 63825 63535 63695 63727 63746 63859 63530 63842 63504 63546 63927 63947 -16310 -16228 -16311 -16098 -16341 -16273 -16282 -16292 -16032 -16238
-16147 -16085 -16318 -16033 -16074 -15995 -15923 -16139 -16083 -16249 -15914 -15948 -15985 -15921 -16125 -16177 -16148 -15985 -16092 -16200 -16290 -15983 -16186 -16176 63545 63567 63525 63949 63924 63801 63706 63828 63544 63769 63916 63703 63722 63734 63745 63898 -16037 -16105 -16063 -16200 -16221 -16054 -16015 -16191 -15972 -16211
-16018 -16305 -16015 63895 63890 63827 63650 63876 63865 63593 63748 63935 63593 63535 63781 63728 63514 63790 63589 63743 63746 63951 63589 63950 -16099 -16071 -15989 -16249 63816 63637 63645 63747 63517 63762 63539 63613 63905 63693 63950 63601 -16245 -16078 -15997 -16081 -15943 -16022 -15993 -16119 -16127 -16162
-15942 -16139 -16189 63851 63881 63811 63684 63741 63619 63943 63530 63869 63694 63756 63903 63595 63515 63730 63727 63800 63642 63735 63579 63900 63829 63724 63827 63809 -16335 -16047 -16236 -16167 -16307 -16320 -16093 -16059 -16149 -16238 -16045 -16342 -16173 -16060 -16346 -16063 -16287 -16203 -16079 -16193 -15935 -15951
-16330 -16032 -16110 63724 63838 63549 63701 63712 63563 63874 63740 63807 63825 63802 63616 63708 63603 63840 63859 63675 63506 63929 63807 63918 63809 63868 63643 63782 -15991 -15993 -16223 -16006 -16070 -15961 -16322 -16170 -16097 -15941 -16186 -15965 -16110 -16292 -15995 -16202 -16025 -16360 -16314 -15996 -15959 -16139
-16017 -16111 -16227 63517 63827 63734 63950 63944 63713 63561 63582 63560 63841 63603 63860 63921 63849 63855 63733 63644 63667 63562 63558 63597 63724 63667 63819 63638 -16258 -16284 -15969 -16332 -16324 -16314 -16121 -15981 -16242 -16013 -16255 -16140 -15951 -16161 -16209 -15928 -16174 -15939 -16320 -16215 -16192 -16107
-16345 -15952 -16063 63701 63842 63754 63560 63531 63520 63668 63544 63797 63790 63649 63620 63667 63610 63913 63630 63627 63883 63914 63854 63521 63660 63656 63536 63565 -16094 -16140 -16225 -16248 -15963 -15977 -16012 -16102 -16330 -15967 -15977 -16128 -16229 -16218 -16200 -16354 -16314 -16263 -16316 -16151 -16311 -16262
-16027 -16034 -15986 63617 63874 63678 63757 63929 63805 63746 63804 63687 63703 63895 63619 63747 63538 63592 63941 63796 63871 63854 63764 63790 63910 63843 63622 63715 -16039 -16301 -16091 -16037 -16338 -16245 -16123 -16357 -16361 -16018 -16216 -16060 -15928 -16222 -16037 -16359 -16146 -15925 -15976 -16237 -16152 -15935
-16269 -16356 -16073 63682 63619 63610 63880 63802 63742 63808 63651 63905 63531 63569 63707 63763 63760 63849 63594 63529 63701 63687 63713 63509 63892 63641 63514 63928 -16047 -16001 -15932 -15950 -16003 -16201 -16144 -16097 -15987 -16220 -16177 -16275 -15982 -16281 -15934 -16150 -16119 -16360 -16248 -16027 -16332 -16050
-16042 -16106 -16267 63675 63951 63801 63836 63743 63622 63950 63823 63660 63918 63506 63719 63779 63657 63527 63718 63895 63699 63519 63524 63830 63707 63775 63664 63620 -16276 -16013 -16360 -16355 -16227 -16247 -16176 -16261 -16320 -16064 -16091 -16069 -16058 -16338 -16071 -16309 -15939 -16000 -15977 -15961 -15920 -15926
-16014 -16090 -16009 63525 63753 63595 63701 63523 63884 63660 63735 63867 63838 63711 63555 63651 63734 63747 63632 63887 63738 63737 63653 63540 63647 63588 63909 63616 -15985 -15970 -16268 -16096 -16111 -16168 -16064 -16265 -15948 -16097 -16275 -16024 -16323 -16201 -15999 -16081 -16298 -16311 -16283 -16041 -16024 -16045
-16167 -16223 -16062 63534 63544 63521 63514 63773 63591 63676 63531 63550 63646 63856 63742 63821 63548 63826 63591 63844 63691 63548 63776 63718 63780 63892 63661 63512 -15948 -15949 -15941 -16244 -16330 -16085 -16238 -16363 -16336 -16302 -16268 -16254 -15943 -16113 -16336 -15937 -16320 -16123 -16138 -16267 -16351 -16131
-16079 -16135 -16273 63590 63821 63666 63783 63951 63696 63763 63884 63645 63818 63527 63597 63655 63616 63690 63811 63748 63519 63788 63506 63801 63692 63646 63758 63762 -16295 -16201 -16202 -15953 -16187 -16177 -16067 -16035 -16294 -16359 -16327 -16267 -16350 -16318 -16091 -16191 -16004 -16022 -16171 -16350 -15958 -16191
-16104 -16363 -15946 63808 63530 63633 63766 63751 63592 63698 63810 63546 63632 63845 63886 63574 63910 63924 63868 63681 63529 63591 63560 63563 63845 63596 63848 63536 -16234 -15917 -15945 -16214 -16167 -15992 -15938 -15972 -16272 -16011 -16074 -16309 -16250 -16240 -16279 -15931 -16228 -16197 -16276 -16353 -16080 -16067
-16090 -16216 -16296 63760 63530 63751 63929 63788 63951 63520 63893 63763 63884 63595 63828 63875 63542 63537 63928 63604 63942 63751 63812 63561 63751 63536 63789 63912 -15967 -16219 -15947 -16076 -16264 -16065 -16199 -16084 -15936 -15964 -16000 -15921 -16156 -16337 -16147 -16044 -16286 -16136 -16311 -15946 -16006 -15948
-16239 -15971 -16112 63836 63619 63827 63783 63875 63873 63752 63548 63666 63662 63814 63892 63532 63672 63662 63512 63556 63715 63818 63707 63807 63706 63815 63830 63687 -16325 -16335 -16121 -15972 -16119 -16157 -16349 -16091 -16004 -16144 -16010 -16167 -16316 -16014 -15978 -15992 -16326 -16294 -16245 -15990 -16204 -16239
-16048 -16213 -15959 -16334 -15933 -16265 -15980 -15939 -16252 -15978 -16047 -16108 -15984 -15920 -16285 -15937 -16041 -16165 -15950 -16211 -16286 -16339 -16207 -16298 -16165 -15980 -16252 -16169 -16291 -16360 -16159 -16136 -16242 -16282 -16185 -16312 -16241 -16105 -15921 -16154 -16140 -15958 -16241 -16069 -16077 -16299 -16333 -16121 -16081 -16339
-15996 -16363 -15948 -16023 -16321 -16363 -16353 -16145 -16227 -16334 -16040 -16334 -15929 -16044 -16001 -16144 -16263 -15989 -16080 -16253 -16324 -16257 -16337 -16011 -16360 -16240 -16317 -16072 -16005 -15980 -16231 -16039 -15969 -16187 -16289 -16024 -15982 -16018 -16182 -15965 -16299 -16247 -16232 -16213 -15943 -16051 -15933 -15924 -16113 -16285
-16069 -16209 -16129 -16223 -16321 -16052 -16279 -15977 -16167 -16281 -16324 -16175 -16340 -16328 -16248 -16331 -16234 -15964 -16017 -16012 -16241 -15922 -15957 -16243 -16227 -16104 -16027 -16073 -16342 -16096 -15995 -16172 -16257 -15978 -16172 -16126 -15940 -16313 -15947 -16240 -16318 -16165 -15941 -16050 -15934 -16268 -16351 -16064 -16323 -16251
-16168 -16169 -16063 -16094 -16108 -16170 -16006 -16238 -16033 -15961 -16167 -16025 -16259 -16279 -16266 -16181 -16102 -15925 -16338 -15976 -16360 -16285 -15916 -16196 -16313 -16151 -15982 -16022 -16168 -15929 -16349 -16046 -16290 -15925 -16234 -16216 -16061 -16264 -16159 -16165 -16170 -16234 -16178 -16255 -16092 -16094 -15965 -16214 -16061 -16021
-15986 -15968 -16029 -16014 -16138 -16035 -16221 -15963 -15951 -15935 -16081 -16249 -16289 -16254 -16040 -16079 -16075 -15964 -16289 -16035 -15938 -16242 -16143 -16126 -16090 -16347 -16013 -15931 -16034 -16227 -16070 -15925 -16281 -15945 -16215 -16013 -16156 -15924 -15944 -16124 -16065 -15923 -15915 -16132 -16109 -16158 -15956 -16005 -16036 -15975
-16166 -16185 -16329 -16222 -16361 -15917 -16279 -16243 -16334 -16359 -16081 -16204 -16282 -15955 -16096 -16355 -16033 -16270 -16185 -16253 -16291 -16178 -16066 -16083 -16084 -15932 -15982 -16037 -16133 -16318 -16096 -16294 -16065 -16230 -16257 -16151 -16294 -16129 -16264 -16244 -16310 -16027 -16060 -16220 -15955 -16254 -15954 -16361 -16364 -16008
-16134 -15917 -15935 -16359 -16176 -15965 -16362 -16005 -16356 -16019 -16039 -16185 -16082 -16280 -16306 -16038 -16009 -16287 -16221 -16144 -15968 -16019 -16135 -15992 -16143 -15955 -15977 -16241 -16326 -16009 -15999 -15968 -16212 -16280 -16312 -16244 -16259 -15969 -15962 -16258 -16239 -16030 -16363 -16005 -16108 -16313 -16307 -16264 -16217 -16227
-16349 -16096 -16153 -15930 -16148 -16009 -16330 -16136 -16015 -16060 -16193 -16313 -15987 -16104 -16190 -16318 -16112 -16293 -16213 -16089 -15935 -16123 -16274 -16326 -16195 -16033 -15968 -16302 -16026 -16012 -16347 -16041 -15932 -15988 -16343 -15920 -16149 -16226 -15981 -16019 -16305 -16151 -15925 -16125 -16026 -16267 -16109 -16272 -16353 -16298
-16287 -16197 -16159 -16304 -16325 -16325 -16128 -16145 -16120 -16073 -16018 -16076 -16286 -15934 -15918 -16309 -15970 -16337 -16151 -16029 -15995 -16198 -16075 -16221 -16120 -16345 -16228 -16040 -16044 -16219 -16058 -16327 -16062 -16290 -16242 -15994 -16224 -16193 -16182 -16302 -16020 -16197 -16125 -16304 -16172 -16278 -15991 -16344 -16231 -16272
-16034 -16360 -16046 -16122 -16023 -16221 -15963 -16232 -16045 -16103 -16242 -16024 -16280 -16149 -16247 -16014 -16136 -15965 -16085 -16168 -16106 -16231 -16055 -16096 -16273 -16036 -16344 -16252 -16246 -15935 -15988 -16280 -16184 -16165 -16255 -16124 -16165 -15999 -16247 -16124 -16110 -16362 -15970 -15927 -16016 -16344 -16080 -16225 -15944 -15968
-16065 -16076 -16140 -16183 -16358 -16206 -16212 -16314 -15972 -16080 -16354 -15950 -16245 -16185 -16070 -15922 -16198 -16204 -16076 -16075 -16338 -16359 -15975 -15914 -16290 -16362 -16017 -16220 -16086 -16245 -16064 -15935 -15996 -16327 -16211 -16181 -16161 -16061 -15995 -16200 -15996 -16164 -16273 -16357 -15964 -16238 -16110 -16150 -15930 -16216
-16124 -16055 -15932 -16097 -16078 -16001 -16343 -16234 -16192 -16036 -15945 -15933 -16123 -16362 -16083 -16243 -15978 -16016 -16276 -16261 -16054 -16126 -16348 -15972 -16011 -15997 -16086 -16201 -16063 -15982 -16131 -16008 -16152 -16333 -16322 -16100 -16330 -16157 -16316 -16217 -16043 -16148 -15955 -16168 -16019 -16172 -16235 -16079 -15940 -16254
-16154 -16168 -16193 -16117 -16226 -16193 -16055 -16255 -15932 -15962 -16077 -16091 -16004 -15973 -16096 -16126 -15931 -16223 -16114 -16272 -16337 -16024 -16218 -16210 -16015 -16290 -16314 -16070 -16211 -16055 -16009 -16240 -16315 -16022 -16165 -16105 -16000 -15948 -16172 -16299 -16240 -16290 -16081 -16193 -16109 -16286 -15977 -16125 -16157 -16164
-16223 -16204 -16353 -16230 -16237 -16122 -15957 -16009 -16008 -16117 -16079 -16068 -16140 -16035 -16109 -15976 -16092 -16310 -16039 -16078 -16145 -16056 -16341 -16042 -16197 -16332 -16152 -16215 -15940 -16280 -15946 -16108 -16318 -16022 -16229 -16036 -16225 -16133 -16228 -16071 -16074 -16068 -15916 -16250 -16155 -16193 -16140 -16355 -16230 -16234
-16293 -16070 -15917 -15947 -16031 -16267 -16140 -16346 -16188 -15998 -16096 -16072 -15983 -16289 -16275 -16204 -16269 -16139 -16178 -16018 -16112 -16035 -16109 -16237 -15961 -16155 -16309 -16137 -16252 -16005 -16006 -16000 -16204 -16318 -16019 -16098 -15985 -15938 -15959 -15969 -16217 -16254 -15930 -16252 -16090 -15965 -16255 -16181 -16021 -16343
-16182 -16293 -16017 -15962 -16089 -16349 -16169 -15919 -16184 -16219 -16007 -16147 -16282 -16247 -16283 -15935 -16170 -16207 -16066 -16307 -16027 -15995 -16299 -16180 -16294 -16086 -15987 -16251 -15991 -16109 -16061 -16127 -16293 -16349 -16079 -15991 -16344 -15976 -16049 -15924 -16153 -15916 -15984 -15968 -16007 -16208 -16058 -16050 -16285 -15987
