50 50
-143 -91 -148 -127 -200 -555 -977 -145 -753 -817 -737 -38 -733 -147 -451 -356 -123 -326 -979 -146 -882 -529 -449 -258 -144 -698 -522 -538 -433 -600 -920 -292 -446 -768 -787 -588 -325 -989 -825 -168 -193 -736 -813 -837 -14 -981 -382 -28 -500 -422
-737 -370 -575 -173 -140 -977 -945 -343 -538 -15 -251 -750 -417 -723 -621 -14 -364 -157 -722 -96 -262 -850 -652 -943 -481 -586 -703 -372 -435 -546 -204 -575 -3 -467 -168 -406 -17 -102 -709 -207 -981 -619 -209 -706 -725 -277 -166 -365 -834 -604
-222 -229 -532 -358 -653 -273 -874 -220 -769 -167 -150 -185 -660 -928 -453 -235 -989 -692 -967 -784 -204 -765 -683 -565 -472 -964 -908 -600 -741 -666 -462 -735 -850 -264 -899 -973 -838 -712 -608 -3 -599 -400 -817 -377 -404 -818 -549 -268 -345 -404
-72 -216 -722 -39 -189 -36 -151 -14 -96 -841 -162 -62 -31 -208 -180 -337 -289 -315 -548 -396 -208 -793 -391 -292 -671 -816 -538 -652 -475 -323 -657 -990 -78 -195 -654 -911 -74 -51 -1 -316 -524 -528 -963 -434 -677 -276 -778 -137 -883 -616
-266 -385 -167 -346 -887 -171 -836 -242 -31 -978 -360 -647 -15 -361 -69 -902 -62 -995 -7 -330 -159 -988 -331 -202 -876 -256 -343 -103 -261 -768 -761 -240 -245 -864 -255 -524 -213 -578 -783 -786 -260 -565 -705 -989 -762 -78 -323 -556 -969 -195
-155 -888 -158 -205 -703 -462 -201 -261 -238 -103 -689 -487 -135 -894 -805 -799 -371 -196 -865 -599 -612 -775 -136 -555 -466 -522 -170 -329 -25 -800 -752 -153 -442 -783 -816 -77 -262 -728 -761 -719 -465 -243 -939 -876 -368 -663 -175 -924 -588 -605
-331 -993 -590 -701 -442 -344 -94 -519 -190 -63 -295 -819 -649 -82 -215 -421 -334 -133 -766 -53 -568 -653 -295 -885 -77 -45 -764 -950 -735 -188 -480 -691 -96 -379 -463 -630 -599 -577 -954 -921 -258 -614 -904 -663 -46 -261 -13 -848 -32 -97
-541 -663 -621 -715 -426 -37 -724 -105 -223 -281 -608 -450 -726 -179 -179 -745 -368 -562 -541 -955 -553 -189 -786 -766 -569 -360 -872 -385 -237 -954 -884 -323 -520 -377 -111 -23 -908 -613 -759 -606 -803 -762 -29 -668 -613 -591 -78 -958 -631 -302
-26 -265 -405 -518 -24 -167 -219 -946 -812 -777 -917 -350 -802 -432 -871 -406 -131 -32 -450 -825 -572 -921 -116 -988 -118 -89 -744 -941 -45 -701 -760 -922 -920 -933 -796 -360 -314 -509 -363 -348 -105 -858 -872 -637 -162 -407 -864 -801 -778 -150
-510 -760 -151 -535 -714 -926 -654 -137 -76 -483 -256 -928 -365 -359 -994 -638 -323 -803 -392 -70 -893 -669 -517 -505 -442 -138 -504 -682 -107 -898 -72 -244 -818 -105 -515 -69 -568 -691 -465 -251 -801 -545 -77 -488 -648 -235 -654 -177 -22 -116
-746 -393 -174 -121 -359 -940 -505 -185 -959 -821 -409 -348 -458 -361 -432 -714 -637 -247 -475 -529 -668 -429 -733 -550 -386 -354 -220 -822 -380 -88 -572 -969 -424 -600 -577 -145 -221 -849 -53 -875 -544 -231 -519 -797 -878 -813 -860 -985 -896 -171
-353 -244 -198 -170 -517 -285 -995 -353 -478 -234 -226 -350 -366 -421 -115 -627 -179 -474 -775 -851 -197 -83 -701 -48 -718 -86 -578 -372 -15 -864 -869 -345 -803 -843 -707 -903 -861 -914 -172 -40 -278 -66 -976 -456 -676 -988 -332 -656 -298 -99
-992 -293 -977 -419 -984 -923 -495 -278 -29 -670 -207 -757 -748 -153 -710 -479 -549 -33 -694 -218 -643 -83 -552 -840 -797 -22 -406 -484 -665 -539 -887 -569 -583 -674 -163 -887 -754 -877 -270 -770 -433 -363 -671 -602 -752 -538 -251 -201 -689 -335
-893 -541 -129 -776 -122 -727 -267 -482 -192 -197 -426 -171 -973 -446 -809 -990 -682 -53 -900 -653 -443 -368 -683 0 -525 -778 -678 -504 -21 -958 -542 -273 -6 -933 -11 -558 -748 -660 -241 -545 -904 -664 -939 -174 -16 -694 -615 -654 -222 -235
-130 -232 -900 -483 -67 -223 -642 -149 -288 -607 -952 -432 -429 -202 -938 -814 -829 -214 -134 -968 -819 -546 -884 -55 -807 -798 -749 -980 -187 -411 -320 -715 -951 -728 -117 -137 -961 -777 -756 -668 -360 -850 -277 -442 -182 -248 -673 -373 -162 -856
-835 -361 -126 -262 -39 -558 -555 -3 -688 -390 -140 -20 -13 -259 -281 -974 -717 -768 -23 -225 -463 -393 -604 -450 -723 -947 -138 -148 -103 -15 -565 -396 -842 -638 -586 -209 -970 -828 -647 -48 -496 -830 -895 -106 -232 -351 -200 -93 -398 -821
-779 -170 -536 -609 -949 -317 -982 -60 -784 -615 -967 -955 -981 -708 -635 -958 -796 -561 -694 -169 -523 -767 -207 -514 -962 -452 -628 -358 -773 -687 -24 -145 -349 -926 -642 -8 -396 -355 -217 -865 -43 -670 -654 -397 -481 -943 -27 -171 -180 -581
-731 -161 -276 -82 -440 -374 -445 -921 -743 -318 -316 -181 -63 -75 -470 -215 -759 -881 -854 -596 -371 -914 -221 -181 -636 -274 -450 -438 -695 -914 -335 -623 -318 -945 -671 -401 -29 -685 -27 -805 -435 -711 -831 -922 -804 -241 -822 -302 -281 -53
-104 -240 -969 -395 -791 -77 -926 -313 -122 -11 -171 -815 -545 -612 -5 -917 -607 -322 -707 -816 -273 -705 -474 -59 -121 -890 -879 -422 -19 -736 -105 -110 -24 -787 -333 -827 -870 -939 -568 -304 -555 -823 -66 -660 -401 -972 -187 -266 -458 -382
-429 -461 -791 -381 -272 -298 -104 -65 -670 -780 -194 -473 -2 -807 -860 -555 -220 -952 -271 -794 -474 -118 -60 -98 -461 -512 -703 -599 -427 -493 -297 -887 -32 -459 -781 -145 -142 -976 -91 -687 -897 -498 -13 -66 -757 -222 -714 -432 -621 -871
-772 -964 -392 -434 -967 -271 -636 -492 -38 -155 -620 -984 -6 -539 -802 -165 -658 -858 -249 -208 -956 -434 -57 -377 -34 -348 -831 -528 -661 -314 -20 -227 -13 -138 -606 -425 -513 -74 -657 -154 -371 -197 -210 -653 -916 -455 -175 -251 -584 -662
-154 -778 -232 -729 -392 -667 -738 -26 -580 -253 -180 -449 -463 -161 -620 -45 -745 -295 -33 -635 -798 -873 -893 -979 -810 -721 -969 -753 -428 -132 -578 -29 -128 -536 -122 -455 -757 -794 -218 -552 -274 -553 -208 -616 -413 -366 -66 -266 -986 -395
-201 -933 -186 -72 -485 -411 -50 -351 -832 -422 -642 -36 -237 -543 -266 -154 -896 -632 -801 -734 -299 -94 -446 -48 -862 -10 -533 -510 -824 -908 -754 -229 -351 -629 -194 -730 -686 -990 -182 -717 -259 -871 -96 -994 -159 -584 -854 -208 -850 -36
-809 -497 -199 -310 -878 -613 -774 -356 -296 -776 -889 -773 -62 -754 -420 -650 -527 -585 -657 -337 -239 -351 -672 -795 -434 -103 -546 -433 -58 -423 -736 -233 -293 -280 -987 -546 -556 -683 -422 -19 -101 -604 -439 -255 -104 -695 -974 -208 -282 -359
-278 -122 -999 -949 -37 -457 -143 -539 -923 -417 -480 -728 -794 -478 -432 -581 -592 -590 -225 -338 -450 -356 -797 -5 -98 -887 -107 -148 -102 -976 -476 -632 -725 -328 -336 -353 -741 -99 -670 -324 -42 -989 -23 -46 -961 -86 -972 -111 -239 -670
-945 -131 -40 -825 -490 -656 -703 -730 -599 -627 -576 -381 -102 -356 -785 -851 -201 -845 -480 -282 -101 -121 -80 -980 -364 -142 -555 -988 -315 -611 -564 -898 -670 -706 -974 -821 -897 -953 -275 -145 -788 -710 -978 -643 -482 -43 -768 -427 -21 -414
-323 -394 -758 -184 -843 -65 -6 -667 -180 -714 -399 -42 -385 -1000 -810 -145 -240 -946 -318 -247 -385 -274 -787 -647 -211 -446 -127 -218 -947 -185 -550 -161 -757 -63 -632 -55 -457 -295 -203 -279 -631 -158 -718 -893 -218 -443 -29 -351 -500 -220
-819 -669 -415 -230 -123 -674 -20 -602 -765 -767 -272 -189 -496 -202 -262 -72 -246 -916 -226 -663 -805 -949 -836 -77 -313 -891 -599 -115 -580 -653 -987 -885 -920 -426 -409 -670 -506 -184 -984 -901 -116 -875 -422 -332 -881 -348 -533 -845 -129 -496
-563 -405 -48 -241 -817 -713 -559 -890 -688 -418 -843 -784 -767 -657 -271 -260 -514 -361 -986 -612 -314 -169 -738 -832 -650 -876 -205 -706 -469 -219 -845 -187 -548 -555 -41 -101 -296 -207 -873 -803 -455 -123 -453 -919 -233 -767 -674 -959 -803 -11
-664 -552 -601 -86 -140 -807 -513 -621 -901 -619 -241 -403 -698 -414 -62 -460 -88 -655 -112 -596 -7 -9 -8 -590 -511 -161 -25 -379 -415 -359 -541 -381 -844 -606 -872 -197 -197 -189 -173 -114 -357 -165 -532 -848 -645 -817 -592 -263 -805 -92
-753 -417 -182 -871 -129 -718 -927 -189 -747 -804 -268 -407 -605 -480 -674 -963 -809 -685 -798 -686 -605 -458 -907 -181 -303 -567 -623 -981 -307 -795 -656 -448 -600 -132 -150 -340 -339 -304 -163 -633 -334 -125 -243 -652 -259 -13 -597 -311 -895 -65
-182 -760 -982 -368 -982 -39 -139 -111 -806 -366 -949 -644 -367 -569 -90 -986 -615 -806 -974 -577 -455 -523 -572 -625 -688 -753 -353 -805 -95 -115 -430 -459 -171 -464 -174 -746 -318 -205 -893 -579 -977 -411 -173 -750 -626 -188 -696 -299 -639 -381
-342 -439 -823 -681 -103 -753 -389 -394 -842 -739 -168 -687 -7 -851 -787 0 -205 -345 -958 -854 -86 -159 -622 -369 -569 -220 -117 -641 -646 -174 -487 -879 -345 -856 -460 -894 -784 -992 -133 -968 -444 -211 -371 -424 -516 -483 -194 -433 -130 -712
-787 -323 -474 -923 -850 -886 -293 -95 -45 -689 -476 -798 -981 -21 -238 -305 -168 -292 -151 -592 -576 -934 -943 -624 -191 -811 -784 -391 -806 -299 -354 -156 -567 -741 -21 -538 -685 -280 -713 -202 -269 -9 -22 -665 -447 -131 -261 -619 -594 -917
-842 -485 -955 -721 -962 -326 -393 -93 -998 -931 -309 -407 -558 -84 -771 -889 -999 -653 -307 -140 -235 -624 -733 -599 -47 -119 -926 -980 -285 -571 -807 -359 -629 -560 -287 -735 -316 -933 -491 -821 -121 -6 -818 -279 -885 -112 -449 -607 -571 -648
-387 -211 -537 -305 -594 -765 -366 -905 -258 -82 -948 -456 -700 -251 -845 -671 -758 -727 -288 -155 -80 -851 -921 -425 -677 -485 -767 -86 -758 -864 -734 -107 -450 -66 -945 -320 -425 -782 -434 -894 -710 -126 -691 -427 -429 -425 -768 -209 -687 -17
-181 -576 -190 -322 -811 -807 -237 -505 -79 -657 -846 -871 -874 -650 -650 -34 -784 -241 -275 -995 -857 -648 -409 -302 -450 -533 -489 -277 -801 -910 -594 -845 -3 -527 -659 -104 -589 -991 -44 -189 -381 -257 -353 -10 -80 -791 -222 -882 -160 -473
-120 -965 -154 -53 -179 -541 -503 -659 -735 -860 -346 -489 0 -592 -353 -722 -247 -63 -374 -373 -660 -891 -128 -446 -881 -273 -459 -887 -704 -768 -10 -861 -957 -938 -926 -435 -924 -731 -977 -711 -713 -846 -466 -314 -742 -527 -573 -52 -294 -795
-637 -77 -196 -109 -131 -598 -294 -862 -491 -551 -633 -893 -636 -581 -706 -899 -266 -496 -42 -932 -518 -599 -298 -367 -413 -728 -900 -25 -28 -520 -238 -294 -69 -819 -901 -828 -763 -807 -911 -116 -349 -797 -981 -455 -903 -722 -152 -88 -959 -91
-525 -267 -888 -683 -681 -309 -83 -235 -906 -806 -736 -841 -964 -904 -9 -774 -937 -380 -951 -998 -587 -626 -527 -473 -736 -121 -248 -772 -906 -395 -606 -699 -415 -993 -217 -221 -964 -286 -580 -115 -568 -519 -992 -115 -955 -551 -56 -728 -942 -460
-750 -5 -767 -388 -65 -54 -161 -939 -486 -32 -935 -447 -510 -503 -10 -926 -866 -270 -964 -390 -527 -775 -167 -768 -317 -352 -336 -323 -8 -385 -908 -73 -255 -646 -608 -563 -548 -832 -234 -844 -865 -530 -271 -124 -100 -271 -390 -508 -554 -432
-320 -369 -651 -33 -713 -682 -302 -757 -28 -142 -135 -532 -878 -581 -461 -359 -828 -838 -63 -146 -351 -958 -972 -292 -936 -752 -317 -688 -159 -826 -238 -638 -590 -458 -299 -928 -627 -929 -749 -928 -731 -887 -268 -310 -466 -451 -167 -854 -327 -898
-112 -159 -926 -487 -522 -796 -455 -604 -889 -254 -143 -821 -146 -65 -301 -720 -86 -899 -359 -791 -965 -547 -960 -204 -665 -206 -295 -474 -139 -170 -229 -385 -293 -81 -734 -844 -933 -103 -851 -951 -908 -596 -672 -392 -214 -883 -589 -452 -361 -461
-48 -729 -157 -335 -313 -738 -27 -589 -621 -862 -591 -464 -634 -847 -268 -230 -62 -913 -97 -856 -38 -311 -610 -831 -994 -191 -466 -987 -503 -259 -986 -886 -395 -330 -810 -200 -603 -270 -119 -674 -163 -729 -849 -684 -632 -882 -857 -153 -339 -402
-7 -268 -947 -259 -622 -984 -438 -906 -68 -329 -103 -115 -485 -24 -63 -526 -595 -270 -212 -449 -188 -448 -856 -223 -535 -565 -682 -836 -389 -318 -114 -463 -628 -405 -824 -701 -695 -23 -938 -864 -775 -439 -673 -614 -27 -146 -241 -37 -652 -988
-995 -935 -748 -130 -685 -461 -59 -636 -998 -723 -352 -923 -928 -546 -613 -709 -865 -443 -430 -335 -78 -132 -158 -165 -996 -140 -990 -383 -839 -854 -713 -846 -890 -263 -418 -862 -218 -204 -212 -866 -452 -469 -213 -358 -987 -194 -513 -751 -834 -25
-780 -115 -655 -952 -427 -604 -984 -57 -81 -388 -263 -796 -4 -107 -715 -230 -227 -733 -329 -369 -604 -325 -65 -595 -148 -964 -536 -310 -427 -145 -895 -175 -880 -190 -304 -981 -309 -359 -70 -169 -568 -904 -348 -799 -541 -904 -844 -688 -870 -616
-853 -777 -814 -21 -429 -969 -411 -76 -590 -297 -212 -40 -162 -184 -788 -380 -681 -566 -867 -620 -195 -322 -712 -14 -707 -486 -86 -178 -668 -383 -364 -310 -730 -638 -387 -911 -659 -598 -701 -872 -708 -906 -147 -576 -382 -499 -339 -75 -319 -113
-578 -869 -60 -174 -198 -281 -580 -282 -949 -179 -139 -48 -238 -111 -326 -567 -392 -850 -843 -999 -31 -446 -520 -222 -434 -793 -424 -958 -639 -47 -448 -362 -230 -275 -609 -207 -421 -946 -836 -679 -293 -345 -557 -217 -539 -61 -410 -541 -933 -569
-636 -960 -33 -429 -501 -887 -145 -74 -745 -299 -326 -532 -753 -998 -998 -305 -415 -816 -996 -421 -657 -33 -126 -699 -402 -505 -389 -82 -616 -541 -949 -165 -497 -975 -677 -921 -578 -159 -708 -103 -109 -153 -251 -556 -34 -674 -567 -736 -33 -264
