50
3 -23 23 -13
-13 19 -20 10
-5 24 22 7
6 13 0 16
2 17 -7 -18
20 19 1 0
1 -16 -24 19
23 -2 0 15
-17 22 7 -24
-25 5 6 1
-11 -10 15 -6
3 -17 -7 10
22 -1 -22 15
13 9 20 22
-9 24 -8 -3
-2 16 16 -16
-7 -16 -12 8
-25 18 -12 -2
19 12 14 -4
-10 17 15 3
-5 10 7 -11
-1 -9 0 23
9 -4 16 1
-3 -5 16 -11
-7 -4 21 17
-19 13 -4 11
3 -4 4 -17
13 15 4 -4
-23 -21 -2 -13
9 1 -2 -4
-7 6 -17 9
19 -11 -5 -1
4 17 -23 -4
-11 -11 -16 23
17 23 -6 -22
8 4 -12 -6
19 25 21 10
-17 -25 -9 6
-1 17 13 -14
16 -9 -2 -19
1 -16 22 15
12 -7 -17 15
21 13 9 3
-14 18 17 -5
-17 -19 -8 8
14 10 1 2
7 0 0 15
-2 4 8 20
6 -22 -5 -25
4 -10 23 -7
632
1
2
3
4
5
6
7
8
9
10
11
12
13
14
15
16
17
18
19
20
539
461
333
538
305
163
191
53
344
43
465
428
109
556
380
200
382
269
277
500
566
35
166
343
108
435
561
306
229
501
95
315
504
506
485
275
234
549
322
112
487
452
170
431
185
373
83
133
37
283
62
281
387
421
123
449
371
79
542
319
388
188
483
302
203
295
263
25
361
58
610
494
300
303
528
273
547
329
216
130
386
76
572
4
582
240
594
212
569
195
93
508
206
420
147
293
72
367
247
576
477
607
588
86
36
139
143
515
321
171
59
393
162
136
490
236
288
24
96
30
105
50
531
424
99
282
379
70
190
581
290
21
593
442
66
100
276
237
473
179
118
42
427
33
417
405
457
440
398
214
522
366
202
404
251
392
161
84
291
495
406
150
409
6
401
448
337
584
69
384
597
213
529
441
560
57
363
210
541
48
199
478
46
156
377
376
455
552
22
55
71
324
9
346
330
81
135
332
198
425
144
56
349
39
226
292
91
215
507
7
336
525
17
412
563
18
312
243
318
408
280
390
350
589
177
534
323
463
364
459
165
533
54
341
255
49
140
180
546
16
40
357
550
496
264
554
181
511
502
201
564
235
28
470
437
532
167
260
113
472
287
23
186
44
272
88
65
362
207
149
63
101
107
399
545
189
423
224
77
476
153
548
517
578
580
5
499
413
355
523
497
372
225
129
536
74
172
51
218
411
141
410
138
152
338
242
600
443
26
228
208
347
97
169
444
248
432
555
227
164
284
45
279
137
175
484
439
20
104
299
587
298
469
232
115
429
518
458
481
119
419
460
426
258
385
326
422
551
92
345
132
348
510
245
334
493
488
8
359
327
516
430
265
475
325
13
505
591
445
603
174
64
204
31
342
381
192
354
151
378
400
553
446
513
396
29
67
611
331
514
339
238
609
111
467
87
438
599
114
436
360
391
82
117
239
10
241
418
482
571
244
27
254
464
383
176
353
308
503
601
316
183
90
250
127
124
489
209
415
491
480
80
220
558
159
351
89
557
524
2
567
612
134
466
311
595
19
565
519
586
205
106
395
68
252
125
15
233
121
34
527
543
196
307
416
530
598
314
434
262
456
168
451
289
403
270
320
110
573
160
249
197
454
509
583
520
540
585
304
374
389
11
1
222
402
526
474
116
365
296
271
492
370
60
433
266
184
544
256
340
368
575
313
447
120
157
407
309
274
178
221
14
579
486
155
102
3
75
397
602
471
148
512
294
78
61
468
126
278
261
592
219
537
608
194
52
286
246
267
231
145
187
41
498
12
356
85
146
328
128
38
193
559
32
453
521
173
414
604
211
253
142
94
369
568
310
297
352
285
259
47
73
577
358
479
570
535
182
268
317
154
605
158
450
98
301
606
596
574
335
462
562
257
131
394
375
103
217
122
223
230
590
