50
29 -9 -18 -9
-49 -35 23 42
11 -45 -35 7
18 -39 19 -2
39 34 7 -18
46 -40 33 42
2 40 37 -5
-37 9 -13 31
7 33 30 29
9 -30 -32 -27
45 -49 45 -34
-31 -18 -22 -14
39 -14 5 -15
33 -30 -32 -23
-4 -8 -9 8
-15 -48 0 1
42 24 30 11
-37 -49 18 14
-29 50 43 21
-40 -48 44 -1
-37 -42 0 26
-21 -17 45 42
35 35 16 -21
3 -21 33 28
11 25 -24 -6
28 29 -28 -41
50 42 2 -17
4 -5 -42 -22
3 -19 24 -47
22 3 45 30
-38 14 -11 31
-17 2 -27 50
-14 -21 38 -29
-6 -2 -7 29
26 -11 0 -37
-41 2 48 -46
-3 18 -16 12
-15 6 -42 -33
-2 -3 1 -29
39 6 -1 -46
43 33 24 -13
46 41 -44 42
-16 8 32 -30
19 18 8 16
35 3 -46 -42
-14 -17 41 -35
2 -2 36 14
-7 27 -47 42
29 34 -30 23
14 17 35 42
632
1
2
3
4
5
6
7
8
9
10
11
12
13
14
15
16
17
18
19
20
415
534
458
507
179
101
252
389
413
344
154
278
460
593
348
491
222
205
299
192
106
332
498
97
497
562
571
568
286
250
553
336
318
30
432
477
23
212
502
549
253
478
462
403
4
1
382
276
202
105
13
479
435
77
104
393
124
208
62
204
401
190
433
139
141
164
72
274
476
490
455
79
249
290
51
199
103
421
496
547
115
371
294
555
225
322
464
404
416
166
144
503
412
468
158
582
387
42
564
147
373
321
601
581
53
535
538
248
111
419
59
171
264
584
398
327
203
499
55
270
183
168
188
600
347
400
454
133
326
285
143
45
609
369
407
120
7
591
316
607
156
247
92
376
258
160
320
566
469
24
19
508
486
296
315
140
540
298
337
565
578
123
608
303
288
37
191
261
2
75
198
34
414
41
541
521
169
492
518
349
223
184
6
504
448
554
26
280
475
113
300
543
378
567
238
86
430
586
136
263
597
542
580
559
18
66
5
558
391
60
254
335
379
377
395
505
297
569
572
365
9
438
418
47
33
281
537
129
3
437
237
151
417
343
557
410
138
472
368
312
611
363
595
95
174
370
342
81
269
126
539
227
487
195
311
117
80
445
48
175
465
46
304
96
523
193
220
325
551
206
397
284
170
82
355
573
310
527
15
548
107
54
207
341
434
374
279
57
323
509
20
39
429
146
515
359
440
167
357
32
110
308
392
375
271
443
44
513
108
145
514
152
163
612
345
27
84
173
451
599
240
596
467
372
522
73
456
439
29
511
229
273
234
446
301
49
161
361
177
424
272
482
306
406
532
219
481
76
121
364
293
232
8
181
307
228
324
213
235
489
338
510
186
474
461
366
390
21
43
317
197
352
128
31
570
287
466
592
396
98
556
386
119
380
590
528
354
194
500
602
67
172
99
211
452
598
427
463
187
283
606
485
125
239
425
277
180
61
215
603
135
114
329
165
610
267
149
22
137
74
473
148
134
201
350
78
70
388
560
231
471
536
216
102
268
275
529
189
289
17
12
409
118
56
402
196
251
155
244
450
587
153
90
89
159
226
577
182
88
93
546
589
495
200
236
516
309
295
87
291
176
214
257
14
94
520
68
385
333
330
441
533
63
339
314
525
381
178
362
10
142
457
221
242
585
265
423
305
65
444
579
224
241
405
360
484
431
282
256
100
550
436
605
583
210
116
524
604
531
545
358
384
594
394
411
313
356
383
420
447
50
243
346
58
422
38
266
426
340
459
162
552
246
519
91
575
367
28
150
328
517
259
52
218
35
449
353
506
109
255
530
217
157
501
470
544
83
574
319
127
85
351
453
25
292
36
576
493
64
334
331
71
230
262
512
488
260
122
408
233
494
112
16
302
185
131
130
428
480
442
561
245
132
209
40
563
483
588
526
69
399
11
