50
82 -114 -184 155
149 76 -83 72
100 -90 -11 126
31 23 -30 78
19 128 20 -139
-173 33 -145 -137
-130 24 -104 4
174 -106 145 34
-22 -13 -18 -24
91 109 -169 -15
-184 132 -38 -146
2 -146 -159 186
-166 -16 -35 114
-193 159 183 34
135 -75 -181 94
-1 -44 -27 -191
79 -53 -70 -97
-110 -184 -133 -83
-56 99 -105 -39
-6 -23 72 -169
-2 -99 53 74
-187 162 -66 22
-169 79 -136 -105
122 116 -131 -106
-31 122 190 -113
-178 -21 175 -24
61 172 -99 -169
-14 -48 -120 -129
99 -142 -46 -159
117 -82 -171 -9
-200 17 93 -153
-87 121 -30 -41
-39 -147 -17 -37
181 -15 152 10
-170 24 -95 77
-9 199 -120 191
68 117 14 -165
-45 -7 43 -34
152 -86 -129 -81
-173 -73 166 160
-47 114 190 16
145 -152 -195 168
-116 -169 73 37
-35 93 159 35
15 -76 75 -55
-43 -73 -95 -195
71 -121 85 -103
-44 35 -189 191
-15 -91 -32 -144
-111 160 160 -196
632
1
2
3
4
5
6
7
8
9
10
11
12
13
14
15
16
17
18
19
20
181
184
441
592
394
295
431
409
460
310
45
93
422
263
84
60
306
289
346
356
34
393
551
360
159
344
107
20
64
219
517
128
319
187
113
480
161
537
67
248
157
251
229
471
287
579
522
325
41
572
276
567
343
192
260
146
508
110
82
76
290
15
195
438
554
383
596
561
590
46
200
198
350
284
401
145
221
300
340
144
79
69
461
156
468
125
42
124
18
449
391
527
529
160
589
97
509
332
190
37
538
120
209
465
100
595
542
165
392
267
588
57
126
437
75
291
282
148
550
518
133
338
293
359
492
86
586
510
440
549
410
38
413
423
581
5
405
264
479
134
220
168
27
546
427
10
347
389
375
101
74
81
311
230
482
131
32
249
415
534
473
193
357
108
266
29
426
292
327
495
185
240
384
603
55
58
197
611
233
541
182
14
22
545
63
70
379
610
339
487
533
218
524
21
323
601
130
331
241
575
444
33
208
178
153
141
367
26
232
505
8
485
228
83
566
308
259
577
217
243
95
169
272
77
114
270
173
19
547
201
557
342
593
428
390
109
583
578
515
472
180
496
466
569
227
464
560
354
499
380
477
552
481
498
456
294
191
364
378
302
304
177
448
585
430
98
309
314
506
277
324
486
36
334
51
53
111
335
609
252
455
174
520
512
246
250
526
353
103
320
345
25
443
12
558
418
150
576
535
445
39
555
514
73
382
242
607
129
432
307
349
548
352
563
211
244
403
236
275
475
212
348
119
606
414
138
256
72
127
400
92
106
137
99
416
341
202
371
500
602
600
388
568
322
3
604
374
571
255
171
398
381
453
116
483
2
50
245
149
253
35
507
591
96
412
599
183
247
488
386
296
574
313
89
279
565
399
297
404
521
301
493
536
13
278
528
11
463
172
458
268
257
516
523
140
451
424
105
397
269
396
452
612
152
587
329
420
469
372
299
118
151
207
395
117
9
66
16
504
417
85
305
265
123
494
501
489
112
434
104
283
497
216
204
318
447
143
91
155
362
368
442
223
274
132
539
65
87
210
54
237
484
7
411
370
167
194
163
222
30
315
470
224
402
407
419
385
326
544
94
502
102
48
170
366
478
68
271
215
175
594
239
373
17
225
43
186
281
525
213
206
337
40
553
543
317
205
433
154
363
597
330
176
49
196
355
24
78
429
530
425
540
214
115
88
358
62
90
135
261
262
333
28
365
258
189
136
235
454
139
598
450
421
513
71
179
562
376
231
61
503
406
203
573
316
56
511
436
121
608
23
446
321
280
254
166
532
147
377
457
31
459
490
559
298
1
238
273
122
188
4
162
361
387
6
435
226
408
286
462
580
564
164
328
288
476
570
44
369
285
312
234
336
142
584
467
439
582
519
474
303
491
531
52
351
59
556
605
47
199
80
158
