500
232 80 -62 -178
-250 245 100 -173
131 -50 -109 -188
-85 -43 8 148
90 216 59 -196
-89 126 71 175
-173 37 71 128
-235 -5 122 247
-134 -62 194 169
-207 -125 -26 -69
-240 178 -108 183
-37 80 53 195
19 132 162 244
59 -186 -194 -87
-8 181 73 -116
36 210 -12 -129
-42 166 14 -48
-80 -128 -80 -50
147 -39 142 242
-148 186 117 202
77 -171 -172 -23
31 185 223 -20
177 -80 163 -107
211 192 80 84
-194 220 -37 124
-193 -66 -135 -131
-213 -193 -229 123
-215 -152 -65 -14
-157 -39 199 -98
-54 -163 34 93
44 171 -131 170
225 141 49 165
-204 -52 -202 -110
-124 158 -206 -16
-236 58 229 3
-25 141 159 -224
48 56 -52 -30
-35 89 56 20
20 66 -19 -103
-187 -61 49 -161
-46 -178 10 -64
-175 65 -64 107
100 64 -32 51
3 116 -123 35
29 201 3 15
-17 210 -21 -177
104 95 12 193
-54 61 134 -194
-155 -128 -62 -43
156 -227 -238 -2
2 243 10 190
22 -249 -233 -123
158 28 -189 81
-43 203 -136 116
82 229 -144 -220
-119 -28 28 -55
105 -4 -42 -226
230 110 3 5
-215 -9 -43 -63
-247 18 -17 229
-208 218 -171 -197
-229 -37 76 -59
145 -212 -221 -32
135 69 -151 80
-159 -170 95 214
0 -248 -97 -215
-130 -181 -141 -71
-102 82 -69 248
218 -39 141 -42
73 -30 198 -148
4 -141 -145 202
-153 -137 -204 -107
-117 20 7 -211
158 145 -241 244
6 77 -151 -203
0 85 -240 -211
28 9 97 204
-52 -68 -38 -181
12 185 213 174
-236 -80 -53 -18
-250 25 -156 160
238 -160 -88 -194
186 171 -54 -81
14 39 221 -150
246 169 -191 233
81 47 90 141
76 63 -169 -16
-162 76 -152 136
18 -250 -212 -30
23 -132 91 -21
150 38 99 115
-45 90 -246 235
-21 -66 -110 -213
199 -239 -3 239
-19 185 122 247
107 2 93 123
228 82 -95 115
-163 -92 -191 -213
38 -244 -145 69
243 216 223 118
-213 232 -37 -100
-196 144 80 121
213 -78 32 -30
-99 216 75 134
87 11 248 -110
-246 56 -134 233
104 43 159 -38
222 209 -20 104
-225 -190 178 -81
111 -27 73 63
-199 136 163 -102
-22 -199 -113 -53
-96 -51 -246 70
113 42 -156 138
108 -245 -169 30
-235 218 -184 -103
202 -39 137 186
209 156 201 84
-71 -118 236 -148
-115 130 121 -201
107 124 117 62
149 -151 -6 70
-2 -165 247 -246
183 -37 -216 9
-62 217 140 -216
194 -19 -5 -52
-46 -216 -55 -199
-106 -245 78 -8
219 249 -56 -109
-53 -162 127 170
-125 -210 -16 46
52 165 63 -6
-225 -104 121 222
233 227 20 -60
-192 16 -53 -165
-48 220 -25 -189
-100 -167 36 -79
-186 196 122 149
145 5 -118 -93
124 21 177 -161
42 -187 -30 -139
21 164 210 55
-86 32 -175 116
229 -62 11 -198
-56 -215 188 -80
10 4 187 214
-206 136 -23 -218
177 -129 -136 53
-161 -70 -69 -33
-149 -242 217 -242
-13 -95 126 238
-90 155 -240 -14
-25 22 162 -167
-119 0 57 -38
247 -214 89 -101
-60 87 -118 -235
-119 250 -104 148
-54 11 221 -221
-230 240 5 33
-3 174 -169 222
237 -32 -135 -139
-105 -24 78 230
212 -207 20 158
-2 -86 26 178
81 -194 202 223
212 160 -213 -74
-33 161 104 133
208 -106 177 67
-153 -113 -58 -149
-189 32 -80 -157
195 9 -128 86
49 16 -3 152
5 -201 106 58
202 -158 219 -37
11 -156 -63 197
52 -162 -48 -17
-66 -100 -226 -9
-77 -175 -60 -40
184 -248 104 -121
89 138 36 234
225 -211 -18 -177
-15 141 -21 114
220 246 180 129
-194 -205 -170 -123
-59 -144 58 150
165 165 -198 14
219 97 19 156
-239 -210 -173 -5
224 -53 -67 45
-190 222 -100 82
8 115 -43 -30
7 9 16 -93
25 -230 132 123
233 146 -198 -129
-206 -62 111 -134
34 228 244 -156
-139 -227 -210 -109
7 -68 36 78
-246 -136 59 142
36 -159 -25 -25
-205 -197 126 60
34 168 55 161
141 34 -219 141
-150 -222 22 225
-98 -234 -93 2
23 112 49 -102
146 -17 53 142
-190 -233 -209 36
-99 -100 141 -135
137 200 -156 193
106 -142 97 -126
-67 -122 103 -235
-21 -146 -169 172
-171 90 6 38
-202 -245 112 -126
0 -123 -234 130
5 -78 -142 214
-200 61 196 191
-60 127 0 189
180 154 -233 -244
-52 -81 -238 -20
-239 -222 199 -227
-10 236 -217 135
220 221 245 -151
-228 120 131 -117
242 188 -209 95
122 86 181 -162
-238 -49 -72 98
-184 2 24 81
207 145 -106 110
-204 76 -66 158
-54 -12 211 -148
136 103 72 -67
-169 207 125 -57
110 155 223 234
-236 -175 207 -237
204 192 -119 108
4 250 143 -6
-239 153 122 -221
27 19 -42 67
-13 -63 -31 -53
-13 -19 -248 227
-130 158 -214 -73
13 -223 -249 121
-106 244 174 214
-222 -94 -110 -239
-49 -110 200 142
81 -8 -91 -220
236 192 179 133
145 -71 118 -162
219 -187 181 32
-47 -51 -150 -7
209 -89 -162 -163
-244 -222 171 -243
223 90 62 163
97 203 -123 -126
-20 -111 -63 -85
-2 191 108 -36
-115 -247 68 -202
42 97 -150 -171
-45 -18 -245 -143
22 218 88 56
-10 -113 214 48
140 246 180 -228
-186 12 -84 229
190 24 -21 66
-157 37 221 -247
115 -98 224 195
-188 -142 -32 -220
119 -248 -7 -134
94 141 -196 -46
140 230 -115 -49
181 73 -151 -82
-199 226 -7 -24
188 -46 242 -79
-185 -107 158 -74
75 157 170 -241
-129 -69 -143 -20
244 -162 204 47
-205 153 -115 -51
55 111 -180 151
127 -186 39 112
241 182 229 1
67 134 89 -60
-143 155 197 -85
-214 147 87 176
178 21 113 -235
-170 240 -211 -207
49 -162 191 -158
-121 98 -183 -26
124 -204 -197 -139
190 -57 -236 -245
46 196 207 202
125 146 236 -142
-194 -107 -46 -218
-24 -132 -70 54
158 138 3 69
-97 108 186 249
201 -91 -83 19
129 -133 244 248
-146 203 248 143
-160 56 -24 16
73 103 146 90
-214 -210 178 201
229 128 -98 22
69 96 105 105
91 -22 194 15
-49 137 -173 -167
171 93 123 -29
90 115 109 -22
184 -172 -40 -42
-110 194 -96 -46
-153 -136 197 -97
125 8 198 137
-216 -243 -75 141
-135 100 -244 -206
191 113 -177 -177
210 54 -95 -169
203 198 -174 -147
-175 117 -128 208
5 247 8 -83
-205 155 -191 -61
86 233 -167 108
-55 169 102 -80
160 30 -201 186
-73 -50 66 5
-138 177 55 -160
121 -9 -86 9
241 -61 -20 -35
-119 208 -140 196
241 -244 119 136
-207 -207 50 -12
-88 103 -2 -244
88 37 -210 71
199 -176 -198 -190
-218 -126 140 16
-226 250 -89 158
19 -69 -185 -91
-227 -110 105 -16
207 -73 -97 -238
139 15 210 248
224 -80 -210 131
125 201 -169 216
97 -46 -123 -72
149 132 176 -199
-38 -224 67 20
120 -222 148 -41
78 -205 -161 26
215 170 -65 191
-12 188 222 -28
209 -11 -108 26
-3 91 81 -183
152 -148 148 -144
210 -194 -14 -2
9 -80 0 -217
122 -170 -232 -243
178 200 -192 142
-175 -122 121 24
-28 99 -33 97
148 -169 -15 80
241 -91 -86 20
162 42 -17 -56
118 -66 138 -72
-2 -65 -175 -155
-65 -48 -200 -61
-250 -245 -227 -238
201 -219 24 5
80 32 128 22
-153 -32 137 -86
40 -200 -235 -176
52 -11 -246 -207
12 -80 -104 -179
-99 -107 -8 116
238 -138 -16 139
219 -222 -34 160
-95 65 -244 -119
-239 -44 -245 169
197 -50 -74 -236
182 -15 -22 -97
-242 -83 247 -165
168 -176 143 -191
-75 -52 239 -102
150 -69 19 -33
-200 -112 -72 91
-199 160 -245 -2
18 23 167 -143
56 -245 18 163
171 22 205 -13
49 118 170 -125
-59 -126 -87 212
143 -98 24 20
68 206 72 100
-123 235 80 -41
-176 -122 82 -86
214 139 171 125
106 229 -117 -145
51 -160 -27 166
-152 29 -100 87
182 194 -158 53
6 69 55 -236
-119 3 213 -86
-194 -246 114 152
-164 -158 -167 243
87 -138 224 -1
-104 -114 23 -67
-84 -119 41 -201
-85 -150 -17 -161
-132 110 227 -227
61 2 -40 -173
-140 -16 39 -87
-56 149 -81 116
99 15 244 149
-233 -92 220 145
-110 -223 112 232
-151 227 223 50
231 73 218 106
-159 16 116 47
216 -24 105 129
-159 150 -22 218
-42 -39 1 129
5 -55 -242 15
41 -230 10 180
157 205 -30 190
1 231 39 175
124 -105 -84 126
243 -103 -155 59
86 90 203 -188
-121 132 -17 205
-39 139 125 233
-207 -200 236 -5
197 -128 143 -151
49 -53 133 -79
208 -125 -239 231
174 137 119 241
207 -75 208 -20
136 -41 -75 -231
178 131 172 -101
104 -14 250 -46
-67 85 -64 131
244 -228 -106 33
47 -227 30 129
-191 72 71 161
-196 158 217 -189
-61 -161 51 -146
239 174 -161 -213
-15 -232 2 142
-58 -32 -172 191
14 -29 198 -182
167 -221 -239 -50
-13 79 146 -11
122 13 214 -181
87 -126 -140 210
61 197 -72 -224
-130 -241 238 13
-88 -56 -107 -198
-67 -183 -138 -40
-41 -35 -191 -104
-85 -41 170 243
77 176 58 48
208 9 -73 -48
122 241 153 190
66 -211 178 -159
-194 -127 236 221
-74 -191 148 210
106 198 50 -84
-68 5 -94 -230
28 -137 -116 205
-110 -201 -200 -4
42 194 181 233
153 -179 -179 114
102 66 89 -190
-50 -50 1 -165
162 221 -69 -218
-128 -147 172 -156
-27 213 196 176
-16 73 187 62
243 -49 -62 210
-144 -182 -172 33
160 213 195 149
-195 183 -205 -41
-148 -222 -52 157
112 -84 35 -95
-14 -195 -207 -169
211 39 -82 100
124 -191 -158 210
-182 -132 -138 -60
-64 23 165 -54
-247 -242 188 245
238 57 -92 225
29 -209 108 -109
218 -177 29 -142
36 183 115 -110
-147 30 20 29
-190 213 85 -2
-222 149 192 197
-25 -232 87 226
-143 234 -200 246
135 214 -97 169
-84 193 127 29
-89 -32 119 -68
10000
1
2
3
4
5
6
7
8
9
10
11
12
13
14
15
16
17
18
19
20
35679
14579
11195
42286
24946
22369
38353
11913
52621
29188
36028
8909
17490
10992
4439
51399
40170
61955
9910
32510
38200
13436
37236
28824
52690
52610
502
18323
49192
12313
52834
32337
14970
39675
28118
40478
43812
50885
39710
28170
3086
1390
59167
39162
48074
25857
7383
55958
48757
18174
49930
21123
49416
16785
51847
12398
28227
28297
39314
43276
30523
24641
5621
38871
4628
21325
38001
39400
10253
29246
50722
58549
41847
55606
41491
16199
62281
27654
45656
36121
56269
61177
1726
28121
4616
2266
29852
38339
9631
40024
10900
17152
30987
52350
17162
11696
57660
57111
18263
1751
25614
27881
2895
55453
20230
22783
29749
32508
46725
56647
39418
430
25163
26009
27860
18107
8262
25348
49153
52044
9708
21286
33562
45639
23855
49025
46946
41568
25004
9574
4683
5172
35994
55693
38944
45303
24089
57859
56824
28432
156
19913
51650
55854
53643
26285
17645
61287
14630
57042
36516
14307
14908
35167
60474
26536
20233
3036
56687
566
53813
16975
20550
56902
28233
39480
47365
12
45077
33171
4751
58045
55557
13033
3190
27249
23453
2823
34241
50201
60664
4744
55674
49437
52725
56093
19825
60949
16119
375
45076
15673
19420
23965
51379
51787
14404
15749
33382
48282
15084
34601
20834
28830
25168
50149
44349
60681
21494
54297
18019
9198
6237
46074
49340
13938
25252
33158
31998
6652
6362
35196
44465
58606
30244
32517
42301
35962
59376
29663
29433
57807
52028
28318
32548
14414
61724
7366
41144
8738
16025
15859
60517
56291
7640
29094
52152
28709
50436
61528
7930
49432
40313
4762
50336
49193
42248
13713
49381
9975
19315
110
26128
43874
29650
38566
48216
43118
17464
11949
53773
26053
4689
56712
58909
16159
43268
19904
21608
54846
45866
53611
4611
11362
52236
25302
19006
56747
26749
41993
30833
7123
35278
44813
61154
24837
19385
20029
13066
3699
37901
60418
18867
50285
32347
28130
22608
5478
52896
12770
32088
44835
8206
38545
57613
55465
32118
38730
15966
32794
14502
45695
62069
6463
21131
30434
2804
20589
7814
5934
25161
2389
5426
31679
23151
22806
36804
16779
54948
42633
58473
26359
39514
31495
48966
40866
5574
28880
37426
34472
61288
9441
9838
52747
34350
54221
19185
12979
61206
33292
24737
42746
18235
40053
22072
2921
57723
34851
47380
57413
57355
19921
59562
47524
28485
35860
49814
9276
9939
39955
38968
32957
31278
40754
6113
20814
55796
48858
25761
24193
32706
21878
10538
24405
10999
20840
17800
8582
58259
37042
27575
36273
46305
30472
6390
56218
20348
40615
16759
1185
62178
3550
10735
34238
31726
37908
21677
39084
9894
44004
19223
57256
30183
13926
6722
51916
11632
49569
11104
59921
60621
52680
21039
48259
23317
29950
551
20467
36659
51690
21169
54528
29212
62172
32779
28886
31110
10455
30806
41011
24240
32724
56700
57482
59065
44184
57950
19823
34948
60037
17763
2300
45423
14306
29695
42737
11275
8700
50726
14136
25357
52554
32403
58638
57930
49830
1302
10288
8325
34593
15837
62371
53855
41541
10394
14200
16746
52174
34890
39029
59260
40850
14583
38551
10636
23558
32368
10117
14904
6145
21731
58508
12118
47517
12480
6657
45517
22654
21578
21164
57494
29934
9809
40511
30557
4398
57209
6788
5231
2814
3140
4945
24732
8693
49236
7993
39841
25979
18589
39054
23937
32923
17975
6601
32230
13360
34001
48295
61383
298
32207
21227
10908
24930
27356
5499
4019
11583
14197
24867
7094
53598
24127
19295
49459
8440
5628
2288
31377
46006
14080
26528
9201
9029
17400
55830
57016
12014
37639
17575
45208
1280
57353
19496
42602
22021
35128
31979
30866
37705
47278
4984
49162
31448
32130
59546
44439
55578
49479
46397
1550
38012
27428
11415
42803
35435
44314
43324
3503
32079
8985
60827
13241
29948
31615
49390
2205
30106
20296
16040
58270
48249
26730
24172
30248
6679
49252
9889
23782
51363
22053
42369
1845
37072
38940
60209
15913
45021
22080
21018
21846
8041
4176
12779
53360
25921
61109
17689
61017
21232
9532
3467
34266
4240
17586
44576
45429
24901
20015
54803
40767
236
12710
40631
17371
38442
44158
18293
28073
47417
19582
43243
43636
52512
29160
9087
28896
2372
56886
30484
18300
4593
60118
25579
5944
58503
19863
37643
42712
4217
10968
9178
44886
47514
21220
4765
46515
43256
18907
21426
50638
34538
36918
50674
29801
29622
41131
33580
11256
46820
3105
47632
44354
20754
38188
788
32127
52908
13046
33063
15472
11845
52625
8932
37858
9072
51880
41836
40717
41632
52455
23337
37415
45847
40032
53100
5765
29276
32899
10709
49992
39520
9407
42623
23218
55339
55549
46471
7741
1406
55776
337
40303
55535
60321
6297
22918
19294
14104
39259
12602
34425
51622
2926
15882
11542
51208
58251
51907
61797
23918
59863
2794
21704
56927
36454
9712
29392
38679
27663
3155
41870
30083
24367
34424
5887
39642
29039
60891
48367
25005
19263
12690
20881
37009
20614
35014
50980
22809
36465
24892
11719
55768
55457
9779
26599
50615
9388
29073
48450
38271
15566
10784
2435
25338
56435
31337
31361
44726
6597
26044
5100
14536
3551
43395
41748
48542
25707
21824
21226
14617
2263
24178
6027
55630
61030
49976
58971
46057
49945
7302
18558
46641
47554
56671
21347
2998
61256
49973
61390
60869
60390
11409
33830
19306
9247
51697
52206
20178
30440
21616
26226
6498
37030
25814
9471
30422
42503
60491
27643
16589
6413
11135
26191
12971
46645
43994
23847
57375
13934
40438
35741
24801
60331
4085
58754
5595
13815
6035
60050
34634
34060
55600
36679
28530
52403
22128
39384
17287
58282
18210
23137
54844
27532
35279
54648
49189
51048
50920
35639
35707
26386
6650
39670
12591
13079
39301
6643
57570
21108
18110
56037
32255
7829
47789
1157
2810
6117
57367
24006
40616
34433
61451
54090
23649
746
4508
40575
55139
50814
35312
60449
44125
55310
6827
47714
24526
32121
28690
51315
58920
15948
29277
40649
17911
53167
5133
4915
15245
26985
9349
43658
32034
14220
35548
14529
10578
25031
28371
36332
6033
45845
23956
26977
48050
43139
19330
35053
6196
34844
18510
2902
8526
61137
58988
60558
10634
22546
12129
59748
33637
1077
21779
23064
31829
30151
21260
17156
30156
34842
57661
9043
60361
21837
14446
11304
13647
14609
1981
15696
27172
45294
17485
9435
38355
7729
44817
32894
42718
48244
5116
12178
36214
38719
4891
18228
23106
15844
34381
15055
23160
42053
5815
31855
32167
40653
19659
50900
15590
51482
16518
15075
37268
29562
51473
26165
49620
18639
4236
56468
33475
21241
41519
37964
35074
45829
34404
51030
26766
7857
21269
51988
4220
57253
48925
6011
6360
34621
14827
51170
35378
45228
56087
37893
6799
30045
15952
57698
33662
55906
23005
54480
44226
876
22616
10021
960
47194
37465
29113
47804
49959
4783
55859
7669
46314
55955
24386
859
46002
25773
51593
55939
55330
50037
47229
55688
47357
27784
32751
30003
27118
25710
33954
2457
24250
40565
59450
56956
8764
45472
19513
54927
5756
18343
17910
48915
10500
30643
1090
3684
9345
25654
60125
42499
61125
48402
22627
56369
43005
29887
56144
19156
17284
61361
44613
38455
19691
5409
9500
28101
45927
31138
19380
6510
28336
58189
58316
9756
35675
57708
14769
3051
48666
31384
42935
22499
16845
21909
51144
35193
49285
36289
34951
3127
61884
42333
21375
4285
21351
17755
45327
55964
62065
41189
3562
49399
62245
3586
61073
43169
45384
43568
59038
35862
43249
10901
29012
6973
10195
12304
11343
56756
36077
11279
16922
29765
28721
8785
51859
27013
53132
10785
25391
35908
9630
9248
45215
16483
55121
41311
95
42205
1969
52480
55244
18350
29303
30270
862
13703
40251
47377
5672
10017
24295
59775
60654
13412
42636
44856
24921
25212
35358
459
50410
6633
48690
39410
33874
46550
59503
32450
35168
45382
35360
22214
5457
10141
24519
35700
15469
33948
27339
37105
38528
18259
8110
2325
12358
42534
12691
59819
58283
9187
30863
57130
34039
10997
47362
57392
54124
33261
39795
32061
29855
20640
50486
34517
60473
58795
7869
26595
2539
18274
16780
39769
21329
56301
17558
19244
14838
62148
54407
49151
47061
52953
36853
507
45332
31741
29659
9412
59448
33631
44476
60819
45086
1289
13370
58146
48440
19020
23135
12418
38913
61178
20606
45158
58252
45989
28544
52171
1165
46527
41461
29845
504
44777
24469
32861
3873
52486
25653
16450
4752
26482
28623
52453
46175
13666
19469
55489
9026
15100
23510
51940
5253
60555
1224
59538
7277
17604
60480
19982
10472
20981
4588
3703
12763
29013
15211
57362
10917
37321
49881
60773
25451
18555
27180
32103
30439
50243
49084
2827
26271
44887
52993
41682
34823
43451
52409
17206
17890
18756
2793
3819
37085
24917
4986
29252
49950
61562
6826
11819
36616
11405
4869
40598
61027
7038
55695
46908
1153
786
24760
10601
30536
43380
32768
989
53754
25597
57135
60054
53447
51750
9136
5150
49488
17610
12894
16037
22122
3304
59983
59796
11594
14587
24664
37189
39269
35148
10272
33878
25341
43485
31334
22099
57426
6200
40857
25582
57174
42998
8016
13071
21832
3508
22048
54238
21468
56373
29104
35156
41656
12841
27161
48101
44685
10250
34967
40358
58767
27268
24896
43547
9514
42364
19276
49630
50613
17323
8419
7298
22575
30002
1342
61713
52
43114
51596
44962
16049
57668
24746
27369
3702
23569
27921
38059
51377
41287
20148
41029
34067
39078
30417
59058
15437
16599
31298
9967
3847
16146
32503
6548
2367
52118
27945
40678
16965
61285
58383
49842
15910
57951
25254
11132
35710
9832
17049
4518
56820
30948
8596
27984
56403
51086
44919
38283
25772
37369
2790
8348
26926
33773
21197
26583
13611
20972
38423
28250
25591
20790
9424
37699
36098
32868
50997
30341
58131
45991
2081
12010
49419
49406
57303
33185
20418
968
2584
13760
37302
7378
33937
25878
11025
15210
36578
5205
60022
58965
50024
30373
27044
10698
20036
50961
51801
27864
47681
49574
34164
45182
35197
16900
57255
41898
61688
2416
57346
4932
4580
42711
13014
40058
50516
2178
56009
18743
44316
3480
44932
45481
45556
60710
10158
20483
36896
50614
31373
30318
27273
20439
35851
11718
2682
169
15441
25728
4498
34454
33220
28219
4569
57381
30210
30184
42274
55397
43012
46652
32478
58403
56929
32723
11551
57332
19566
25942
59036
50433
16259
60502
42363
24133
58703
11096
47252
21243
10412
4310
32762
43163
41542
3220
18185
7113
57713
58504
61397
61952
3712
47279
19868
17904
56887
12121
58458
45917
25646
30621
29656
31933
8495
50334
2477
13435
28020
42904
33906
13290
40459
20961
22740
12402
17073
61399
35917
50108
39818
47979
47700
5343
49635
9567
27110
59778
1431
26431
27839
24338
57953
24706
38429
36526
27007
45725
55994
1798
56102
9391
47631
46035
41573
15362
42665
37281
6455
5603
50969
30669
2538
25419
52771
40928
6859
30236
19708
52088
50237
55779
46429
46691
58239
50818
26732
2578
53018
24143
45003
32585
44485
17562
28413
13376
17567
43102
29662
57389
29193
10473
56212
4617
43702
21635
36282
18351
37332
59866
42161
2439
30901
26782
27524
39387
14675
45146
52140
14654
46769
1051
62254
16932
1541
32095
45566
17449
1030
11307
21573
32512
22536
11368
30139
52941
10424
60879
52555
57881
30280
17035
14243
25687
13180
11172
61850
36656
46978
44720
61279
16460
50347
45291
14771
47617
22187
7430
62049
42344
1654
5590
10902
27312
53453
5701
38178
16055
23228
2803
17954
16298
45256
32543
61332
17298
46369
31111
20371
36878
6975
41750
4050
10068
15854
33592
56134
17277
36147
30091
8635
28164
36831
5575
61427
34021
8761
55788
21355
58785
37853
36698
6004
7301
11773
49106
54758
55349
10756
52347
13629
23190
44471
30363
41020
44179
8942
52015
44751
3683
61592
23129
40
23666
13967
49583
39122
49622
22755
15596
60679
54256
9647
59908
22359
54421
21558
49265
24159
28151
25949
55041
35803
16991
30922
37642
50970
45654
9732
9833
27571
11665
1707
25808
61564
40992
35248
2770
13150
1161
49853
57549
12390
23741
59875
2629
55875
478
2746
39744
34233
48278
5439
44880
10859
32320
49565
14996
13309
57123
44784
62157
29537
58056
18861
6995
20303
9555
59711
30467
40280
27954
56951
58209
992
56644
17828
2272
2706
52772
42473
54392
30747
14671
51645
5926
39278
32915
11113
54353
60861
18874
38513
62060
10552
46571
43521
35044
53130
10556
16821
5313
22170
23284
45954
43086
21402
39855
59995
30562
50100
57980
32919
40245
15868
6654
2089
6925
2639
44837
18880
62076
8239
53162
38111
28684
9104
40088
33434
9617
32181
7142
50466
46065
57916
29124
46591
31643
37118
17856
35334
18363
34696
25028
44068
23503
14486
44839
24902
55126
28457
39758
52001
29797
28578
56665
52546
61465
39538
57032
7479
42964
42253
45956
3915
46817
27266
20366
9718
15964
18362
35268
27248
4713
60543
12004
49213
59944
3755
30558
12427
34189
14401
41373
8777
43598
19650
23830
3201
52644
36769
36126
30985
413
5518
44374
47693
38327
594
7816
34432
41180
32179
58401
23105
12251
35844
37618
854
29105
4293
62115
2915
27157
46359
39661
35937
2972
56482
3333
35671
16323
39341
5442
35054
39070
35973
47016
57201
24693
50886
53331
17228
57774
39390
28550
16982
60195
56810
62103
44203
15705
31577
57744
22579
42116
34892
60059
36232
22082
59091
500
12291
9262
23412
54670
8698
58737
24956
43302
37518
53083
37810
28635
20642
47212
54606
55508
9294
40777
18447
17801
2568
40226
18870
25486
55254
5120
38882
59050
47167
46378
62163
17638
8742
32718
4933
21986
34512
50688
33319
41167
4876
46399
26133
56872
12866
71
6600
58188
42692
61577
53347
7271
35081
3065
43421
31356
29940
61205
2547
1187
49866
30642
34310
26107
34720
53719
19205
42861
5757
21700
42074
31655
44440
20965
47535
871
50706
5235
28648
53155
53996
45697
44400
20716
3468
33143
24815
9771
806
43335
39160
47898
26216
10388
38052
18291
59330
61816
55143
45117
26830
8137
5296
3129
41592
49165
53429
33257
53293
757
32383
27618
47940
25298
30476
32872
43177
44234
17248
58107
13830
38141
41356
49001
33189
53006
26039
3556
46493
28105
48831
26918
28956
28513
43976
14921
42850
31776
5208
22002
8880
22566
58597
13896
31045
14467
39328
49042
53201
19290
46893
37522
34695
644
36518
60085
25079
59854
7662
7058
1357
15360
14843
34220
23116
36573
57821
17396
53749
35182
28156
29839
62177
19408
6561
18728
30857
51414
57998
1604
3347
20225
19093
38173
60123
33386
54344
62015
38904
33915
28911
61165
36590
38148
23544
47882
23788
40950
20228
35438
45354
33454
7003
20431
16222
17723
18087
26210
23853
34024
43761
29187
19878
33148
12177
16570
9569
24762
13953
9432
33121
22058
34428
44064
36075
29613
25661
10224
59116
14811
21840
42630
51839
37191
7940
1943
13728
58742
25416
22115
38106
2121
464
55356
30394
39433
33471
47090
32439
9536
12812
1221
17072
61171
53101
32461
48356
326
48331
1019
60586
56420
13715
12789
46648
6318
13244
43477
54974
54217
11767
4118
47664
16462
22853
40646
31900
42243
54132
60506
9192
6509
34495
30648
45938
56641
23320
58812
26760
15425
57548
37279
14328
44113
49497
31516
23014
59003
32564
13756
9120
51469
2296
26253
40125
28777
59323
7620
58792
53082
14390
31765
13203
40036
17746
61321
8194
43797
36670
59918
1083
36444
6426
41704
19392
56859
27125
25659
30963
25838
44527
23077
41654
10458
7330
9479
328
5424
20841
14305
16684
10757
54174
33221
18408
16920
23327
45574
33130
18096
55012
21590
56890
8195
6638
20324
30500
8569
38234
46795
32227
31345
13443
27260
27503
22769
18325
31474
4270
36826
10597
57776
49773
54686
58619
35348
18445
26873
31039
994
34950
36191
32276
38306
26729
55391
1657
60075
30707
405
40375
38685
25260
32893
47656
56116
4373
3886
23833
20016
50858
32617
15798
12328
16388
50915
60146
20688
5267
36203
2916
54315
47066
16417
33239
55879
44753
17196
62023
56241
25851
44584
18665
55414
36650
20090
57170
26721
29171
45701
38525
28475
3872
62083
5971
46258
456
25178
29253
966
58637
47322
14984
1567
15621
12608
47043
18766
37581
7979
38918
7991
31059
27235
38410
54134
44985
43805
6519
60795
3281
16789
38406
15043
9042
16491
5932
3358
29020
48935
46660
32184
18965
20634
10845
24920
7337
58536
35854
43291
9295
44327
49824
35596
22580
53667
2657
34190
5241
45622
38010
24899
19305
4011
17599
57705
53214
56497
39594
1055
20372
60314
52831
50435
62244
30263
59980
46161
37361
21047
59829
12660
17782
20212
16426
60776
54423
17995
28346
48100
46263
21076
14983
8524
9025
55773
10858
30504
57691
42266
60218
61191
33156
53925
3768
22340
37994
50252
11994
36887
7666
55881
42346
56753
8662
55792
47191
4065
3685
1458
46333
10023
48750
50318
9281
51939
8869
51107
43677
55030
61715
15998
18099
28803
13417
26964
14918
33797
15676
55914
62014
45436
31283
55165
6783
23703
31558
58004
24181
38272
37356
30399
21417
10899
15637
43374
39228
42932
60568
24406
23863
50837
60394
14257
14374
7010
60513
23333
43590
24412
7781
15865
13892
45234
9678
25040
50446
15132
19243
49335
56908
44956
27409
17422
25715
1512
54799
52221
17994
17569
5739
36774
39929
46846
20134
4108
26771
29990
16390
49831
7328
43434
46865
28820
8653
31446
58962
51265
60316
4062
53427
20279
45026
17410
18695
52247
1124
59613
32226
29844
43606
6762
16585
31749
10065
43611
33046
35103
16535
11535
56310
51512
37672
44238
24853
32310
44176
4946
45767
41601
28096
34733
17440
33996
44876
22830
7355
54100
32755
38840
11843
20040
31920
24949
36827
13072
48168
20138
4301
53979
8917
2343
38828
27001
18477
29255
26513
22292
57855
51994
51632
6440
55591
20021
61736
18887
49344
14170
31876
39035
58804
3648
46383
16433
51017
14280
58746
26532
29707
31421
44601
38652
11969
40292
14371
18939
16477
56541
22771
47093
42024
36355
16853
36544
37821
54849
18650
46499
53858
42537
23723
11495
32109
33655
58424
9137
27733
51312
47077
6391
15347
41536
3112
3148
55738
10499
15916
29486
42939
47639
19075
24075
43077
61893
8802
60840
29376
38639
26208
61015
60708
52318
9185
43775
5773
1811
36810
11176
29773
33768
44640
27061
41198
26242
21044
132
20326
18069
1143
48602
55305
59157
22532
3302
1293
40063
16046
37576
37022
34622
19355
58123
52538
34598
21180
13916
59927
56565
10519
54957
49813
12353
18978
35255
850
23462
55178
40539
52463
18027
12252
15339
41307
8394
26064
9769
6862
27074
34552
54118
22371
16459
51545
51767
16495
50852
4182
27891
30796
9649
42664
24456
8025
11129
26654
46427
44803
34975
49845
35987
49762
13561
11105
14672
34979
41434
36840
10882
53160
47249
10726
58791
52060
33141
31260
34835
39683
57147
11716
59224
18598
42672
23258
15768
29238
25901
50265
49365
41608
55718
12694
52043
29476
20195
19989
5881
58528
32694
55226
40056
16411
45637
33424
13130
4761
28046
37138
32773
40796
52940
37939
9054
38453
20269
7761
58120
16593
31717
36841
61417
38998
54413
45776
24630
35778
54855
14343
47453
28345
32097
47416
18388
34318
27296
62251
36063
42280
52848
52411
2949
7150
20344
21802
39422
35968
28412
46849
13584
56787
23400
34971
49496
10931
25749
11092
24935
23406
46704
61598
44677
27662
31084
8563
56117
7410
55164
24841
44053
55265
52871
30094
45226
20975
41278
3470
1628
40794
8462
46951
6641
27781
8210
52027
59117
36406
26650
33344
44194
46984
42879
37740
22955
15421
44624
4668
61860
31568
39835
31779
44557
23234
8919
8666
5853
26227
40596
48635
41462
29480
33341
51236
23486
13671
9797
49295
10832
47549
58366
7297
42178
16255
56974
34045
61230
45471
47181
53151
27993
47923
60914
33272
45713
12042
8656
8350
8212
17062
2075
18322
25183
49765
44870
20158
35812
47400
54727
31951
267
44026
59741
7812
20183
9220
24473
46560
40239
20596
4277
34533
3045
28422
21159
22337
5037
33535
53256
41773
42736
15231
2721
52962
40608
4993
3159
56725
18459
18634
46732
17733
44556
60701
42728
53064
1503
47732
29769
36401
18379
43601
30609
2486
44779
60666
38062
5468
56547
2622
2248
40039
25110
37314
40097
16347
25208
16371
15682
11612
49964
43834
34980
30877
22241
41354
23323
57047
19163
11075
60655
13030
53180
140
38680
22124
25570
50808
49185
57767
16436
25872
7459
57782
20886
35132
58631
25931
33599
7282
34208
18503
59259
4412
61665
47294
43411
16148
13442
5856
12410
52460
28033
23252
49927
28520
37845
14006
10573
44347
42940
4073
38630
22702
19815
59727
45985
28965
46087
22012
26605
37570
9590
48011
23762
46248
2382
8745
21219
47381
2246
13022
10181
30348
5273
44040
4928
20971
47295
41416
22710
1006
33939
974
58524
15378
22090
5030
28206
37134
41756
59991
40025
24025
37411
3268
42804
8255
12960
35417
35490
36858
48743
57653
5507
38313
18572
3499
38557
32556
30526
20266
22991
13463
13160
42990
51751
33549
32356
8449
14687
17234
10596
50418
21162
23798
49624
33016
18005
47187
3446
48079
34684
40938
12515
42013
17648
38720
46134
46543
59233
38537
463
42032
37796
50374
7026
60877
7095
32407
12807
36198
42872
45669
22240
39610
7973
58555
31455
30786
41010
43584
42501
38735
30548
19940
59171
31080
15713
28647
41881
35439
9482
29748
54251
26145
57090
55572
29863
31513
37773
16486
48948
25899
8450
20564
39821
16971
26199
21490
19251
51117
50047
33818
17184
32393
14029
52529
6405
39920
7754
32911
42218
836
29670
48791
51445
9350
24060
38086
24671
35993
21464
5969
53486
24263
34677
39578
20241
1399
24430
42670
28042
7912
12801
35141
40052
13058
56841
19323
49909
44505
48143
4316
38676
42108
1824
11374
52073
53687
9869
3013
30084
52092
22180
38972
17270
4411
20999
49167
47414
51490
30410
53376
19591
40294
2312
19862
35576
30696
26988
48470
56914
52711
10100
4446
20475
38221
43494
22343
8291
50562
23769
3037
29842
19111
38312
22846
288
50944
12753
53878
15244
5353
25025
12840
41071
52056
54178
42383
39701
22198
28739
8154
59899
9443
16234
9511
42608
5762
49577
32315
45001
9353
18395
45239
62292
5339
3941
61444
17052
34899
13060
22635
3601
57913
6527
45993
62271
13356
22515
53036
6531
2897
10534
39682
2039
8975
55090
9957
33842
16350
36305
29354
15996
31872
56931
49541
24883
18381
26804
25557
42129
45128
60852
4313
41079
61894
33543
45789
25010
20941
2670
6474
35083
19762
31792
33770
45402
16306
42796
25088
61054
7681
61214
61925
57080
8927
9215
13347
60241
45727
15249
13806
24880
35457
4778
5361
15047
18883
4969
57828
28856
45129
48239
30469
44435
47452
48505
35190
22686
17212
25734
18842
11944
10336
23928
36588
20227
20365
30322
36639
16503
42440
61578
59136
35688
47585
16502
17377
22663
25156
23027
55741
56242
50743
23048
12878
46223
35416
57390
56713
5807
48722
36505
30349
6887
12377
29554
24408
41062
15412
2743
52782
17832
42147
49456
31891
46593
29730
31486
46170
27682
42843
52349
25593
39836
40174
41277
19992
17871
31401
8425
58526
11064
60706
47075
43407
13471
29624
53894
27277
13096
43546
27929
15499
14424
31252
60182
52881
59030
37876
48970
45140
8818
44445
41971
53938
18386
15727
34954
49073
33301
56054
51073
17066
25972
37148
24858
14476
7947
39118
37785
21640
26576
58566
24200
45948
39602
15463
15137
6220
731
31986
55748
15762
42739
41045
8920
23458
55216
19731
49678
13179
55802
8435
54019
6617
4812
45051
28552
42319
25839
43938
33746
7474
476
58343
27084
14855
7191
44946
34857
6184
16348
38151
24793
37312
19626
44239
45225
22140
31535
59746
21121
26983
56501
18531
23098
48362
43817
60245
25951
19688
11797
27454
10025
28537
20505
5805
9808
60574
30520
41272
16380
2758
35606
36801
38120
44510
22986
29505
2163
3218
7957
55221
10963
637
2227
39161
5965
1180
7824
31372
13144
15625
41163
14239
53850
34829
19623
4082
50604
45811
43523
42173
14733
6802
58607
22614
34291
38682
50482
52631
34479
18471
49430
61801
27751
61867
4955
30081
57132
6853
7425
24715
16594
2255
21422
5848
8285
22511
13877
40945
45932
59530
29648
22885
25060
49008
50148
31685
46899
56948
30664
43099
36735
14954
25939
54121
21929
9466
42689
1738
17869
59971
21957
17262
48846
55844
13161
40026
61365
13403
9499
28342
61122
27471
36046
20482
31123
18955
32033
53265
48196
60447
20047
22219
167
993
38175
46274
38731
60743
12484
45041
28829
36429
23091
30522
1208
37982
8304
55152
12586
16480
50324
10265
49426
33741
13837
46395
31581
16145
35534
28367
59581
22626
43504
51217
27132
7907
31016
49339
52237
33582
27831
20460
46276
18319
48137
35443
61147
60845
7078
23875
41675
48326
15737
36402
18670
222
21763
28542
17132
46219
20066
21722
8474
44114
16961
35372
6905
57363
3911
10623
61703
515
50168
48321
14260
35912
26466
830
32681
47633
2299
29176
15066
22797
48936
61185
47712
24374
38144
14644
3138
50003
58799
49746
40118
28643
4897
60268
32639
44146
18367
55350
26468
10031
31316
3464
48706
1117
36687
8346
6016
46131
26317
3288
24821
12278
15525
41839
62277
35980
43484
16653
50456
39708
38588
61410
11929
58628
51944
25248
57954
30411
48493
20057
23224
35453
56672
2642
30444
29673
35299
20985
6804
3852
30297
26090
42092
36327
59986
10986
60912
36243
30275
3636
31639
20265
45941
56634
18138
42924
7354
48025
45784
58398
15788
54931
5429
62061
35918
53510
50154
5666
15161
35433
53337
12052
21129
13095
35551
23067
11777
29706
8809
41501
24063
27130
40532
50599
56590
43986
46156
53493
46107
51275
8309
34584
24323
12579
48564
35892
47920
38274
1575
43307
26383
46973
7056
51488
8129
32540
45872
10789
42555
21174
13767
40986
52185
11295
34957
35401
32293
62287
14878
14030
13558
8990
28662
40396
48626
41205
40514
33188
20897
12090
21
45591
30662
50540
33034
2779
58903
36964
40151
39077
58102
775
54013
1733
14208
58925
57797
26848
943
61060
41492
49645
15653
36303
58086
22954
23130
11557
11873
28327
46901
10549
49654
12141
22073
58947
17272
27660
54166
12056
54966
7001
13406
6077
61875
12583
54143
23577
8790
36107
27882
56968
31069
26125
53636
10924
53094
37727
35975
8270
27861
21720
48649
53546
29781
27943
36618
55585
31649
779
7239
52731
43513
23532
58738
49566
1582
13204
3876
56330
41753
11774
38358
42980
55060
15787
26833
58633
25520
18151
51620
45514
36301
8535
11085
25143
30839
100
26148
31632
19899
54278
9223
40225
14834
26113
55979
16904
621
43486
47806
25639
58608
42569
60165
24973
14012
51665
31972
25543
975
12070
57525
32859
40509
30582
8429
46937
23217
61868
57429
14337
43433
49463
17752
29427
53176
13258
38137
42583
23753
4924
37441
5883
24100
55284
50511
5549
3563
28264
57834
38118
20758
28041
44944
50664
51930
17027
30464
51723
58262
11566
8633
57609
24291
25262
24235
42027
10664
60208
9364
35555
12438
32855
52405
3995
9
37925
57187
43034
37947
37524
6395
40555
32739
29694
50
46439
27565
20667
40634
4183
51339
35418
45616
52636
7276
16565
4572
56966
38880
3074
10533
25525
26295
13374
48416
61730
14033
41116
60048
39454
35183
60391
5016
47683
52787
4036
32199
40911
14749
49039
16587
9311
40718
32242
29912
60092
25587
57876
14889
6097
46742
49413
54588
37849
45818
24886
13294
29548
45005
7291
12273
58684
7
49310
24140
12944
17779
49775
11655
24054
17973
49588
44989
14332
20235
3330
59669
10996
43731
2206
42500
32354
60872
41446
7969
47595
33722
25014
17161
1091
27120
20855
41425
22724
38236
32430
59115
45747
60983
24561
436
8814
12023
42335
22301
46718
32528
19935
28347
50014
35813
47124
11342
8044
53628
30916
26902
16755
30136
11526
33657
50165
46270
25860
27018
2269
48238
18487
59659
56748
35733
24866
8793
2253
23868
57942
15042
40695
36844
31674
4790
40110
25446
36339
17983
54617
50954
15795
15056
48164
6745
41692
35414
31695
45115
35500
46169
12321
39717
40643
10334
17787
32530
30396
9552
30180
15415
20039
33095
22525
22550
58924
36543
15282
33128
39972
45498
49692
29173
10929
11875
18365
28719
34962
5248
37014
19412
45201
36157
22729
12335
32704
50876
53846
48754
52863
32813
20155
32261
8344
41105
23539
31627
57888
52582
17149
55985
11338
44097
2521
61802
6918
28218
23887
61013
3679
52110
60147
7115
60466
12833
15899
32479
28825
7656
33363
59008
46151
13978
32790
4804
61167
45579
13702
19975
37510
11680
11735
11502
19748
5758
24232
2555
44943
9594
23034
42836
37514
19274
35397
23951
5174
14053
34027
52694
21395
32682
27854
36982
42858
46325
36976
58879
37477
52315
7834
39832
50623
47896
46056
5899
6090
37285
12632
56714
44211
29291
1765
38883
558
20931
55629
22349
5962
2340
23073
39291
51515
32256
29165
56425
61690
15110
48022
28169
31043
27377
53608
57861
36242
58257
53020
13183
28490
29633
8085
28604
19514
36212
46290
17821
17100
59604
49865
58455
11725
27029
28354
12533
30310
26412
46315
5132
61510
53359
42951
43058
24092
18841
60844
19368
7845
57531
9964
41233
7850
38956
36904
14308
9460
20329
39959
29582
2237
20824
24068
21309
56579
24107
10356
31465
39302
48107
5565
13541
33526
44971
28630
27237
40901
52540
7803
48655
18280
1370
5420
48240
46190
38395
35932
38917
49490
32026
37725
58859
26974
52542
2442
19211
26644
42743
42143
54684
62215
17907
6950
40430
51686
29739
10398
33335
49224
17224
47111
39777
25105
54113
8331
8703
3981
11752
15159
1446
58341
12717
40460
32049
58798
33199
23052
50403
34240
1368
21747
10671
26154
16074
38222
41846
54107
29682
19524
28436
27439
3407
62127
37991
21127
35387
8849
8294
26005
53468
2813
21913
30639
36271
44368
46150
9245
34203
42199
11257
17913
48032
585
45631
60087
46892
23489
24697
54192
26201
28581
48066
2619
59138
56188
48181
36848
47792
12385
27354
10132
46639
26514
33323
8327
56807
28348
2764
26637
15303
27785
2079
33314
32679
36565
32197
3363
23481
35127
3027
15335
1435
8253
19706
46509
30452
28406
50218
44572
61051
16193
9918
59904
5821
6347
37433
24069
44573
13813
23612
31736
24639
16327
9793
17880
2265
54770
3071
40259
10707
25116
41758
37520
24183
55417
2778
5710
3964
57182
20322
46793
47906
8593
23229
4163
25589
14102
18596
47280
44458
11277
58028
46784
3313
35310
31874
4294
15166
20085
18058
3926
62033
3576
33568
33174
62241
49543
52335
48992
10699
29674
41292
27022
14433
19957
52333
45685
16200
23041
11801
56606
35505
25780
49862
34181
47748
46967
2605
60155
16591
7335
43471
5960
39947
56825
50989
51745
42164
8890
23903
15664
56660
8966
25890
32845
32191
21628
10877
38722
51443
42599
5879
29404
8572
46296
2146
27741
61245
38628
60606
59712
11244
1290
52130
23661
20714
52100
47080
22089
50106
37891
8521
28966
54741
10674
9973
12844
29189
36192
400
37401
59290
60347
19924
21386
14231
28961
31563
56603
6540
26222
53626
21545
46760
11762
27099
5924
34675
438
411
3055
30905
20895
16893
57422
55846
29743
69
36987
60038
4460
1676
24491
38936
54329
21619
31981
59287
19343
14956
57350
6980
19906
5165
6295
30311
26360
45946
22657
52833
47520
34765
14690
49948
53964
14814
61804
41170
43233
12317
41764
28455
30325
22696
29419
4626
36926
57778
52807
31083
27135
40670
2671
44948
25850
52464
27258
9852
19270
22379
26691
56068
33550
31842
57144
3611
6323
27583
60446
3827
37525
18507
41982
43616
50381
44733
33516
5262
60878
44913
47291
16917
34944
11641
11637
16698
49753
410
23594
20709
16604
13413
46076
42355
33668
17468
650
7415
8421
51833
1133
23343
57499
41530
61602
15382
25476
61821
20414
4745
50712
33484
47599
19744
9521
25360
62017
12041
6275
39889
4334
35273
5649
2600
19052
41643
932
5027
20232
52202
4230
18337
9123
6805
35042
18762
37229
2124
11021
59860
13037
4641
32586
55294
52799
23429
25102
2034
7168
39614
60650
34964
33322
32205
35905
36244
34652
56236
31279
30223
13473
60145
14731
2673
32308
18708
57569
53184
15216
23864
902
24894
8810
49712
37108
22211
41936
34133
5413
35519
51449
55568
52226
60202
11091
26382
29483
15750
17687
36105
51825
49810
59874
45750
35723
40244
39069
16545
40826
29542
42484
897
5570
13121
34342
14098
18222
31865
26051
33775
9420
60254
27758
52168
7557
44236
55943
48595
59281
32053
42896
36496
9139
13882
32120
46934
22217
61473
45857
40650
34646
5215
32976
57267
3180
42231
44252
11714
24734
22428
34243
1411
56422
13884
1035
15917
1672
58546
53642
50532
21092
55109
28429
6424
32598
20059
28874
18100
61819
12457
40487
20331
38629
48788
55322
14251
5670
16874
53759
57866
50263
47775
794
5862
17906
8301
1686
21271
17001
14304
24081
54971
34161
35894
30907
21761
41726
1408
44213
50589
61660
47862
50424
42404
16315
54279
36382
31710
15345
7773
22137
13828
43376
25330
32291
59084
37131
57656
27683
33858
38961
57115
113
15016
19056
40137
62315
34537
52054
39232
304
22276
31652
5963
50798
34179
34321
32619
40246
7457
50654
4488
4834
32879
41465
13054
23548
32245
1630
4958
61163
15058
15539
310
57
43252
33997
61016
38425
42157
47739
42256
10008
9994
32519
5295
35694
22453
14430
27078
13328
32743
46340
16493
53631
1854
58162
55690
26123
53037
11050
19437
61519
14035
18283
31346
61442
958
59254
12058
50292
24997
15967
36998
47991
16655
6311
61464
52435
26307
54930
6430
47273
31383
22383
3891
56925
20522
41210
19466
30625
46436
50225
31523
28133
8926
11006
61968
22022
16624
6840
7016
5567
32062
198
15381
28137
60950
2103
59439
13026
48905
30981
358
9790
60754
13818
48815
59394
36142
35271
58443
47855
44502
33441
27166
5809
9623
47699
26056
31882
58811
7496
42322
30698
22203
54730
26290
61741
51140
40015
39129
2754
52284
9170
13456
6730
20358
50093
47546
47703
31913
3698
14391
27352
38065
33604
998
2437
48272
19170
4843
40723
30174
27594
52576
49908
19639
14907
20275
27803
46688
15197
27697
34187
50905
19888
15138
54839
27871
18364
13338
30293
14736
10622
28762
48383
41107
8083
52909
10174
46366
10469
13115
34590
33429
56662
29655
50505
19709
38273
9676
44926
59624
48963
16783
3177
50317
53819
43759
14046
15086
25104
5152
52712
30027
47177
60315
17875
13327
37195
1835
14650
43681
10000
233
29939
19619
53674
17882
52615
4343
55940
10907
11408
19943
48429
35577
36413
27540
8688
8159
39057
6334
6031
57153
16964
22514
40320
38207
1109
6060
9155
30837
29898
44137
3572
37884
13007
51398
56462
19358
27167
49986
51881
53553
49097
35451
7764
906
44513
47841
40518
37168
49906
9754
2449
5416
49815
12984
54869
12387
55577
54064
28661
5609
62228
43740
34694
40647
50785
62320
45170
23368
39600
17715
25875
59662
27295
27664
23208
32532
54600
16023
37150
4471
32929
35306
15524
41231
44254
57139
24233
42853
41012
5464
47779
28507
49552
4035
29576
9762
37517
37588
59961
23469
45242
14372
54913
55325
15203
40567
30043
27472
46
22887
34862
56219
39209
33327
62
7974
44793
39443
55300
26850
33462
28217
48807
42401
47539
17872
27636
45260
42821
55238
8486
14835
21406
25945
27589
16053
59124
39886
18952
34078
55847
33129
42919
23904
31944
5477
41635
59786
43200
28360
7400
57893
60576
58335
19788
4971
45102
49089
15112
51809
995
49936
6820
56336
40452
51019
4168
36539
19015
60892
50280
30695
9823
54255
20605
58732
57791
35179
28714
34123
33805
58325
49138
58819
60064
12122
57250
8608
15847
44865
8040
45287
49695
59326
49618
5778
38964
11533
16588
14649
33914
35115
28505
45105
38645
41872
62117
40021
46092
32695
42905
9752
1568
16706
39707
17065
47454
6066
42080
7432
43157
1523
5766
54537
9670
19383
14798
34186
817
25663
6610
59408
31728
44295
45792
8415
53761
43338
49395
40831
34532
22220
12112
2002
55191
9209
3080
31220
27400
439
13984
48002
30036
50778
10252
51242
30718
1864
42584
11833
58630
21765
52997
23675
28000
23588
34469
14397
25561
17433
17187
54021
37097
16243
14879
3314
47484
50375
22985
13164
49156
33581
24141
23384
8984
31611
21428
33491
51975
6969
31813
4086
7786
47902
45319
54714
13279
28751
35126
44918
31992
36343
29672
22835
37251
13579
38526
55726
45031
698
49146
11143
40467
36911
60481
39559
44546
1452
38440
42714
29915
22707
36013
39082
40476
43988
36509
8833
52030
56600
38315
44087
46034
11029
5122
61221
61301
11850
58896
23793
58261
13158
2393
42639
6417
14533
11779
53704
52734
51175
44123
32974
12527
19134
6478
28907
40856
28692
2908
31904
20430
9447
29874
3996
20793
43723
55646
28901
7362
26539
47155
18891
12531
37563
46347
35217
59500
40863
47559
7409
31954
20490
17887
57630
47293
6389
20055
8828
5737
48997
6001
41339
26695
46487
60192
6923
29286
46322
17774
44780
32241
40633
33664
43298
52047
35088
28002
6705
1118
3003
54266
30789
30108
13224
36009
57869
57509
28102
37638
55056
5264
42580
42067
8276
15505
28158
59395
923
62184
11658
6353
34706
25201
16765
7916
23075
6162
6286
56784
51500
18526
6720
48260
56170
38905
59684
53333
36706
7097
22526
22709
23441
48598
11642
35169
41610
3005
128
11588
19642
10897
41059
12009
61652
384
42033
2431
46850
4624
9277
7525
36755
17392
23125
61995
61870
48253
8037
14203
39012
60569
22978
40957
61950
14495
26860
43128
61252
28349
1761
2446
44550
32086
44336
30219
51568
10627
33979
32557
12206
60423
60454
31102
6002
13861
53044
53296
33527
8018
23549
14740
62096
42424
37451
11584
26984
32931
13829
54691
20630
29988
45442
19416
29103
59637
21555
42525
24057
8307
47149
12069
4692
57261
38811
13919
61429
21155
248
58846
49331
13323
60065
59166
11458
17308
12117
28707
23181
56788
51057
61101
29870
15065
43967
8393
42359
13222
1206
17571
3774
3968
13716
61980
47745
41293
39829
18256
55504
61087
32262
33306
4962
17079
19016
44120
27919
5559
61064
31502
26139
26597
45280
17934
10053
16118
42367
54723
3542
23426
28749
52201
44143
45453
28035
48121
34562
21423
46009
51281
30988
14537
40622
20218
54868
20517
28722
18715
45394
37859
20494
61891
16898
28078
21645
1493
54332
53998
4396
55078
60311
45742
36956
29568
15148
3087
3012
13937
38941
3126
14302
40639
27045
17313
16516
5283
36250
55697
21572
28473
39381
58789
30391
17054
60966
6301
14399
24239
13631
19113
35450
54542
30206
13329
26476
7462
51204
11754
58412
43083
19596
30989
13639
56072
55120
19629
22909
9598
7766
57102
33020
36033
1926
51918
23417
52325
60667
53066
53362
36079
49711
44938
22544
40557
4904
18150
25305
32365
4128
18198
54695
3538
5548
49542
61508
21091
54326
60913
1229
30770
9200
8796
12303
58815
14330
4265
18382
16803
44680
34565
58668
34138
53803
26472
57724
26457
47262
4290
52288
17766
45647
45110
42845
33468
54711
25947
45023
34938
42434
17056
38960
42417
13157
57537
59082
57659
46621
9150
10454
20412
38317
27449
46421
49661
46283
5533
5669
3257
33670
10186
38931
29965
60067
7872
43231
53691
37309
6796
55960
12669
46972
49698
54980
59163
42316
1385
46548
37253
30783
27619
28016
35529
29524
22837
56991
41494
460
40033
22097
20476
54628
36153
13344
20727
4757
60735
33612
52180
17458
16559
46982
57077
43369
861
32975
57589
1173
32734
52046
40607
18436
22425
29654
54414
61517
61707
42668
16902
59570
735
44675
44501
21089
37541
28450
15315
32844
22889
44088
37141
57743
26037
33296
7171
4866
4497
58782
33755
17257
17710
20869
17947
26318
62154
38647
32676
24820
1070
17351
52058
14789
32419
36331
39500
46451
30104
60375
24041
8231
36770
3020
14145
21353
10746
44318
53718
16798
383
57485
37909
16422
26293
37267
20512
46235
44147
11284
41395
21947
9163
28918
5078
40949
62123
13392
18945
29608
20710
11981
24236
56798
38783
20817
45181
37428
53934
34334
6813
20978
3481
37828
46768
18937
20424
53095
20156
14881
30970
39844
40284
13153
47014
45029
30657
22753
1498
9320
51552
24255
16790
39982
36050
12815
46506
56235
55312
7617
28234
44155
889
28469
44186
43881
48643
51258
31924
61917
59820
23
16239
46874
41
39217
30965
53744
38578
5811
30359
49081
55491
1343
58074
27117
25389
43342
47470
15391
4002
58734
1653
51857
42381
32497
57096
11674
2689
60978
40316
40003
27591
52420
6226
24872
8434
11518
52135
12110
55769
9111
24980
39322
3671
26062
1537
23409
14111
23636
22003
20462
53123
47844
62348
55872
20865
14718
6462
24455
7880
1255
53379
48159
57461
39440
38235
57064
32531
48990
1856
55406
13078
59765
50509
34292
13101
58137
19225
15302
38338
18078
29771
58272
11398
3374
59515
48417
37283
57822
6249
42449
11989
11311
23742
34990
28205
21458
18746
34340
1725
5363
3690
46897
18828
54149
56817
224
27693
29619
54295
43127
40249
20600
12208
59416
22813
32949
546
54505
2445
6632
39651
31646
36734
50166
10854
21822
32177
44708
7963
49169
12903
46293
41073
28529
55793
29047
36358
13252
35735
53227
43217
30239
12810
33081
42171
42824
36604
49484
61105
52311
18153
35559
58991
48734
44165
43964
55068
35100
5066
56511
41520
41527
38649
57721
16540
47011
39075
41487
4681
24845
1016
29390
38799
626
52303
469
39596
22333
21501
11351
24437
24962
52373
11251
3459
12391
41329
50245
47000
5610
12522
57968
58302
40448
27786
56071
15597
17666
60659
50359
23804
36027
51604
54347
43311
12119
34475
60989
34653
47501
34582
4885
44355
2150
43274
43760
2644
25883
58170
12316
31594
42447
36347
8872
28456
51712
37761
26492
7731
27776
18175
48652
27931
35174
48208
41349
45677
25986
3356
27006
34093
57666
13729
62314
45605
60369
44070
26901
18311
3410
48509
50862
16440
43013
11667
19374
51106
41137
47371
58057
4556
52379
48574
25181
39053
14474
21875
48860
56861
43649
1146
52059
38470
4448
57495
16291
34667
7637
9037
48519
20737
16533
46839
13378
42735
38561
11821
15929
27039
22155
25184
33283
43742
8333
42563
23719
29847
10436
25837
24216
19275
31314
39488
43017
10385
43332
51198
17015
58658
33985
52668
5279
12453
15697
41586
46959
40867
8903
60685
21601
61378
56217
36299
43439
52681
11062
40096
57239
45572
14809
14517
11984
31601
53103
58671
15644
56781
45496
27291
22505
19414
4846
5538
52798
60416
10979
51749
60000
24202
2447
38867
17116
2388
39444
34577
23007
36666
23037
38704
38036
55263
43336
17420
24571
32028
53528
17598
57898
5854
15386
51461
60962
58076
6768
32814
41843
2922
59368
19588
6111
44703
33986
49253
32860
29240
24085
42418
45367
16688
39378
34282
13649
61858
46601
29439
60244
52987
28182
59912
2946
10200
31219
61044
29805
5748
38294
40577
17794
12035
30906
52607
48366
48768
32104
58225
52776
16409
15528
15536
44882
6101
53693
41611
23315
22583
8465
16125
12495
55250
30242
23496
61912
18757
37006
4485
59248
885
8187
18618
6453
56998
45220
14681
29399
16732
23016
36596
52960
40424
22884
55436
58718
50740
514
47531
8871
3898
37829
19547
12040
21529
29075
48420
14216
60421
20542
25390
43287
16353
59446
52319
24870
36361
8287
62124
51740
26995
8337
55234
15942
33320
59488
30838
14792
7130
58702
26980
38131
2202
12562
53535
29936
52964
25526
11521
31579
34740
38224
46526
12910
12348
14705
49502
26552
48135
60693
42502
10151
7807
8898
29033
26696
10737
56230
54080
59541
4570
34889
60862
46081
26852
29401
28477
20930
62236
9497
19947
8055
50452
36597
60405
46544
13119
61514
32747
57051
49248
19600
8021
17793
36630
22667
4610
60534
47256
60069
51273
17036
3953
30416
5105
14127
59651
39649
35125
7233
17020
24964
27842
22883
30617
52337
52753
14032
55904
6974
22502
20121
4529
62255
19764
11721
62299
33470
25920
31148
4758
62088
16899
35649
6152
53637
21312
41781
8219
38978
59128
54906
4342
20566
47423
52295
37680
25308
58693
37083
19555
57554
55493
28050
52736
15351
49808
49681
38034
54699
50341
54246
53278
7118
58625
7802
31447
24347
22758
11309
43847
49442
40969
30475
31354
41424
17606
50383
49938
30832
24275
40086
38398
41019
9864
17172
23699
46876
24427
23775
36744
2053
11972
4006
50437
8134
62302
14625
59113
13909
41102
7296
23473
34396
14618
37960
33629
28438
21896
49228
46392
6115
30768
22197
48445
59774
51976
36923
18496
55092
25268
33423
13245
51763
21493
45967
20872
12222
27793
20081
6124
13489
39361
44846
42442
60991
57193
9524
33236
38244
9740
2781
30940
30265
44443
5502
61829
34690
7737
30393
27737
52708
23895
13733
21854
18827
8724
41850
17492
19831
35914
13297
432
37658
51132
29775
481
4587
30788
14627
38587
58033
46569
58271
44330
59051
20692
19198
10085
48950
42889
11639
14721
13270
15989
25002
4490
14596
2005
10648
38477
55699
54108
8557
55915
1061
37526
8353
24010
51327
21165
62199
28642
50354
13420
13589
2763
5597
31098
26460
49734
9544
5927
24013
35191
39893
40376
9144
42988
36501
45190
19427
60101
14211
5014
43174
59400
58559
48357
47388
43404
56899
42917
49407
54886
15707
25790
31641
52880
11917
25785
19184
41123
18882
61345
20179
123
13838
3336
21315
7356
57563
32209
13446
57006
7224
28108
18393
4052
56110
47565
26946
44441
44473
47287
59531
37847
4212
17731
56819
19114
11245
16990
36385
57434
27873
6517
31561
2866
16393
15459
58540
5496
61794
57484
46856
29269
22273
11920
60012
56655
1693
10236
8854
18754
21072
61872
37116
47476
57169
25602
37432
47827
18515
33759
2425
27997
49812
39569
53485
7648
9093
28152
1145
13943
20132
48723
42008
17996
1414
41649
53730
2162
62256
33438
20287
40909
7009
3341
6225
55332
14213
52573
50571
14283
10202
18433
56669
17868
23797
16514
31012
28603
28358
26202
7138
4022
13532
48582
57297
20320
44277
10799
33071
11879
23973
53721
1438
59992
37086
46437
11216
39906
43929
10377
35753
2038
53695
31233
60211
32469
61263
15422
38753
47286
13897
50472
1296
45601
17688
54358
40724
24207
18501
28587
52255
52375
4715
17225
38247
23676
56871
12659
38891
53304
15359
16848
16512
50906
13251
21379
22957
27666
3297
12939
7075
44974
35463
47665
32700
12674
62367
15772
34412
31923
61011
11024
34854
55476
12713
16474
29691
12825
54420
28937
8248
26777
46867
51956
38341
45135
58843
21056
11127
39900
21300
24850
17720
11967
19065
59389
54934
9490
13571
11790
44340
28788
33534
3334
30575
32909
36881
2672
47157
38825
19574
49278
50593
57977
22245
58034
3804
23869
17879
32783
52178
38364
61438
11381
33092
4966
33695
32323
33478
215
1952
29169
33733
44551
48960
22186
41894
2489
44008
39244
2362
26435
2570
44652
56599
7582
4562
60413
4835
13411
25782
28536
55898
19643
12539
16958
47072
18413
30462
54964
49703
42021
22393
21358
24520
45371
38855
43733
19949
33080
9343
23434
51156
56576
60607
60997
41370
4093
62188
11401
8039
60189
37720
44401
21550
34252
31178
18161
4613
24660
35863
48523
41183
6443
18089
37146
21214
1960
40359
58568
42605
36097
62306
49258
43779
38831
17583
60657
16377
52921
31072
14418
31074
2032
49561
54150
47770
35801
56704
32065
31450
29048
52612
13847
40804
8891
17885
15090
24895
4785
26074
13445
32604
2478
49739
55407
44628
51218
39901
21514
15051
18620
8800
55474
23013
33961
47290
12460
7197
56438
50826
43582
34659
30123
19280
17551
59824
36417
7996
11686
26640
40964
7231
45992
27926
5521
10364
18911
16934
4190
47980
38772
37992
24923
28445
34882
38248
58025
31493
59893
4591
61555
27607
60169
12156
59388
13957
8586
161
15519
41242
7684
8071
34902
40466
61254
8014
56185
33560
8160
6171
50140
20976
30380
50702
54629
34891
28745
56187
49589
56853
58119
945
19795
8655
32499
27783
51431
53834
61446
35008
38862
51899
19106
57637
46089
16103
23872
6971
55664
2470
16007
40625
3577
34465
11197
56470
10241
36493
17211
60810
7722
54044
61827
24814
15709
57220
54230
37205
26518
40692
47772
22312
61304
46129
40556
58202
41168
22437
17704
3578
50976
17517
50889
18165
24269
60221
28018
30968
30397
30773
19467
8295
6335
45537
2351
17843
15322
117
45841
19718
27410
44446
29194
43064
33762
49867
9253
54858
23395
40574
35373
52923
36099
37857
29031
19927
4797
50652
19401
61613
4749
16854
61035
49323
36086
26507
42232
59035
47142
5528
22825
2736
42136
38194
38164
20145
9261
18090
46498
34798
10797
21568
6642
47031
13107
60697
43963
14272
59990
22534
20890
23578
13826
18664
43410
20033
44561
46698
50455
27563
50545
57054
29581
32484
57421
36626
5485
11704
23923
21662
10560
25145
33093
33001
1873
43506
9786
34669
20696
23646
43120
13351
30711
55385
41567
24090
55924
28434
31837
46566
57815
11445
30945
45282
10801
30714
29431
55075
25720
53506
59721
60694
11247
28277
16521
11715
27232
41014
62070
57331
623
28319
39
34907
5155
36217
28269
56537
12050
33801
7770
12238
29922
30506
11222
37843
22083
43935
31022
55724
933
7213
45942
22732
58701
35940
24222
8259
13398
35409
45698
2158
56845
11726
27812
8571
35703
11592
28271
9804
32536
57939
30519
16523
50780
43730
54969
26958
14159
31908
42082
282
58026
39550
30778
40680
56573
43181
21045
43412
42578
6856
31293
42778
21540
6109
60814
52714
12724
46925
40171
53848
60135
31711
28350
27040
7447
762
48814
58138
52363
53734
57385
36781
27213
13908
46412
48037
49955
26625
22764
51077
40121
31352
39471
29296
14696
804
35545
33043
25967
37801
49641
60142
57768
11575
57539
53481
9231
23189
25606
27844
44060
30224
3204
9723
15782
1340
33328
9453
21513
22527
8142
48489
59750
35302
61198
13491
60987
9135
60323
60956
6507
18007
28895
23186
44811
51995
46532
55980
28681
6569
18659
57050
18805
40205
33416
33608
31248
49314
244
37590
62055
41401
20440
35436
38710
18744
41005
21283
54151
37963
34959
61534
51738
24818
53912
14321
8507
1678
46843
8675
3555
39044
31816
33407
17106
51089
33031
1239
50349
30911
62112
23216
57981
10273
6354
28665
27017
52648
8820
44289
43001
27220
12318
23171
29257
23110
20655
54829
4836
21954
9101
54077
34084
59333
51060
28249
30119
30982
26628
18500
28008
40105
29667
1179
51565
52699
59452
45769
10572
17669
58963
24665
52383
26978
30951
58452
11880
15403
22013
59558
41088
20530
59303
61146
37040
20663
23457
26557
45435
8904
19034
36450
24590
62118
40204
20441
57408
64
30854
18081
42560
62098
27597
27796
14106
8260
36091
13061
60644
808
7994
16424
59273
45342
1711
37416
41076
40108
13900
52767
50017
654
28973
62099
10716
5990
45082
20264
1397
27147
13228
25970
44521
45744
1447
50195
43191
25437
22017
9316
60420
13466
45913
43438
3951
37515
25421
30449
38057
39863
20567
797
20123
61239
40369
27889
9094
32386
26289
20618
32165
9372
30061
49891
61436
43502
29315
17615
37431
22310
23938
56364
2137
45736
11182
19715
49562
50371
53051
51072
20425
39673
54245
10318
54031
52026
14256
1222
21617
40469
9586
22078
321
11356
41842
36249
10970
25066
49807
49593
385
14088
49680
16022
38667
41271
15979
28478
49886
58483
13618
38367
58043
51977
47144
4292
12977
58841
41308
12948
1897
49570
40652
42405
12553
920
25975
1028
7227
59751
40882
21074
56299
29850
14138
23617
17621
7945
18592
38728
53928
1341
34317
23631
37059
8433
42913
32067
62133
50744
41341
59032
44409
27418
5080
3762
33932
59608
8558
1423
57798
10128
53784
61530
7453
33964
46473
23291
40175
32024
11709
37530
525
1982
8484
20477
57628
9930
33798
48572
2030
29714
61396
33472
39709
30900
8356
50035
43025
950
51789
33196
41938
53380
47822
40407
24283
51157
11158
2505
35316
42296
21036
28945
5407
48119
17275
50361
59007
16111
13872
44596
32302
48459
24825
38348
47960
14065
38516
44908
13593
61764
55315
46797
23260
17011
15722
4103
56455
57281
22735
11481
1747
6808
42321
13283
38112
57382
39417
5427
7413
52441
7053
44293
52773
30451
47349
55723
57319
30441
22376
37837
28079
40035
52928
1584
6789
43448
51110
48277
15633
21086
37169
33821
4716
54908
34444
2452
7817
11906
21675
44612
34522
56777
30584
6131
30304
44279
34359
36708
58653
40594
31368
48785
52989
7067
56918
12677
38910
43464
31268
38212
15336
37128
26394
23862
61153
41089
53640
20112
39617
43625
54945
29515
20064
25512
1075
543
5488
18416
59640
5620
48279
61481
54521
18240
4456
21191
36111
21106
4894
49239
38325
21791
9049
56411
14379
32493
28463
31006
28138
43887
61274
41299
27526
35
18384
43402
54850
8408
31937
40130
33037
36163
8271
21712
57053
50460
398
9549
57940
49371
55351
44617
21404
61634
3634
4592
10763
13531
24587
17108
55279
33123
9667
52018
28239
32967
5038
9105
25730
10295
46113
49884
20683
49772
2346
58975
4257
19586
34431
12496
15860
22208
38985
25065
53751
55326
58421
6399
30577
38024
56505
46833
28404
47221
53017
8362
14797
39692
8977
46343
49289
27894
50823
23711
18692
20026
25420
24179
23536
42989
32683
53104
26224
19534
46792
57251
24478
42627
8587
41902
40523
50450
4249
59305
35024
55273
31602
9755
26592
11986
22754
44980
11737
503
53725
35018
11209
62008
47784
33563
18661
23542
46906
57534
30499
47846
39152
7477
25739
4728
43023
5917
43752
53370
5232
10012
3715
39624
9629
19817
58311
48916
45690
23786
2705
12415
57344
35724
3088
47313
10816
56629
56397
39650
48680
5345
34443
43694
43441
31637
23178
27869
3154
25803
4271
23483
58730
52872
49617
51458
48217
6530
30022
9206
39583
27672
26349
34076
29888
24985
13400
18369
31125
5297
54067
53888
40705
56587
42713
56410
36100
35886
3265
4607
16676
55528
29263
6502
55610
37666
20704
46379
19360
29182
60257
8638
53002
50076
59857
16081
29794
36916
29236
1591
15991
21467
50233
50325
158
54117
22315
13519
52119
50940
31896
3185
6683
20548
9525
47342
19861
43317
54890
17380
42886
52894
33355
25754
48375
12992
8609
12596
3661
25394
7778
7021
29349
36315
40740
18085
62303
21294
15492
39467
48342
20951
27599
48194
31533
29717
51054
13105
31243
1932
37770
45210
15607
57801
6534
58814
58558
31171
48017
48560
41612
15184
12285
27814
37425
25932
58760
47186
3828
19606
40941
37792
41908
38804
53137
47727
25086
29488
8441
21655
35563
3401
2270
59177
16549
14158
13399
31916
32638
36762
22646
33501
26686
32429
32022
59175
20111
40736
62333
8780
36109
23145
11190
6873
37804
370
29894
54082
38298
60961
61706
48340
29309
25856
60292
21391
61411
22664
55583
9819
21792
58961
47424
36275
43895
8268
8179
24018
43518
41888
39419
61344
31068
45755
39119
49616
36032
37949
4487
15320
26134
40760
61434
56676
35826
10521
21499
50461
3859
43641
18926
16473
42683
41744
60728
47769
50366
33921
27746
42727
13522
58813
56446
31877
9250
43772
60661
17345
60683
59184
13295
44730
27912
45160
9430
40931
12223
17966
15002
58346
490
25383
44851
49668
9556
52147
49337
10034
13907
2384
18997
17121
13319
44871
31159
10150
21956
20257
8292
47271
45928
5380
49294
46066
21133
60499
13580
45733
59328
51160
55874
18713
32117
53542
25123
27072
29740
12649
49291
4644
1144
28019
36231
2366
59337
46663
32913
42477
49932
28384
38908
24136
36071
57808
46389
44774
6099
57917
12754
37036
55562
54203
43591
1497
42912
19089
6611
7352
11404
53158
24328
28236
12796
41421
32253
3261
33481
56989
32841
22338
25777
35005
49787
20761
54303
43238
25684
37634
11647
56306
61524
33252
34134
53465
41879
46616
53168
56104
35419
19807
9972
23266
54239
60149
50086
39281
51184
55170
25805
58112
19214
13972
61305
12879
21101
1621
46651
24965
2506
5694
4330
61330
23942
21563
59713
54744
24983
48161
61199
3491
29685
42217
60255
29274
32728
41855
18562
21745
32301
54754
48753
46001
23603
14658
41728
1312
23949
42017
57012
23119
5525
16645
6545
24273
61520
6914
25093
24661
40877
22254
45810
49664
37329
23640
59075
20020
15501
17581
32395
47743
13597
37238
4255
50978
29195
17293
12288
9419
32852
55615
41185
14303
36390
60725
50055
421
4279
14116
58959
10210
29902
54342
2141
46545
14394
59768
7143
56889
37779
43718
8512
54425
18753
12927
59800
50075
16805
16042
26314
10837
12687
25280
62024
47433
12298
23933
14362
48672
41108
88
16228
43629
14292
60498
58647
6584
22946
45660
56360
43750
43293
47915
39495
41693
23721
55287
36292
45909
48219
39746
52351
42237
42819
30824
52678
8147
52774
23657
50707
18249
60926
53373
50032
59275
60197
57062
34095
29668
38859
18685
33794
57508
54509
49649
3110
60018
11076
18830
48212
31676
32377
50301
58952
1009
31081
59228
39750
19092
5918
24929
33146
5154
46758
32243
32139
57034
39325
62264
50655
61859
11820
56969
30530
37389
61946
46632
8707
26197
28111
14472
1519
36550
19564
37897
22439
48764
16137
9782
20917
54110
27445
14877
21952
16430
21689
47794
21624
14561
28331
23460
42965
61248
16394
53711
22464
4425
57538
47858
13123
34558
61479
5173
54348
50910
17949
14081
52308
6340
27620
62361
27602
61674
57903
8642
22132
52969
11757
47825
2667
18532
20847
31794
6819
33101
19536
56300
30344
31575
44118
41999
45926
6699
46669
15611
1627
61310
10406
17897
467
25146
24394
26667
38517
9635
52339
4272
40322
23202
18160
46994
39733
52163
34511
55232
29484
46252
16175
16464
16301
37811
10667
35758
44739
27430
56805
12572
60635
42126
35793
56643
39163
20434
11694
36890
49764
36546
19931
14293
56107
2090
40544
48335
28054
33364
50309
47462
54284
34265
30867
50175
31190
14398
3738
5947
43698
15945
55172
14042
49475
26434
19080
13621
37499
1827
26078
47563
7526
58150
13950
56389
25130
15363
21569
55337
39275
38874
32506
12261
44106
7182
14929
25908
37079
13303
43846
16033
30309
21079
21511
11337
10591
13040
44727
11852
30488
53169
55689
57104
60777
21785
47655
13752
49122
54749
1108
9299
32513
60290
60680
9446
58156
32340
59298
16318
18545
31359
24914
34583
20857
45084
18837
56942
15147
9512
7319
45614
283
55998
37911
2092
17460
30529
12843
32203
44164
21403
6506
23478
11908
13438
52830
59964
28634
49608
51404
60040
32708
10101
43479
9600
45478
37439
22969
45889
21027
16403
42057
13277
6436
60916
23738
7900
42446
20624
17831
26971
56584
38469
51822
8175
51863
19049
27254
3175
21015
51963
22020
26194
44911
3892
31617
44872
29333
31362
41236
51417
22364
1576
45295
43526
51200
53093
5360
15253
56534
29347
59740
28562
60614
28267
43790
23519
54738
52634
8104
27642
16886
38452
2525
37566
51496
32996
61369
54306
44110
2379
37912
38183
41282
7788
23844
14267
17596
26608
57873
1200
40710
25431
20506
25206
6338
61341
43997
32896
10554
43896
57112
43815
37646
31531
35824
12057
3437
43599
53395
48276
49638
2967
131
9232
25069
61671
16314
53541
55982
20378
939
12220
2456
18973
44498
40579
8192
56057
55396
27570
47469
48982
31304
22509
10817
17888
24722
28062
8906
30133
13401
14869
6997
10684
54007
33045
39869
45224
38092
20827
1094
37001
33070
53499
24061
39919
8229
23225
3824
60626
1774
11204
44977
6542
23391
5350
39087
20117
28043
59907
12374
41740
29556
34604
2224
46495
34387
9513
39056
35010
44237
33223
30953
47296
59430
21646
55831
43041
8047
23303
7572
34462
39373
24536
26516
24176
60948
11320
1670
38742
50357
17041
10447
54719
36823
48134
14084
5207
17719
33783
54193
59888
59975
11634
15061
33976
56994
52587
21848
4911
34135
40529
52804
36206
13267
58709
45757
53576
55344
43047
25492
36563
50903
40461
20244
7543
25914
52176
55781
53594
9770
24028
12734
1088
8840
6486
18677
58100
39950
36481
55094
8719
12159
19017
28091
20445
42493
49965
37551
40702
29109
796
17155
48454
50565
6247
12264
19248
5216
43968
17320
6886
42370
47653
55945
7826
61978
12508
45216
46313
46479
30787
9184
62016
2580
14085
57757
12305
3816
7551
29135
25760
15337
50902
4475
22149
10983
27564
28116
59787
3355
2835
36018
44729
32113
24336
19865
16294
58171
32774
35431
12847
56731
40496
15206
10617
4409
49366
31326
32736
44540
30799
45316
38150
58705
44072
38643
42379
31235
41448
16823
51813
57547
35003
19827
57316
36674
51056
61548
53707
26475
7331
30366
31976
8992
21757
7570
13785
45778
28779
37154
54394
35488
36874
49076
18095
26808
17386
1257
42478
59569
34193
48487
3270
44150
24252
48185
50319
40065
46930
21663
55424
21981
60803
60653
2464
2201
10939
56797
44634
6104
12511
8696
37244
32721
36051
62232
57467
29491
8052
10078
46007
45123
56733
62321
40610
18711
47728
34921
28313
60318
10353
60504
39055
14575
38369
12568
26611
26734
48324
18606
1062
45890
13460
28010
16567
44952
52892
54548
56152
6370
17285
3710
22859
53871
42465
15187
59382
43535
44218
52080
19164
49275
61234
34377
39667
28702
37000
32492
46625
12876
4360
18258
54285
20871
45251
25694
30115
20741
39456
24579
38299
46917
38376
54233
42734
41162
57212
34610
8033
14724
12688
25691
10769
61606
44945
38018
1266
21916
35814
58990
27326
54415
24695
29979
8019
32381
57446
14685
18970
55125
59661
49823
47985
48019
47577
25073
33575
29841
9807
21552
59236
18791
35164
6439
58460
15919
56736
45441
16434
14240
33342
17231
4669
60724
37659
24077
12969
10383
524
15791
20924
27077
42258
10324
35258
10452
56417
60516
44984
41085
33905
58858
17874
12661
3043
22335
33414
23372
22886
38454
37606
61469
16005
42949
32212
54366
36165
7426
26050
56828
21459
12430
60374
32832
59213
33513
43618
13484
17663
15612
6402
56572
37929
7749
18563
37399
15402
19667
18277
33445
13821
17796
41749
44925
54733
36306
60886
9796
30077
27055
33338
20723
7507
7031
11570
43196
42567
56182
18172
35964
34520
29897
45176
48692
37610
10238
27680
32662
22560
59709
34111
27392
11294
23277
61532
17367
5846
16471
43782
55730
38640
15255
19993
46141
46357
7661
29306
48162
38264
6020
22629
13595
19311
35557
42874
3158
17166
39015
48160
10245
25473
6482
33073
1918
49364
38196
62073
36557
2139
15567
25824
2526
48628
34331
3433
5221
21385
45752
39813
22888
42403
38853
27309
45177
55633
53522
46987
7316
35818
15369
5226
56898
59054
60566
43562
50810
3923
38851
47949
45322
12683
61673
55297
32126
49064
29061
52806
53491
8001
32371
21994
21839
11265
12628
59706
35852
21273
11808
3957
26822
55156
47742
22423
27023
13339
32333
50669
56156
37
7825
35031
16307
17946
42336
44566
38026
16505
11886
12140
12137
52024
22691
34075
32300
38444
24247
12409
31318
18141
35016
61947
44246
29696
18801
