27 300 10
16 9 78787935
17 16 87857363
15 3 44531867
18 15 98126628
20 15 33127395
19 4 96434246
11 6 90249064
25 19 44640176
8 3 21870296
20 13 76832944
12 8 63095005
19 7 64990676
24 23 66471359
10 6 96474423
20 8 72237844
14 4 91375934
22 18 91320486
10 5 62023378
10 3 76652035
5 1 91276112
19 12 53537510
4 2 78068325
22 17 43816032
14 12 91223119
14 3 64867369
22 2 46694498
25 12 95490424
21 5 81435229
27 3 54548653
20 16 36832187
21 19 88628766
18 4 10030914
27 13 95139705
24 22 94142883
10 8 6331387
25 4 73888179
19 10 93178386
24 16 41608196
2 1 74382861
11 2 85336363
21 6 97176976
27 22 95283729
15 9 70856210
17 6 93446611
14 6 43389234
25 6 92871328
20 12 39579972
21 12 55433348
10 2 89748795
19 11 86001817
27 21 90004375
15 1 90441293
14 7 83265913
25 17 42681432
27 2 91150640
27 23 54344700
26 22 38065458
21 16 97738564
26 4 5934800
18 8 49001874
24 3 98760659
25 13 91843279
22 11 45353557
24 8 69203024
12 11 93177909
26 19 69228964
15 4 25142835
26 14 77579637
26 2 94516002
21 20 49270666
24 17 97119053
12 9 69880472
25 1 13691228
17 15 80904339
26 10 88571031
11 1 49129977
23 14 23778531
25 11 74816178
22 4 31647496
17 14 31768010
26 13 67311219
20 9 92920618
15 6 10753632
21 11 92315099
8 4 20454543
25 14 37179847
16 12 59668625
26 9 86784542
9 2 65843763
22 16 74524827
20 18 70750725
9 6 39974827
23 2 63587929
18 14 19369323
3 2 78968999
9 5 95872033
8 2 98764393
12 4 60970835
9 3 842102
15 12 67576290
17 5 90590051
27 14 84669977
23 11 91429031
12 7 69737053
21 13 71293862
26 18 33931060
22 19 84748471
22 1 77199824
17 12 65194975
27 12 95457041
16 7 96688908
24 2 73104250
20 7 96405900
19 2 74481567
23 20 72294238
16 4 69765989
23 6 93142402
17 3 94151459
26 7 92442942
22 3 98119353
21 7 43953326
22 12 20054482
26 21 67927334
13 9 99426585
22 13 95620901
19 18 52663177
24 9 90305916
12 5 12365801
24 20 66211558
17 1 47113576
16 14 93302490
21 2 86959110
10 4 28232812
23 12 50603128
13 12 72912629
26 5 94640848
10 7 62675045
16 5 30445832
24 5 76746962
18 13 84457856
19 1 5736520
11 10 30117684
26 25 70493870
5 4 59228063
19 8 93418318
16 2 95964010
18 1 61726122
23 16 63876829
20 17 68803449
27 10 70678145
21 10 90597968
9 8 55746807
22 15 72916741
6 2 62932753
27 11 98266757
12 10 97644252
23 7 70157568
24 18 98580756
8 6 97913663
6 3 69250102
15 11 90770432
11 3 54793921
19 13 88478386
27 6 85953756
21 4 79466780
22 9 82172234
23 10 34841761
7 5 45390908
18 6 72532222
6 5 66787653
17 10 47653419
20 10 74914422
19 5 99167806
23 4 64900015
14 13 28836886
26 8 87573469
26 6 51986656
15 7 19225618
18 5 36689861
24 6 58601491
25 15 49313823
16 8 76310828
16 1 80202716
27 25 92651161
27 7 39893683
26 12 75229486
20 19 67438924
18 9 96169694
23 22 23104972
13 6 88057383
12 1 32397427
24 10 54416370
25 22 81820707
19 15 94651747
24 13 34947341
6 4 22734600
14 8 17067590
12 3 14269612
19 3 94632653
13 1 26825900
14 5 41621215
26 11 78184481
23 18 50459738
22 5 42665031
25 3 94798414
24 19 79459518
7 1 72749354
19 17 51354032
18 11 63893549
8 7 47333126
27 18 3504635
20 11 81002296
23 15 88389520
21 3 62766681
12 6 62151927
18 2 20841254
13 2 49772879
27 9 31895753
12 2 76046737
3 1 96524090
11 4 73653751
16 15 76826055
5 2 20735574
25 23 27918345
14 1 49343348
8 1 46463280
15 13 83810565
25 8 75621828
26 24 45626720
13 4 2463575
4 3 41167644
23 3 46926124
26 16 95454533
13 3 91291436
7 4 81099953
25 21 97030020
23 9 45820194
21 1 47836105
25 9 77866789
7 6 23088992
22 20 75221420
22 8 17118569
18 17 70856443
22 10 45584951
19 6 33059565
24 14 21285249
27 17 45594459
22 6 47559023
9 7 83472073
27 4 38702848
26 3 41518309
16 10 34689540
23 13 81779187
17 13 56773041
21 9 73796466
23 5 84235965
20 1 73642097
21 14 91059727
24 15 14246252
27 20 95156479
15 14 85241556
9 1 23584123
20 3 85235994
24 21 6930713
26 23 72124068
19 16 85309948
17 8 78228415
17 9 96408853
20 2 61511061
16 13 74727713
20 6 89787871
24 12 16010874
25 10 13085369
20 4 63703275
27 1 35179433
25 7 3605146
23 1 47329217
7 2 29142383
18 3 88020891
13 8 58776577
18 16 22931945
14 9 84754066
9 4 87012454
25 16 26297823
14 2 59579529
19 9 65483419
15 10 34033174
15 5 88762705
24 11 64627800
25 18 2561674
15 8 61970356
10 9 80421814
27 26 79613004
16 3 48395988
20 14 59651359
23 21 53201868
11 8 9146994
23 8 89842510
26 20 32146487
10 1 85866931
