300 100 8
293 213 92264687
96 69 44136369
110 20 64507870
179 109 81955319
231 22 41387370
262 69 49950926
286 75 18095354
284 3 99664028
299 243 68572406
239 169 20628849
203 106 47093170
112 73 95397873
251 223 29074722
283 82 4401068
164 76 44299861
153 132 34789658
93 16 36842664
93 7 79156210
257 190 31228299
122 62 95872999
294 164 5580598
217 51 1393383
131 127 70174125
282 4 13687032
281 84 94579462
198 195 2985452
243 172 77478894
205 70 26512933
88 72 95904242
220 60 92993927
156 71 29077699
148 103 7800782
250 192 39566493
73 29 32486214
290 200 38432750
137 126 53476682
94 21 27171175
222 77 46827547
299 106 36786429
235 21 6440042
98 48 15719073
258 230 16073608
174 143 72277446
110 41 20820375
219 65 19855678
157 55 93977413
183 100 24169657
200 181 97255237
254 17 26649241
214 144 64530886
197 55 85608520
250 109 41119007
265 79 10622063
196 146 58136015
164 90 23742484
145 82 59339593
108 106 77679507
151 26 93320480
195 65 65544141
146 72 20788398
125 64 21918064
142 51 19101630
122 40 72669386
30 29 84725919
94 57 66008518
158 54 85898960
253 115 91974047
239 20 34357460
74 53 94732691
132 74 45771917
99 96 41275432
246 155 23541854
154 58 5217610
29 12 62626403
199 181 78770521
120 113 35855573
69 43 80746122
165 35 97464979
298 172 76561442
184 75 47773648
283 88 10413042
186 162 54137183
253 29 34639986
300 107 75901507
285 167 23401950
124 105 5896026
103 24 74397655
109 15 72820035
245 117 83605093
268 96 85174297
169 115 9117365
238 154 97029442
110 13 68887402
162 16 95021130
267 171 23958395
264 112 49812312
257 132 27487425
150 116 71810038
119 81 32906240
139 74 80103235
