102 300 9
1 2 63695799
1 101 36103892
1 102 88244466
2 3 71018731
2 101 89444100
2 102 46947399
3 4 19139496
3 101 51222992
3 102 1457664
4 5 50298697
4 101 64765264
4 102 36782119
5 6 86356861
5 101 61769452
5 102 92689777
6 7 80726198
6 101 30553910
6 102 74919001
7 8 223591
7 101 88761014
7 102 83783120
8 9 19502211
8 101 59063155
8 102 49345868
9 10 21779152
9 101 45591102
9 102 28219500
10 11 7895268
10 101 77338212
10 102 26794366
11 12 10013936
11 101 68923469
11 102 92200265
12 13 45231320
12 101 91460824
12 102 54306410
13 14 11723970
13 101 2497027
13 102 8158384
14 15 88858210
14 101 68306881
14 102 29963300
15 16 12210859
15 101 56882729
15 102 59558205
16 17 15103204
16 101 88699741
16 102 56801830
17 18 18128722
17 101 72409210
17 102 41948502
18 19 83409869
18 101 74915662
18 102 21947837
19 20 93527542
19 101 6892526
19 102 74511019
20 21 22979967
20 101 68081630
20 102 11220978
21 22 53756710
21 101 81529083
21 102 56215782
22 23 89677432
22 101 79989871
22 102 63027319
23 24 63990751
23 101 81778379
23 102 51617641
24 25 72631812
24 101 4092887
24 102 85997049
25 26 97486018
25 101 11094955
25 102 25751873
26 27 89066354
26 101 35106491
26 102 47827842
27 28 48738290
27 101 92625596
27 102 51753576
28 29 90432258
28 101 41594426
28 102 15278327
29 30 33873561
29 101 31537466
29 102 44994165
30 31 48764305
30 101 49830484
30 102 68632303
31 32 76937596
31 101 67110492
31 102 24079798
32 33 3777326
32 101 51125584
32 102 57734344
33 34 4390904
33 101 69658640
33 102 3454892
34 35 29818878
34 101 90684793
34 102 57343593
35 36 5836254
35 101 52109513
35 102 27434809
36 37 81508867
36 101 13772508
36 102 73815908
37 38 29613894
37 101 23897404
37 102 10466432
38 39 93401519
38 101 36747066
38 102 4945399
39 40 58181026
39 101 37117595
39 102 66880659
40 41 46194855
40 101 80808174
40 102 85487249
41 42 97425476
41 101 6987217
41 102 68990325
42 43 61641108
42 101 49433136
42 102 28023781
43 44 45588344
43 101 37835414
43 102 61153730
44 45 63922862
44 101 93542746
44 102 64562017
45 46 32200494
45 101 22489926
45 102 62374658
46 47 73666286
46 101 48881128
46 102 24414382
47 48 25398327
47 101 29512359
47 102 81458553
48 49 895803
48 101 36004449
48 102 45874243
49 50 24097453
49 101 32425222
49 102 1158280
50 51 67297660
50 101 5371789
50 102 33226368
51 52 83091122
51 101 15577108
51 102 48446180
52 53 73358350
52 101 67591979
52 102 20777797
53 54 3209088
53 101 43279369
53 102 89736298
54 55 37505861
54 101 85820301
54 102 15852106
55 56 30804878
55 101 70764563
55 102 67404379
56 57 64074000
56 101 65732810
56 102 84155100
57 58 47477754
57 101 35256055
57 102 91876196
58 59 59704201
58 101 99162115
58 102 21763089
59 60 60236521
59 101 39100494
59 102 82796754
60 61 6173525
60 101 37353471
60 102 44292005
61 62 69145217
61 101 85930424
61 102 93411700
62 63 59740110
62 101 94582668
62 102 28731923
63 64 98516833
63 101 38254822
63 102 69924820
64 65 34217683
64 101 3827524
64 102 91710293
65 66 495541
65 101 93161160
65 102 3658714
66 67 17680745
66 101 74896254
66 102 35679261
67 68 56414779
67 101 18572834
67 102 32377490
68 69 26879582
68 101 58422158
68 102 63319994
69 70 7890404
69 101 75152772
69 102 76531511
70 71 83851005
70 101 96475785
70 102 34616795
71 72 5261955
71 101 56056814
71 102 57871397
72 73 78978469
72 101 12465093
72 102 54321983
73 74 26708217
73 101 77868236
73 102 74749710
74 75 46637722
74 101 49455221
74 102 85639425
75 76 98762145
75 101 51679112
75 102 75608503
76 77 21598833
76 101 2296736
76 102 92450112
77 78 95312213
77 101 20860676
77 102 4146684
78 79 5090981
78 101 9796732
78 102 55763802
79 80 71797602
79 101 26866231
79 102 50931781
80 81 13192771
80 101 95332669
80 102 47401567
81 82 25358845
81 101 41891128
81 102 36332339
82 83 92491119
82 101 92150672
82 102 72694031
83 84 65997947
83 101 83497980
83 102 82025068
84 85 16739696
84 101 28442685
84 102 71706481
85 86 80396775
85 101 94035483
85 102 91150157
86 87 52902860
86 101 77937968
86 102 32985236
87 88 9627726
87 101 54610820
87 102 47749156
88 89 43431942
88 101 11053550
88 102 91976835
89 90 44623112
89 101 19033233
89 102 92144727
90 91 12151736
90 101 96733017
90 102 41939993
91 92 41687415
91 101 93384860
91 102 24120666
92 93 91055102
92 101 88502252
92 102 85515098
93 94 58522022
93 101 49070605
93 102 23595097
94 95 3991675
94 101 28072587
94 102 65474470
95 96 83616534
95 101 59550944
95 102 65145349
96 97 24074558
96 101 7605584
96 102 89576456
97 98 79753407
97 101 45803821
97 102 61331503
98 99 31990073
98 101 43949514
98 102 13002432
99 100 30109629
99 101 1036754
99 102 48360120
100 1 49188722
100 101 37539753
100 102 27022787
