10
93 100
1 2 29226 43754
1 5 91461 98918
1 8 862 66118
1 18 64906 88441
1 24 22450 91904
1 26 15082 48972
1 65 38893 99749
1 78 4779 30542
1 92 55155 61158
2 3 32266 33168
2 4 44399 74517
2 12 35886 38568
3 23 7271 39499
3 60 43232 53522
3 74 1855 7685
4 9 12096 52330
3 6 7374 55074
6 7 10394 13235
7 13 48253 91207
13 14 24707 41235
14 22 25217 72667
22 3 64995 82804
3 69 3604 8331
69 83 3077 64133
83 3 34236 34535
5 11 31516 60311
5 21 32557 86051
5 38 48597 66625
5 59 46378 55639
5 73 3199 29885
5 93 13044 24096
6 10 4169 12712
6 33 4200 22365
7 25 8937 22790
7 41 18709 41682
8 29 43178 97115
8 48 8141 11176
9 28 61153 70867
10 35 91701 96203
10 75 16518 61755
12 15 34502 68395
12 16 30817 88581
2 27 36016 76604
27 34 67117 97448
34 42 44373 78613
42 2 6504 11518
13 30 23222 75285
13 31 45740 94405
3 19 58636 62489
19 54 75563 78207
54 3 19119 36232
5 17 63309 63729
17 76 44480 80647
76 5 3595 90855
14 85 14251 38917
15 40 43021 74575
16 20 235 13265
18 36 17733 67738
19 53 8610 36894
19 58 41500 80574
21 32 28310 57766
21 87 56536 74550
22 43 1052 74660
22 49 652 2016
22 80 22548 35288
24 51 39802 51454
26 37 829 6151
28 44 54042 75446
30 67 40838 65625
30 88 3554 58258
31 39 28659 42457
39 47 31308 61089
47 57 83628 89689
57 72 2701 8820
72 31 8612 71179
4 52 237 1410
52 55 56609 70345
55 56 11535 74180
56 61 44928 46349
61 86 33973 68793
86 4 796 99034
33 62 9157 79651
35 68 13050 28113
68 82 29802 31401
82 35 47152 52285
38 64 25793 62131
41 46 10698 22984
41 50 31354 44337
43 45 36167 64387
44 70 59029 71733
47 89 71587 92002
52 79 18015 38740
59 90 9234 71262
60 66 82673 85864
62 63 27132 58737
64 77 6265 19633
67 84 65792 88029
70 71 42654 84751
73 81 40942 84998
84 91 51167 90538
90 100
1 2 9724 96697
1 3 64453 72439
1 4 8434 33233
1 5 9696 52094
1 9 7430 8016
2 8 52874 63825
2 11 22616 62735
2 71 4844 34619
3 7 39402 57644
3 26 49922 87466
4 63 21630 55880
5 6 40212 62994
5 32 70724 72520
5 34 5499 16233
6 15 35611 54133
6 25 1387 21612
7 51 407 39963
8 10 27054 40313
8 38 65490 73581
9 12 1526 47603
10 13 42252 91647
10 14 34741 79970
10 23 11298 24043
11 17 13981 20912
12 24 2671 85741
12 64 5585 57932
3 19 1394 27687
19 53 6066 24075
53 77 73992 75198
77 3 30216 36226
14 16 22679 46170
14 22 40951 44365
14 30 12487 13610
4 20 37243 91276
20 52 1853 4574
52 80 66186 80737
80 4 18137 20395
14 18 2076 2355
18 27 2318 6731
27 55 6794 37517
55 14 22963 57530
16 21 20675 63583
16 72 14115 36730
19 48 34872 50748
19 67 42408 83248
10 43 27949 40411
43 62 7057 19685
62 74 50660 54647
74 10 30550 36645
23 37 17538 33615
2 28 54335 54339
28 59 2302 39110
59 2 40860 51028
1 36 26549 89604
36 39 20 9103
39 42 27022 63219
42 44 826 1907
44 54 6896 84611
54 66 61369 74593
66 1 29635 74310
26 29 2153 11710
27 31 6959 11092
27 86 33121 43923
28 79 40520 86921
29 73 9316 94317
30 57 1891 14786
32 33 30109 39997
33 56 16866 58500
25 41 81674 88280
41 70 4808 26197
70 25 23448 87096
34 35 1587 13665
35 46 31801 39257
35 85 51626 88470
17 40 52419 94397
40 68 1232 2920
68 17 8517 10249
38 65 7863 48270
41 90 10477 24710
40 84 58225 85123
84 89 66374 74208
89 40 39288 41574
2 47 7787 45610
47 87 11801 29370
87 2 27333 78745
17 45 21253 23111
45 88 4644 13284
88 17 13350 63671
43 50 66802 81739
45 69 50550 65434
45 76 20384 48589
46 49 41486 56386
46 58 23223 78896
46 60 2170 14984
56 61 52228 94204
63 78 34037 52901
64 75 17282 18432
65 81 62728 82265
72 83 2080 8268
73 82 28277 62184
92 100
1 2 34355 34592
2 3 90995 96474
2 7 20093 41131
2 11 13822 77982
2 40 29120 30772
2 6 7550 71108
6 9 874 10370
9 2 34570 34820
3 10 66984 84673
3 38 8856 45563
3 50 4678 12448
1 4 2798 8203
4 8 3061 32721
8 26 48591 91001
26 1 8804 25612
4 5 8936 9742
5 16 39797 90028
5 24 25301 31415
5 34 17337 40624
5 48 593 646
5 90 643 4252
6 19 372 69166
7 14 24687 41045
7 21 6752 92266
7 43 5807 34377
7 78 45376 92215
7 82 6632 10949
8 13 162 2709
9 32 63895 86940
10 12 3311 81002
11 18 29974 32903
11 37 37050 46975
11 68 5310 11936
11 79 25287 29313
12 17 3042 56197
12 25 48766 67233
12 31 13741 80795
13 73 20785 89941
12 36 1018 8553
36 66 30413 31125
66 12 3709 6649
14 15 11358 20414
15 23 4065 5114
13 29 34991 35890
29 55 60201 91200
55 13 17044 27670
18 27 43312 92771
18 67 3968 69651
19 20 12921 44252
19 59 7177 7190
20 22 3394 65131
21 92 1129 65649
22 35 38986 50739
22 87 32379 64663
23 28 4857 7260
23 72 5216 11715
24 54 1052 93585
25 33 21512 27282
27 84 9638 38528
13 30 20902 24964
30 42 15845 28253
42 13 5520 52927
29 70 6461 25246
32 44 32961 44108
33 61 14663 34336
34 51 75662 82712
36 62 10379 36769
37 57 26763 85621
38 41 744 4548
38 91 501 64982
34 39 8030 37520
39 56 69394 94742
56 34 17621 88369
39 49 47644 93522
40 45 37806 46934
40 71 32927 69706
40 74 13717 16145
40 85 29217 69508
41 88 44943 48570
43 52 26754 93929
43 46 26656 71564
46 75 69249 83494
75 76 2234 6023
76 43 6117 69549
38 47 19618 47692
47 81 41091 78801
81 38 27396 85412
22 53 35763 50477
53 60 25240 40986
60 64 18549 55806
64 22 6385 21852
52 83 38136 52900
56 58 6872 8094
57 63 9529 16102
62 65 46473 67958
62 86 14883 33835
65 69 435 7393
70 77 68911 82977
71 80 15658 94237
81 89 15669 72025
90 100
1 2 22532 52039
1 6 10336 69317
1 9 1243 3257
1 13 49454 70261
2 4 39723 48323
2 23 14395 63521
2 56 11304 92492
2 88 423 545
1 3 48962 56897
3 7 25968 30483
7 1 6380 18126
4 5 19951 36312
4 8 31370 72937
5 18 21460 66548
6 22 3513 27943
6 33 20129 35601
6 62 11776 67493
7 10 1212 3932
7 15 14416 85152
8 44 6659 93255
6 11 61638 92797
11 12 34097 42534
12 14 26301 45826
14 16 28094 51186
16 17 33291 92923
17 34 4119 38025
34 49 4487 9430
49 6 9911 39627
10 19 164 231
10 20 42647 55935
10 39 18580 31461
13 31 12728 48172
13 32 22930 83275
13 73 89960 99008
14 24 33548 42712
14 25 15421 19277
14 77 16486 26543
6 63 27259 64455
63 64 18396 89368
64 6 36381 46631
16 42 10268 16061
17 41 612 57515
15 30 4339 6926
30 36 1694 23539
36 59 1439 10429
59 81 49475 56326
81 15 12260 40675
18 43 59277 95307
19 68 7270 29561
20 82 22659 75729
2 27 12735 20576
27 29 63953 87303
29 46 75522 78138
46 52 19810 28132
52 2 10849 14958
14 21 17216 21952
21 58 47415 77096
58 14 36136 66201
1 28 54485 67254
28 45 20742 50480
45 1 1158 3052
21 26 3791 4873
22 54 45567 85153
22 57 1313 2958
26 66 27121 38384
31 38 52066 71565
31 40 7715 50264
26 65 6019 35125
65 67 11834 14621
67 26 1747 43517
33 35 25419 47428
33 37 116 894
33 79 1183 6139
38 71 19130 91476
42 48 41499 99118
42 85 27380 83232
45 47 47764 47859
45 76 54211 94249
45 87 15537 29376
46 50 38934 74998
28 55 50197 52975
55 60 9938 65046
60 28 58915 82785
47 51 3533 75576
47 53 75458 76312
9 72 27958 49203
72 80 13124 32539
80 9 27662 75103
52 70 18763 39126
54 86 59834 67098
47 61 14559 35895
61 83 19101 64901
83 47 57357 79762
63 75 4345 15429
64 78 12471 44158
65 84 81522 94882
67 69 13573 60438
72 74 19153 99946
74 90 5652 20921
77 89 38220 94735
92 100
1 2 29571 74772
1 5 22053 45919
1 6 73544 89200
1 7 28510 54375
1 32 12484 18955
2 3 19486 39789
2 34 2078 36493
3 4 32922 69756
3 48 23859 71585
4 8 16378 96576
4 16 6557 13401
4 57 33320 67278
2 9 4268 9863
9 11 40951 63577
11 14 14200 86917
14 19 6681 23774
19 24 5188 97998
24 28 9485 40377
28 45 4895 18050
45 68 2723 53998
68 2 50317 96646
5 20 25742 31137
5 21 28562 82722
6 27 57926 66526
6 87 10178 20097
3 10 9652 88274
10 15 582 3092
15 17 26255 66671
17 88 88217 99024
88 3 13859 80940
4 40 24060 64843
40 86 95503 98211
86 4 33841 80163
8 31 40433 40530
2 13 8448 9463
13 18 29570 36539
18 2 23748 38604
9 12 19603 48419
10 38 303 489
10 76 7377 77206
11 30 25130 89147
12 37 53389 73153
12 56 40271 99378
14 39 28370 37047
15 22 17627 36002
16 33 5731 41902
17 23 63777 69827
18 42 25147 44479
12 47 19475 43826
47 61 13263 21033
61 12 18345 24078
20 65 2644 4302
21 26 54937 77787
21 35 1830 46708
21 41 7909 62562
22 55 23224 25221
1 29 20469 62415
29 36 4311 4623
36 46 3011 16818
46 71 71202 84997
71 85 28515 58143
85 1 36954 38749
23 25 15499 18702
24 70 4064 4944
25 67 82429 90395
26 69 88847 91870
26 74 59161 80967
27 43 3080 28743
28 59 5278 5877
29 81 33942 93810
30 82 835 53838
33 66 5948 6666
39 53 25875 61117
41 44 26025 35036
29 54 7120 10452
54 79 8920 33370
79 29 7982 12006
42 62 23005 60539
46 49 14869 52266
46 52 11918 53112
46 78 32267 89375
47 75 10720 14097
40 50 15379 87010
50 92 2125 56294
92 40 2598 54265
49 63 31899 79807
18 51 21808 22316
51 77 18675 88421
77 18 48371 82694
53 72 4251 27366
55 58 37918 53848
55 64 22006 57077
57 60 7894 14231
62 89 36399 41127
65 73 16289 46137
66 83 582 759
66 84 4567 66524
74 80 253 834
76 91 13417 43968
87 90 16527 17804
92 100
1 2 20077 53497
1 16 20892 78912
2 3 34826 64582
2 4 17972 37734
2 15 6953 38686
3 13 5007 70293
3 86 51974 73215
3 91 8673 43422
1 6 1378 9515
6 7 7233 22039
7 18 27300 53868
18 1 13919 20887
4 33 4497 65482
4 68 17459 54782
4 5 24870 86583
5 14 30263 32587
14 19 13710 83844
19 4 1953 68164
5 8 874 1481
5 12 43969 64306
5 83 25564 31329
6 55 1019 6082
7 77 23236 79307
3 22 5256 8261
22 48 1894 39818
48 3 10724 20592
1 10 45648 65158
10 11 2591 4957
11 1 13844 31274
8 9 12557 35529
9 20 1868 5283
7 21 21363 27316
21 28 69978 91207
28 72 34361 56356
72 74 42233 71468
74 89 27193 39842
89 7 20593 66988
10 37 5197 59067
11 46 460 2696
12 25 7063 52608
12 70 4643 11970
13 47 32031 45958
2 23 20075 60417
23 24 20085 33479
24 2 16793 39089
14 27 3843 41728
14 40 10763 58560
15 17 1156 1905
15 66 7628 7715
15 69 13688 40832
15 87 8715 44527
16 36 6677 9526
16 44 42866 65696
17 64 2544 46304
18 30 44696 51957
12 49 1958 17071
49 52 2388 28529
52 12 79948 87768
19 42 25669 34844
20 26 6379 8021
20 57 47352 86657
21 32 23082 31619
21 34 32855 59246
21 53 4574 44482
21 63 22704 65654
23 58 27164 72120
24 29 26178 71570
27 35 71608 81390
27 41 40112 52955
27 51 57169 62545
27 59 1106 9586
27 73 261 69970
27 88 45165 45881
28 61 62433 62855
29 43 5831 50392
14 31 15298 16584
31 38 2150 3512
38 14 26739 43698
30 71 2270 30827
31 65 6535 40584
32 85 15242 72674
33 82 23081 34605
35 54 50084 62645
36 45 65108 84235
37 39 6542 11647
39 81 31481 74735
40 67 39438 42848
44 75 28389 54090
36 50 27 1177
50 56 23208 64690
56 36 359 1011
48 78 4557 8671
49 60 45429 75833
57 76 10562 12686
59 62 55760 92889
61 90 17049 52737
66 84 6881 15910
68 92 13662 20925
72 79 6791 56089
75 80 33360 64555
88 100
1 2 5063 8106
2 3 14805 57627
3 8 28862 43210
8 24 37799 43385
24 32 9848 15503
32 58 33149 42619
58 1 15347 30423
1 4 6982 10352
1 5 57350 79493
1 55 28248 77263
2 11 52709 57313
2 16 12431 49232
2 17 30440 92725
3 9 14732 52305
3 25 41278 67601
3 53 23656 34610
4 41 2663 4103
4 50 7493 48825
5 6 23272 33231
5 7 5691 93808
5 13 3838 4517
5 19 55813 93474
5 68 2721 4166
5 81 37273 70593
6 15 74178 97239
6 34 9220 72067
8 12 897 21310
8 29 45622 93856
1 10 42289 76166
10 14 30665 74390
14 1 43643 53344
9 52 521 11781
10 27 17044 19645
10 43 71802 96788
10 54 47713 50101
11 23 69539 87786
11 28 16462 26338
11 35 14358 41269
11 40 19113 81925
13 21 55564 79911
14 26 33522 78465
4 20 15317 26291
20 78 1532 12443
78 4 36744 72885
15 18 1374 17952
17 42 35445 47847
18 74 8954 20383
5 22 26203 97421
22 47 7883 12043
47 5 87648 97226
21 31 3968 11802
22 73 54151 76552
22 86 3814 84744
23 67 1188 1397
25 44 23950 94389
2 65 16009 74624
65 75 15657 85827
75 82 41797 97184
82 2 1215 18009
12 46 35467 44077
46 79 345 834
79 12 44504 85285
3 30 39764 44943
30 72 4852 48233
72 3 2407 75921
26 36 53729 77053
26 38 3086 39840
28 33 16141 71691
33 51 55859 63223
51 28 67532 84321
34 39 1691 6229
35 49 2179 17262
27 37 6357 10621
37 66 4036 25705
66 27 34965 78007
29 48 14643 23690
48 69 33031 59789
69 29 36066 55023
40 63 18472 23695
41 83 21858 29913
43 45 18192 31343
45 59 91309 99180
46 56 4839 15622
47 64 92873 93522
48 62 45473 78829
35 70 29709 65977
70 71 1292 65957
71 35 8635 56624
49 88 24418 31568
50 57 14402 59246
51 61 60296 87189
51 87 2653 27564
25 76 2088 31263
76 85 58435 59717
85 25 50166 84095
58 60 12111 43677
59 84 14406 60006
20 77 9955 57783
77 80 40418 90348
80 20 21731 30686
89 100
1 2 4570 32502
1 3 69438 71705
1 82 17416 58244
2 6 41254 72575
2 9 8961 18889
2 19 8876 31706
2 37 5800 83687
2 58 12764 34570
3 4 21182 96034
3 5 11063 27863
1 7 13581 37889
7 10 680 10314
10 13 8060 68273
13 17 1317 47537
17 23 28965 33858
23 1 706 6463
5 21 67045 95528
5 31 57946 85033
5 43 47027 61115
5 83 30299 34378
7 15 22285 57239
7 27 3507 9216
7 44 28828 30557
7 8 37901 47884
8 53 52875 94928
53 7 71167 85110
8 14 14066 27545
8 28 3758 25735
8 78 5148 6372
8 25 4118 17870
25 26 5843 38273
26 41 26790 61532
41 8 46 34532
5 11 3218 23079
11 12 53349 55012
12 51 1145 60747
51 5 49649 55104
9 20 13106 16292
3 45 24296 30421
45 73 47847 64437
73 77 28118 94793
77 3 2653 21700
12 42 10752 69220
11 16 54073 66043
16 49 16116 95218
49 11 9438 10473
13 29 17770 64962
13 32 26998 74335
13 39 3483 6633
14 30 25160 46324
15 22 5456 19456
6 34 95957 96642
34 67 68411 94562
67 6 27990 70822
16 35 27762 50735
17 18 60829 72867
10 33 19769 57900
33 60 38655 78304
60 10 13170 24225
13 48 22071 33829
48 54 7987 11513
54 13 8407 21922
18 86 5590 8197
21 24 16296 40713
28 71 3427 65242
28 74 21907 29487
31 68 22011 74062
5 47 3046 26543
47 75 369 91135
75 5 7013 18758
2 40 73029 76300
40 46 52076 58040
46 2 14421 16058
34 36 62928 80138
34 57 28456 74512
34 59 6086 30918
36 56 11089 81147
37 38 26865 43226
39 69 18704 18859
40 52 11670 53657
42 50 42122 50868
48 61 74607 88216
48 63 8435 12078
50 62 6862 46290
51 55 7292 15670
5 72 2573 86021
72 76 64939 67243
76 5 5682 6387
54 87 19665 87633
56 80 8904 71170
58 64 45273 46321
61 65 8630 64508
61 66 9097 83767
68 88 48804 50064
69 70 13713 54419
70 85 8253 55663
71 89 35385 51513
73 79 20685 59728
75 81 64773 68033
75 84 40468 42316
91 100
1 2 27888 80818
1 3 8757 39644
1 6 8335 50081
1 12 4864 5713
1 27 27434 73331
3 4 44746 58341
4 5 29149 41894
1 7 42889 58328
7 9 22450 25665
9 10 3643 19825
10 1 7469 8810
5 8 57269 88027
5 13 52654 70798
6 19 53532 70595
2 11 31366 86364
11 18 13896 83228
18 29 89641 92938
29 2 8827 97531
7 15 76862 79087
8 14 19447 69754
8 81 41405 61703
10 16 4448 8473
10 20 74524 85971
11 49 92386 99801
12 21 43300 47510
12 24 37721 40191
12 42 2262 34361
13 67 40615 74455
14 60 41968 46151
14 17 45297 64430
17 22 79980 82066
22 62 26546 47799
62 65 16860 24652
65 14 14243 66344
15 34 4654 21167
15 52 3059 35258
15 70 10710 40182
16 87 18625 89900
15 45 16392 16577
45 48 35690 59071
48 63 47572 50261
63 15 12412 17051
17 28 8349 29562
18 37 13794 53194
20 25 8458 51323
20 51 85283 99224
1 61 41783 98921
61 69 4989 43449
69 1 67971 74393
21 31 11685 27619
21 78 6071 14721
22 30 12219 97519
21 23 67720 98687
23 26 42397 76156
26 57 54996 78258
57 21 82781 88492
23 76 34205 76287
25 85 8923 98694
26 33 74224 75661
26 43 545 2162
27 40 26349 43785
27 58 8030 39392
21 73 7444 45251
73 77 4427 8321
77 21 14656 59087
28 36 9785 51404
29 35 63594 77574
29 88 405 51771
30 47 604 18370
6 32 12767 24075
32 38 13186 23493
38 39 6911 73056
39 6 7561 38578
32 50 26899 31230
34 44 32275 43027
34 46 74207 86577
34 56 1876 15794
34 91 83396 96806
36 66 259 447
36 75 22111 34224
37 86 732 38544
5 41 4850 97956
41 80 19893 41372
80 83 22268 29949
83 5 3525 21152
40 68 47778 60761
42 53 34951 63578
42 54 22909 65529
42 71 14087 21617
46 55 7850 18245
54 59 361 11882
37 79 29031 65190
79 90 11653 20244
90 37 38611 56267
63 64 1202 12478
69 72 7112 74852
73 74 23410 25243
78 82 2529 4842
81 84 5675 13637
82 89 20800 37301
93 100
1 2 66755 73486
1 3 39182 79542
1 4 1694 1807
1 7 1542 17424
1 17 794 73952
1 42 63655 67797
1 51 688 1917
1 62 81116 83553
1 92 19046 26214
2 6 35286 54487
2 9 30027 55617
2 66 41054 48061
3 5 26584 47667
3 12 67229 88573
3 15 9362 34507
4 10 5561 15910
4 79 27575 78072
5 25 550 2858
5 26 41007 67661
5 71 33 61
6 11 62788 79268
6 38 113 2396
3 8 26229 31160
8 14 617 3203
14 32 59365 60233
32 3 435 1366
7 28 24095 43164
8 20 17797 35481
8 34 5776 63257
9 16 3011 48600
10 13 9270 13067
10 23 45066 53472
10 37 15899 24451
10 76 25144 37604
11 18 59178 95958
11 21 68672 79609
11 53 15290 31354
11 55 42575 77914
12 22 16656 98701
13 56 35511 99204
13 73 25908 83822
14 59 31791 75579
6 50 29930 40706
50 85 49553 87652
85 6 12066 85712
10 19 139 1641
19 35 1093 98022
35 57 11251 15448
57 93 28096 32882
93 10 15006 16772
18 84 1268 58665
19 44 58248 68995
3 24 15163 37923
24 58 30215 52718
58 81 64 76925
81 90 34538 46692
90 3 56924 61046
20 86 21210 98599
21 49 1186 14194
22 31 3374 11005
24 36 18339 29562
11 29 3874 11152
29 33 75357 96474
33 11 16941 61999
25 30 32952 41602
26 27 10039 37483
27 60 1939 57894
31 45 321 507
33 41 10721 39230
14 39 11894 16056
39 63 13725 75878
63 67 30101 33249
67 14 4644 10431
34 40 64 120
34 91 12129 32108
35 75 57937 64676
36 43 6303 7606
36 47 15155 27469
36 80 1543 9833
38 46 3899 12163
39 48 4555 7253
40 54 33706 52984
42 52 16985 98349
43 77 51805 91233
32 65 90131 98731
65 72 2003 6936
72 32 45439 86122
45 70 7903 16093
2 61 1964 7563
61 68 18881 40593
68 2 18437 97201
48 88 62313 85081
53 78 19539 32805
55 69 18877 91521
55 87 46839 83378
56 89 956 36150
59 82 3018 12138
63 64 79943 89451
66 74 20965 64735
77 83 30722 74933
