10
210 21 69
925125 935179
124712 240230
471890 102450
895556 94137
691910 481938
258709 599062
204188 95998
741390 545472
313313 737304
630292 269512
696533 348961
639424 8665
850831 638067
421543 391382
448789 174915
831800 432275
704766 800963
51127 621780
841810 635151
112456 688536
895144 528382
395060 963312
88544 463394
638053 969864
11463 829136
699178 705168
71932 324900
911395 423276
491168 49708
730805 567290
50302 313308
671884 170125
711728 849303
129900 576763
886518 284991
561980 523084
582540 230995
939728 974720
722565 543470
558730 861822
273466 756385
956250 580694
793210 51233
465500 745274
950270 612178
846286 52700
709104 687461
902774 472115
742484 619922
200210 7750
55785 639648
656752 91079
244240 989768
146528 730011
812396 983224
450707 76608
562600 368850
153230 721200
157664 345931
302405 38972
666496 749000
434488 12504
398040 665700
147354 729908
762016 262141
207372 981684
768220 237251
570455 675758
536288 39872
822760 573468
123360 101054
799542 537476
429280 703815
239688 560464
200888 310462
240032 80912
571924 743522
2830 910020
393904 552454
436354 450090
274914 612572
355168 485260
773280 388112
292149 823928
188902 591332
194205 889513
244634 201310
16128 722784
682314 466144
509022 869400
587804 35497
692344 328577
602019 796660
188372 454586
868070 738272
237842 864394
257115 901928
424368 855678
138900 666779
750131 969068
655685 31784
960544 781824
526572 31144
841688 715232
692152 907931
196424 484272
638780 408104
161372 157392
72896 422004
877605 705688
336420 590000
548928 625220
304000 431792
433320 647389
876205 843040
573160 981842
593718 282216
149371 717656
897126 447016
393912 345060
434053 863140
411482 628950
754114 731900
989276 215874
772428 428688
408858 346737
922076 208715
770805 738580
675285 356150
123132 84385
638620 355760
298220 472663
97082 475157
800744 372140
988098 746298
694866 83068
138588 34961
914104 288648
658350 234500
92327 4966
601090 242240
385050 288942
695696 807432
691370 510020
908458 880774
733792 111136
664724 254116
638271 420906
732677 739536
249774 764788
581400 771384
249525 890704
599448 593200
539376 400618
903049 380080
933780 291920
142342 721374
38755 560667
768680 233156
929954 160640
778416 117509
595569 841904
303904 993134
700164 572741
890108 336095
901968 336896
296407 967526
578155 815755
294190 406600
739210 12988
683648 555640
709990 671668
414251 299172
461268 102929
725123 392560
852995 306408
506436 830088
818578 782043
460345 63084
250756 869036
242816 710272
333210 653335
548100 349246
526212 399552
320439 6790
564156 295080
309370 927018
885000 560272
696492 652771
883173 837171
550998 896650
643707 822790
843260 617576
533840 712162
302010 791956
393241 693872
41021 654742
980856 508080
620724 288450
19555 198549
750795 162676
846999 609520
580080 308375
833115 439717
712336 369018
273360 370368
795366 830566
23483 194950
221030 412746
409625 926496
191204 588528
725552 261304
783995 26838
685454 24824
519816 15075
497207 620415
514724 228418
863697 973580
331355 210586
105108 6966
478248 228340
173340 856394
270220 852489
740036 753085
476387 907184
246138 203360
164452 444960
8192 139584
327771 50100
698280 107242
1519 205752
262 89 82
610755 385768
711527 801616
84476 546694
198690 634531
66154 537540
432568 935660
273054 451640
655225 903746
369632 717388
306758 293668
96008 70500
556552 742254
702246 192032
622952 224484
779648 416523
934345 826624
433480 258913
943974 636995
609645 748748
725658 366688
349320 904730
528992 433960
326520 355884
375460 624276
201224 96754
914830 223251
139895 58300
720910 354128
379506 76229
532700 347600
546090 547096
631270 809378
368484 243822
567461 127474
346311 846260
845242 296204
799705 737364
236121 24880
18706 287975
325390 337775
79466 365786
689436 303378
805812 362000
282486 775810
306142 363815
27080 98472
708625 43905
733825 87760
935340 8160
751706 118364
624555 560712
304856 412766
70080 671382
843792 325808
893589 473871
950747 168116
815184 951242
131542 156292
806613 294856
617580 537279
50499 409177
313936 196710
721922 255373
99912 60450
846990 865308
69040 709584
647596 244193
329067 701452
940728 998260
702018 270982
540735 539375
937493 997440
942920 921599
905450 96120
974316 919028
670852 667594
175660 603588
477372 902954
690332 832956
162040 867032
368992 687504
796000 4749
77742 272728
869894 809378
39214 33240
278274 943137
282570 841072
115490 320418
751992 39615
337048 411950
735784 491414
18732 927280
300671 453004
526500 24773
614406 603585
311264 629440
306448 872348
84750 51146
382080 129600
136026 639000
613951 204648
495951 142608
603928 345540
241420 461872
742184 80680
120820 150930
314134 334501
961688 914550
531904 985749
285427 79232
232866 282630
587008 575465
480720 873696
391375 726211
913470 560544
213120 79416
201236 816590
459714 456856
211966 194024
15212 694887
238178 831388
200674 786060
142156 947072
423510 81235
160119 886696
120470 537290
114656 437766
400270 340486
273224 776960
684160 767588
996433 716485
258752 602400
7428 211451
287581 497536
614575 460678
231185 444030
801734 842522
327180 790663
27508 103213
382284 766180
769141 190456
932272 81384
213727 341520
765923 245512
873006 126624
581858 531870
777716 58802
757662 208345
590023 6612
766902 897210
155006 9865
749720 873211
107276 249709
984934 51836
926123 475543
487040 534560
981564 663910
814335 636393
786971 255960
425996 59454
569408 387610
710820 319856
897582 885412
136192 639136
330746 917952
692040 512504
636216 22342
822836 43280
967788 48000
196498 17121
159500 118778
427776 605600
356722 737704
527550 82244
203075 634192
792398 694868
233728 839790
681332 204892
38160 972622
313560 594006
629810 249972
73957 832635
283587 192634
181116 342562
424535 621080
10490 904093
879805 673186
113038 621703
852446 364434
974080 960329
140656 600727
961630 190215
244842 289650
651652 632612
965512 222582
469568 430050
478332 925603
876404 359530
8162 99884
981696 998690
938290 888220
583540 498120
721683 723280
694826 577444
167444 935488
538256 58815
738600 815707
229716 805216
335150 704986
437855 995232
90400 385762
715840 257986
678040 994899
703330 552546
249777 353995
687223 679392
601300 151244
145528 361366
922184 221040
515645 534400
693045 452764
898248 31645
67440 536782
999993 644560
950389 661042
519220 567695
896000 878560
202875 860671
201581 794907
932204 913104
471557 934017
654946 421120
337750 27948
813964 555184
629974 779986
992840 294616
18900 85392
825792 294921
755584 169917
562500 746328
418648 868041
870200 830264
692493 672266
298900 219023
836745 906752
873960 631002
882800 284545
425428 692741
259479 200190
136462 959257
669432 252608
769471 9067
88300 209927
864818 460845
297340 295872
308600 987140
880092 633207
31795 586067
203840 766594
124840 41463
356864 38163
29259 992868
57338 398362
852363 444475
407959 18032
667760 974880
472522 178891
10337 382993
172070 23568
680050 343608
318459 169180
463400 697714
297408 401215
802365 698968
548504 667520
234620 3752
852420 769786
151769 378670
153545 254490
869844 817808
138298 546070
127685 568634
411519 459378
957332 298672
903424 768844
920738 672680
33693 606744
303180 542832
669570 277260
685579 325805
529810 420220
766507 805003
154520 58973
183833 715712
298520 939750
46715 978488
659745 239742
157221 613488
205500 965489
211349 174624
11924 56090
367448 263699
685158 261560
803200 754011
242780 497432
324040 4460
400204 661016
826343 215072
313442 576156
833500 530534
747232 212792
614175 521064
274867 354851
645298 513838
735106 546480
616634 687020
371685 781158
242682 629974
64576 707932
574419 754528
459984 446178
618943 609485
184733 305080
57540 600427
829970 837700
273780 504188
414069 133504
468467 780000
38882 138842
467266 920270
630520 333826
937552 413790
436782 124900
305083 897566
778650 639332
359384 521418
113778 392059
585808 638908
442050 923758
591154 163706
951960 635860
248693 643511
618152 383440
178755 331030
556916 723682
663096 944030
294432 711881
332643 974400
83625 671970
613856 833781
839163 623264
277 61 46
471344 230116
265820 904444
878338 865508
605422 564470
459848 863976
264592 714873
673576 825945
62566 210120
85824 554158
36 914940
711795 292298
647273 957032
583998 763740
512225 985934
32320 913520
912124 776000
795339 593336
986292 528624
167835 387036
591884 123780
333798 117066
691074 813500
782535 687160
802287 824488
975108 95155
966683 378528
460450 995804
565924 754024
703063 335929
941130 775756
457309 830940
213327 426528
131083 98906
588260 695050
727315 526604
520406 636347
286858 23420
172796 23380
73442 304411
10902 384540
27926 745248
875652 207316
33334 676860
531800 585882
15368 904938
491861 632871
565690 521890
963290 67830
900851 441780
290660 372104
192544 142104
961725 239680
781480 367781
873804 217675
879842 961415
631322 930285
285270 405908
477422 947938
959370 990675
753424 820318
372834 790272
303148 40745
495500 897720
107872 73765
996188 814875
650510 734288
427499 86973
835795 473794
503773 50792
959490 321293
73360 773808
945808 963503
761808 608860
789224 254780
843808 639068
185792 978260
394080 430322
30702 22566
46635 853065
327894 75583
154405 958176
117740 194153
994098 512416
446468 703085
131250 414048
190620 461589
944758 98246
111882 71594
757642 329908
374465 557590
594718 235727
161854 785856
173534 422450
419326 716542
447031 729360
254048 524910
410810 99720
914380 235954
478180 904648
239325 266110
1212 991218
241104 257580
666280 349048
839600 919501
417694 119542
123363 528788
112970 960832
929868 471075
482208 906075
417550 21277
326483 642132
428400 211632
282726 146524
665953 552320
205336 577300
200402 298836
425342 902524
846230 139760
958584 388411
120910 780700
688706 138554
121946 283712
428128 549618
480650 463352
476395 128870
502008 316888
787600 315868
937637 272371
119998 422218
919230 621016
909440 14460
903986 774784
156968 182325
451744 314545
632696 196961
388254 390760
605808 127348
931570 181120
386100 226240
888040 166561
724698 278375
710730 842178
969186 854503
636076 837358
461360 424492
302756 717323
922520 914240
172555 351481
141656 529735
301354 413888
495300 468532
620760 326136
379848 755660
789156 445991
137472 522020
441462 901439
366817 643036
624960 898960
428078 38730
747059 638785
316016 71192
40818 869841
825365 554444
547820 612130
372547 225252
410506 903012
981876 831015
359107 716116
251154 444089
790876 608008
952964 539120
637367 307720
283212 815468
360456 685352
917568 683892
406128 753125
541245 506752
788253 178744
889236 654236
31882 475768
929833 424605
663920 187767
750948 214682
329152 472520
420069 728640
160780 456846
440747 619285
805200 817288
830744 68790
511400 785500
402719 393508
966908 112860
162094 652224
491108 771884
636366 493784
344500 976332
614815 912665
658150 996485
402624 711572
896774 394906
41760 768448
758781 942424
611304 309988
712090 7635
540256 831744
801223 915310
933381 157756
654302 645505
738032 653060
849100 839390
53055 618080
143291 704656
752647 168104
750440 108309
618000 945062
535065 580123
22031 980020
147140 548964
597901 901114
189452 678142
199167 194920
763484 451968
292282 953820
13856 509376
57394 724589
276350 46776
477408 688725
623367 909152
955556 608493
770164 689420
211052 615122
942317 785150
47266 769950
941242 580000
239180 834596
229252 451166
995555 692642
97788 256136
546352 388085
482296 163283
218918 44320
889945 293030
91780 180995
211396 286230
643348 371168
448770 168808
882350 716230
822513 619288
604832 283623
963560 273290
914592 644945
670502 792621
360396 667046
627060 944575
889853 19153
130157 944153
719238 602930
568125 220240
140144 918250
863888 363776
597607 231397
832080 640905
262850 958878
342160 220562
648192 843034
325068 710570
240294 930614
991424 404730
806736 464088
824427 790160
44942 762892
560044 593246
98367 161024
922578 120677
387754 696424
946070 867144
582806 593355
279421 401868
161645 261468
825248 259430
883726 884489
854480 844137
183551 898725
708255 214543
535919 614680
705920 206420
786910 204539
282315 53440
244550 936104
267384 768480
886384 236170
66728 267459
817920 192560
382835 106365
205552 373766
339845 543517
745089 436750
585652 775998
498065 943065
173408 509219
203610 64488
787878 490591
218653 1822
687732 449437
31312 11435
679896 873000
378849 846129
634424 227760
163493 346424
735886 601396
350468 600726
761568 252952
175328 488499
861427 833815
18856 145758
242274 964480
448644 315820
389994 444458
553918 940764
344000 281432
848310 192711
326346 863077
904640 821320
167972 117041
35791 566408
872055 194562
49248 689618
497852 890240
662380 447238
752756 485715
359360 58160
410472 553813
494550 6234
124808 719945
197490 48644
169595 313296
201298 675440
259200 502936
272 77 11
938682 390040
386960 532806
192344 287731
38773 673254
615808 231435
264466 801588
316640 345781
442933 696902
391950 27552
285200 630276
66208 855804
918709 266932
222982 924012
953872 254222
88148 664960
281272 969875
903400 954984
692960 576808
297632 889263
138888 206616
10332 45362
125257 759036
224996 23520
416020 955772
857440 904890
617528 602175
859176 244012
520334 950609
125758 185280
907167 473972
35672 77147
565723 308352
699240 227869
421668 813408
844482 641648
488121 77860
253602 181436
224754 620086
550247 101472
952658 837194
791554 926733
101600 139840
371600 393110
125456 859383
691008 859076
586784 682498
896000 300345
143374 515532
377642 913600
189900 474892
58862 222856
12352 387992
139150 898740
435404 579826
116117 661520
302678 220816
589257 516384
665622 950020
713688 499344
987708 432685
2864 333879
957626 86540
387532 937190
854779 709900
544158 284580
121448 822250
795160 214814
884017 183208
132840 340952
196040 953280
254170 292875
878593 782140
631364 223455
442960 681711
698294 427880
789518 404842
456300 951880
329445 860008
898722 30688
35250 931480
756996 403304
987327 516188
356950 699682
183740 306872
328184 802168
381725 527304
614508 625724
687158 846842
959120 953050
545336 670900
123735 907780
455148 36038
934235 743688
53460 304868
694070 985436
510725 758024
740993 338436
923692 848600
551771 829284
722616 227976
765989 236380
631420 585160
988414 263008
96398 902665
218316 401056
772778 579573
258546 544030
279383 297570
495250 706450
254400 753824
954475 518232
844884 699412
65690 420965
207127 574944
215032 982300
425880 4477
212857 171416
808544 653184
891481 365750
977930 831776
591059 225472
783709 781010
889776 242229
264576 283400
594150 106236
313940 790476
729530 817113
954734 92990
366629 854710
57496 299744
819300 619300
876600 336936
309644 833328
139652 600160
773862 975720
996141 39950
176350 112904
300766 789077
445650 79312
693567 916850
185699 507214
876520 911521
90685 958804
335051 676032
145670 327419
38550 837593
780636 101922
592569 200499
637140 325928
816600 13734
154516 461240
142582 229928
548625 298470
374936 368520
897943 624968
518961 550475
570589 436990
912888 420515
344775 862830
849040 730950
583764 189540
209760 488576
403200 264193
194000 900750
410625 75028
424036 666424
779500 137941
346214 852952
667220 675581
703343 547992
533000 396420
192186 263770
856152 383140
844098 287327
454961 569340
22660 104804
941296 98240
192450 526591
858856 773016
197932 902380
959228 89437
737968 585222
60525 518000
470700 794553
518888 534774
618625 656495
387034 894313
799700 731488
494124 616252
747112 493184
547234 826366
740824 169660
21944 998605
494976 31616
126240 573447
850231 175684
594864 478528
651630 360590
178680 326791
910041 735487
993112 607635
543085 440920
534416 132084
74944 948618
627660 539888
652928 156310
576898 60560
500144 371849
510650 942754
98621 932036
807740 298680
261158 213936
643172 182720
410960 704164
622060 463464
110188 113872
421252 253390
948804 405220
717904 540185
137010 152036
796042 187034
874980 732110
493500 511250
573466 778742
40846 414690
467072 641610
468492 626950
76048 52929
588238 847988
952700 903392
826944 770380
53497 137484
256076 936460
482474 797888
250796 720919
340985 202375
54669 118207
336610 836756
343768 788614
920130 876088
933768 39828
770588 878184
842454 869596
618316 562926
750456 628438
546787 455496
270033 634503
120759 52719
540191 776120
939346 87136
228036 941382
799630 165010
956236 728484
778325 695824
71905 496864
925733 327750
155440 309530
108584 239768
898799 166061
654046 802108
444576 705310
998290 857389
105096 915344
987525 333776
393462 985260
130280 112903
610307 772561
37520 389413
502468 283994
900200 442000
264320 422402
71498 318756
293712 860953
749705 4722
139480 831916
50284 392994
275810 449029
219887 5787
438078 557872
263664 140698
298422 61733
320738 896800
348286 525021
6592 12377
571618 269080
821950 339040
559261 11872
662320 81380
789700 788090
595120 60531
674965 12347
164672 769640
810095 676228
517029 780031
378816 804422
372878 915398
338100 516780
821910 144640
384572 208920
376284 539100
276831 913235
146120 691390
102880 92046
480690 748272
136663 673350
978656 659920
280393 181475
446000 351270
485640 613008
516659 885985
933388 229803
590768 884331
292352 25420
869978 382819
866193 811020
480916 80260
933744 475952
25382 720621
933895 430795
495916 21562
84395 751088
431883 910472
239996 876145
454571 767750
723250 253125
141120 826358
900589 673963
106580 752983
410884 89278
753916 593292
65596 409920
400695 838032
64892 490140
548969 746284
540584 290632
660290 655032
486387 581568
175361 627790
328461 206144
65346 135640
536720 27438
571090 683000
542436 270254
72053 335746
368128 424403
658280 737780
81248 8110
131773 732910
874560 8230
144 45 97
110471 817032
712678 138896
302449 210796
742612 297468
798805 703446
144301 937841
480605 698480
401513 743079
145809 810950
119255 939287
553026 752022
852140 37500
805800 312764
695275 44784
903060 554790
76668 628140
642395 143800
551649 253067
480597 355274
302476 225600
595881 152504
959921 690562
606260 394030
638022 183208
418265 682069
573343 522850
212770 141666
311808 556364
141310 215168
924195 360624
782438 476525
975128 976164
237704 317984
9733 918708
176700 880008
949204 252742
452872 126960
863310 940102
695736 769900
437500 990545
792516 820687
701950 919007
765200 711888
535282 278284
250656 272218
535692 554432
669122 631108
460562 181984
95334 824096
724432 190424
792552 559448
315058 753502
396565 412006
267600 905009
879824 278235
418514 578700
3020 455578
634928 993578
813632 133267
156960 469464
652176 281511
524422 770965
657496 646800
339474 923165
315487 209424
781817 381800
601424 329686
342616 331881
711288 55685
486113 709600
434640 347700
262805 81218
947840 268064
17888 502450
231250 914784
879374 942068
640272 748470
857540 782840
554344 83721
599072 916240
659130 590636
971824 303562
736395 413697
673804 789588
105219 419648
249412 46616
31144 861676
773970 369100
273200 60390
418950 561650
899165 49564
967250 23140
556337 53953
718313 72935
559370 217476
625300 56630
170200 61313
284904 412908
364144 792948
680 928048
823076 216032
966410 273951
752661 422112
464000 612372
712937 655455
409860 216268
95964 350480
825640 836214
208419 898350
324680 485620
561812 505400
471497 370548
483382 819307
378554 24225
642112 487056
780240 752960
614138 897072
970447 695023
638056 692140
927506 603104
137168 101742
517128 735437
140982 945260
932726 31290
941294 528680
588680 614764
737174 540590
538020 605481
746524 156879
75624 663868
591908 628313
523507 701440
952496 673314
109253 398936
636622 643520
591705 417642
454698 673292
213733 503062
62200 463395
415660 75810
466337 399596
628320 842536
383170 799696
968552 780051
300100 944370
178762 83806
484620 471136
240300 946744
671880 791050
481460 339692
233872 345208
639374 893512
380960 456551
78074 611786
955007 656800
480748 940431
276380 600640
55040 860440
11770 545764
852328 709680
139678 961048
115127 31270
507406 265388
238429 167070
419496 378064
91432 201340
544000 957956
512512 417918
620820 392539
116111 89852
347430 200882
451494 946061
864432 601361
95301 536574
451605 946050
249600 162160
607765 378024
259243 437093
124272 486058
352424 48266
370863 659592
747696 86176
257710 696556
32034 846675
588880 111386
499948 139480
109244 819334
303684 142600
280372 811476
344 82 21
243829 227874
226245 902428
412816 427411
974597 362888
292971 372584
903074 752425
671257 918345
624034 20718
949352 514014
739168 441500
284732 88522
63680 492312
353040 936088
540204 41940
348570 332386
487100 946320
526907 947741
106320 358925
131808 930482
217958 590692
891438 743300
97900 19242
923518 29538
847976 928765
568346 859720
215600 944450
200696 519800
357697 462640
110125 118030
923647 677202
551840 13400
596908 468920
756584 663880
790931 761283
500850 542901
558282 252384
143506 43780
810200 700488
489675 572830
782456 392952
918976 869550
896656 773640
172325 448083
524968 252852
497700 200046
806580 515898
127980 250980
175916 556050
946005 956765
358963 465400
757318 489600
298514 150190
942580 40987
532088 353612
775736 5740
430760 800860
529012 930144
505778 597486
307008 64973
695090 267016
487584 545920
336337 845375
249912 218985
571888 166098
641033 546958
408252 650824
160452 113672
988184 67352
217700 3348
737698 671552
815500 123010
650448 556428
135 297652
879250 204990
525500 118151
31160 834133
566104 94985
622244 689656
122488 660520
460818 931544
693768 708185
542890 773042
568176 748008
626023 948384
208801 996502
100090 874700
171737 174825
254496 344305
819829 566958
879312 277470
449080 179110
792642 76128
361168 205360
936584 253216
783680 748575
119510 656560
493422 568900
170434 547981
9287 251050
469632 731976
399860 208688
868810 781284
437264 324352
235322 183150
779740 377426
459232 671564
989225 747406
496313 524635
306245 713540
583200 311260
417444 461948
79680 5233
717500 119025
190706 408736
718592 566647
481004 219650
22552 947455
625600 951120
384276 140630
28702 589594
713564 723693
789210 898975
459292 806475
441320 584124
716994 637490
479400 153714
332266 79300
549856 3764
294277 837352
466010 724610
55317 962188
183008 920182
757544 397693
561803 98700
891868 339584
208830 855120
210774 221420
692224 866670
329040 726704
463092 764124
60271 342494
537542 206946
496426 458232
954101 539000
830183 189845
541385 328460
887200 423810
186160 415899
829780 995766
245561 682342
69078 41968
299400 266197
266704 988615
389240 734350
817020 820862
903547 40002
179352 783815
77390 845664
279222 300944
139655 914650
217976 113436
566550 798992
360720 79080
912593 949616
938823 91494
198738 620106
160400 468000
404407 522962
529496 860474
936252 548366
951180 305585
674090 700930
698444 926982
677156 276792
196748 309152
728499 48350
999724 818269
463444 344352
1182 592571
949210 346192
74720 121130
578144 809278
387952 80624
536563 300382
452311 625659
308969 452391
22024 253780
385976 277905
947104 349440
426128 853972
129778 275604
257160 196775
350038 799371
99112 198052
237158 880888
698188 2192
552488 167910
889369 525198
51994 741380
522208 545346
379408 513781
780455 438532
303443 432814
633956 582142
335648 53988
595238 784320
374896 412272
190304 962965
214240 379505
697133 254332
64591 25408
157692 860978
766676 347517
196878 957262
312096 388832
636271 271273
601552 725972
408000 69855
188445 336392
391256 416320
122216 816168
627380 279028
454394 752780
965599 33428
636542 831301
126144 255220
341950 995035
581246 193776
387160 204000
142400 259425
748533 924296
45348 507100
180192 360710
584154 467388
940440 975248
935668 461516
59628 995595
432000 998094
996500 263070
768624 783574
212504 529905
74874 14227
440536 694770
24054 625881
442576 211094
576643 872375
623692 790922
893072 928430
89124 396860
634720 19271
955904 99185
526748 106858
588920 292830
286862 803904
306872 739832
98328 313765
538242 243776
945275 315544
451008 174162
936007 73899
800177 749919
577400 821595
536940 975760
85255 261066
519642 340628
475502 652400
204810 737048
890125 178670
561498 801383
456410 45750
650410 251800
736677 910427
169538 593133
318642 997360
203034 236196
234282 999581
865933 774348
779560 448064
61104 529382
302700 170990
853580 322800
290016 333291
564371 809126
172320 418426
486330 54404
269824 336450
237540 644680
419258 342134
39783 414432
737716 567696
185716 706232
548139 653396
753808 663613
800717 494360
359247 680450
154394 437924
458200 313299
527509 323925
577380 460398
182200 961212
329800 142004
854022 332132
840204 998710
101071 902292
438810 544093
389646 217578
83394 699802
636308 394142
315864 428424
685394 180128
919826 64451
306245 231706
509326 161136
146000 175711
828953 807020
512372 570910
165198 13634
382650 607332
460932 565850
450720 832128
583216 157367
619689 569821
576562 146946
689376 603200
766518 526393
362880 119538
957858 867200
223945 219056
35040 896896
358200 69755
110001 372625
218652 919762
616498 40556
260978 181000
665752 352840
184332 732650
417258 821545
581664 298105
397834 955405
601656 967888
450750 363031
846704 280264
223345 516442
367976 166012
590182 247348
104248 606359
69150 517280
597242 270213
794432 121875
834175 371589
318159 357784
647884 290768
647536 138672
405488 341535
182004 247258
742268 182688
775915 226632
537544 683470
293568 115448
467140 805950
684454 616492
628672 725831
553177 376722
72640 371504
158736 283062
812256 751912
599926 620828
709558 265340
545620 536595
210100 374878
758918 112300
712196 508370
251072 883339
745000 850177
215020 756587
175970 743045
866514 703455
249587 13278
889388 546564
154192 242960
55819 52381
615830 584976
6550 446896
895734 469505
9274 504576
809301 520133
109922 362675
194940 413355
744600 111510
8900 173300
535340 102052
846696 882165
245288 435175
488272 467744
584218 198736
144048 392824
4146 381228
228468 305868
625273 242240
356061 859522
439960 214452
144192 382884
516688 666792
138614 289529
217975 222705
80600 615094
178413 371823
687455 732556
490690 282852
470658 813154
777930 254056
793507 845500
602260 474716
341490 732048
284950 508514
701240 642829
869178 660536
182759 252262
66357 79210
493566 561280
746160 814212
836800 355640
150032 716248
857036 634457
141254 659890
711694 326972
292 35 35
931360 363070
871376 148600
999010 688250
674638 264264
478730 424209
423229 483456
785602 986510
2830 249200
389175 551775
972654 996240
896162 795676
978320 657000
848190 262436
970176 987904
947744 611000
377202 702554
535525 584418
719396 621692
131740 64176
96800 466028
970905 467118
658752 620352
185873 619685
457220 779992
562986 664098
689416 699676
911362 495739
484096 813985
156343 641573
373927 259810
26058 937021
731508 221564
541492 709105
379316 332827
473072 875244
716628 629874
131045 804480
557405 551046
609175 884623
769184 395805
17232 418888
114095 482815
933506 694484
947372 949205
264775 495328
238952 475617
573600 856174
22480 962496
595300 836076
686990 906732
702574 851845
243628 58942
470192 768448
471463 941291
66180 318506
562376 207424
744550 217349
965500 858071
532715 914592
392315 123958
213648 438150
556118 457595
81680 929902
838312 996697
599640 456299
100818 250960
890016 8568
365324 151230
682164 466123
52160 51156
925852 762954
462699 656468
275927 775860
187046 625922
704259 59697
764306 677310
702300 295620
687500 933820
358912 115330
330128 67725
435954 7367
525010 643950
371090 425155
127032 743872
136967 304096
75389 361697
466280 286644
444518 871101
947352 135421
269404 790300
735040 509376
933940 215831
610312 577728
212062 578592
781116 937256
828312 731384
197680 344000
678424 199086
416922 328868
387702 684104
789800 160337
449265 917658
300758 54252
658120 941056
425832 3307
845448 16125
221872 675312
990891 179272
750459 848460
983050 327264
976573 623658
433278 453905
251320 78462
909192 118142
943488 108284
241525 276378
27226 420800
265440 797720
89920 820021
664860 472884
686259 13774
405390 38645
204000 633895
455937 911620
761201 441381
116008 723336
290538 67870
453253 345920
635560 145784
841149 942560
498694 734602
112110 179386
158786 219112
748570 915920
195445 713660
80619 999098
486178 321829
201985 722062
850247 986360
709870 852200
768814 850179
239975 468320
941664 458112
692140 875705
686752 760971
509918 293414
378896 845584
667375 599516
536924 747234
220188 101566
52006 744264
618307 53984
730873 803592
189448 678450
293728 993000
567380 329938
139979 359862
916680 962973
856228 868018
74720 950340
417152 986025
611680 741500
934452 362252
555958 329996
500948 43060
34525 541295
942444 143960
187474 238290
793325 377586
243505 650264
623328 12020
861774 148196
821775 972232
617256 480171
783705 725560
495412 391556
911600 289795
228366 68908
247114 479853
29548 977418
903692 898316
716395 830220
17696 706240
321226 12211
776440 454795
632672 929168
597824 331478
191140 133832
160708 762459
258856 194922
605410 318791
700128 614324
480653 845646
467730 659642
22304 228272
627755 931716
949552 859367
141712 457107
537067 43482
565190 505000
472905 806432
612252 304840
65036 338080
510073 577694
124255 426872
946593 674784
147708 533478
59342 392132
158750 752056
992560 260895
50925 134159
455072 95808
243280 579656
719477 884272
350220 774744
509666 747179
219214 163234
230156 117865
221759 136077
119860 174560
247288 526953
994230 649894
504408 480326
144215 771705
368099 410938
190079 598038
244640 751770
579082 13750
598212 936560
838641 530827
690734 572400
172690 807985
573480 94232
253160 139990
65474 889808
544174 761575
706931 306260
102008 748469
93125 14612
899500 475560
175221 332660
999953 621205
553976 185088
158125 411140
714616 614700
79440 643157
535921 140430
115026 940144
198460 9984
752526 486368
365609 543216
847470 135845
861617 93768
726584 303608
833020 559892
880303 682828
165854 60766
729811 48905
169908 175562
778163 181060
731284 718750
703586 6410
50128 617879
221024 315478
82384 853300
544618 826641
94404 758670
995096 324727
583855 591724
768888 120616
997488 154983
97884 489799
10584 346812
770239 981840
586430 320600
350850 104268
117801 660376
499840 119
85112 735920
960190 203692
399536 193900
810528 651618
369048 34511
854168 976310
88999 988400
980131 85164
219952 29104
96878 776286
185110 916744
387163 460060
298578 498474
167355 490925
311696 456248
58295 826287
704017 196050
118729 293940
482960 4569
738110 595730
942249 463470
531968 759200
211500 908076
105104 720032
50875 619117
387768 640728
639828 820848
624156 590200
711750 677783
322300 823296
990640 304086
280942 179210
710050 450880
785356 670150
901824 889478
771984 540124
249912 971136
648060 562814
96432 114368
652529 858496
236560 305475
172920 90720
522890 747186
604160 170310
276328 969340
161470 583284
56318 746339
130160 139860
655710 933723
360 87 99
180432 160165
574246 88356
830292 569497
693960 401402
960059 506783
751753 564160
106106 317185
997630 746593
327092 367504
707636 394522
67232 612000
117672 205630
606394 849104
970280 429868
710803 13320
390508 237905
268219 798380
818911 12645
254600 846144
436576 820680
454568 617532
293356 263176
106988 908173
50827 844483
974141 841224
670374 901440
2880 74088
618964 525392
988700 296788
493328 102550
641880 91104
851722 314568
575376 924560
975768 641476
576225 893125
778152 430566
626284 345405
877000 869240
890013 85748
79894 551484
829230 66829
350734 105540
550552 667206
113344 436400
527195 581940
488383 991830
587132 421497
153680 80943
183536 236400
312456 995458
207740 804444
223040 877045
653354 347566
393216 782478
918475 431136
283213 987673
70704 413670
636770 11957
145751 392302
389464 267152
199140 113380
627242 432398
51674 327511
907410 543352
566744 677900
842426 676774
400752 690141
592640 248240
207970 677136
972743 892685
869600 238070
798032 62130
435106 283355
58043 488192
393794 920340
418384 85500
773390 539773
978546 699695
189609 291560
992920 97655
36860 292500
656455 828257
43667 748750
120296 855999
801036 821520
45962 450360
2141 233420
65325 8100
968866 967125
877524 736440
456497 959890
80393 23598
188888 223070
31544 641670
283908 685310
230185 44004
649670 887640
981840 267052
346808 910633
592758 480402
480588 356124
440790 572015
426609 252420
293992 445818
82219 534772
156024 625459
916567 963608
73523 958798
344808 128800
805648 521936
178290 999472
751976 140189
548232 834150
331386 635436
780588 944578
923048 501280
647915 451414
117687 429810
737000 421768
318482 200836
829920 369840
575380 889596
608325 683763
825471 854368
775234 906365
761752 460160
573841 920762
990475 582416
545693 140138
897153 715175
176426 238590
595750 721050
734040 643379
179650 704284
161250 49128
493082 152040
160680 6990
324508 319662
779968 104398
98472 37736
336565 906386
648800 581560
610100 386624
158032 440880
86290 785498
370190 216000
627760 481532
856022 743520
655401 631262
39744 255086
958688 421432
162 110338
368144 666050
579286 151192
918643 459482
181506 136203
697985 345551
820332 826420
591303 257421
22640 443005
235916 604949
142447 81980
892360 756125
259876 239058
553973 72885
891760 588256
305437 46080
498490 578475
784727 901990
592741 696390
716779 613820
559770 346659
833688 285646
283196 346145
438785 484515
792352 251000
114444 394559
585420 291058
367492 314300
45512 280725
759960 840898
516705 961905
375655 547817
883060 734147
953204 651466
148288 694980
979300 890969
65877 194132
349830 830024
230607 264942
641850 957620
890936 99836
22750 87658
854940 705048
122880 416018
440592 21752
873306 957840
77952 311656
685792 555128
976700 691512
251776 625218
429529 851368
798528 576708
141740 27625
33800 669060
764210 531549
687452 235362
984720 590772
897287 202824
629084 541624
995580 478800
13501 724899
106324 444720
869378 894944
950797 461723
499130 745730
833107 278430
833140 887620
613570 147776
243832 466388
92323 11020
261061 742478
833466 831880
799153 358326
452091 163534
389038 48405
196110 689313
10360 475670
390625 748544
849340 374336
275088 332112
873100 369340
508656 535585
792385 798440
927178 819887
349180 142700
971272 382153
981436 963887
228094 969101
786934 864739
135452 801391
716004 229192
417676 73364
978142 90940
820839 90146
840392 558325
784528 526628
21504 599716
265182 62559
595332 401982
382260 427024
106592 923783
914092 623096
527552 467904
996384 383136
906647 198599
972691 918110
453200 397083
671173 413970
328900 198186
176732 308495
702678 388035
54298 836654
101250 408640
949750 203115
987661 706756
853337 706990
724800 778156
293884 536464
220680 721856
475026 799599
453704 294956
499176 899136
60970 845176
125040 480434
754232 467680
162140 447270
794599 510150
548700 356476
200036 373608
935512 664115
628086 608979
404549 451925
17359 740960
116866 264128
84960 370125
216336 607150
107860 739610
921268 618640
435962 50600
335452 174864
388630 976814
788101 589589
182914 336949
531288 631092
787615 920058
100200 360000
459494 160358
425078 943176
599945 530800
370985 565952
103776 819908
797248 962170
66872 135888
430840 313210
573922 782176
187700 371618
36355 543773
465929 695639
955894 188961
807755 53230
901902 845500
897878 108636
674190 574968
957176 205112
568204 345842
326087 326998
587891 918672
35700 163004
899200 45422
841568 681233
583480 221350
711817 517070
730544 746736
641738 176484
669731 222632
258992 323840
880209 106576
452045 7540
112152 761728
84738 852180
217920 499328
414734 562736
500588 52436
466585 290632
632548 393624
226426 998453
820392 859752
407682 135594
614998 692175
72375 861120
516020 348364
444756 785236
966520 434875
503040 186960
527046 507382
226600 260959
562376 694852
840962 697648
756085 38402
521978 659836
865430 550876
94845 438544
980740 648354
80404 25448
849564 278666
924750 447162
707457 701756
734276 913801
4621 814280
386875 603786
193208 28550
602580 661227
770001 302905
436504 732313
865745 323176
163850 565948
833726 427396
490728 848253
900288 495290
528550 200632
451873 326856
904336 509856
771680 657648
753620 645962
519329 772696
749374 863536
26880 198360
213635 136729
289400 7672
862060 477640
385136 795998
451288 913886
125248 503550
241468 340993
383440 920960
25875 364219
545692 883103
386942 349750
422936 790500
318224 607120
842592 211258
840850 203492
971780 381868
983601 471500
285200 53792
147446 882720
280664 499447
105241 896241
59408 782268
397760 844485
613432 954472
669764 209455
489584 597640
525687 683512
91896 852016
35839 201930
923710 554156
709919 418114
315496 600635
426591 12871
537488 766569
975070 511400
234640 148070
186970 759459
275760 837837
521335 843674
65664 20203
212560 414142
970187 680256
975130 490710
73550 698960
903772 155550
877488 778422
328740 36340
364560 402745
642112 721912
495746 668915
391616 64044
362850 407776
272340 29920
213664 17094
750292 643600
723420 852688
870189 352033
443064 853770
593720 613836
298225 792092
925168 99210
892840 658198
635892 595810
345468 400227
587478 11546
111000 774848
844336 856985
991212 567230
944899 871682
298 33 69
458561 177340
832256 764385
473617 76598
137307 312500
654416 428710
209954 974356
346392 380592
151248 941043
620923 147294
41503 191230
990135 420772
300209 86698
818822 541716
699244 712734
169496 750968
708976 545900
114554 157544
21368 615110
931444 124816
46914 742101
806214 724500
181576 383028
591511 166008
138648 157906
441190 270560
651595 9003
122605 410240
239928 47600
377058 24718
917587 923182
166104 109424
782256 733073
161152 444076
222491 605024
250320 37205
448000 638249
775338 493200
299112 60830
135653 921302
829415 468068
475098 42290
914656 953971
951017 69764
228544 758952
120500 901251
870959 716772
83981 452765
181865 753360
5585 578422
607140 673350
232026 824148
903012 430336
208723 677100
996495 325792
980080 109088
369233 185428
998660 647616
365350 295192
932597 314423
997389 948016
948465 725660
820464 5750
77038 931776
681576 503372
96912 975281
405990 516968
921603 787871
594164 997976
764219 999942
628946 844917
14015 862322
69152 760468
622179 303160
267120 876210
40280 476966
889480 344292
340420 552520
947244 692795
51586 78204
275766 681948
195400 616472
706801 97762
316929 951015
514524 854522
116992 913357
69850 722576
908635 47788
226255 725337
150288 729148
567074 380996
360688 822320
940312 309193
20000 566227
906245 54576
902530 261501
757848 268893
725891 238360
480645 372900
600173 699150
79040 743190
829460 601332
865380 867100
886976 295414
286755 556352
209426 465366
623852 142592
582222 818576
26851 275519
353424 508901
84341 59345
259512 526968
310976 941546
911975 307657
215560 995409
280310 273540
559453 103630
582800 412788
214515 562068
151354 185500
488772 262704
422465 499682
100652 32253
506296 287575
996960 824165
1210 557780
986472 474758
648084 204404
63817 163136
341676 278472
185063 469400
19574 298801
998528 354659
502535 294224
527819 958730
880976 523394
301000 413212
435304 225056
767280 568263
915876 799403
643247 44882
777583 1066
623530 459280
526395 289550
219310 513730
105837 142268
806800 478050
83813 284882
271144 411684
6497 567568
564400 478506
844895 48300
391600 314150
98755 947500
503634 907122
56111 257140
431056 55320
349500 862428
98384 256860
136243 162867
592784 794836
838766 613337
183666 959616
598890 413550
340660 145739
939375 497165
576761 293311
410341 706980
892428 728602
446078 806168
934510 141840
761944 482110
232310 844462
281048 581750
679060 858356
811840 753360
102176 828442
264640 603748
759672 853772
252914 156126
668924 298500
701983 432600
723440 625016
161400 989462
755745 282340
718928 130368
921453 931264
870222 327276
897816 20320
260870 973805
934258 117806
498460 288338
560035 792540
55832 838439
882500 312252
577613 996214
926720 177131
109219 805867
452840 326040
774211 84645
778790 7114
723754 287470
291342 516168
749152 425370
427684 232900
133620 304976
514545 674120
718416 71080
130064 436950
366736 615606
771356 468146
969132 568680
41852 378264
48786 104616
563274 175004
872211 735904
123770 399174
122544 600640
391986 160192
637854 590500
304532 254552
704702 611512
939600 37440
752497 599192
816510 440528
131104 361759
547795 854635
646055 414089
580932 60636
514295 521774
521428 706378
49660 903696
58276 935205
13540 915520
814599 973492
31326 311454
675821 808790
511065 303143
531020 508440
703751 486416
7874 809544
277148 195584
185545 231792
977235 985320
819922 281465
174042 459336
415200 825608
178991 46228
907060 545187
357560 812095
960929 300378
824782 946220
865584 299384
198285 634030
310897 529042
125568 857925
2144 310528
94084 838606
656193 242948
30336 492203
414920 159336
635194 170642
414727 534016
378160 577632
738072 812900
988368 843162
654021 101152
984550 192182
983950 995594
358220 54189
423303 295110
487590 319386
608326 411632
562880 76250
713360 776976
639400 551690
615445 144852
894096 615452
800968 630808
323015 173888
67160 92388
153104 757616
297614 868204
361520 611680
302000 530339
330936 733056
504426 349482
884840 226248
739109 148160
441366 872640
107721 62547
243953 109100
531875 672800
763620 313528
65817 172940
976461 742875
872760 703208
49980 528566
541176 607280
357984 561368
586942 326900
245231 2194
888710 877578
899200 163625
397120 57536
973815 567706
769332 382414
687052 927120
401645 485520
870131 412747
838200 123024
403768 756585
41362 770740
607984 140156
378335 985760
918572 846425
739140 279774
240475 818820
20220 816964
580682 757153
321068 416350
856555 704416
994833 333880
557376 628807
664800 725176
687630 926304
983040 880355
426240 663280
310280 132875
158660 920257
381717 641984
75520 92438
372 51 56
975104 597896
569655 868072
255816 927223
168174 36320
403300 121840
552068 596572
451064 373542
991448 684004
317920 209400
775342 749700
23215 980552
887848 938558
662148 205317
864127 434955
457226 235640
544535 533097
964934 264420
866252 140688
43534 521844
76645 382648
977340 759400
893750 115800
789908 231196
260828 481504
820790 728252
10914 560710
190613 349968
845623 597428
330614 424532
448624 106624
260452 604751
483228 636950
966444 219332
50760 605744
760724 548536
220752 214404
881150 213123
354300 873929
523708 948823
820625 926260
434588 503435
971916 971923
746171 678722
980237 169100
817560 426960
243520 467208
920460 703453
346732 113396
188831 87970
299276 577745
565317 793670
884824 561890
291140 244392
383006 365706
824525 819652
236300 58502
576950 114584
567994 591456
482719 458052
977155 295849
197192 412530
883678 369708
50896 759631
730786 850750
84374 915406
888855 680302
215593 205040
981460 56382
941939 895673
330116 737126
953482 725254
511580 85350
281110 858430
369315 44461
24131 619476
299660 27077
469640 376425
876832 88464
793173 887587
672512 997285
339040 517970
450594 223375
97270 481505
900170 477485
966190 164815
579585 661578
348776 777514
721733 133120
123495 96128
127767 16377
750220 188846
437848 750376
34440 578636
411127 58236
879080 735075
459248 71750
992880 230436
198640 823366
257514 489240
154855 454618
779832 850300
264400 48792
121534 186666
637356 827727
778760 576080
880379 763613
606344 361960
433279 194825
885928 283054
144366 440230
586610 875788
127789 387740
291012 605650
47900 8388
845755 9898
862340 879040
390186 945768
859280 624315
733020 89635
832297 400740
544992 640966
456236 490698
712040 555472
614084 606272
796320 259610
590811 117888
34340 427391
121775 809160
603815 609470
38831 470180
3910 434276
792048 98976
118328 782643
708788 978528
656310 589670
760502 464271
834520 294300
166280 696895
737079 791856
538400 293729
547044 921774
155176 95172
667060 447784
907771 170193
559010 143336
22646 20446
109302 688118
237960 278234
502985 590038
930000 475282
748475 245265
923455 674364
136680 245896
428020 48496
785517 881334
650993 750668
68368 842988
350430 484032
878606 120503
326552 465452
378941 593200
521440 357245
208844 172557
953339 228064
641469 350890
574403 334500
36857 180256
323854 75080
552976 4744
410226 507962
241034 405260
431694 887280
325270 71948
927602 994098
393027 327125
463520 947200
810640 196206
315674 56600
181862 130849
163360 594167
190744 148029
751340 328921
948550 757525
615888 534694
314141 249620
947068 976416
659651 509216
359416 104612
432797 334544
58208 96744
811664 41703
151263 71656
404168 191260
376799 770980
445856 481325
358824 568312
248585 127750
501428 158674
184038 134978
730137 466312
365990 841360
526400 951440
703774 328055
96400 63024
542882 660912
600608 479750
913970 974079
957042 743725
477899 471792
154400 685570
301707 57552
878894 289599
207400 606685
837648 179408
622210 249910
232590 564159
876107 813809
478840 900590
212800 675665
550160 638713
160824 593741
4269 55239
959356 931451
479107 550656
581176 741426
745576 400426
25316 669966
176870 928921
709794 419895
342146 441059
490213 69978
157358 575832
802200 878336
623824 53435
300528 852482
843489 608480
773773 461248
719290 400804
13500 6176
388902 193373
439516 490092
521038 937792
575010 592000
805562 67790
574334 770990
941790 389196
12404 802480
874423 382384
297452 217208
920865 60238
197330 676580
191784 596483
913166 609939
634020 713108
289464 798439
285895 902376
997430 83648
460327 297340
171012 445394
875712 746496
31048 925109
909385 205259
262582 360864
589156 609936
385696 787537
381756 333585
574524 729380
358532 615031
495024 254088
638170 44990
242268 723712
155960 927705
817632 573896
729432 527280
125769 160814
329096 802560
802302 840976
729356 332093
879142 801216
469760 8006
819496 175284
79216 202116
502512 234980
597140 773590
250197 728224
350537 512191
920400 80255
820466 203220
905316 536640
11448 598906
809267 815515
618990 730926
267855 662152
946710 273910
659670 20259
179744 257416
317080 164304
721762 93889
954906 733252
732895 831520
82656 737672
922045 263316
814790 802229
575638 931929
916668 197460
410912 427032
356950 584190
410138 749089
281468 97411
444320 755372
572731 509488
340813 325419
200533 725180
548856 537724
793098 750763
217065 816844
17032 529770
459132 173268
44320 543999
616103 470499
990740 801765
959527 977946
56622 363240
187829 172242
919950 316750
945013 77120
8275 551640
175668 773589
911238 141192
321991 284315
509700 476965
597372 711190
273510 107434
447295 851500
26234 59875
461020 460629
511968 975790
383286 76536
316128 182266
767200 585700
396212 24814
996300 505607
887008 251436
280554 239060
121143 778711
657075 368830
152494 502410
165200 528040
82174 189266
874560 91247
234666 548787
18738 242001
336220 223511
213792 652467
506232 186443
646349 213520
685952 176170
916066 539212
850104 586388
106053 214848
499712 93147
539071 189248
337477 679187
368956 549638
355472 637488
928160 797472
898448 709500
52180 281704
253342 202280
587480 59461
185884 608512
369008 701160
845904 167424
726500 930535
48596 941885
829870 531125
363750 309112
556680 727436
337497 898810
459092 686616
359847 693300
819428 282875
793848 110994
13040 26716
24623 188202
524470 956801
623817 734988
183552 551600
892612 321280
574880 82572
261920 740650
148688 171869
551542 99180
94578 782366
414251 588800
229315 956807
926196 747431
678250 792847
919289 501245
134512 96955
26166 635474
208800 115644
731324 873675
48705 2897
464183 432797
620982 754076
141650 841533
687135 12912
558865 847656
197936 270645
838212 179842
233653 83690
720020 889210
462160 221880
358440 554895
849964 341090
922024 234917
273480 972456
845696 317072
149784 76925
481678 603840
569437 103695
705058 840214
