20
233 5
1 2 8 5 15 4 9 3 14 40 18 49 34 60 23 24 29 102 52 45 6 47 55 25 17 33 101 12 10 28 26 44 88 36 79 32 19 22 119 38 7 51 93 53 21 37 111 62 142 61 212 109 82 120 54 30 156 189 146 96 63 129 190 231 105 180 92 150 77 155 169 76 103 130 116 220 182 178 42 31 84 163 108 41 232 201 228 218 203 175 118 104 183 179 94 86 195 68 233 69 132 200 67 89 27 16 138 170 209 48 211 213 194 159 184 217 174 113 214 83 123 121 66 127 208 223 158 106 57 75 98 229 185 167 198 136 215 131 20 43 13 225 181 160 206 166 152 134 81 139 186 222 59 188 58 73 197 196 153 99 72 205 95 141 137 140 221 168 154 114 207 87 97 157 143 80 173 117 210 35 199 202 100 115 78 46 191 50 65 151 161 135 187 144 216 230 128 147 125 204 74 192 85 227 11 91 226 149 107 56 133 177 172 145 126 164 124 219 112 90 64 176 71 165 39 193 110 171 224 148 70 122 162
146 7
1 3 2 16 29 27 11 8 51 18 30 50 9 20 5 32 10 12 34 4 6 73 129 96 68 44 121 72 17 142 105 145 47 117 61 110 136 77 139 37 39 69 38 144 118 100 95 127 64 53 49 137 119 23 21 102 126 133 98 92 131 120 57 63 143 93 76 125 89 19 40 107 46 33 45 48 140 114 83 82 134 97 78 84 62 91 41 15 81 88 94 13 99 28 26 25 80 31 60 109 67 59 22 55 71 35 112 106 103 116 122 66 56 128 52 141 14 138 132 111 124 42 65 135 123 146 74 101 115 85 130 108 36 70 58 54 90 113 86 24 7 75 104 79 87 43
159 114
1 2 118 146 135 82 53 136 44 128 69 24 145 134 147 104 13 66 71 51 10 48 39 14 18 81 37 109 127 114 62 150 87 78 43 138 137 149 124 41 107 21 119 116 113 67 132 58 73 59 15 122 8 45 105 23 121 72 31 143 156 50 38 68 22 157 120 99 106 19 112 98 52 76 93 108 9 26 11 125 90 115 84 34 96 46 141 102 63 70 97 5 54 158 85 140 12 55 16 129 153 64 60 28 126 25 133 17 154 139 32 30 33 83 89 144 117 65 47 61 74 155 110 95 152 75 101 111 56 123 36 80 40 91 20 27 86 94 142 49 29 4 57 35 100 159 79 148 103 7 92 151 6 77 88 3 42 131 130
233 8
1 3 2 7 29 63 13 4 8 20 59 91 17 18 15 6 9 39 10 5 52 11 27 26 32 40 21 24 16 141 205 162 153 229 167 101 83 33 56 38 136 186 132 206 108 159 119 195 129 78 218 68 112 89 37 47 22 111 110 105 183 86 96 193 128 72 189 114 61 73 87 147 191 219 124 122 99 163 25 127 74 202 69 165 126 131 71 93 125 188 187 130 142 225 190 149 181 203 118 55 146 116 214 79 170 81 138 41 166 51 145 44 104 134 36 185 223 226 157 210 49 103 53 216 115 70 113 231 31 100 148 164 90 45 150 14 75 227 84 58 200 46 220 98 178 177 109 175 57 42 135 211 23 168 102 222 199 65 184 156 82 133 117 215 97 60 221 77 123 174 204 172 158 154 12 19 92 194 155 143 140 67 176 232 64 161 80 94 180 144 171 50 179 197 207 208 233 121 228 34 62 212 106 120 196 66 76 152 151 107 35 54 48 30 85 28 230 213 224 95 43 192 182 198 173 217 209 88 169 201 160 137 139
128 3
1 5 4 2 19 9 24 8 29 7 6 3 11 21 58 40 55 23 10 80 62 51 26 15 17 33 44 32 14 74 39 30 18 73 12 54 42 20 45 37 35 69 22 63 119 68 116 121 76 86 88 117 28 79 85 56 46 25 126 118 91 120 123 70 122 107 59 108 94 53 64 49 16 36 83 27 47 82 38 98 60 52 71 57 109 84 31 112 113 124 90 61 97 65 104 34 103 92 48 50 105 93 96 100 41 13 95 125 78 43 127 89 106 81 101 77 72 75 99 111 87 114 110 67 115 102 128 66
233 4
1 9 3 2 7 16 24 21 13 14 18 4 38 6 11 33 19 83 60 34 10 75 29 48 52 39 31 71 79 58 27 124 26 70 49 90 20 157 93 47 40 37 68 65 41 43 22 5 23 103 100 64 77 67 8 61 12 15 91 107 84 225 57 53 44 193 101 25 94 139 128 88 116 142 206 195 63 169 221 92 36 133 117 42 17 197 179 230 104 191 86 115 187 226 182 168 120 123 105 199 80 158 125 186 50 174 194 113 146 163 82 132 161 164 149 205 190 166 126 176 175 81 62 32 200 209 231 171 143 220 222 127 216 208 165 76 87 85 98 134 54 215 218 154 178 233 118 112 196 192 185 232 172 160 130 211 95 223 135 74 89 224 148 119 228 212 188 183 152 207 203 78 131 181 137 150 102 114 170 109 56 180 219 46 217 147 51 35 159 213 121 201 129 214 210 111 45 202 145 106 136 162 108 141 110 229 151 69 177 173 140 184 122 189 167 97 73 138 55 66 30 227 204 99 155 144 156 96 28 198 153 72 59
209 23
1 6 4 5 2 14 3 18 8 21 43 65 45 163 55 100 138 118 174 157 164 104 24 79 169 110 196 203 152 200 122 39 114 42 22 54 66 61 183 53 16 11 40 7 102 136 44 125 209 128 78 81 173 165 75 111 188 70 80 186 198 191 85 33 119 51 176 147 10 175 171 106 124 202 207 103 57 170 58 34 29 31 71 96 129 93 20 195 46 182 9 48 135 121 115 105 82 154 99 161 112 178 74 88 73 63 49 144 172 177 92 101 38 27 52 132 194 155 148 151 113 199 90 60 98 28 139 162 19 127 190 159 145 140 32 26 185 168 156 109 187 184 189 142 150 95 166 141 134 146 25 17 15 64 94 56 86 67 137 153 179 91 108 72 117 206 69 68 143 50 116 30 62 77 35 181 167 84 41 36 59 76 83 131 23 192 149 120 87 37 208 193 130 158 205 201 133 107 197 160 13 204 12 97 126 89 180 47 123
233 1
1 2 3 4 5 6 7 8 9 10 11 12 13 14 15 16 17 18 19 20 21 22 23 24 25 26 27 28 29 30 31 32 33 34 35 36 37 38 39 40 41 42 43 44 45 46 47 48 49 50 51 52 53 54 55 56 57 58 59 60 61 62 63 64 65 66 67 68 69 70 71 72 73 74 75 76 77 78 79 80 81 82 83 84 85 86 87 88 89 90 91 92 93 94 95 96 97 98 99 100 101 102 103 104 105 106 107 108 109 110 111 112 113 114 115 116 117 118 119 120 121 122 123 124 125 126 127 128 129 130 131 132 133 134 135 136 137 138 139 140 141 142 143 144 145 146 147 148 149 150 151 152 153 154 155 156 157 158 159 160 161 162 163 164 165 166 167 168 169 170 171 172 173 174 175 176 177 178 179 180 181 182 183 184 185 186 187 188 189 190 191 192 193 194 195 196 197 198 199 200 201 202 203 204 205 206 207 208 209 210 211 212 213 214 215 216 217 218 219 220 221 222 223 224 225 226 227 228 229 230 231 232 233
233 16
1 9 28 17 25 15 7 16 37 3 31 27 2 4 5 192 107 138 101 114 196 11 22 201 80 82 156 99 34 119 68 178 231 216 153 86 48 180 232 137 139 29 211 32 217 126 181 145 218 204 188 229 73 158 55 135 95 76 174 124 198 150 54 41 26 176 127 185 228 173 111 223 113 129 142 213 106 38 35 140 161 164 187 49 197 70 66 108 94 78 128 96 233 167 36 51 120 112 155 60 230 57 168 87 14 110 166 40 8 131 200 227 125 183 45 93 98 194 84 100 71 42 154 157 191 89 202 58 212 50 102 64 203 152 172 90 63 209 59 147 72 160 44 62 177 215 175 207 171 104 159 69 46 20 18 136 199 33 13 141 10 222 189 144 146 92 116 182 75 85 47 170 149 53 81 109 61 74 117 148 214 208 77 56 165 39 79 30 186 133 43 65 130 195 97 123 205 118 12 134 190 193 23 121 132 162 221 91 169 122 67 206 52 24 225 83 184 19 21 151 224 220 226 103 210 219 88 163 105 179 6 115 143
153 68
1 2 3 125 78 139 101 53 82 35 104 131 136 44 84 115 138 30 92 116 66 111 68 50 124 113 94 126 152 109 24 121 143 110 41 73 39 105 42 153 112 133 69 22 103 149 16 51 12 100 76 106 43 93 81 64 87 17 14 32 128 57 38 11 134 25 5 58 137 150 129 74 88 85 40 36 95 96 10 83 7 18 56 20 107 79 135 65 98 67 29 102 23 47 145 52 33 59 120 60 13 130 146 142 70 123 72 80 21 144 147 97 118 15 77 62 90 46 4 27 141 31 28 34 86 9 140 151 49 108 132 148 71 6 91 63 26 119 75 61 127 89 114 122 99 45 55 37 19 117 54 8 48
175 10
1 2 21 15 57 10 7 26 11 14 5 3 9 19 29 6 4 8 173 31 28 137 88 106 33 47 174 105 102 23 73 103 80 64 25 34 122 128 175 149 72 170 144 130 95 120 61 107 134 58 100 119 67 62 52 40 71 86 161 172 116 114 69 157 38 90 99 37 75 156 16 60 133 48 113 81 125 131 45 30 118 109 160 147 123 162 104 97 76 65 42 96 168 50 115 111 153 136 167 17 151 164 49 171 155 169 142 143 13 141 93 145 117 150 20 91 12 84 154 98 124 63 59 85 54 101 66 35 146 135 18 148 68 165 152 92 158 83 55 41 24 89 87 36 163 126 129 74 139 43 78 110 94 22 127 112 46 56 27 79 140 108 39 121 132 53 70 51 44 138 32 166 82 159 77
116 9
1 2 8 13 28 23 4 7 18 3 10 6 12 84 97 15 98 70 65 107 92 90 56 113 112 45 108 51 111 99 64 26 89 66 17 80 67 85 72 63 54 30 105 38 53 79 39 52 50 69 49 81 83 48 95 60 35 21 43 42 93 5 32 116 109 71 40 106 37 91 96 25 104 110 78 44 29 114 87 75 103 47 20 101 115 74 68 9 31 55 58 62 82 86 100 33 36 61 27 73 59 77 57 14 19 76 11 94 24 46 34 22 16 88 41 102
87 207
1 85 62 41 5 68 26 21 83 43 49 32 65 29 48 75 25 50 58 76 38 12 60 4 17 23 3 84 56 16 47 2 70 10 22 86 14 61 51 82 7 35 59 34 55 66 27 37 9 45 19 72 30 8 42 11 46 71 20 80 52 33 18 24 44 31 87 74 73 77 63 28 15 81 13 39 53 40 36 79 64 67 6 57 54 78 69
233 32
1 9 12 3 6 4 8 2 24 183 40 113 184 181 134 207 205 23 10 161 209 69 35 137 152 13 74 164 142 103 136 128 125 114 102 99 203 70 50 216 44 163 182 160 110 231 88 56 52 195 107 147 217 89 55 46 47 39 85 22 151 130 132 194 172 211 145 226 121 129 26 21 192 190 218 100 156 31 189 170 20 143 228 119 158 116 123 16 141 224 61 45 37 38 33 187 51 153 90 71 34 59 186 65 54 131 97 29 159 232 221 79 42 93 179 200 72 17 149 68 171 175 106 225 148 204 25 111 30 215 201 96 91 84 83 155 213 117 75 196 73 86 94 126 146 127 230 208 81 77 144 233 53 112 197 133 19 169 188 57 150 180 41 18 174 11 115 48 98 140 199 87 80 212 60 193 202 120 154 167 63 95 7 5 168 229 227 162 76 28 220 177 122 138 67 223 185 49 58 210 105 62 157 36 191 219 118 92 104 108 176 82 178 64 78 198 43 214 165 66 222 109 135 206 27 101 173 166 32 124 139 15 14
139 99
1 2 73 106 64 47 71 12 35 24 38 53 7 96 93 27 43 134 126 118 45 78 41 59 54 16 99 36 6 42 135 123 32 115 63 34 98 116 26 138 136 19 8 72 66 86 132 51 37 58 110 31 49 21 48 113 69 77 57 121 15 127 137 13 122 50 52 76 68 103 20 91 9 61 39 25 40 108 4 101 87 105 30 17 22 102 65 129 131 97 70 114 14 94 120 90 82 83 33 5 117 107 109 124 74 119 139 81 112 46 62 130 128 29 44 84 125 133 95 18 104 92 23 89 88 80 100 111 85 75 11 67 79 55 10 60 3 28 56
116 13
1 23 8 6 3 15 5 2 9 16 26 105 110 78 103 67 53 58 76 37 81 91 102 59 99 84 40 90 114 75 50 85 14 25 32 45 108 52 20 12 33 77 21 69 13 43 11 89 62 71 72 24 64 104 88 107 116 61 112 86 27 111 48 44 73 79 80 63 28 83 56 47 97 93 92 31 39 65 109 74 68 98 38 17 95 54 106 18 7 87 41 60 57 100 34 82 29 66 49 94 70 19 115 4 51 55 46 36 101 22 10 30 42 35 113 96
116 4
1 2 5 3 8 6 7 78 57 32 21 10 23 17 38 4 13 30 37 16 34 41 14 9 28 47 27 15 26 113 88 107 102 76 103 86 93 53 33 111 63 100 61 31 22 66 114 44 12 82 58 72 51 116 90 55 18 110 81 60 56 87 80 25 109 77 115 24 97 64 49 36 39 92 48 112 45 99 104 73 20 79 42 62 35 84 68 67 85 106 95 69 40 46 75 19 11 105 71 52 65 91 74 50 89 83 59 94 96 108 101 54 29 70 43 98
116 10
1 3 2 15 4 10 17 14 13 8 5 7 19 18 9 69 21 30 116 34 92 60 87 48 77 98 37 6 59 72 88 73 86 76 51 68 61 50 29 104 44 91 43 113 26 28 22 101 105 93 45 12 33 80 112 16 53 90 32 27 109 115 103 96 99 75 84 49 24 20 114 66 78 52 85 102 108 42 25 54 79 100 82 70 41 39 97 40 35 64 31 106 110 23 56 83 62 111 47 38 11 74 71 95 65 58 63 67 36 57 46 89 107 81 55 94
233 2
1 2 3 4 7 10 15 5 13 9 8 40 11 18 47 12 6 29 14 16 17 26 27 41 42 30 24 25 50 75 103 22 20 59 31 113 56 81 23 21 19 38 37 33 128 65 35 45 64 95 57 39 32 36 28 82 44 77 88 125 112 118 151 127 48 84 53 89 70 150 107 172 132 66 92 140 119 54 34 152 43 96 55 131 83 105 51 137 100 165 129 94 80 144 121 116 79 90 74 193 142 69 143 46 87 63 148 91 67 85 108 213 194 123 49 99 170 101 97 215 185 214 174 164 135 179 201 230 220 78 58 222 126 106 73 163 155 219 130 177 161 159 111 209 190 216 205 200 71 232 202 208 188 184 171 204 117 102 72 181 178 146 68 136 134 62 61 176 167 169 149 139 224 60 196 199 175 187 122 192 182 154 138 147 145 160 120 197 229 189 141 191 228 98 86 110 183 162 109 231 203 227 207 173 76 217 218 212 52 226 153 156 104 210 166 186 133 115 168 198 93 206 158 225 221 211 233 223 157 180 114 195 124
116 41
1 6 3 66 116 68 83 4 16 36 95 19 10 86 41 54 5 77 96 22 47 94 76 21 67 71 62 84 27 15 48 111 64 73 7 110 2 88 53 92 40 70 37 34 105 38 43 100 18 65 113 74 30 79 63 102 99 90 52 13 25 107 44 58 60 78 31 57 50 33 114 75 12 26 72 98 97 80 106 108 112 8 109 61 89 23 42 45 93 51 46 59 24 28 91 49 115 101 82 69 29 87 9 56 85 39 55 14 17 104 35 20 11 32 103 81
