553
758856029 -119053362
-199191563 -744775627
-706825162 -432986308
-925175967 318254378
-32776022 -545171882
-560603417 -272977115
-521319502 -485650864
769863753 -694548654
69838107 853540814
582981054 -95630334
966038153 432678813
-398489847 397139058
-674833641 829623420
700054298 -974120440
-824776261 831068795
-873712252 978940648
208016250 738115781
454940453 -194418477
712137832 939038572
65248386 -916444666
687184408 -950844049
441621498 -943699141
761152105 -299297923
-859866361 -991040103
926590499 411359634
-483135755 -690360943
724735121 86157091
584462985 -84850101
102137131 -31531938
-173335032 546027596
-604887287 -774996759
684900637 856575558
296271234 918369611
-15092677 258199110
-267922440 -397156609
-883316681 -956334143
610056480 863261900
-689467987 -377645821
-979937386 -836638187
23850855 -799472034
-201304288 -848471290
-20317278 212626019
123438976 -273113246
663326549 907613572
-140468229 588804213
-712208706 529760098
-274796015 375835329
-901243660 -122207352
815861165 -551976078
-377169848 458132892
230364284 505978311
-794852358 885993887
802278925 839220959
981966884 351569774
-926180879 -301926856
-656486645 -785187467
407564208 680500527
-858406757 -890703170
119597597 91255215
-719229995 -743360598
368074936 52861675
76801529 670066397
-682535838 -687218551
-66268272 -198998283
660333781 -646534563
905848356 -959563148
-260583330 -146789594
783053944 496122609
-603414768 -367776266
63258165 306428506
-265370195 -242184043
-54475002 261476310
586086946 -357492651
-796401592 976891958
361411614 893574467
467705218 841044608
-792813447 132202744
-242400951 487117123
270533315 961000427
783532694 -545216578
620041109 -149118848
-948286931 277513701
541967165 -736264245
667968726 571124668
836459799 315928563
850707901 856944824
252739026 932287891
-662127572 -834452540
51141201 315062153
189484968 -874278156
-531322989 -131787876
711237981 134691585
-513703378 572933200
-17874658 -145702530
-753727577 19981671
-643471096 -974681469
506837122 58597971
-708088326 -353199677
867981856 179843449
376340438 -156692296
963639706 935600517
425857232 -493170325
-909100306 -405234591
-30476645 -592503486
-672735369 -470126563
-741753636 -210098666
133098937 770614764
-450847346 -460836129
586943043 -486926422
405060856 -132559282
899826532 -539303182
-546769040 -603592735
-864184503 -385539759
-390447477 342839114
803346937 -407133003
-355605940 944237659
-797834483 714901816
-734915390 691199059
-841268867 706795059
32499628 478256553
-691516374 -89214226
666369203 247899917
302344850 306737518
235030319 243973238
-715379921 -403035721
-949178469 565447749
158337942 -896165904
475722168 -552466573
641860726 388161753
503201603 376448560
104008675 802831945
745040129 -883831370
236723329 -603167976
-466712908 -916212158
-553054646 523136335
-827836993 282454663
970498727 256597067
173870101 176994289
635290332 952543305
-276182169 339918377
-719797783 -968439522
-781800602 -766244213
633677482 69159105
138431060 185615518
308288467 -615173044
281378693 919699177
-507127376 899353447
360075969 938848993
576928759 798547433
-806037208 -256571705
350593833 -896351188
550437549 -799642588
213684901 538963855
-511290208 -323015111
-824004995 -599285509
-13824366 -926030199
800137961 -241977869
554005262 322141641
-555182359 -861786067
-388491862 -773069183
178943905 766930670
441836225 348309089
-755742679 835363015
-64491088 398288695
-515428821 25885981
-562091830 -284079673
822689999 753089273
-155221061 -249130002
985666293 -337042950
303538221 240421580
224978407 -654094737
-727733190 -286736434
867527843 652148773
50286069 -267340589
844897333 -991662689
-39267150 -651555433
550858513 306425304
-454755661 -29922283
-395925297 -738773383
-862797738 -480857357
-525934758 798423286
224595368 537271446
407451118 -429635984
407104792 -301951292
-487734530 -971356623
557936881 -431938233
129923665 -102248216
-497909575 136981748
566973400 -448381967
-864167101 -689285150
-411176293 -11554475
-886265486 -718086908
-606649844 -611161916
-813765124 -224551236
74036306 387266699
-936118000 263396559
564518393 566147464
-635945607 -12588181
447482950 939909844
-618222039 214531670
726677080 79641539
-275315707 800188717
-68046423 515675524
-130293911 540738891
352618507 269920351
-279563815 645135781
118281746 -49866844
155390488 472984193
-753718223 -722810256
-180005354 240455666
-794823068 9758162
247623912 -648738780
431121986 765389632
767136398 -818882857
518574588 624343625
-703056947 481999438
812801800 -400324327
99344156 -585361872
-628397776 -996565703
-661374079 -789148015
244618758 -81108694
245058137 -36718921
147219654 -919764717
242963057 -377083918
411707335 -101664321
-30382572 -939234334
-670180540 -87158130
-389476583 283432970
599198757 -857702713
825289874 -285948159
-48918689 -125675607
-607057133 345948949
298617445 -796691684
303189613 -414443857
-936389490 -429128120
383031309 800071361
266906739 -632795979
-883577656 -223161068
554976677 -167444190
43508748 -166080993
-35914022 -658045041
450989371 70907454
-644364293 -7053314
-991338756 -367133101
387541359 -639452086
658293807 -497418791
242312215 91063086
-820383645 -416352562
-64663257 393217074
-46678728 945234657
-600062026 -653673266
366930189 162603760
-112455378 -758217615
-801151453 457341005
546145259 -379906705
-12102689 -957892938
43056523 -117186832
-942678586 -212704295
-136449457 166025609
64847228 -375136978
279496119 749871085
320875635 -840935636
-549879819 -487618065
-144393712 695341475
-806030233 -284916390
-515979308 -460311308
934145161 -412842960
-350785675 -641019596
16156762 671151326
-854306679 -188997929
-804484123 569406159
994121756 -332245910
-18843178 -454437555
-302953074 523915693
189670076 -265693149
-10825537 720114188
207483662 -796998671
649568845 -390134210
15081742 -265728625
-558505273 -850655589
-169469217 -203831666
-51641230 -57068860
127861274 427856918
809215149 -63600881
-734374437 -288175105
984189502 354258006
-739443297 -308371314
-856183088 753179618
-558159977 499971065
-31279222 610431496
620491276 -74314621
5493013 210111441
-544638347 -883385124
35801249 -980394592
-459907363 902795033
-452401286 138883883
158577906 950380668
-831771801 -505759812
-359011269 -686296569
-685616063 -252211329
608985700 393960700
-491697230 310284981
763576708 372991050
984403895 104573743
-981540397 -203854779
152283199 -571776956
-974708476 -528149865
189955045 -851968382
-474923870 616863544
850322961 -872439243
-707494899 774197756
463465794 50801673
996057597 62857872
-737475237 -452672392
-342508239 500538031
-763264304 17221420
974341343 5259014
-88441254 468671383
938802876 782481677
331276761 378905795
677816836 -794923028
717101586 522868415
962188447 -743491290
-521027252 -733267413
-351083237 860142120
666020260 -234878316
909825499 -860850895
-144780809 -403198877
669265353 -704803389
-706355600 -14005603
-467954753 -683928577
-26904908 -187600056
-404620342 830656256
404011642 687532198
382481515 -483619463
64175672 178719809
225393562 562817614
-540155889 -187209674
-69541802 504368228
-84080706 936039018
-988253594 -563087939
451940149 -770248057
143957965 -457381536
-325868065 183352329
-709606326 372672886
571853701 -157579084
303292 418265148
-497676543 -638986047
-453889612 646545902
-995851485 261013332
-879068965 -234563436
-809371964 689797940
564692799 -454553219
-599970980 -439887009
-835827792 490641193
-154740810 -211243935
549989264 521021330
-930001793 729664775
394754201 286890338
883625078 -706275886
654084942 -93890252
-373742502 -180163021
-949219143 421857128
-847594777 -733419068
-112195965 -459682621
530705610 134815522
-599248850 -425830831
-981861896 944544780
-703562130 127188315
63813369 268309840
-650103309 -121833651
936475701 -743444691
160331856 273303030
-859933633 -946314725
145950979 165929058
-279917234 129906046
449974031 511865245
876465322 -252289802
-305815652 -93222322
340418370 350551537
-400897420 -191364332
-474042788 488960966
-65912285 -118440929
751778148 -567137479
731275717 801186348
-624103717 59123452
507472891 684819024
27659271 919492151
234265746 -903462053
-39663164 -352119284
-455509078 -13106176
-354195500 -366565710
-7523346 -634002394
990986719 -847354764
-655308603 -74750518
278096086 314854249
-422358576 -9585196
-668889246 -183794495
537278412 821515357
-899537315 730275491
660775143 -908237615
716252042 -743231933
969604687 -307923859
-629632480 222127012
-759309987 -612278211
-970087963 -968701088
-898261130 -110319885
-823254395 339286213
879043842 339287124
857542366 251394894
843822623 626613656
452379582 -455040849
-342330029 -47368889
-147944423 685592362
375548926 -225936628
254300175 -407530852
-493330756 450348355
385333131 -955991678
763543694 215667982
-625073029 -587778348
988607103 887838342
527794635 446231922
901660010 295059077
-526989116 774159798
909410300 -476008025
-18581031 -514856839
98477833 -198901935
657135120 556079175
-430826042 -174518831
-690081224 -888934151
-604669782 908228748
-184068101 75931952
-585067477 747901907
535383678 -981876205
-469741142 -453907650
-790655678 -126660918
890645015 -238903911
-600404159 186384193
771095028 365219545
888011330 322632072
-587657331 -781996919
-587631787 -575047568
766650892 -946440228
-125822581 672754233
-930691263 14437528
-130811903 -956156987
-604654255 -229555508
482639198 360665052
783273414 -151956510
980091875 417139930
-629985023 492753228
57811255 638623940
-721863930 255502011
172693682 651015448
-443406563 451362252
-662587273 17660188
516121282 -274630750
820220182 -555098400
-882890400 -941908389
704128501 466192036
-639896393 928285356
351067163 540310089
-688567630 -148881230
-809492871 439296734
676275373 -760653007
148182028 -58577557
513284109 -188441973
-880501174 -279177110
-898692663 -558980032
621197128 349294505
-128854445 745219114
639579413 -539311001
-900305058 -905342958
27126251 792530835
-47254327 913120145
95907883 -990353725
966035610 847445746
933378545 -476046826
-171543982 888806492
795848825 955283564
-749402396 253403506
12047970 575773236
-161827939 -87742949
-243514702 -757803541
-267554736 339933678
-861180799 -138012639
469577204 895515019
-764757507 263139554
580882346 55435104
-709753366 565957468
-98295062 764925331
-800023597 -808436843
928537694 433159168
-114450866 172585132
-406880271 -69679609
308880970 954894417
-286468565 -4197924
-67067267 573458077
101264925 17159332
459894486 102954752
397707129 -979318670
-944986833 533716252
728341358 95772516
-126701836 -382101751
-499021984 -737192669
270067508 -122961919
-25153643 -502112826
-866369127 -344987327
518563879 -42874234
104521746 -915683369
302620940 522107007
-977378608 -862214950
331928853 -576062470
941271042 -628835508
710990427 -104470382
-996316766 437831949
746400509 -156036290
-546477429 550720523
-837300017 594934988
791318779 236738972
-665108943 346928513
-68365784 968357497
-7742802 -129203429
-713763403 -109886464
112668694 187327535
205164216 -452290886
-258503480 739476991
35117269 -431993996
527243581 622877458
112764660 -672501022
82631953 613881061
-243175669 630389902
64720331 -778899478
621689650 -574414885
-128091185 -668575810
-30003703 731410626
345468110 301900377
-948645226 847433152
-142082748 695114846
605417964 -529985982
-520089500 -42987565
193989134 -96816010
741908019 803157869
42165607 -47909289
-863722842 701737897
-283911499 722132349
442312335 274233419
622796901 -216811318
755090525 -280928047
237262330 -567624229
-194319168 566077804
-491836713 -541539421
-75927402 472204352
