300
1607 14546
-11329 -3241
-12946 16163
16160 -9709
14543 -16177
14543 -4858
-9712 3227
-9712 11312
-8095 12929
9692 -14560
-6478 -12943
-1627 12929
9692 11312
-4861 -16177
-11329 11312
8075 -6475
-8095 -11326
-10 -7
8075 9695
-4861 16163
-9712 -14560
-8095 3227
14543 -1624
-9712 6461
11309 8078
16160 -16177
8075 16163
16160 -11326
12926 11312
-6478 9695
4841 -16177
-6478 -1624
16160 -7
-1627 -4858
-10 -16177
-4861 11312
6458 3227
-12946 -8092
3224 -14560
1607 -8092
-3244 6461
-11329 8078
-3244 -8092
14543 1610
1607 -9709
6458 9695
6458 -4858
-16180 -1624
-4861 -14560
-4861 -8092
-16180 4844
3224 6461
16160 8078
-12946 -7
-9712 -3241
-14563 -12943
-4861 -9709
-9712 8078
14543 -12943
-10 -8092
1607 6461
-9712 1610
-11329 -11326
-10 14546
-11329 -6475
-1627 14546
6458 -8092
3224 -12943
4841 14546
9692 1610
6458 12929
-16180 3227
12926 -14560
-11329 -8092
6458 -3241
3224 14546
1607 -14560
9692 3227
-8095 -3241
-14563 -16177
-11329 -1624
8075 -3241
-3244 3227
-11329 9695
-11329 6461
-11329 3227
-14563 -8092
4841 -8092
1607 -3241
14543 8078
-3244 9695
4841 -7
-12946 -16177
-16180 1610
-10 4844
14543 14546
-8095 9695
8075 11312
1607 1610
-16180 8078
-16180 12929
8075 4844
4841 8078
-14563 11312
4841 -14560
-16180 -14560
-12946 -3241
11309 3227
4841 4844
-10 3227
6458 -9709
-3244 -7
-11329 -7
-3244 11312
-14563 8078
16160 -12943
-3244 -16177
9692 -3241
-6478 -6475
11309 -8092
-12946 3227
-14563 6461
14543 6461
3224 3227
-16180 9695
-9712 12929
-10 -12943
11309 1610
-3244 -4858
-3244 -3241
3224 -1624
12926 -16177
-11329 -14560
-1627 -3241
-10 -14560
-11329 12929
-3244 -9709
11309 -4858
3224 -3241
9692 8078
16160 3227
-1627 6461
-4861 1610
12926 -1624
-8095 -9709
-16180 -8092
-11329 -16177
11309 -1624
-8095 11312
1607 9695
-14563 -11326
-11329 14546
-3244 -6475
3224 12929
-6478 8078
-10 -11326
-10 8078
11309 11312
14543 4844
4841 -1624
-6478 -9709
-6478 12929
-6478 -16177
11309 9695
9692 4844
-12946 -14560
8075 1610
16160 1610
9692 -11326
-3244 -1624
9692 -1624
-6478 -7
1607 -1624
16160 9695
-1627 11312
11309 -16177
-14563 14546
-1627 -12943
-12946 1610
-9712 -9709
-4861 -11326
12926 1610
8075 -1624
-16180 -6475
12926 12929
1607 -4858
3224 4844
-14563 16163
3224 9695
-1627 1610
-16180 -11326
3224 -6475
8075 12929
-6478 -3241
-1627 -16177
11309 16163
-12946 -12943
-3244 14546
-8095 6461
12926 -12943
-14563 -1624
1607 12929
16160 14546
-6478 3227
-8095 -8092
9692 -16177
-16180 -16177
-1627 -6475
1607 -16177
-16180 14546
-6478 6461
-10 -4858
-10 6461
-12946 4844
-9712 -8092
14543 -3241
-14563 12929
8075 -12943
-6478 14546
-11329 4844
8075 3227
16160 -6475
12926 16163
9692 -4858
9692 6461
4841 12929
-16180 16163
1607 3227
11309 -14560
-6478 -8092
1607 16163
9692 16163
-4861 6461
8075 -11326
-4861 -6475
-9712 14546
8075 -4858
-4861 -3241
-11329 -4858
-12946 -9709
-1627 -8092
-12946 9695
1607 -6475
8075 -8092
8075 14546
12926 -4858
-6478 -14560
6458 -16177
16160 6461
-1627 -14560
-4861 4844
-3244 -11326
-12946 12929
-8095 4844
-14563 3227
-9712 -16177
6458 6461
4841 -3241
12926 -8092
-8095 8078
-1627 -7
4841 9695
-4861 12929
12926 4844
-4861 -4858
-9712 -12943
-10 12929
4841 11312
1607 -7
14543 -7
1607 -11326
6458 -11326
6458 -6475
16160 -8092
-1627 4844
-1627 3227
-16180 -7
14543 -9709
-12946 -4858
6458 4844
-9712 -4858
-6478 4844
-9712 -7
6458 16163
-16180 -9709
16160 -14560
4841 16163
11309 4844
-1627 -11326
9692 -6475
14543 -11326
-9712 4844
-12946 6461
-14563 -6475
1607 8078
14543 -8092
-14563 1610
9692 9695
-3244 8078
-10 -6475
