300
-88030 93
32128 809
-29829 -11382
82333 93
30966 -8487
-15617 28024
10166 30513
91 48905
-60931 61115
-7168 -31119
-3666 -31731
91 66148
-31809 3138
-31577 -4808
-13481 -28936
11566 30013
31991 3138
77295 77297
-31925 -1270
-63447 -63445
95502 95504
31208 7749
-9984 30513
31208 -7563
30011 -11382
60250 60252
60620 -60436
-53326 -53324
-8489 -30782
-12829 29418
-31577 4994
-31026 -7563
30912 -8679
3848 31917
-84051 84235
10283 -30288
-10101 30474
31414 6857
59918 -59734
-75998 93
-5213 -31510
30511 10168
29120 -13479
85058 -84874
-28938 -13479
32055 -2184
37650 93
7747 31210
29416 13013
11752 -29755
91 85356
10166 -30327
35236 93
91 -47985
7979 -30966
31047 8376
-30329 -9982
-2186 32057
80799 80801
-14989 -28182
5395 31696
-27840 -15615
42149 93
31694 5397
-8192 -30863
43540 43542
68339 93
-11570 -29755
10283 30474
12416 29673
29939 11754
53759 -53575
-66030 93
-8681 30914
-4810 -31575
-31946 -623
2368 -31871
-29757 -11568
-69802 69986
8863 30914
-32609 -32607
91 76947
59222 93
-2954 31993
30011 11568
15799 28024
31414 -6671
91 57808
8374 31049
32107 1456
-30730 -8679
39998 -39814
-49114 49298
11752 29941
-30730 8865
29671 -12232
-11384 -29827
91 -90754
77193 77195
15171 28368
-69996 70180
-55562 -55560
-82391 82575
-31873 2370
28022 15801
-31733 -3664
32046 2493
80905 93
32046 -2307
-12234 -29487
91 65226
45875 93
2491 32048
2491 -31862
-12234 29673
8671 -30782
31991 -2952
91 -99341
-28938 13665
-72956 -72954
89643 89645
31759 -4808
-79377 -79375
-89103 89287
91 65741
78395 -78211
33240 33242
31303 7352
-625 -31944
4046 31893
91 -70572
74160 -73976
-2309 32048
32128 -623
-1272 32109
30511 -9982
-10101 -30288
28366 -14987
-11570 29941
-91530 91714
-64842 93
-29489 12418
91 -65589
-31512 5397
-85175 93
91 93
-31026 7749
7747 -31024
28366 15173
-63496 93
34430 93
1454 -31923
-7168 31305
8671 30968
29120 13665
-28184 -14987
-30784 8673
13663 -28936
-81308 -81306
82063 -81879
5395 -31510
-11384 30013
-4810 31761
-31121 7352
91 -48488
31891 -3862
31694 -5211
91 -49499
-30865 -8190
70700 93
-8192 31049
46358 46360
31915 3850
31759 4994
-34723 93
91 85269
58094 58096
-15617 -27838
-3864 -31707
-8681 -30728
6855 31416
50205 50207
-31709 -3862
-1272 -31923
-29829 11568
-5213 31696
91 64175
30966 8673
29416 -12827
807 -31944
98424 -98240
-7797 31152
-28184 15173
58915 58917
-9984 -30327
-6673 -31230
-2309 -31862
-27840 15801
-6673 31416
-31733 3850
96538 -96354
11566 -29827
-29757 11754
-41755 -41753
-49947 50131
-29234 13013
91 -68041
-31232 -6671
-69035 93
32055 2370
31303 -7166
-31864 2493
-29489 -12232
-30290 10285
68151 93
-2186 -31871
4046 -31707
30472 10285
3136 31993
8374 -30863
31915 -3664
3848 -31731
13663 29122
-80706 -80704
-57712 57896
-3666 31917
-31709 4048
-7565 31210
13011 29418
-31864 -2307
-30968 -7795
-7565 -31024
-30968 7981
30912 8865
4992 31761
-96612 96796
-31809 -2952
15799 -27838
44779 93
-13481 29122
30472 -10099
1454 32109
-29234 -12827
15171 -28182
13011 -29232
91 -34662
-31121 -7166
-30865 8376
-31873 -2184
-8489 30968
-12829 -29232
-90249 -90247
91 -37167
-63961 93
-49332 93
-625 32130
-30290 -10099
-79550 93
-3864 31893
31150 7981
32107 -1270
-91042 93
807 32130
75304 -75120
-30329 10168
31150 -7795
71791 -71607
-31512 -5211
91 -47691
60297 60299
97693 93
91 44469
-31925 1456
31047 -8190
-31232 6857
7979 31152
91 -45871
-38853 -38851
29939 -11568
12416 -29487
28022 -15615
91 47832
-30784 -8487
91 56498
-14989 28368
7350 -31119
-7797 -30966
91 40445
-2954 -31807
3136 -31807
-31946 809
29671 12418
-34079 34263
6855 -31230
4992 -31575
31891 4048
7350 31305
-57278 -57276
2368 32057
8863 -30728
