1000
65124 24881
375719420 -94
4 999302434
-115744070 -106840680
-4491 -69694
80130510 115744070
884143403 884143305
823311389 70451862
66629531 -411971026
69217847 -628041012
-133550850 -71227120
133550850 35613560
130213420 -634837794
36981 -59230
-106840680 -97937290
832449893 -94
-68805 -11482
-62323730 53420340
-718953742 343443076
546656774 -94
280470818 986076808
11392 -68903
57267 39722
71227120 -62323730
-17164 -67693
44516950 -133550850
71227120 0
-52052 46323
45360 52889
-46413 -52150
53420340 0
-63371 29026
-59048 -37205
-106840680 115744070
80130510 0
17172 -67693
-106840680 -80130510
-968407549 599127800
-69380 6993
97937290 97937290
0 8903390
4 -384745237
29124 -63469
33232 -61415
26710170 -53420340
48104 50411
-133550850 115744070
62323730 -26710170
-350918987 -905025834
-35405 59994
180287463 -211622679
-4491 69506
-858115241 -539760083
-89033900 124647460
-202253742 977091543
119045489 -505001397
-12620 68499
38168 -58471
-17806780 97937290
-53420340 -115744070
44516950 106840680
-8903390 -17806780
5904 -69589
382514241 48917623
428114819 -112686285
-44516950 106840680
17806780 -89033900
80130510 -44516950
-53496 44651
11548 68689
-262282544 -262282642
115744070 -133550850
-45327576 -94
-432323515 -240207691
-89033900 -71227120
0 124647460
-68779 11450
-64376 -26919
-89033900 97937290
4499 -69694
-89033900 -80130510
46259 -52294
-376731967 376731877
-197210461 197210371
-430077352 430077262
-68320 13913
62323730 -62323730
-44516950 17806780
-44516950 -89033900
344442829 165961100
-250888971 -880441664
-69643 3602
399102145 995382050
26710170 -106840680
-8903390 35613560
-106840680 124647460
140818142 561663616
67936 -15893
-17806780 53420340
39820 57169
-433017619 -274989046
276933232 -934363773
47304 51161
17806780 17806780
-534377911 -308725329
71227120 -17806780
-115744070 97937290
14011 68230
97937290 -133550850
-59048 37017
-473067471 -94
97937290 26710170
-22616 65881
-62323730 124647460
-53496 -44839
-35613560 -89033900
-115744070 -17806780
4 -53370241
53420340 -133550850
61884 32081
69651 -3790
54261 -43918
-106840680 106840680
53420340 -115744070
44516950 26710170
28124 63731
-8903390 -53420340
58381 -38258
779511922 839922581
66356 -21583
-35613560 -97937290
44749 -53594
-97937290 35613560
35613560 -124647460
-50501 -48194
-71227120 97937290
-59132 36883
-71227120 89033900
35613560 -106840680
-39812 -57357
66356 21395
-53420340 -53420340
-124647460 -44516950
120053928 -120054018
12628 68499
-106840680 44516950
-55173960 55173870
19096 -67175
858843643 858843545
44516950 80130510
59140 36883
402598246 402598148
71227120 -53420340
34192 -60885
97937290 35613560
-35613560 -80130510
68597 -12718
-106840680 35613560
-783284919 783284829
-53420340 -97937290
61325 -33322
-102756645 -759587791
106840680 80130510
-124647460 44516950
-71227120 -8903390
-43820 54163
4 -290853950
89033900 97937290
17172 67505
-44516950 53420340
452042079 -94
-17806780 106840680
207864484 -789755781
37115 58958
13146375 -429140264
-891704015 -891704113
62323730 44516950
197644229 -197644319
32179 61786
80130510 53420340
53420340 -53420340
-115744070 -97937290
8903390 124647460
750619177 750619079
-8173 -69358
68328 13913
708182143 -94
-650390448 99085467
-908518806 -333190778
69704 2411
-26710170 -53420340
-80130510 62323730
133550850 -35613560
-110679183 110679093
-8173 69170
-633220996 -94
-62864 -30293
-57259 39722
71227120 44516950
80130510 26710170
-60787 34094
-44516950 -124647460
-16706548 16706458
30203 -62962
-37107 58958
-272934932 272934842
-44516950 -35613560
466377442 -94
8903390 -8903390
44516950 62323730
494148401 820861925
0 -53420340
68787 11450
29107242 -209499962
38548343 -38548433
65979 22526
930358632 -888492597
862620794 -94
994113626 938116410
-355834584 -355834682
17806780 97937290
106840680 -124647460
53504 44651
-376115666 -13669077
17806780 -26710170
-26710170 -35613560
60795 34094
17806780 89033900
115744070 -62323730
60795 -34282
72109035 -264905114
-106840680 -124647460
465630498 -465630588
15957 67802
-35613560 0
27253154 -128763963
37115 -59146
4 -324104140
4 800159954
35613560 115744070
-5896 -69589
752731200 -692454738
-950723582 -379562803
71227120 97937290
-635690335 500495296
50509 -48194
-37107 -59146
80130510 80130510
26710170 53420340
-15795 -68026
-775912867 -150987470
17806780 -53420340
-45352 -53077
80130510 -17806780
-97937290 106840680
-613471266 -94
-52196 46161
115744070 -89033900
-124647460 124647460
71227120 -115744070
-79856907 669836710
113948418 113948320
26710170 97937290
17806780 44516950
63379 -29214
-89033900 -106840680
-38160 58283
-217490261 -844457802
-874335754 -187421458
-44516950 -8903390
47304 -51349
44749 53406
-541321494 -808824157
-69696 2411
-89033900 89033900
-44516950 80130510
-35405 -60182
106840680 -106840680
-36973 -59230
-69509 -5778
-54253 43730
53504 -44839
-47296 -51349
-133550850 44516950
159617234 -523106554
806280772 -421033680
-115744070 44516950
24979 65026
106840680 -35613560
-17164 67505
-53420340 35613560
-26710170 62323730
794620003 -94
-67928 -15893
52828587 -898006924
-97937290 -44516950
106840680 106840680
-57259 -39910
-500357464 -213783520
97937290 44516950
-62323730 -44516950
80130510 -89033900
39212 -57775
-44516950 -97937290
135619122 135619024
29124 63281
-124647460 97937290
-26710170 17806780
718719784 718719686
45360 -53077
69704 -2599
662428575 583180760
-224505944 290965890
-106840680 97937290
-470334686 -470334784
-71227120 71227120
133550850 97937290
-320623680 -425643806
4 242086642
0 -71227120
106840680 -44516950
-922442623 -837126956
-22616 -66069
808346027 -936637850
-8903390 -35613560
4 222457954
-97937290 17806780
221964109 -92942576
-583975265 -94
-903340612 311238685
-11384 68715
32179 -61974
-8903390 -106840680
-60084 35315
4 487805773
4 -33540216
-124647460 -26710170
51541759 51541661
71227120 -89033900
4 276182147
17806780 -97937290
-28116 63731
4 513625931
-80130510 44516950
-274666047 -748612704
-35613560 106840680
97937290 115744070
-52979 45262
-89033900 0
-57677 -39302
-461811891 -94
15957 -67990
115744070 80130510
4499 69506
-17806780 -62323730
624876634 988770986
-931601414 -94
-17806780 -71227120
-80130510 -8903390
-34184 60697
35613560 124647460
-65971 -22714
44516950 71227120
4 -54735342
-7083 -69478
106840680 124647460
0 -8903390
14394797 -362009732
-80130510 80130510
4 -356488683
35613560 -71227120
68176 -14823
54261 43730
-97937290 8903390
-89033900 -26710170
-35613560 44516950
-253656705 -607572326
-8903390 133550850
7091 69290
44516950 -26710170
-71227120 -80130510
-89033900 -44516950
-48096 -50599
576721343 411763374
-124647460 62323730
-378565586 997175721
62323730 0
46421 51962
498586605 425423251
52987 -45450
-724597106 124884340
53420340 133550850
17806780 106840680
35613560 -8903390
-249549218 290052943
-65116 -25069
200466188 -533011223
53420340 -106840680
514828934 -513548327
97937290 -80130510
124647460 -124647460
-610467181 -94
-61317 -33322
869657967 -359877139
-66348 21395
17806780 133550850
-66348 -21583
-62323730 97937290
0 80130510
275884024 -94
-164881860 867052877
-106840680 -17806780
52060 46323
89033900 -62323730
115744070 71227120
-71227120 -44516950
-17806780 133550850
565055698 -711106831
-542924803 -349191186
89033900 -53420340
106840680 -53420340
-710423878 -94
-53420340 -44516950
-115744070 -124647460
-17806780 -80130510
-97937290 -62323730
-53420340 8903390
-35613560 -26710170
957997101 957997003
-44516950 35613560
564735539 -94
-62323730 -71227120
769236831 769236733
-193477078 -77809342
-61317 33134
65979 -22714
4 892536877
-17806780 26710170
949312452 949312354
-45352 52889
71227120 80130510
-35613560 124647460
-97937290 -115744070
80130510 106840680
43828 -54351
-263433436 -94
-44516950 26710170
942320743 -959439834
89033900 17806780
62872 30105
-17806780 -106840680
-35613560 80130510
-14003 -68418
4 -232795038
41851 55702
71227120 89033900
26710170 89033900
-26821 -64474
208845391 -208845481
62323730 -53420340
22624 65881
-126476124 -713373376
219117330 -668756913
-398272219 398272129
29121444 -94
-8903390 26710170
5688 69419
67085 18998
64384 -26919
124647460 133550850
-61876 32081
69604 4401
-899592059 -552314308
89033900 115744070
4 -98094281
-63371 -29214
263635349 -94
-15795 67838
80130510 124647460
44516950 0
4 -980953617
144906170 -144906260
-67595 17074
-60084 -35503
67900 -16047
8903390 -71227120
14011 -68418
26829 64286
-133550850 -115744070
-133550850 26710170
-5680 69419
127276316 -127276406
-858448573 -858448671
-59132 -37071
-66538910 -94
35413 -60182
39820 -57357
2509 -69794
-44741 53406
-69596 -4589
30203 62774
69517 -5778
-17806780 62323730
522450343 -822639607
4 13749492
644233219 -644233309
-21485 -66446
143336485 -714559391
35613560 97937290
80130510 8903390
-69643 -3790
115744070 -71227120
-395721986 -502045635
-68589 12530
477665828 477665730
35613560 80130510
-8903390 -133550850
106840680 -71227120
-63821 -28214
-53420340 0
133550850 133550850
89033900 133550850
71227120 8903390
17806780 62323730
57685 -39302
124647460 -62323730
4 -212533569
106840680 26710170
-80130510 -106840680
68787 -11638
-11540 68689
157354330 285046721
44516950 -62323730
-339878897 -339878995
-5680 -69607
-29116 -63469
-26821 64286
67900 15859
-115744070 -26710170
-664107983 -664108081
80130510 -106840680
71227120 -26710170
62323730 -17806780
67936 15705
-494923460 -384854954
80130510 -71227120
588792172 -588792262
-62323730 89033900
316453934 -497602184
35613560 -26710170
43828 54163
97937290 17806780
-53420340 -26710170
-17806780 -89033900
650092246 -650092336
4 -582584798
-115744070 -44516950
-80130510 97937290
387097592 -387097682
44516950 -106840680
-69380 -7181
-26710170 71227120
124647460 -106840680
-71227120 -17806780
-133550850 17806780
-52196 -46349
4 154938210
-39812 57169
-69596 4401
63829 28026
-53420340 -133550850
-11384 -68903
-62864 30105
26710170 17806780
-616359334 -94
71227120 -133550850
4 -723860485
-43820 -54351
-97937290 0
-68779 -11638
124647460 -8903390
71227120 -8903390
8903390 62323730
-44741 -53594
4 808451616
-615871137 119965032
-7083 69290
8903390 133550850
-318883203 -318883301
-32171 -61974
69499 5806
-41843 55702
80130510 44516950
-80130510 71227120
67085 -19186
115744070 -124647460
-115744070 8903390
-459888046 -459888144
52204 -46349
17806780 -106840680
-60787 -34282
68597 12530
35613560 -97937290
-8903390 -124647460
69499 -5994
-67077 18998
89033900 89033900
283622648 283622550
-733080435 -699430237
-89033900 -35613560
-44516950 71227120
445338252 -94
124647460 -115744070
-998599428 907904382
89033900 80130510
55800 41753
569312238 -646626487
0 62323730
-71227120 62323730
-33224 -61415
61884 -32269
0 133550850
-124647460 -53420340
-80130510 -44516950
26710170 -124647460
939040581 567191360
-68805 11294
-26710170 -80130510
28124 -63919
51259 -47394
-68168 -14823
-958522640 -94
437497396 -437497486
-33224 61227
-44516950 -80130510
288667216 -148369237
-353536802 353536712
89033900 124647460
641305979 -94
378600344 378600246
-44516950 124647460
35613560 -53420340
-342091655 -94
-917741853 -94
-115744070 35613560
-2501 -69794
59056 37017
-80130510 133550850
-587671208 -587671306
-133550850 -80130510
-46251 52106
-793063575 -72733450
377733399 -377733489
-48096 50411
-124647460 -35613560
-124647460 -133550850
-35613560 -124647460
-36973 59042
-967205556 494258910
97937290 -53420340
-80130510 -35613560
133550850 17806780
53420340 115744070
17806780 115744070
548080853 -81109245
-30195 62774
35613560 133550850
-80130510 -80130510
133550850 -44516950
-11540 -68877
-115744070 53420340
-17806780 71227120
4 610785932
-70381283 -70381381
67603 17074
15803 -68026
-707654250 -707654348
-58373 38070
507679461 -786800788
-46413 51962
80130510 -80130510
-19088 -67175
-97937290 -26710170
-8903390 -62323730
36281760 389553923
802502911 -94
-696398741 367745951
605257382 -605257472
-17806780 -115744070
115744070 -44516950
-38160 -58471
26710170 0
-26710170 89033900
69388 -7181
267302976 -306058774
637623810 583996691
-35613560 26710170
-8903390 106840680
-69696 -2599
-32171 61786
52987 45262
35613560 17806780
-67892 -16047
133550850 -8903390
-979139754 491952624
0 44516950
-671695035 533685458
-17806780 -17806780
80130510 97937290
41851 -55890
-588440224 -162674251
35613560 -17806780
64384 26731
4 706826531
-8903390 17806780
-133550850 106840680
-69260 8083
-52052 -46511
-106840680 -106840680
-647011596 -647011694
-97937290 71227120
69388 6993
97937290 -35613560
-53420340 26710170
26710170 -8903390
62323730 26710170
-15949 67802
-133550850 -44516950
80130510 -124647460
-942691234 -942691332
-558819414 -817965303
-409297551 409297461
0 0
-425653882 -94
-80130510 -97937290
133550850 -89033900
-26710170 -71227120
69651 3602
-26710170 35613560
-599449508 -599449606
8903390 53420340
-41843 -55890
8903390 115744070
-67892 15859
8181 69170
60092 -35503
53420340 8903390
-17806780 80130510
-505047369 -505047467
4 -832208421
-17806780 89033900
-826089829 -178966044
80130510 -115744070
89033900 53420340
16402421 486180727
-63821 28026
58381 38070
62872 -30293
59140 -37071
68813 11294
323495194 -323495284
-71227120 26710170
53420340 106840680
0 -62323730
-71227120 -53420340
69268 8083
-5896 69401
115744070 115744070
124647460 115744070
-57677 39114
106840680 133550850
4 -265609597
-8459259 8459169
69517 5590
4 -49150793
8903390 106840680
65124 -25069
-71227120 53420340
0 71227120
69268 -8271
-67928 15705
799095052 743268314
-71227120 -124647460
106840680 -115744070
128240713 128240615
71227120 -44516950
-89033900 62323730
22624 -66069
-89033900 17806780
-97937290 -17806780
-14725 -68266
-46251 -52294
-583960230 583960140
-26710170 106840680
919020079 -919020169
56875179 -56875269
4 -759508392
-44516950 97937290
234315968 234315870
-55792 41753
33232 61227
60092 35315
-628563946 846530841
-2901346 2901256
-124647460 8903390
604366302 -604366392
-409049556 409049466
300443434 -94
-698084587 706287694
124647460 -26710170
-30195 -62962
370301542 -82471728
63829 -28214
4 -390356095
-922240833 -94
53420340 17806780
-51251 -47394
4 725201892
-89033900 115744070
-8903390 62323730
507021366 507021268
21493 66258
-55792 -41941
-12620 -68687
34192 60697
17806780 -71227120
-628972913 -628973011
48104 -50599
-492567017 -492567115
-182460925 182460835
-62323730 -35613560
15803 67838
211010839 -876340007
17806780 -115744070
882034456 -576304012
4 769316097
-115744070 26710170
0 -124647460
963734845 -94
-29116 63281
-195062248 -94
808627175 -971550297
19096 66987
-67077 -19186
786731209 786731111
21493 -66446
-520605587 480178569
59056 -37205
12628 -68687
-69260 -8271
567226938 -564807501
-58689262 2173825
46421 -52150
-957492987 787708378
80130510 133550850
4 81090618
386898243 -386898333
36981 59042
69604 -4589
-65116 24881
-2501 69606
4 136225961
68176 14635
39212 57587
-97937290 26710170
-714051777 -714051875
52204 46161
35613560 -115744070
4 -94
0 53420340
-53420340 17806780
-14003 68230
-115744070 124647460
-210654736 -94
2509 69606
-64376 26731
44516950 -17806780
-89033900 -133550850
-15949 -67990
-69509 5590
-47296 51161
-69491 -5994
3700 -69741
4 341921724
-8903390 97937290
-124647460 -89033900
-17806780 -26710170
115744070 26710170
-50501 48006
-21485 66258
-19088 66987
14733 -68266
-67595 -17262
133550850 0
-26710170 26710170
133550850 -133550850
-162955464 162955374
8181 -69358
-68589 -12718
17806780 -124647460
4 293781239
-34184 -60885
80130510 -35613560
68328 -14101
4 905187390
89033900 -44516950
35613560 -80130510
124647460 80130510
11548 -68877
486660840 895342054
115744070 133550850
732891783 732891685
63379 29026
52060 -46511
24979 -65214
115744070 -35613560
-39204 57587
38168 58283
-62323730 17806780
-914188834 914188744
-65971 22526
124647460 -97937290
68813 -11482
-61876 -32269
61325 33134
125938280 -125938370
-133550850 53420340
-848587973 -105303705
5688 -69607
26710170 -44516950
-3692 69553
377711237 -94
97937290 8903390
7091 -69478
133550850 8903390
-35613560 -8903390
80130510 -53420340
-35613560 97937290
-68168 14635
4 -220669004
35413 59994
80130510 62323730
115744070 62323730
-44516950 0
57685 39114
26829 -64474
133550850 -53420340
-62323730 -53420340
50509 48006
62323730 -8903390
-679793878 -361940289
-115744070 -80130510
-62323730 -124647460
4 -928759246
-82266506 -82266604
106840680 17806780
62323730 -44516950
51259 47206
152567892 -94
-970593101 654630487
-53420340 -17806780
-89033900 35613560
57267 -39910
392279083 499146418
67603 -17262
3700 69553
5904 69401
-883789457 -94
-133550850 -62323730
-69491 5806
272572463 -315707043
-133550850 0
14733 68078
-68320 -14101
488512494 -554608751
55800 -41941
106840680 44516950
-3692 -69741
-60137276 60137186
-14725 68078
-54253 -43918
-39204 -57775
-28116 -63919
-124647460 115744070
46259 52106
8903390 -124647460
-24971 65026
887894771 -94
-51251 47206
-97937290 62323730
-951775123 951775033
-97937290 53420340
11392 68715
-58373 -38258
-8903390 80130510
-24971 -65214
149414727 149414629
-71227120 115744070
-52979 -45450
-670533577 -869436218
