651
-835215150 907624572
223221052 984141201
-517229990 637063199
351820092 146955836
-502645307 -265272691
40272423 303584681
115080217 -452599615
5325505 222815816
557454895 -427510808
882748559 -832529051
158902871 -971672391
377446131 459208196
-131643843 550507212
-256858244 418220427
-504076123 -950022383
892256756 949427016
12234939 526202751
255128273 719140337
-641926880 -980750330
-409787121 -523739493
-191820886 477847677
715215753 696638677
665212276 507563376
-523815238 -613317648
-820025679 846390660
-610664535 983640933
-712335734 158423039
-559538311 -746707467
564749161 564463182
498369496 909458210
-139967222 -884899895
607026184 -483527939
873787131 -549604902
823146342 -373644184
-369425010 645040497
700809944 658916783
751791566 -599610454
634061852 418156606
38434177 419133706
-2812941 -3433267
628112067 995401962
837906070 -114136830
732414404 655775976
335842205 -556482238
492699073 -372070269
450355361 -902982484
-71590692 808395036
-562062203 853363720
-468139311 -865134338
333955751 477451444
-196689654 444739573
240078853 796022797
-678877276 137650709
649144613 660965763
486431237 98241672
-436234587 828188649
196824717 647884211
98103374 -18940708
724112555 306155305
567700094 630302012
-267507894 -591157455
119789000 -268733518
98436848 -156044869
270088227 -538646395
912864341 900167840
-182346473 -339829850
-575671778 878042250
-235096872 233153927
-325403813 -754882636
-923629860 459888351
-293284914 -828719996
-825887576 809016828
-518295277 752000268
771839579 451377405
7030280 423597371
-436733961 355631177
-550454828 239611147
-320927362 956441105
427750372 -983794690
-437173997 -69749268
-970074016 -890708518
-807960822 707655935
275109205 770799032
-212680079 727885663
314134988 20767993
-695042056 258450832
96585927 -429174637
727277544 -123099858
-809248675 19971979
560031729 -832182321
2163782 675693476
699599537 -134149578
-918733410 781194637
641393010 -582190842
-910236078 -84690631
374925754 385517953
520774179 703123861
311131938 -659037060
343612631 314755620
114414312 -822866609
231010962 -345662626
333022428 383495924
-607893001 -72808985
815747323 -700494444
-946855582 311594668
-652135852 908110344
439236431 425252120
143744718 469658754
-929603570 -947204951
-869505984 405040960
745930831 899463540
336175163 -828768248
198425904 -985719272
-629049687 -567992493
-578861746 -679589980
653797525 -793177185
-59934775 -429427811
-966991014 -572135996
-93847500 112543309
-232036905 -395068496
902341956 141649219
-406428380 285642852
215440585 -636592497
-659559167 -10195110
-870613580 73476777
880680950 -20384560
-995449061 -263595872
745632106 -18256849
-873252011 524734566
-97686759 -700372641
80901673 623429502
-99955372 316590061
686103646 -995199148
-331313759 -211868311
446316951 339227973
698288221 522369170
296007575 -101028185
943611935 -713361335
-827049174 708609823
-816155757 401712515
-637074816 -740530015
729557742 391370699
-147171532 -370946644
813365786 723795740
-971723125 -122046273
541395421 205644896
559227710 355915560
525145623 362081155
-80907670 -398896124
586380865 940097100
314409047 -499048931
1843410 -376707876
663472775 -743258552
-182630686 379084282
659301334 986953647
788117056 532079199
410265277 789396633
-718401267 -100734031
860321543 -983897849
-447704478 -430377183
-325162927 608518643
523257148 982573543
-285629171 891028031
251810467 521873972
995670898 115449447
-497163039 -312906236
464633888 918345477
-801017987 413057511
-949649374 -888230503
-207508741 747493298
176298990 -720958326
390805165 -101299186
239545805 -89684815
728049924 626850194
-801873398 656840289
346876740 422915722
-431651547 829544366
-514242228 -155369831
-545254517 -178515815
725546722 243340131
994112268 27942217
-301333086 -41396558
816735890 208668864
-743829224 370544013
996367279 -868043152
721244730 726822702
-813749656 -52132313
732645633 538838757
673655115 -560494172
275407196 -221998877
254910969 444541029
86676422 -226235058
-735205973 -494044162
-813722702 -668628182
-928220671 -734535901
-962609340 464806809
302643828 -125199891
-43451386 320837964
-562824501 -623223048
555244847 157529052
120560732 67561919
-24653695 399619874
-58769193 -533901262
27561329 -630971506
214876867 -772899821
454417965 -46094329
877960560 175788056
761581075 -903822968
607549853 935322766
911973323 -508467920
782228755 947056113
573638837 133724010
-676818450 589190035
727894647 137042855
-4621745 472149761
-203293864 451263553
-804777323 544466304
-92039581 185547212
-909201076 467028450
-537400153 529790496
-507312828 112666696
409222283 -215036149
632630336 19135629
-183063324 -599673361
-157058675 299963259
-836228245 -582938720
-536059256 -328648618
165761274 -445951356
545701819 222295839
-40119613 -118251391
-584062457 642413009
472251685 681383812
424600494 857999002
-910344665 -670967833
-942187480 170838911
482369720 -871977678
-597047534 539997443
-188311656 -705662793
-952224768 268218015
-948547760 926504053
-656052779 510604888
874401155 598560834
314334138 154667618
-830684678 -45179154
-958195409 207930165
844296894 -437385697
926070408 -502406983
-997148600 -718800824
-545299360 814392348
681149779 112038911
-263342427 -683966154
139192213 -173888964
152317698 606029978
-428312668 542326351
-542501026 -306377442
513303647 191871562
377351095 640106364
52364695 -776965127
-363254814 306222486
372272508 -805386900
451295485 942424062
-208090506 803529588
123994354 675033724
515942264 978970435
638330101 -258679189
811305554 300261968
403658126 -310406483
973462749 -127759211
-638459642 29576673
486758388 -335662477
-354869141 934632556
762226227 -17431922
-967892844 -812782785
-911661581 -262164729
800177621 -35075306
681792209 -335960538
-990907299 357229919
-650974104 421275712
-887343860 727942936
-12863484 -131034422
38261354 -552905107
-18783549 421107903
-785783352 -324848687
-664016962 -832448611
-23033162 -843453379
23200911 -625030401
713669091 -438065517
618205107 -864994130
-805455047 504282594
-514624474 -294058900
-741214450 957456184
138670023 788850429
-356349335 398045275
645930216 693454251
145650756 115781365
744941686 578352720
524315496 433643598
146792030 842291391
-892604848 -168411895
-271068097 -121225281
-608151378 737504833
-872692063 868041583
-176683503 333676224
315654635 290563699
958032082 -850783406
657174311 658843617
-974040916 -34154393
194938344 931691582
861962287 992556543
43599609 120439764
948611374 253186461
604708916 38635254
311182582 -739015093
-413677182 -664992141
633493037 -90329258
-781774086 -494269422
-270275309 683789755
528996489 -793070925
699109233 977097870
-10424161 998010541
198612951 398161044
125215435 93887128
751370137 -385065307
-545332220 167093892
337514814 464430190
-788129603 -283185277
801456083 -287662672
-925564979 867777787
512492497 -786602693
-83011287 827057062
-465536672 842986072
541271275 -796542637
-498294508 -337226998
-895671425 -131202057
379359514 307450227
-589382431 -412283602
-469602367 -181585201
-616077376 -100943204
-681150649 -891757922
864709148 -350207837
106013402 -762260864
-545827382 -110311073
630759121 -152457826
549361402 24775031
-714702942 723250669
278112296 -889483425
-360909751 440647049
-801096311 -902353198
-438441917 -548898969
537830608 892879562
-835760244 -421430345
-221752273 -866576894
661413185 655299387
-241117996 -462500569
-658291941 -888759145
815692210 -904667471
549574129 101816542
535763202 -657231553
926684528 78696324
896745748 869358143
-900357075 -289221945
584811267 205520635
-390838684 -267040155
136390043 88186498
421556136 967846028
-164535778 -352128062
-317416442 470710101
-424773273 -454740998
-72132615 139042347
-52740097 -265453706
886921728 830562755
-877029596 -458698887
-155821048 -771928632
-700326219 485680524
-495547017 182005535
394159498 734125348
-204998961 408901496
65088402 -19373649
530061885 447013395
-726187047 -674021865
996389120 917310858
142163383 -965888216
-300734074 282643874
65773910 319699007
81414262 -350529372
603869900 -238894009
420742439 -804643333
20526466 840147350
-582776780 898790485
-343228918 -686849164
-196614226 -506030350
344301820 61067132
516564929 778845516
-914185357 -633665324
-690384793 325009615
-46938146 -457929826
-859156990 -317258896
-642334080 -411385804
695333323 479575147
354183694 -121238400
-422374960 780839241
578591780 -291340251
380773712 321771243
523072988 -51854334
-388048825 -266201897
-385957596 453792529
51156805 300372222
263383638 -998167596
877928332 -622640560
-987450800 123479443
2650149 991473860
799466237 -614867421
-896344724 938827068
888612425 -560797828
804959988 861023218
546818614 -767677637
200388977 -601618946
-22279492 262403575
593415134 -903374520
-809144291 394721164
204444034 -739018311
-489107990 -583824107
-700186069 322383912
-795746394 -847923849
-123907696 -788331860
-339722091 898724436
-297855670 -725124250
-853626464 913492065
103616536 -602180045
810535643 -703755830
-774936062 -591129685
-283228474 -830019275
-742481491 -970504528
-939131227 282368492
888075705 -131959964
917703584 -753980906
271562105 36111576
-703704184 718904664
-514557318 390961267
-402254878 -319910258
536298490 -967587922
-212083061 150191598
-712203872 -181498631
768253222 477032494
-520968225 894087305
-241399191 -249245586
-109236880 -883447096
347998216 880989746
719325326 896272164
-767811698 -575323491
-100010294 -223017043
63090677 -35270127
177399642 -195583733
-804637272 876351782
921082909 -664186117
-543474162 -474154063
-25670712 29184597
247399140 332835185
844841342 72718298
-289289973 -472796431
73591539 436006791
946131684 749699077
462811796 -91380605
-699708043 -241881170
-580057066 225049890
-149218915 795453748
723291118 -266500412
510865531 -570891501
-966340998 507519816
805200535 752878340
-757827324 191810104
-245603626 459930747
738406825 -424066083
-164571261 154149060
328387370 -642325026
493266061 281164911
649572208 -586991144
671087669 944971334
171619535 31784944
-748710635 962914042
-936165509 101033858
345013643 312809412
-878763931 -706368431
-849712411 -180345928
-154732532 -653708500
155696952 810019585
212155691 930296218
713299368 -771405630
-901186459 735133540
-447576977 386764867
-358100030 709112409
395354193 -861014027
-63511575 110338067
-681339380 -810072258
669873420 -360713371
-971978835 -927565484
91694505 -607690717
-872477361 272445442
419582510 -275705733
85864960 -978350464
240095502 -586690501
2643206 46322570
-530244441 -583833365
-506119572 671387789
445120137 686653307
-533545082 998342355
-685815597 -730072011
-350716375 256312388
-201483639 418661696
452017918 687284491
-201929573 604766143
858930876 -338473590
74904187 -288996519
-414008319 883633993
-709791779 -165264372
-909858079 -493954141
502460346 -916435213
723651799 188112522
774068889 118969356
-637959658 549299019
-404188702 -165295431
-84786663 -403771125
115278626 -633044840
743172896 661291582
-129322751 -976917668
-751469672 778761577
526447895 643525847
826228372 -851091588
-806784413 218128789
261438715 -764235244
-963702796 -276081967
-904590208 259510107
-555922310 -511575379
361651539 643761391
-988126882 -438151810
817257567 -77851028
-994625627 -985396871
601536177 -13960503
-170882502 -306532537
-211749058 270750658
-762054552 -868666713
5661853 -347699482
-364715982 -111614819
954751029 918762452
-49289908 496552128
-270143656 -37345790
311482629 -705228496
419246983 -380697168
-149892262 388128059
999743032 -631272052
-950350000 592091268
923297423 413953908
54263855 791421592
-516880627 74621042
116661890 -751553737
-683779907 -252056299
-282834409 -518043713
-371923119 -310533703
275054917 15654235
775910240 -530236679
-739520425 -358675844
46796919 460233086
414401203 489897400
-139460462 318070663
72234520 -396383591
229731807 -843629390
-546140935 54157697
-719847608 655555625
269850331 -565496551
958343732 -532214935
-314399956 -906836950
158498959 858693319
-343307935 -453330445
-775106049 921554195
-293455226 6209101
365826921 596207289
-108073017 66535024
593398379 52120136
-824480897 -201649028
-326124817 -990964247
-922076999 -620276799
165468210 -415396229
-49343566 282692710
-749605631 -599440728
-145175823 310593705
-577039598 410161920
994867098 -923042637
-443509150 -14230007
-668346740 -898030732
-265565453 -869887350
810631484 329535059
927680716 724933841
-240775984 568367687
56063909 -865934846
-699544521 259280585
-305405378 524265859
888532735 -650416443
-390987629 -661037305
737460489 526901056
-369868831 900975112
-917359209 -45023663
-861331522 -149910635
-146986925 460965678
696091333 674680995
-340152534 582529599
-196621347 327286006
-546356870 265643608
832642362 39261361
344847867 -573476010
276790098 612756312
977645483 -337891066
35360680 -281316184
-588080773 -493793063
-142793067 -226952342
865152928 919174685
118160823 3342314
286648091 340035074
-576175161 -862459967
62514237 346620982
650960626 -516234380
612034254 757418108
-5295283 -535816579
-204598769 879915729
509536874 461690043
119257935 439458690
99850731 -109643146
-685779239 134838919
61125570 -965482474
-519579974 642363223
-611378905 -352303623
-259206769 646882242
-248043303 941629677
-228781907 565758255
-817437634 324239683
-672676992 -222626385
-701557032 -253239292
630565859 -370860945
-825949156 363168660
-302866441 184471690
-844282262 483101474
-524845938 -632207855
373747096 -507515624
836902413 -547588016
170615910 163176126
645971462 596463594
-738550090 41996051
891042068 96421204
468390154 819366845
501647569 292882990
-256395129 -504464162
-89709717 -422051769
