1000
694741260 602109092
55241 72519
36 -302219951
694741260 -602109092
-125102783 -242294495
-46316084 555793008
-694741260 -92632168
231580420 92632168
370528672 -370528672
-350211968 -350212085
-185264336 92632168
-324212588 648425176
46316084 -694741260
0 -648425176
90081 14419
19297 89067
-352797258 -81
-28639 86499
74924 51978
871125231 -81
-353032584 278408292
-353072532 -81
-605146744 707401806
-370528672 -555793008
185264336 324212588
881119465 -81
-46316084 602109092
36 -995307672
66736 -62286
-510111433 -81
-76040 -50388
69632 58866
-5364 90964
-635259341 -81
86804 -28182
-42391 -80817
185264336 0
-195871242 -195871359
-66009 62819
-138948252 694741260
-82585 -38709
602109092 -277896504
86311 29499
-19225 -89229
-80439 42839
-463160840 -324212588
-324212588 231580420
-555793008 694741260
36 -107293353
704003254 319069840
28137 -86849
58983 -69677
-452895948 -452896065
72423 55403
-370528672 -370528672
370528672 92632168
33225 -85033
705950634 -705950679
999998937 -80
-138948252 -694741260
784044430 784044313
-217105368 -81
-14856 -90062
-390846507 390846462
694741260 -416844756
-29544 86194
648425176 -324212588
370528672 -648425176
731475417 -81
-46316084 -185264336
231580420 -231580420
648425176 694741260
86505 28927
-277896504 -138948252
694741260 370528672
-177763264 -81
-463160840 555793008
-648425176 -463160840
-72564 55124
55520 -72468
324212588 -324212588
-231580420 -370528672
-463160840 -231580420
602109092 138948252
-69560 58866
-285757427 285757382
-89945 -14973
69632 -59028
416844756 -231580420
-370528672 509476924
324212588 694741260
-873984231 873984186
-24921 87643
277896504 -231580420
-46316084 370528672
-509476924 138948252
-89112 19180
92632168 -185264336
-14464 89964
-16001 89703
-72564 -55286
694741260 -648425176
-50271 75995
268715493 162891411
277896504 555793008
-912129336 -48549555
87911 24339
46316084 -555793008
-28065 86687
92632168 46316084
-62169 -66781
82911 37999
509476924 92632168
-138948252 138948252
991 91119
-999998865 -81
-87839 -24501
-859070168 -859070285
-370528672 -92632168
-555793008 92632168
-62532031 177798074
-277896504 -324212588
92632168 0
-509476924 -509476924
33 999998821
648425176 -277896504
-46316084 -416844756
652643838 -327846386
-840220611 -123957344
586112158 422361170
82657 -38709
-80700 -42508
-92632168 555793008
496230890 952281599
-86732 -28182
463160840 0
602109092 -185264336
-555793008 185264336
-694741260 277896504
91160 3762
-817458507 -943753880
-416844756 -231580420
694741260 -509476924
-324212588 416844756
-53920 -73614
648954073 -81
36 -999998982
370528672 463160840
185264336 -463160840
682368334 666109416
795219595 -81
-91164 874
185264336 -46316084
-89748 -16118
-249731161 -81
50343 -76157
-29168 -86484
-416844756 185264336
42956 80394
-231580420 -555793008
-552123439 -552123556
185571674 576895627
999998937 -81
-277896504 -555793008
-72225 -55729
-50271 -76157
-578820981 578820936
82911 -38161
-69560 -59028
36 182644786
-999998865 -80
786147123 -786147168
-138948252 602109092
672756302 672756185
5436 90964
873214000 -167824094
416844756 324212588
13985 -90213
-80700 42346
-75169 -51681
-185264336 -185264336
36 -162590090
-555793008 -555793008
-24384 87794
463160840 -694741260
463160840 -277896504
42956 -80556
-160708848 583648642
15132 -90028
86311 -29661
46316084 555793008
231580420 0
-87688 24876
-370528672 416844756
-9708 -90764
463160840 -92632168
-62864 -66126
-51564 -75286
-388120269 -976439955
320876295 -320876340
0 -92632168
463160840 -416844756
65663 63255
75241 -51681
55241 -72681
-324212588 -416844756
-416844756 555793008
-600022656 -756501901
-28065 -86849
91081 -5481
185264336 -185264336
648425176 -416844756
-231580420 -324212588
277595372 277595255
555793008 602109092
24456 -87956
-509476924 -138948252
82248 39410
91081 5319
90612 -10774
36 999998820
-509476924 -231580420
-75169 51519
-86544 28594
275367974 -275368019
427948317 -427948362
-231580420 -694741260
-53920 73452
53992 -73614
-46316084 -694741260
-231580420 -138948252
90612 10612
24993 -87805
-694741260 -463160840
-550565096 -81
-72351 -55565
46316084 324212588
660067897 -81
-370528672 92632168
72297 55567
-86544 -28756
463160840 416844756
82657 38547
185264336 -648425176
-288296882 -258152278
33225 84871
-14856 89900
680850049 914535387
36 -957017710
117952413 -117952458
-91164 -1036
-758238294 283410674
-694741260 185264336
24180501 -971337604
-46316084 -138948252
-370528672 602109092
-384914158 384914113
-92632168 324212588
3879 91043
-694741260 324212588
36 -258125472
-463160840 46316084
-736252462 102175615
684978384 -684978429
231580420 648425176
-54687 -73045
-463160840 -555793008
277896504 -46316084
82248 -39572
-428027253 -554459232
160933167 160933050
-511493509 -511493626
694741260 648425176
-416844756 324212588
-707501035 -81
36 680088017
-29168 86322
509476924 -231580420
370211133 708026668
573790580 -95769471
89184 19180
72423 -55565
14979677 14979560
-92632168 694741260
-648425176 -648425176
809471111 217406742
36 398814920
-42884 -80556
602109092 -509476924
555793008 370528672
231580420 46316084
555793008 509476924
-58911 -69677
0 -416844756
-694741260 0
36 -43211489
38664 -82702
-509476924 555793008
-145131191 -145131308
324212588 463160840
91239 523
73000 -54804
-63300 65546
-447992880 546040197
555793008 694741260
-81494606 -887957137
864604393 -920921168
-90096 13868
38116 82794
-898674354 898674309
-866847104 -866847221
29616 86194
694741260 277896504
648425176 -185264336
185264336 -92632168
36 -268522989
24456 87794
427998844 -427998889
-91167 523
509476924 46316084
-92632168 463160840
-176352450 -746506101
5436 -91126
73000 54642
463160840 648425176
-528242167 343165124
66081 62819
413809520 81434328
694741260 -138948252
267053812 -326868181
-919 91119
80225 43371
90017 -14973
416844756 277896504
-33153 84871
-86433 28927
36 87219707
-149521912 -377083822
-648425176 -138948252
43488 -80270
790850321 -839106670
80772 -42508
-63300 -65708
-277896504 -463160840
-75393 51191
-673098907 -81
-92632168 -324212588
293717899 -293717944
-648425176 555793008
-736384505 -656284190
-82839 37999
-231580420 -185264336
-416844756 231580420
-92632168 231580420
-66664 62124
215177036 215176919
-911313614 57494309
-752011596 574507091
-412710611 -830558141
90719 -9825
39527 82131
36 866979066
-602109092 0
-185264336 -694741260
36 -946916500
370528672 324212588
775610587 568545779
509476924 -370528672
52095 -74969
815544462 -81
38 999998821
72297 -55729
463160840 -231580420
231580420 370528672
-76040 50226
-998938880 -181664665
-3807 -91205
46316084 -509476924
-732196385 732196340
-92632168 138948252
-28972 -86550
0 46316084
909649706 829202492
46614511 987747050
509476924 0
463160840 -324212588
-231580420 0
-89112 -19342
-138948252 -463160840
58983 69515
-407919378 -325799237
-827040891 -975885139
19297 -89229
-509476924 602109092
-277896504 -46316084
-231580420 -92632168
-568 91122
-284342120 -874747290
231580420 -602109092
-573472306 136541972
599709463 599709346
776978049 776977932
-185264336 0
87911 -24501
-138948252 -231580420
-62169 66619
-277896504 -602109092
509476924 602109092
0 0
-86367 -29285
324212588 -555793008
-416844756 -602109092
185264336 602109092
-80884 41994
-82176 39410
36 54488912
-9708 90602
909768033 -81
-90647 -9825
185264336 -694741260
3879 -91205
-803835530 -967255861
370528672 -92632168
280464379 998914861
89820 15956
430363909 3110333
-416844756 602109092
694741260 46316084
0 -694741260
-694741260 463160840
231580420 694741260
-694741260 648425176
75241 51519
416844756 138948252
-39455 82131
981569477 981569360
-185264336 -324212588
-92632168 -231580420
398696004 -175612681
138948252 277896504
416844756 231580420
694741260 -185264336
39 999998821
-78520092 -78520209
-46316084 -602109092
53992 73452
-56927054 -81
-393360936 -836357443
46316084 463160840
36 574822831
-66664 -62286
92632168 648425176
848684519 848684402
-83016768 83016723
648425176 -602109092
-121220727 121220682
28137 86687
509476924 694741260
36 -45372227
-72928 -54804
-58911 69515
-555793008 -602109092
277896504 138948252
-46316084 -277896504
602109092 509476924
-138948252 -648425176
-999998865 -82
185264336 -231580420
36 327531154
-694741260 555793008
62241 -66781
92632168 602109092
-90647 9663
203729954 -277224525
-185264336 648425176
75465 51191
-694741260 694741260
36 -666992952
-54687 72883
92632168 324212588
-294979478 -931015497
-509476924 -92632168
-648425176 -602109092
-80439 -43001
-370528672 -138948252
-46316084 -231580420
416844756 -46316084
-459212965 -81
-43416 -80270
0 416844756
370528672 602109092
-555793008 277896504
397289235 397289118
555793008 185264336
-23903384 -81
36 999998821
349254398 349254281
-370528672 -648425176
-42039 -81001
24993 87643
13985 90051
-91167 -685
51308 -75510
-648425176 46316084
-694741260 -185264336
-80884 -42156
602109092 370528672
-55169 72519
-5364 -91126
694741260 509476924
75465 -51353
16073 -89865
-15060 89866
-509476924 -185264336
-138948252 416844756
640 91122
153298298 -153298343
29044 86388
324212588 185264336
10729 -90657
-46316084 -509476924
231580420 -324212588
16073 89703
185264336 -509476924
344958263 -587783599
416844756 694741260
-91088 3762
-964406154 -269225273
86616 28594
89983 15015
36 913961430
-74852 51978
-138948252 324212588
370528672 277896504
46316084 277896504
-924232107 -81
-568 -91284
46316084 -324212588
231580420 -416844756
979481933 -842996165
37 999998821
463160840 231580420
-138948252 -92632168
-555793008 231580420
-694741260 602109092
0 509476924
-13913 -90213
-72225 55567
80225 -43533
231580420 -648425176
607254547 -81
-956019809 -81
602109092 92632168
648425176 231580420
694741260 -694741260
-602109092 -602109092
-82839 -38161
-90540 -10774
43488 80108
172187712 -81
-602109092 -324212588
-993669540 -490461701
-51236 -75510
91239 -685
46316084 46316084
-46316084 46316084
-86239 29499
42463 -80817
36 -570694816
-906670313 -81
-138948252 185264336
-84916 33108
76112 -50388
840720926 -81
-89748 15956
-65591 -63417
-39455 -82293
396480269 -842504008
602109092 -138948252
-89945 14811
361951054 -751536505
62241 66619
-734937817 535347676
-52023 74807
87760 -25038
-231580420 509476924
-602109092 138948252
648425176 -138948252
416844756 -463160840
529385261 529385144
36 -156558328
-185264336 -648425176
191621753 -191621798
36 -128001382
-555793008 -92632168
86804 28020
277896504 -138948252
602109092 -602109092
38664 82540
-95004927 -95005044
89820 -16118
-86239 -29661
-92632168 -138948252
35 999998821
10729 90495
564537606 -558040511
-42884 80394
463160840 370528672
-602109092 185264336
-51236 75348
92632168 -277896504
-15060 -90028
-277896504 46316084
-10657 90495
324212588 -46316084
36 -373167092
-63984696 63984651
-90096 -14030
-87688 -25038
80511 -43001
329563337 -904657989
463160840 277896504
-16001 -89865
292782105 -81
-907562809 507429694
-89911 -15177
-90540 10612
-29544 -86356
-757076580 -82070189
29240 -86484
-678424954 -678425071
-138948252 46316084
-231580420 -277896504
756994549 -756994594
-66009 -62981
955822351 -81
72636 55124
50343 75995
179352790 179352673
76112 50226
-90009 -14581
648425176 324212588
29240 86322
55684 -72342
-226376528 -226376645
-555793008 138948252
-774088112 789123560
543215096 543214979
-416844756 -370528672
277896504 648425176
-602109092 92632168
-91009 -5481
15575988 15575871
-915808731 -555470802
-12835048 -12835165
-185264336 370528672
-138948252 0
-690112790 -905307978
84988 -33270
-80153 -43533
602109092 -370528672
36 545982415
-370528672 694741260
52095 74807
-277896504 -648425176
14536 89964
-24921 -87805
458091373 -458091418
90081 -14581
86505 -29089
-277896504 92632168
0 -602109092
-115596034 -115596151
0 185264336
-28972 86388
-87839 24339
247970264 247970147
-14464 -90126
80772 42346
-463160840 0
-509476924 -324212588
-89911 15015
284105750 -813957364
51636 75124
-585820763 294969810
36 -833913461
270664293 -81
712613810 127168997
231580420 -185264336
-370528672 0
-51564 75124
66736 62124
904857720 -691064185
-416844756 -555793008
734357704 -413827927
555793008 -46316084
-370528672 324212588
-324212588 0
-91009 5319
-28639 -86661
55520 72306
-648425176 -46316084
-986025202 -986025319
92632168 185264336
138948252 -694741260
277896504 463160840
-80153 43371
-73497 -54037
87760 24876
73569 53875
-654121898 -654122015
640 -91284
32580333 -679683720
277896504 277896504
324212588 92632168
-555793008 -138948252
-13913 90051
138948252 602109092
-231580420 -46316084
-910734534 -910734651
-82202019 680109072
-231580420 -509476924
185264336 -138948252
373160440 -865636797
-630573093 630573048
-602109092 370528672
28711 86499
-324212588 138948252
55684 72180
648425176 -92632168
38116 -82956
-277896504 509476924
926211393 -190137762
-331663994 -865347896
-277896504 277896504
277896504 -416844756
551770884 -81
36 780401115
-185264336 -463160840
578998776 -647402969
0 694741260
-86367 29123
92632168 -92632168
-602109092 -463160840
36 392251041
-324212588 -694741260
694741260 138948252
-324212588 -46316084
555793008 0
269660880 269660763
-55448 -72468
277896504 370528672
73569 -54037
51308 75348
62936 -66126
185264336 694741260
277896504 -324212588
-91088 -3924
221722825 -756000235
324212588 46316084
-103095565 -103095682
709336456 -709336501
42111 -81001
-370528672 -509476924
92632168 -138948252
-434804401 434804356
-185264336 416844756
9780 -90764
36 -133976841
90168 -14030
991 -91281
-676649366 725117897
36 227266865
35 999998820
694741260 555793008
-46316084 277896504
36 5360126
91236 -1036
370528672 416844756
86616 -28756
185264336 463160840
86439 -29285
0 -46316084
62936 65964
-920102247 438044567
-73497 53875
14536 -90126
30101828 -81
-75393 -51353
-92632168 -648425176
36 -238248053
0 -324212588
-716402228 -601647003
89983 -15177
-602109092 -694741260
-70333857 -935352290
-324212588 -602109092
-38592 82540
74924 -52140
-324212588 370528672
-54601941 54601896
42463 80655
66081 -62981
726526328 -81
-602109092 648425176
-60022342 409789762
-33153 -85033
-55612 72180
-600097627 -600097744
-66247772 -66247889
14928 89900
-602109092 463160840
36 767730385
54759 72883
80956 -42156
-38044 -82956
-694741260 -416844756
-46316084 138948252
-352609214 352609169
-657636970 -81
-648425176 -231580420
39527 -82293
-138948252 370528672
-231580420 324212588
-52023 -74969
-90009 14419
-10657 -90657
90017 14811
-55612 -72342
91236 874
46316084 370528672
-865889351 865889306
370528672 138948252
-62864 65964
37 -999998982
-74852 -52140
9780 90602
648425176 463160840
-509476924 185264336
-324212588 185264336
-796838939 796838894
46316084 -231580420
-185264336 -92632168
509476924 -138948252
648425176 138948252
28711 -86661
-463160840 694741260
-694741260 -324212588
555793008 -555793008
416844756 370528672
138948252 648425176
555793008 231580420
-416844756 648425176
14928 -90062
-72928 54642
-324212588 602109092
-509476924 -416844756
35 -999998982
-277896504 -92632168
46316084 648425176
277896504 231580420
0 231580420
-621737567 -81
370528672 231580420
-65591 63255
-648425176 -416844756
-82585 38547
-562100458 -682872465
779611759 -260008517
-72351 55403
36 784851572
602109092 -694741260
-555793008 602109092
-19225 89067
0 277896504
-648425176 231580420
90168 13868
277896504 46316084
-463160840 370528672
277896504 -92632168
330455683 -81
-277896504 185264336
36 176703989
220305594 -220305639
-84916 -33270
171339691 -171339736
-664081677 280649425
-424214095 -172223362
-530844234 530844189
886146671 -886146716
89184 -19342
-80462430 80462385
231580420 463160840
509476924 -694741260
80956 41994
-46316084 -370528672
-92632168 277896504
46316084 416844756
80511 42839
164105394 -164105439
463160840 463160840
953881023 -871549580
36 567261771
-579925661 579925616
250277594 263453746
254398603 -254398648
-370528672 -694741260
-463160840 92632168
-726838088 -81
-324212588 -277896504
555793008 -602109092
-86732 28020
-324212588 92632168
-463160840 -277896504
37 999998820
463160840 -138948252
-38592 -82702
416844756 185264336
51636 -75286
878784246 418447826
602109092 -648425176
185264336 -370528672
-416844756 0
92632168 509476924
-616143225 -81
743042806 743042689
-42391 80655
-42039 80839
-92632168 -277896504
72636 -55286
185264336 -602109092
36 123422353
29044 -86550
63372 65546
-416844756 -277896504
-82176 -39572
-919 -91281
510945203 -81
34 999998821
91160 -3924
63372 -65708
703138736 -146439187
763705154 749459696
150394480 150394363
84988 33108
370528672 -277896504
463160840 602109092
-416844756 416844756
29616 -86356
-38044 82794
92632168 -555793008
-878269873 878269828
602109092 -416844756
-86433 -29089
-92632168 602109092
-3807 91043
92632168 -648425176
-416844756 -463160840
42111 80839
36 -218032581
-92632168 185264336
-55448 72306
231580420 138948252
-832437465 -326052899
463160840 -602109092
869607490 -733644729
-985678151 293289973
36 272193415
-43416 80108
999998937 -82
-629561460 981522291
324212588 0
92632168 277896504
324212588 -277896504
90719 9663
648425176 416844756
509476924 -185264336
-370528672 138948252
-672704454 -992318843
946909334 -946909379
54759 -73045
-277896504 -416844756
-370528672 648425176
-55169 -72681
-648425176 0
46316084 -370528672
291453933 -81
-185264336 -138948252
92632168 -463160840
-24384 -87956
86439 29123
-694741260 416844756
-555793008 46316084
648425176 648425176
36 -81
36 -273543689
15132 89866
65663 -63417
-92632168 -694741260
231580420 -92632168
