969
-623295698 -300656678
156647562 386127216
-679477886 -864871633
106623306 -276282956
-699703058 865358176
746970591 -299381845
597581994 -600927217
497281356 -152950737
-824671805 -144427728
635083285 413908699
-50003112 195252167
454979080 -335721270
-987050741 419097227
-102841434 -782838671
-142652310 -571624790
278382090 836446583
80031126 154378583
-182895743 125592077
447634656 -411457389
237549017 -688191658
252602677 -393618820
615304778 462076404
431783825 -99519830
-94997778 215465899
-549368546 -382879829
682246726 -854339096
-590874755 -317719074
196463709 805557169
-592563672 884882359
419156332 -382696211
380952425 685482474
-266161654 319795452
253602568 -397631274
746237528 500049613
724391691 307156913
-204599827 19671486
956159892 -533137029
-835159348 -268508933
-795264741 -104142334
-545986991 770027824
547722383 187041726
-608234200 -246613712
335454867 -972789591
638235367 -805784417
202741217 357142364
-646014930 -609324068
-58737659 144280986
-570242894 546890826
132655981 -358561391
473264417 587289685
-194323345 440077437
-134061222 830351281
-130565959 -614561200
390767039 -251802707
-417130486 352466143
-988539476 -407668919
-839901237 -218446697
-275561112 436212569
-834553414 105500476
-205663996 -379419750
-53581436 367959336
-448313231 641073344
856602275 -636934529
631700444 24502705
-543104709 -104377755
-988012969 -449623895
18931256 538570221
848538713 354454531
-897252354 851731570
355990545 44677814
-432366680 -49574153
-969345808 930412958
-899580298 335078850
-345493470 -334860914
-676369655 570058189
-123058005 490036482
886481760 307581073
-147617187 424725579
322276469 54737175
877396920 -916660410
439134096 132343463
-688350695 -229574793
-939643396 -345188675
891569168 -95899765
-725847582 -683913412
-418127596 142321744
-378089634 660226827
33080971 414540271
-645045274 688458031
-36804109 771107188
-644558532 46553192
708193239 162757445
-971580138 432755662
-785850860 154090519
953757135 261674647
748694528 974148604
397966959 617925103
658916005 454904446
682752381 504431866
-778816151 245479762
488606848 2652570
847840372 934055890
547329959 -891298808
-391469008 226947874
567285848 970901456
-581742503 -679004289
-449779028 -260277922
-398306286 -722588264
371944202 -850686935
682789288 57534039
-687055597 387959593
529826672 147813535
-521251675 -671494205
-589482891 635600782
-370048582 267956325
-706053351 931673751
-418116560 543365813
635018214 82103109
-974923597 -772827313
830638657 -267810229
273113183 867677246
-812313955 511849027
-243943409 -323771163
782387384 -530587335
703852743 -143085678
-578885912 249974617
-168433810 -973716574
-326043196 439409408
711573865 -699792272
-219920787 -809576826
315943700 670200009
735427722 -802810755
-167099237 -468789993
-387125707 185538765
-1448899 919956027
-586164440 -658752421
-752249160 -906184965
-511105548 824789268
-544020237 49465451
-627609996 -718128150
-144375695 622683266
385836778 597540915
22392781 391312748
-603313331 417145739
548140140 -836068892
591164962 625598048
-673593 274314042
720792763 196489573
274773504 -196238371
-877690714 -676845711
480398223 11488432
148291644 691199320
847486637 -618178494
-369847354 -792612087
776671222 -575675513
689240643 205957500
935662510 -939821462
179042028 917619014
380777671 -408116483
1670137 710255250
531100215 440281925
-455176967 -864655471
812327269 -990203493
890987228 -896981127
967622274 -644166356
-550307865 738722511
-328979110 -56531518
794633184 -80384198
939127785 320812305
-699983085 924517222
-832100899 120335612
993173820 -545941625
355613042 307381154
-544574550 -409638352
-771863849 -677509931
-622472634 -607904870
615341043 639881361
779938694 -492076840
219423767 -332633715
-190172623 609524332
-676330044 550028282
-169803295 -717214757
10230816 -42127
211072579 -86979739
303212382 479194401
-728249931 84216432
730754465 502099980
926561693 337043610
-194842967 -734181554
32514020 -121411811
-426686341 75311401
-45160034 -371962827
-13461886 784207964
-789624015 912877777
541802723 -173729770
329772960 856591053
-503423449 464128402
981276468 244625178
971540052 809998793
608139272 -634692008
-755012012 760716169
923591826 159448749
227189486 394273783
216079349 462905482
-534339108 -30349593
86686283 -880543176
760738441 608671908
-518438706 -859810775
-611092528 172332310
-189747007 -294991961
913315040 -439281296
-901681092 312878154
700524210 868771933
-18938218 -217043539
999586649 -212345748
719325025 365925700
535591787 -768432542
-629430093 666804890
760060133 -464341464
-276640075 -771313154
499488410 -731462220
889478889 -621498075
120504200 19905437
110796840 -924519272
-975712213 -559104292
154846679 932081193
-587630333 523813303
-285363979 402793296
494755585 -556198175
390134298 -987122189
-434034218 -801969606
-938532882 89243997
-421279925 426972347
906111792 885072628
-441742609 -834884975
865360935 -686453469
204704312 -690183435
631300747 664285507
782727334 372826638
-846894054 -36219747
703701625 707538992
804739375 -216872308
-344995083 348215596
-830792549 -913755143
-38234767 465755462
-263522389 -56921784
420997258 -523629536
-726518450 -49416524
718861000 -811724764
-241551388 -597454026
562144296 983506793
-576843523 -596426980
-71876794 40646423
923023171 399538844
885301739 -766587079
223997104 -800422051
807075572 -735359717
-738649833 912204572
785090684 -647008084
638062378 724640955
-760373935 -630030433
386067370 -185695731
816946278 203282809
55309441 -130985414
652271847 460827289
-542942137 -860755811
560680142 802115125
-109932151 687001775
837045589 36518924
808970878 703694698
-832589308 -631255274
-946576239 125142192
711366609 831575399
121746720 -841306069
891179388 -111326336
707721879 -586977896
-732220579 -723520886
275599501 525414203
-117404072 -886704216
849986904 -734415346
756987062 -529299786
-312951038 -799539825
210319449 -7102583
-472529994 345737627
89905316 -820905789
674282994 798126135
673602892 -877652982
-363190892 616775249
-833712071 -765026075
415623465 -70968438
725470260 816384130
-167806937 694596776
821351452 330605829
-435283481 -524674123
-251034305 910937916
829696965 183619633
347045574 376472902
458651134 -282636371
426515508 -87350311
-474070898 -976180649
631897318 -999066876
-22965207 952521618
606130410 -12196938
21670796 -820141191
-485402060 -27544407
-247657187 607611920
999269295 -261159906
360416711 -683907382
-368433272 -545302790
-457178774 -28966540
-286061136 508605997
210094719 -72693683
-740643553 573247564
-483960143 -340261469
-671278141 156175462
305356184 710048924
475127787 -757785038
-834961013 178732194
-883745637 325576941
802483674 -168568010
605330297 -198308778
-24140792 -854331490
-589856559 717670727
995694106 -527674964
348837812 -663272480
-410226882 904216540
-676978535 95282929
685398735 -312858556
92204547 407577015
-355321675 336623422
-221938424 -443987329
654725668 842100981
-492675733 -111832144
-270177624 298656292
572039930 134716326
-27432165 -911406114
548043688 -282059456
787442474 -318476684
-899237571 75816171
-994330311 -955143423
-959995146 628724563
-726350019 742428076
280819108 443266072
184075490 -762283431
714411480 -339430541
-577991964 821409534
160425151 -509219756
80242459 560180417
83543865 -291481162
726716557 -245896767
409182429 -111801276
585608320 307080463
711630992 -705663208
816241236 492749648
-717661240 607702584
-520255946 575406181
-476352857 468435215
739855898 641644979
349685006 7518753
603377204 600091892
-408350039 -453282788
212524986 567386685
-226797644 731576706
530632442 -586775399
441491849 -646420771
876612789 763291652
468751103 176781611
-872223501 359748416
265216353 893542922
840927817 344087570
522040458 709456564
672825764 -991300092
243284963 230682380
-400972863 -460872182
7814732 -185987668
-7200154 -789590355
-642356815 715872113
-893690352 313389712
342030781 298725062
-428694500 949440778
311971336 -370300367
-463784986 -642430712
-531608233 553464321
-809476893 146508834
598090532 -724496519
965805384 74035700
-839370135 -880765891
-297386858 751493531
-260753408 -327119445
865304765 636954539
32040536 30755420
747545400 -201919444
-159878774 549592011
575105170 52777233
173512794 766223791
341734496 560104060
-795757394 -434885322
637103335 -559606464
797674030 137411354
-691511480 763725274
765613195 237551134
547194252 492667980
-344034008 -269884543
-359260362 -626654150
-749214273 -823838134
-431159376 417882344
-663838012 -593212307
-188223522 -996823605
373730790 -170838013
-955612671 797046611
123425439 180370828
754231477 301422606
-442581962 510408138
-898517382 976689452
713509211 -126462044
-281851997 -262550637
663533338 109814055
-158253871 329184999
905339245 -41587977
-210817025 483150824
752600622 686939459
557200235 -685575377
707064493 -117191357
741282122 -670855972
423826262 252916270
-154110157 -329540557
-534384503 707832535
-499490953 80717559
753802495 -646232837
851736858 339049493
121167879 965148083
101251940 -662325080
-69750219 748600115
753946789 -372292341
750875589 -686793664
536665926 328714652
896150818 823899413
332096751 532752031
-526970002 186430858
-159403030 -251960903
-675544485 -738638731
-250420960 431900029
146489660 -646950580
-859313433 604491490
382699157 -378929691
742393207 -749057642
335251591 463228504
316099421 -223129662
-653771054 118304821
354145846 -624944080
573097085 -106437604
-478423549 -854856139
-184385978 758747303
481116808 -248979764
702216206 437396208
-965599528 342909733
387673505 -744632216
-812910707 508506019
879189918 953572709
478495807 602965122
322854891 933555838
474689447 -483788815
486898760 -614158558
645247352 -314376979
-548574732 -237147611
899036952 506493968
365381347 -984728904
-74072123 471899703
138501882 -927315134
-270110151 -771811316
616773812 -412307829
703117742 -763051616
959731299 999706148
-56460996 840969624
825244902 514905471
397690386 702839474
645572522 -646405068
-967797093 476731069
-272865990 768594489
736012229 491865900
552277203 -455767308
427088563 564948802
750146911 328856410
-885274596 744260196
97270149 -834870109
126949359 -161985671
774100802 379331436
344119822 522558488
-520273650 -946520371
-165293944 -627117237
-88106419 68007624
-919310908 -535397114
84686706 915045903
593548791 847968096
-568971685 -248293408
287815134 -260493049
331816646 -412966070
-758918381 12344181
-958962538 -572138707
-149241408 -751299262
-874894343 -732565053
642999713 445709854
-744271065 278129586
332592392 -161078087
48792700 -187094663
-990157822 -783048809
486259384 -840942043
207757279 -245335845
183538653 69558821
-667070214 -83030074
-243264772 -166999125
902590814 700295495
-343227286 -859927671
106344368 721400662
-705500917 -446238557
267742298 -209816726
327817053 -627847340
-805687866 -958492772
736683341 103848096
-914153081 459723601
178478264 306767783
284587290 543042056
506025254 798454942
-377956001 259724496
-269661936 -649593405
957434428 -307579179
611454971 282354582
99595094 451617803
242643387 -573563278
659168799 -140102754
-825482466 819738593
-145904910 428368021
-709706349 -984817041
803720887 -970564961
705167756 486434347
-58999815 -999420803
659857416 -561648509
-587708207 -383428793
-275184565 -444688869
-909051655 -378890292
-848203377 -806268418
-101875417 772298366
-808511784 -284728433
-343099441 576873247
-988281837 771436957
61379807 -716801177
673289468 76969176
664669540 957152357
520757378 240490891
-57935701 421079277
675788776 35496241
929263070 151631429
66930050 -706432016
823978476 -677376368
-928039195 501622173
813504368 155780142
-930289300 -234848191
-36501950 -185250515
484811865 762117031
111363354 643384474
956901598 224782563
483228178 345731367
372988493 234913861
-76476989 845320579
331991853 -203720835
-258790056 881978212
-394778410 -498304747
368635733 -978126860
-518486072 763518123
-875073263 -139983302
74898120 581203041
-826227198 -127781590
-652425386 458301285
53856993 993337140
-259885120 -216364513
-671544543 -547762734
-708597904 -762278990
-84724587 -57868401
-920573021 825619774
604288590 -12349221
-151158537 931088387
-257455017 649616588
-207513858 613419397
-196628098 -326693164
681569405 -182225468
168521862 169565189
285945287 -844431371
160616030 -51449037
274274754 -29835373
207209597 -370162083
85075130 561814287
90398181 -890629901
-718933866 -278950181
-300396618 960905695
610995942 849605501
-385978100 -575608595
-828313448 -568315379
199156451 469623773
-852149412 -865133745
612794944 -312491397
261529351 -806117753
441614288 81181354
-526519463 -339663992
-827512480 -39635342
748644596 -51470374
362131325 -168409544
-986613881 -948124039
-253411151 489390172
361206786 -676972303
605365248 -62518639
804901485 -711473513
-233695253 -175645132
892643788 630909872
-1137873 317929247
232231627 480093511
214881650 -685869848
-425563429 590581194
-697042069 -186057251
967140393 244852659
94002102 -194521488
-761505070 -340464140
943469916 614497186
358513083 683018309
291774847 -431427101
174971326 281644047
578494254 -697230577
23404433 895546623
-304397351 -226830618
911601655 857140395
-580543232 -333776663
763503479 -720798512
-384041658 -48842685
671921957 -386292408
-533236068 524359901
-12432578 3673688
431176300 -485959474
416810427 -870591239
-348929167 -275552619
608605452 847923103
-262083576 -415263300
-323637526 -993718964
738649278 953119647
73517413 939692457
980959497 -331230215
-178942824 467536857
-85259926 604026833
543874671 956203965
-298392116 -373375991
872910614 843663508
884943971 295784671
379857090 90904834
-407433371 -372855034
597358922 -914914626
-861102275 -246078447
-491432783 83280748
788960351 -381284579
-657319627 -983796600
-410238220 -478967372
-537917910 -272619954
-93107971 566863676
-230176937 -908609129
-31646693 -314590678
805462756 -125894849
604290077 798483461
-103386511 -925623268
909723645 374584576
-225813217 -370019112
222127488 -358371321
-673910475 138958648
425344109 760535886
-480512578 100331126
950547451 -438491752
640142002 319184158
314964770 733055476
-928721893 200017
-904960233 -325196220
-950920666 848281204
-508919440 540003058
-861047196 -366080015
166533895 -447739052
646825468 -690273306
-488398141 -125549995
956235565 -946524338
-7529373 -746876878
362888824 396610359
997453831 469333925
-817881225 -140729905
-172664070 706283808
840072907 147181765
560798770 934436171
335021297 763050148
893253832 464159741
863699981 -661032963
-517144736 906029519
-759012965 -508680594
-318305966 858923163
-426816635 -321982463
522967130 228260640
-559461345 484381283
895061169 -306436250
-343956872 256287775
536529500 -391956225
537974816 274751585
-179996999 -106251474
978392185 -787287339
797064065 108403916
-526327180 -156355488
-914584443 -628334132
-28174508 -575289309
-840860374 -645661578
22080894 303390742
858495737 -536605134
594379841 -683449128
562572790 -619683206
751405550 -439034675
-431339194 764102144
-307101995 26477733
-633564505 107935568
-129696933 -353299550
898594934 892956589
927465875 234033592
794418780 -15725520
111195927 391011031
-619657182 410629285
112492983 -670299120
-299231149 -953037294
754337721 -725161528
401845008 -942007045
744925678 318559323
-679110314 -404024485
-366888332 -236892529
-882818409 -238007063
511643534 -71878440
-329536626 -843661456
17184388 601820023
-36776054 667652254
-412730846 -876218189
-975111379 -579436983
8778793 178282142
452940459 -2275762
-633147899 -763935439
-619066367 20177754
49644886 -413665027
975131648 -416081751
-705055506 -435872351
729887726 60899309
804031104 243705660
-944460775 -676296967
106389512 -547042785
-57078910 -485503161
313512027 -873444661
490276726 -824054172
322214161 312637463
-811722991 -744166491
-578359367 528690387
-514829966 -388667930
-562558964 506780779
-352003056 -700285439
814297101 -643618075
-701737160 -560990480
-797423221 -36430482
-957440392 32171441
905216293 -249946015
633232204 656535779
975927215 -438238353
733863237 276995853
-762450751 838450936
-587953079 -515206230
-497523574 794082740
-211269371 -426028191
-473066371 362958371
-442608262 156662397
966315190 -698390222
-470732568 -149067566
-618808894 -80435108
-230151092 -610612176
200085762 -564987841
-539010754 992646094
439683793 902403563
210266473 668611383
-182245724 710554092
-858090237 -211814642
589756884 185610654
77162021 -575448290
-818358849 832041995
-54710291 -566207508
-148817682 873055997
-471538857 -106299224
505857792 -61882483
-445687554 373661134
679530665 -535659957
943293413 -711895648
240344414 969863651
-583397616 -392759790
-698317503 -731221678
204471545 408309674
632103443 -604985018
215312356 -247292220
-926150541 438762207
274044169 -385548194
-54991608 55842702
-517859073 745365500
-542351372 405709525
586215661 332956419
867827165 -619521675
857432965 463086065
565874558 663582539
953654411 863234972
-725774758 -789928321
691300816 -573314917
-525551029 -569326515
-159427256 782307744
937756481 585146567
614311815 419465035
424736737 575463342
302208501 -256365284
167238835 89400853
486126618 695504451
-261479302 250264215
477862815 252616897
100140788 441276578
-164098866 -910310724
394803692 702197595
736656255 500249062
-484177432 846439991
376930490 -320836346
-250985976 552613244
-137791540 536726425
484469151 -277908193
-777868136 241493187
622696553 -213450848
332646140 611788050
789500733 189788666
77479301 40057014
663763238 587232154
164885641 -486419317
-348814729 503860077
-658743509 -484448630
678693719 -87594237
-613507198 -411490286
48291028 -182933835
824416680 -19066279
-469732040 957932803
301245600 425066229
382397406 516641316
440271863 948842024
-193551454 -199359595
-778590996 -294690266
-758549215 -128837636
-386567764 -371759527
702656755 -600679068
911843077 613028953
-607420218 -425979331
689616385 -650470123
-430842940 -842504654
-26181765 -201156819
-447494637 334072328
-997468780 -884149134
880908064 990720113
915037252 323303128
674718644 590807569
368959221 -190800946
-184657819 32049151
-717818806 -354157299
353298001 440634863
-390943095 -513607831
172393244 -847188954
186231249 905373122
-267537291 302389115
571986703 -384957162
509594526 614780215
-315488842 -981700817
-948048753 378850841
-765868555 -110373176
15075228 -97170120
983081528 715411121
368348601 859907585
-65116853 774795767
-948072465 -280056980
-970385699 869983121
633197848 652451632
-953476994 -403705936
740096129 8329448
805162431 -662936161
-630734646 211205803
869163756 -469454873
-912265643 -787083822
-251231791 590894247
-784490172 237549669
-48520733 -952194175
380120889 134379798
-123942884 850612094
-269699521 19111961
420676442 407832467
-545577013 609868684
-550984590 842804774
-44957092 -559452450
-822641120 -286168937
-410498808 900864520
-955197863 175480777
454337123 688690180
827919748 -751899336
-769288369 747728727
416685145 373909471
82891921 150202377
-495654319 -759087164
880268379 496709836
87650353 -147420017
84506837 -596091317
699732016 184261812
-373951468 935101744
-718700311 -586414033
-440870288 -672879871
-232558126 -834449670
-760130458 193565297
680971312 570171942
552191713 -983035782
124283978 -853441756
441703621 -574554663
-486699543 728698591
-234152415 194830398
-268606344 915080721
-641356328 760571688
-907955078 -967109897
660675200 -613438831
-238569164 -815356469
897865388 -46521495
-308556932 -189874779
-394166470 763155164
774951908 822156979
-471905979 -791305884
699049157 -74540302
238418587 -113138398
-315341531 712162599
-394202789 -165626718
203874843 -641387087
-126487116 601634394
788247998 974189929
-224006141 34363373
-960019326 480596785
834454962 -792565246
523620679 -467502940
-507490312 -621131566
504642972 -522774271
227276464 -911272063
-384169157 366669005
255816859 196391850
-805102136 389137346
-897939494 -171655106
201368978 794091448
483386140 50709540
139232292 49674943
784133801 702175895
-834547908 -811549286
-14077406 -898033739
-735444807 -930274965
436238205 -718173840
-749791200 134067464
-155359110 447543138
-271119959 -163819924
91136566 11425794
49752954 -341032663
-861870230 -953274021
572228028 -328809
-353244064 779901388
271651291 685223173
687569218 833582386
-461046581 730649797
953821892 -629039254
