900
-635637156 -266853276
837542745 -959797828
383219299 515029740
-318554072 48450833
809226473 -113310246
-98272215 771470456
-925821713 -502838048
160936373 771281059
466177730 786751307
-455357743 -581959888
-772648007 -107396920
-695399037 743905435
-506207971 -425126699
173724533 602783288
959627382 961798202
168053710 -466567664
386457047 160590809
408442222 535239864
24300754 925496442
-222771548 -429599466
-235329357 -918107448
-775711398 -27641769
23468791 -496447775
55547811 -334060700
632292148 881661875
-536509631 -616025313
731058564 -363734731
576038887 -397745161
-85143773 -579946317
-835395738 -85855784
200214667 -514795018
104077882 24270151
-63222798 -836128462
-5721808 -190426349
-971252609 -704828294
568056978 -204587238
14664960 48662025
40936655 -523774699
-634857476 -105632425
-646171107 284922652
-504631757 -611488639
426654769 -543772728
-665760072 327558849
155716585 -478892812
245421669 939672293
-197272297 -528314170
860679861 219840594
-813728764 299209198
-803625473 -432913274
25708856 -22098242
751179331 574275251
-458066017 -949660662
-388744457 -420275851
-260510822 712988162
-215747398 -796843514
-824424144 645775153
-442912121 199949957
826987067 139343395
663028766 -309592142
253273086 634367394
328081140 -780679767
439844816 782734496
653605520 412245582
-523494511 114421748
266338297 638568438
-374040180 -917373139
765066146 -854507769
180820754 -41953598
724285075 434691846
-24467423 -436853145
603353573 -760214406
482293332 -596601454
-30924288 -707485984
-73829973 -330664682
-897814950 227225095
261451396 386257551
342401686 858462261
671652351 -566703530
655307947 862927216
-452046458 -848728259
594568492 -243494205
157493306 610778601
283822195 -799109002
404115065 88573581
-583380290 488949480
859867776 314245328
-220872911 648078271
821934900 -103712122
279296054 -74059310
-620190196 102946625
966068793 -655764001
-664988574 -104528115
-576190539 -636245217
282139385 153259909
-750575577 569711997
-848952337 -726867154
-458012266 192477941
711350641 468938332
852346240 194612690
-495857080 -798111711
-448982032 531921390
-391941164 68960559
-906221756 608740308
-190249234 286596554
-925922769 -404353802
-218951244 55572176
-566194755 -205106515
-257249187 255966128
-82384669 -816048410
-436202193 10585529
-856393061 865589331
148461377 -608248495
-833400416 595143833
610759353 640493621
-593592248 -79050870
-173037109 565124090
-443470663 -530006875
218260314 -36512378
317653206 -894247829
873664514 617169545
-689225238 193122500
-496474394 557821278
-468169819 -966144534
240682693 243318927
-735061887 -329857628
453651362 -661167835
-810998177 105542827
111071252 976773775
-330413722 349726476
-396618568 -514515728
-535649130 546265525
-983808440 817453810
-743240073 281946697
-686837657 -189760769
114807398 -182603652
767142692 -991666744
-352676390 935966534
-416142862 467087299
323026177 65790247
545555758 -926200641
-460474980 -867287525
-789064881 556340596
465268648 713629885
-624282879 -185148551
205980527 -959648487
-997679427 -657999851
116621611 -166818343
844749711 950279216
-729187759 927067851
825393156 -807332291
644146227 366547958
-747092582 -912128022
-98077227 428455680
-479504572 942531448
578481518 231704132
-767346708 -96331838
-725456942 -513062896
-338425387 942865449
-834024894 978646785
-583698153 -497323381
509297559 -927332948
-245559639 65605350
-852612620 -356797118
-185496529 775446571
102417471 531273456
-535622295 -513614667
97903060 -514509179
-323701187 -46935750
174416571 -182451150
423301848 -313079541
644800093 -696757181
-163288395 -25362030
186518456 652177817
-266330854 377371594
-829008382 -431143188
-565798913 474423220
-871739157 158984635
777702333 -37808879
149442395 -343687590
762114412 761076259
-29925866 -508066047
425575087 -785292158
-831011864 277811818
-38154125 -879425671
-573571865 -279662503
726573553 -462515353
-740250009 -421334368
-312776659 -891845493
642743206 -836934851
-796596120 585758167
978307571 442343228
461725196 -779559232
-508336842 735267351
781217217 844154950
-595756299 608461262
738635741 903571599
596189113 577039245
-562324178 880595001
201081148 -817193884
-191271290 83380538
-200564727 -458680203
80934972 -215118105
-164793751 421301759
521655548 -523170303
993521491 -22842988
-37277134 -957930074
-75846058 -63053961
456417469 610276819
-51061611 -746796908
200297522 980730296
-646296922 -438470265
-560059483 707468749
695867825 71890913
-512635632 -337479334
-168726942 480472130
-826713556 848333198
-509680675 -749781342
-399163170 557942192
56981804 612647550
-740063482 155555496
966804474 241157319
719051853 969984187
142781389 -612986489
452524902 -895139580
461940489 852201001
213430602 -666475371
313893446 -585998755
728510329 238171851
-828385411 357849892
928339315 -631085921
-446688985 -561356249
-44504951 119120387
-252243342 -180779816
235221885 958111347
-202982913 -742119568
839908249 370303662
-537182847 -86861731
902031531 -330274286
-126033588 -206076263
666667576 -196102536
706659841 892524402
577523662 398403414
-979394610 -210378077
660943782 -315079409
213453074 -33154067
911754610 767596005
-153748606 881626946
221865029 -835606635
30020240 287947643
-460701029 -568638723
-401025628 581118439
153534335 814784689
73279445 -850717957
449195687 842695463
421410327 -853416928
370192140 929111212
-634667202 855217260
-325980789 632738466
690123900 336985727
857032773 -773386646
435137987 125125505
229690567 -923219249
-591420961 -153707223
-246377671 319551375
548900681 666317319
-180061596 332978431
-198627067 -177546934
-107146499 640273231
-857922909 -144298173
-282688974 -473175199
266896242 -150885163
-34670946 -747490523
-977466528 21068036
75742553 77926343
854775092 589472717
-408976271 -470000269
-196091274 822389251
-284485092 257470060
-187882055 -722537218
-107434732 877206615
-24610671 -387767164
139944391 -449784616
199605115 805988601
-310513765 -165442228
-323989120 -156261144
125183832 -563682868
21697832 845928263
963307895 212224397
-977431883 431387670
27182120 909973702
-40617742 -106840298
808237524 -496163711
-471045625 -997374159
-905205469 383342032
-853447945 630947468
10421108 -883042345
611861771 -544305841
395324272 160577081
268845604 -924620904
-552499249 734982875
-952863588 -481371111
92700999 -418536964
262698923 -165699267
327481969 -253939201
-436965162 776763177
792763164 -358541397
968464456 -235909274
37890006 320284971
468239699 351989507
-595814729 -676520705
-658205975 276593278
643713908 -501924555
-335446800 185167854
-922949606 -697781896
-824964094 -670345274
761030895 134518810
-443832399 753751768
-508282871 983898445
-316391609 -625354665
-736840905 -883641546
743464627 -189993767
-921042796 -665138861
-896974042 -174045718
-104353198 413868042
-99890063 -158721078
77167247 924488654
-227672887 -68266078
-955283293 457367505
-709962069 -201090476
-458015391 427192960
220809812 115865478
-307997623 743438103
-878894084 101043483
697591626 94663964
424445288 -67504021
145465116 -396838268
289507407 312575690
-87696489 908399093
846786462 -994259608
-922478357 -998112830
881057720 -791211203
782535222 616737348
10087229 -684714539
-626835691 553658672
-444308797 389440223
-249845034 -217026442
-964429266 -486957039
893672915 849947521
779799036 -711898288
-631038036 454050784
-811011705 800499018
50184383 734116431
77196135 -508298062
339738654 -471969857
-320704785 -332013414
81226173 83497436
-614940539 -448217983
-702023540 -32976779
-193612721 18676758
756579478 -820958895
287369764 719234073
174756346 846257542
109413947 -928712191
611769327 -374704256
871535245 -656784888
-179971535 117433832
-106040031 722819138
-203328224 79416737
771261852 -7133703
410642669 -322616681
-61695526 23745995
-834413499 -624510882
-76747627 -817754133
367428843 642490461
797288842 -926249504
857932677 -227759425
383808712 -694127123
-323571552 70321777
-15952674 351325498
568496704 -707048785
-779767590 -867437147
63370967 -715364187
-967471968 -539052516
-542020741 520800238
953825743 -873564982
-517359770 700242646
-784155364 898900925
-239120244 970319050
-984287294 472673212
-610144226 -159196428
726376543 751383732
659189493 193872478
-789670814 -296084245
533350040 -930881334
-39175115 -82577662
-24202049 597872144
-566584060 675561127
-543602043 -872660227
907729453 969249141
-706765459 181890375
-127716158 955197077
926780434 -788670437
81098144 69254652
-14116569 839978349
-99997397 657094545
-452342769 700774663
-367836734 879865936
782216492 -12209505
219254974 -449498210
60079430 342111275
-728617456 -763942138
213261084 -625834610
962939738 645723236
-478331718 -625544472
-462640174 -167568784
968324807 23944236
476461499 -734267340
-961671016 522122181
855701025 330630602
-730154266 -237065889
-89429708 -920466222
-457030852 -171331887
-536989117 154806840
104800096 561277804
-325279499 -733941597
-844453340 769368618
-522845084 435256018
631725727 -745831290
635933744 -718559632
-978821152 212835149
175434853 -114080774
-570488485 -469265025
582163344 -479627013
77618016 -424194390
363638094 -512499302
-133458388 212766861
-272965155 301608845
-149410319 226366077
-438902959 -410326650
-190908330 91737370
473096981 -336409352
862003021 69180760
-707673637 187668344
-54235112 -20913061
400738792 -309864197
-417760761 -873278752
-589545938 414350113
269366998 -631592675
515587021 344473861
353563260 378086380
-335561468 747256456
-621614936 -490032767
-997929153 962511404
152163191 523111899
-958466244 229843894
-928830378 751230073
-953223266 999099575
651780804 -333494980
-277196165 931818922
698291726 847608642
-439416829 -102632348
886214809 -99544330
419908418 860955345
466833586 634402559
-16006142 50795280
-839291635 754628181
-645059494 821294610
-752960199 -154824042
447925794 -302179858
-73929361 -87081092
-570595264 -368479330
-152377986 204451632
-931436139 -702030053
-759862783 470160633
301593743 197318452
-659522089 -293784541
58887482 197359306
-207718726 -59860835
-38003105 801007638
-28642672 -190875781
465101472 380197561
565299240 829813610
-398381030 -542959791
-977662231 385479665
-870836840 230476073
359633965 -902400710
-228264210 882316751
-667604647 764656394
992048236 351014593
-41661477 273844164
-234317529 72631737
-386631035 -55910347
351044417 -74308210
70503138 40933613
-926882691 -124636918
429805987 422776800
-125772538 -796634950
405149234 -168516951
-569243526 321372538
-483589949 978693570
-322184133 -966063820
912705866 -327348829
-179642117 -451517164
418502238 786184884
-240567877 917568401
361660675 -529084116
-357133108 -377744956
490483835 172949008
352960049 -404606315
-823306858 140433234
767479883 717299104
-413404941 235132205
-924128029 403614559
916592349 -271476736
753714170 -757464500
-137572612 134564798
911151519 -85791325
181485319 -381151993
767344231 309659653
-216569734 -610735752
324397008 439916983
259639371 -734842862
-11263150 -791994184
-65670779 535628810
-587118556 83931494
-672193776 15323614
-239003956 60913576
-265035674 202682341
515674159 988335578
202880213 79882758
-993428855 -312552730
30910931 -705622841
-175028401 -549921883
789293340 -869973769
441095811 -208207118
1379679 731360392
-884396248 -857269967
-437509718 -683927311
-962933869 290822920
-90474970 527786822
931561280 -767475265
-261729353 97168604
692800917 679979221
798681675 229872275
-245683315 393499209
-354773746 706490972
3429073 -960561110
-251458820 214562113
-73127051 116000121
971941038 768244491
479539736 145918950
-845622314 231820165
-370092179 -841396264
75150288 -505762844
-782284735 339092788
835045807 404265423
388693784 -566070149
921558521 -429463566
332729793 87935885
579359315 860447874
-244916508 -72283578
927047904 -434336870
-872408795 -179698167
98342245 -647759676
-793170530 -12081231
-35101526 508217441
577673135 250501316
195527553 -233345065
584028357 -749885978
609730764 -690577920
317903271 814140783
291668461 518149932
-820171489 -92602796
-30980362 781596990
462887024 152194040
244836100 -639899961
-435719316 -986399281
-919259914 -208937190
778657328 -744947886
724712144 -7315665
856110476 360546882
333792449 -438616736
420647254 20688092
-573117308 -89168932
300494603 774674604
270182694 91275518
322637413 643086868
-96718290 -764253832
-36757177 -795803108
546285526 -355315896
29370788 433007549
-962619276 -250391977
906642363 647973211
218392087 993866151
-806491713 -350298506
250717536 844496436
-470826597 -848781734
397862795 -844117762
-751540186 -590091897
-722456086 843200396
439503133 -132359452
743706 -294160703
-960245174 287447044
-978284816 -700122125
798181914 -520991805
-403917380 -298194523
142635187 -691266867
-430433390 -32676536
12977776 -656884290
-175237839 522382190
-246270727 -474487457
-996786354 -979408982
126971113 830253132
-862799340 -238307355
-910857061 -936658163
-931863352 938576802
-443991919 851236264
385212701 363007135
675891576 -610645072
153291165 599976892
-471114580 -906865245
353133412 -182876025
-632444661 -888799346
766564684 -349251483
435640740 959733467
-776632535 381544929
827130074 -578924476
-219907151 -148909032
17485577 -714886947
618107791 105235525
883683156 -235158201
617904725 610309928
482082434 -215450186
-952217999 -343169174
-82414334 -26205841
863994441 -656252063
568879136 516394385
358551520 -927311466
174238643 227833157
-111310179 -614135190
63841548 -931230260
969369807 -111552891
-417789408 -599564179
-202551788 -270180745
695953948 156429759
121040730 -178173373
-302254406 860133191
-76623272 20176705
-913500690 -1751327
-107030619 -807842952
-759333506 703335778
-295900557 791010542
615112851 -246189146
-758580313 580712601
-149085637 180244230
885240498 256078309
432665602 -138438633
-867499704 387019148
-38389405 14148001
613711857 133970345
-741285978 -336786602
790521674 754044903
59839595 -315967389
373061161 371842709
266556839 -300068482
-291273675 -438817574
108253745 612164801
-207677701 768537723
-845983371 456409491
104571450 597968408
-925870103 107874758
-622078451 26245248
485634993 340559131
-687948287 122051072
-327224999 -711937784
-565994770 -604626835
-25327077 -529919125
-391248368 -340678822
-879121895 -554911287
220512681 -962981707
-101237475 535041494
651730795 323065921
23080793 -655983349
935964993 -78474169
489003876 -26394620
-812147277 -767968236
726577109 -695667630
-150594195 148375725
738017309 -362047899
-225345072 844056349
-306614236 -771301477
158394816 -432719818
-351114029 729455534
-309239222 -220611323
-495045672 886945132
-397229201 233221984
-614702559 -385600529
-358136182 963229184
-6017196 448002084
828205122 -430243442
-82283275 310848100
425064511 164653977
-828568322 440298767
-380406317 604853152
566754213 -584754654
23713091 494519858
922515691 -538500886
-755805391 583472091
-552991466 570285014
-29610583 -219999671
407092645 643641123
638760468 -1927563
656053577 -932577347
-907160576 466153223
821461251 970511529
221213197 778183416
-476792242 -923175571
129568694 -726472256
734219983 -202554607
346521591 -39900359
457023943 -337632750
137120234 -89429002
216718397 99443854
969307593 356737889
-270420188 -341202997
205756749 -952006631
-347363079 -309160331
-482645131 -36561733
405341459 -693500821
-931896486 -193477656
-245732533 664893972
-275495419 -977090470
884343360 39243770
533568072 -998098918
-241834950 324967413
-731108349 888371389
955531364 -761231011
-403859178 -563611353
-455515903 827327312
172087253 950335852
-271112070 75521030
-992669705 421372238
850911679 418296421
-259182048 -33356747
-834639178 -778955313
-875282209 -759289775
74540775 893463107
238838237 67102536
-967384755 457092256
115786136 -953036517
508590495 -649230921
586539041 -592184420
562625308 449083040
-299422891 -942012858
-437787967 -573357817
-143180326 -64065814
-915991440 642734348
-35922776 -220676098
-304877236 428795620
906016397 989669187
41850413 -444937208
-51246392 241224584
-685694895 492458833
163062831 -268544786
93896415 -747629509
884176256 967694404
-772069054 -989118902
-7370580 648228750
857253451 -154655886
-277342807 761311817
-618567240 -78584250
-391859395 -205406467
-902103212 249190003
-411314722 519394783
-762709317 673981261
-31340297 208104665
-905738062 -429177804
-145694416 -96286896
-169732401 128621776
-993676675 973786102
-317414678 -773242432
-418374141 206252966
-941309250 -385291408
-907911712 -571359725
122201047 25073011
-986476513 753350831
973940253 955130419
-553525916 885143460
-281073082 652166231
729182209 -923955611
-491956469 481019188
835516133 949615119
131846277 -457689583
442389323 725019715
806954847 -38982752
-291431360 -89271443
-268831655 -123036642
-771460389 -837506867
85010556 480721692
29777138 -362835483
310613439 517931741
-982355171 -949530663
-930760493 66263447
-770087833 818703528
224224261 758231850
-843220936 -531354399
32680140 540378578
-420462816 503289938
656401837 -302879761
916644423 -522075475
454577900 -937137980
796871482 158483521
-264571148 -412618049
317366181 841581550
330613763 -660110937
360676509 699781370
147167297 779594605
289988737 -60877273
-241919906 -875832114
366466393 94297291
695259962 837173886
197634483 42940490
-648268625 -305169061
192687606 -591700959
145813513 -693354930
511283682 -370786267
-667803282 828595448
372908034 -326723353
-87892310 140493652
255946550 936721258
558012905 -924251919
-748149734 490324907
-515576063 164588830
-209741329 168646479
436353750 -300725965
369626450 -555197092
715386941 -841173435
-267973705 944402796
-610591872 232625678
-38334236 327937180
-844141840 -917688855
-252323063 878033285
992533342 222364478
4011198 113983139
-30840641 811326395
116949868 189399353
746029686 555493355
524591531 -108318472
-139281192 173417043
-764424355 -142357793
-444821385 -210858221
-937991057 -92252414
86155520 -897711410
-213751626 -909250563
-300989050 646832500
381230549 108033344
213654458 -54062097
392216052 684459794
878801969 -157293703
418387521 -428143595
324720704 266331353
999201757 -442376641
47926182 -688525300
245017308 -115948520
44833426 851836551
-688572279 147277262
-801876836 -107080338
-37142005 -895926886
162406430 438704158
-161259129 661313797
92027123 189162190
396311455 457219860
-122882398 311326059
-474783670 -579376041
397534424 224789819
-47373049 687412846
-997385038 637660434
-590129736 -809634294
-962611801 412248854
-118974482 69177239
327459456 -641531417
598575801 456686303
572498273 -291387365
-169001878 446413746
277239705 502541131
-516722395 -417593876
-985990256 438646048
-460013666 514001437
840745188 -722507031
138454702 -710127267
-197686296 945137840
679582115 741810384
-656046168 -157699422
-379691805 -916166757
969943071 -728103991
-869631617 -400159066
-559082176 836986819
-183166970 366548122
463722960 629014513
973900841 862099375
