828
899647998 768056381
-923428081 384394919
-921973078 -264685214
141979225 598039961
927836789 -477510779
454624630 -685034992
-936853606 741038891
-345211889 476642417
542266355 -850082676
-123568371 557321480
-143912235 -740306997
-669861345 -947445086
754538693 -5777265
-954183037 -480731092
4919731 904429471
255456561 -85957897
965187767 -478893101
736665431 987958983
-468578817 267076356
973295770 702874388
821127694 106394541
125192225 797392366
429370544 -581470133
292654627 -55979371
211571118 405963529
-927824675 209807210
-214165714 179224283
-87827699 -974960120
-291685518 -426661355
-70126449 447234584
411325882 -81983293
-638049816 198843656
912150710 -230537996
497086355 482992623
911312909 112069740
-913681043 -652200804
-875558602 -819389034
64312073 -554529475
234736998 276077361
-813326086 165046427
631269436 588963371
778084674 -883609385
-486098433 451728299
672605746 -513317203
-23377643 383237579
-296292888 25862670
-626332560 347832134
817281272 728360959
13501714 -725627267
197671831 695002787
-340558778 954886922
-283733875 -578442843
-560542333 -325505115
-829544275 -668621585
603745600 -49052802
829870969 -163918671
-778409027 -982907333
-85229851 -87063733
766834010 -857791949
401636700 844788693
-620250534 128125360
80289336 506190641
656859218 131415543
980073622 689823419
125511452 -423608798
232049899 -457876371
-312168875 57490425
-323489726 842187687
-558472391 -971774167
11896940 288979899
-605872194 -884491231
-844085788 -179516411
739905208 936319797
212349891 92113498
620112090 -328951508
-548943360 458725598
-340102060 -725374567
-869871541 -379700366
-430078538 -270731233
-450613302 736509543
537978074 255939627
309139849 819512874
-979093068 576243887
917723908 -847355204
812104136 586797607
702650974 749830640
778857608 665483267
832576823 949184643
-366296852 -955205797
728988204 504390418
130423295 333622958
-226773034 -634640994
505712257 58225167
457085888 979601981
-296985374 -252789700
359504951 -741787767
356716732 275221938
-333677970 24979715
-602632787 -811693546
4807881 912929820
99817980 784502350
-552831353 -51394464
-653687333 -727908830
-429860100 482020952
-703226334 315100644
407355132 889683247
-686753912 -341537329
397539982 875124965
-2571098 -338842679
-811090300 385532135
-567140845 -996277695
-625089787 599771142
431620509 -13938299
451445903 -901409632
-38416247 -889679344
259956098 23326413
192531728 -439624481
-620382378 -496470404
21124413 492677838
880644053 594391909
3548181 860210530
961288705 315929171
-354157164 -322742784
-752674617 -816643611
-887740284 520189148
-670284271 -420021492
296461837 -52639851
36290152 -743587713
-531974174 -386105652
100037189 381700027
-112254480 857242205
712635301 214420122
114421424 541165792
-628386421 -254626459
883303032 135278706
233215361 577650319
-446566127 691973980
403361619 377199387
-209844332 -86918281
267282284 199467228
-158920347 423950567
-378303209 -148224060
162498022 -930026481
12525451 -107464245
585861021 571274263
361776614 -567737265
644851712 48543734
387921868 -567033837
-862026299 -606021495
649496292 -833871074
-591619588 953124694
-374108831 159107188
726760105 -178064495
360045324 -257863260
934190479 635958958
-236329839 -267382595
345967720 -960375732
-729999327 -809596992
-803326566 -330869053
-839797891 727321763
-214915207 -459424307
-359782529 -971214119
-585119618 -880274965
792816477 210005553
-960990028 102196103
279475276 738886293
303630514 -54472688
-484059005 -464623788
-574669684 989683557
-153892440 314748826
216674062 -232800264
325553732 806973232
-349764544 166601484
-989646184 544365372
-513172938 932938146
827772497 -690579285
-166574429 -306298658
-242177316 95615175
85043394 -91276389
-501597544 248027162
156287030 488292227
374317175 -455581872
261003044 -314520638
362336353 16324296
-531216873 963956638
-615728531 -705595090
-240487508 -489254745
-367694329 -725510734
190727493 446730500
-732780578 461119434
-638612007 81614009
715960615 -270029517
247520464 670684914
-556650967 -751545667
835434429 -39196652
-335549169 -130671145
543595687 -549301590
365908366 321561258
432182407 -109927016
549728002 433044826
-800999994 283146247
-697862567 890919033
657132203 -22196005
-296441812 231680440
153025374 999972689
-533819325 19003005
934648344 -728127622
486375128 465327883
-178885567 -829401154
532221933 -214423845
923441658 201798003
318691717 -345785874
840336642 -829845252
-810448077 542205722
-710835293 -997719262
753331857 -931122941
94756345 423649052
506501930 551169473
582631408 882949824
-216943823 4955129
-594516786 993645534
980115443 441548343
-223909989 904293043
484606229 -887145970
691198039 729605672
23492841 273929105
940396914 637353418
522146910 197590916
215992049 -786953533
915330806 560982311
930772103 213864075
-932855524 119196248
-799847882 4893567
-609067447 254753020
-196194781 903177496
-161023915 376908889
-484603370 466041424
553354542 -461966563
749133030 -498604484
-495820137 487450385
769977623 816695577
183400513 419931339
833666824 -512560400
-432019675 789479654
-59521222 -609743766
-259312910 69845893
-973410739 -693425145
789057753 -41087988
-196266931 -682962611
-179006531 659241683
-893161221 -371459481
-963081754 -162005550
-815947121 -523570439
706380787 -818859828
464204624 -351680939
-755816552 -961342290
-245913774 -789121144
-225712532 -816226624
742224118 239066561
902112337 -707805940
175613035 -823016998
789407108 -62717178
959515624 -252240606
70167612 345173751
-498820112 118720304
-292426670 380891290
-642407544 748485449
788439683 -327832297
484943823 -57307325
-284898614 445940785
-567346696 -161831246
-615381030 354249512
701805946 -501771926
8091411 -121977671
697583071 -410853420
-417274244 92825439
297449277 614037934
481588727 196546665
547834645 -21538232
945404822 -77229392
222676256 374704965
100282800 -61634011
696220335 884938596
-158275341 842294096
-736969057 612981528
967202868 974645818
-975252180 -441189709
-888205867 619411120
-512430423 602743107
-127135304 862060996
-506895181 276281855
248410479 -868844128
-958132347 -925046021
785221659 -549598303
863239693 790652979
175185488 -104112982
984036411 365354371
317485738 905815951
690369267 865394403
-735578589 253936834
936585336 -829808652
789658972 -908208971
-437532540 -815462958
863252019 836806531
84880214 -990573178
-773514602 -759038608
-118856675 -610856069
-729596451 340679487
90277443 21407477
-157632572 385285634
513031120 180222761
-879613140 -183295081
449511298 365587447
-685125626 399417685
579654391 -516418718
202946082 -339136352
-831582017 -792709832
-325836750 642257478
-600151004 524345309
-493708866 164095399
-499482116 438254105
430552708 -628584717
823397756 -857024720
-197367462 -24280638
546129201 -305997419
548580994 -923835133
-153930552 509232265
311617665 392989971
798047832 464802883
-484537696 -968818691
564836328 -121239369
84354833 -676995020
423226327 -490560121
261462203 663684724
854398324 436923946
570916863 -642390517
591673317 603329162
-113260542 806497907
-223779704 675805984
-419394287 874506229
-308118329 -298513999
856967265 -966746082
-47007951 466384729
399445528 -320000546
550376321 155297057
-672435307 -449968503
1061779 -614865148
255600581 661360405
735275475 56493642
-960059415 826690943
260875932 -41461664
-589154730 -987839272
220965336 939510524
949017455 -984631614
521008842 -531943956
-677981773 -560381566
969952719 701281031
97693043 -647417354
-263063585 267630648
731357046 193493222
-252187880 64442121
742493830 397575455
351432532 796961586
588963718 -547537950
596131941 -503348005
161598331 775473751
-178870974 -856606310
-383992191 729564438
-100379941 749581325
769666793 969041502
-814321011 57438150
578030039 129947826
607587803 -37269835
119128788 -299354828
-532175409 -260413781
19030545 -622710676
-311222863 651102505
-316352039 -876616405
-985308052 571414280
62268721 269402245
-470871890 -21038421
-524200542 536113532
-910336125 815861243
512482129 -200693358
-366007917 -865827075
-7563680 -876485600
45027380 751888130
475002244 599981012
680934313 -519609176
-741819656 -402900726
-504774391 -115272831
-75725589 -93999415
-304218129 -477054211
-63484167 -997754345
624581961 483742425
948559620 657459592
-653825640 -685933623
-397653235 320350919
-574434264 675904959
441615869 -316618421
8879191 -393082665
441810890 894603130
54559096 936554926
-768013868 -199156853
296715232 -483820940
414714670 61521086
556636613 914562802
912888621 349355453
-183694116 -94205798
741457610 150966305
-238709365 149098986
97718258 248317353
526060502 54259211
-50143074 -348658972
-130173860 637508466
-258037402 310711484
-371402097 300816788
191866653 780337508
508563236 -557451831
91300636 -611636426
574190544 -575906250
831778615 553180216
504650080 682725728
859636595 152853235
-740259592 -769503518
831507451 690057047
224792411 -99719031
771004560 734222747
-224614459 -104056900
193738699 -963654812
-129672648 -738594059
209219240 -379591517
-254678923 590781823
-476262257 326635133
-726624721 -120369092
362152680 11241150
-284103021 588044592
238453475 396282018
-397281228 786170080
434917123 660750474
-526648604 -161130030
752908968 -500954684
232967817 594336699
-145736678 -457229473
-872576450 779243946
363038583 774260246
5982691 -16647694
941616130 572340179
-447867000 -967008025
685243580 -132145510
-528738381 -793539434
-549895849 -472728304
958943664 -834863333
432502316 -692648214
556111412 60604318
686669576 -649210350
11544394 351257665
512102387 299541349
925147064 -292907745
569106077 329491512
488904393 722924308
-352156624 191587887
38497173 629476111
-504179696 -539289625
650356703 -863203391
-86997643 -40490879
255376118 -292885276
-680758278 -640080700
724792530 -459350626
-214557418 -887607562
569918758 -712776498
-217448353 576723269
78836255 -706513324
-802903446 -922588285
982924828 423161249
544462954 152527365
-885677915 -579004221
322607495 -384344937
-679000321 361200444
-287103738 -563350362
-357310981 506333460
655434665 -19988801
534411952 395580323
-564902491 426725026
942382448 -367533078
47907011 -275007686
860725687 -399408188
-593644695 -436809176
-178262682 432124102
509799217 -613621605
-286653990 -348615532
631988040 -715935882
632946664 926043068
246379740 -719316382
-564397107 579670414
-125067740 -522941385
-864546652 -296694164
-533066979 796540375
-406539871 46746945
84435028 891836807
540273309 459838546
-28203411 -349504297
-88532383 320948763
-920412756 49824674
959959975 -130478284
218761343 94138013
-33722872 10710650
-129071810 65012756
-856375050 -47856915
-849889009 -998984757
-781858223 189033145
724653107 766091761
170781567 -284118615
-990943496 -417875670
-391824970 621984257
166941846 218561450
-627504440 -59551733
201953037 -606164625
-804799071 -173602537
821881622 914474769
827299967 -352320808
327270266 19957890
-752574917 -99824041
-106337127 48490179
825865364 -799835364
-530369828 -730227698
317654380 -609263225
474107176 260016449
-195652966 -538157581
699224991 722245393
672746596 86474277
817880568 -651043386
425236104 596495612
-473326792 487695188
336795349 -81712002
-804779522 900547402
-448554690 645647053
-818880151 -666324635
-672558876 294911506
-172662624 -795298198
138591048 304637626
-42170989 -401231526
-477176046 -914699307
-434518701 978867139
144514349 -64740809
944755940 -213618492
294839847 -120616964
-375160374 70201348
709209338 -889826874
11717023 100952624
786810781 -951859515
-601494874 185628909
-211741945 262571630
-874005381 -367873646
-647138810 -75308449
-168375941 -277882300
718285688 -23642071
688622282 196639323
108661621 542087937
-535106137 -51472446
184557816 -722293188
-913690927 858848486
789133274 841737637
-383205747 -63442558
-624827053 519098638
-473959189 426172413
-954678160 963193729
-399357254 -35482128
41750735 -924575545
-821092771 -287951968
856406778 862214659
874442811 -427374950
-218584906 -40433773
-973852919 -871593546
27676164 650287401
-763022981 302985738
-964290732 -235800935
-604907181 -930409454
-550368118 287815201
594633892 -532017522
-122957433 99148059
-130401572 -468667327
-260354269 -889189304
-480410236 -380039556
-90086608 731757733
320343401 -191040167
-723254361 -214479188
630871813 -342407253
-722421906 -531348562
-272509719 804910806
-358564069 -944737869
20449242 780551663
969983047 -617816179
792814098 420675970
-364822555 -845794743
774966521 -302393536
-579158070 -840357017
-429579580 -104171680
-381633131 303022885
161720441 -257823509
468567105 -634662176
821863759 -8652502
138985906 435769936
-106237276 434961608
-599731574 644363511
-334502718 -193543513
831256268 -983054554
534204194 -710235991
28460563 -787498494
-55611742 276507356
204396346 184504633
-589047316 944156932
-689562538 -146683813
-746294834 485836021
461378357 -765310838
942373841 -382614416
-692791862 -588080163
623541586 -669452660
912251132 852412414
-292975285 -406798811
474482700 -527260264
-288663252 -355063928
-824478601 900361056
-298219636 -560272745
-812928660 -6322027
-379411656 -732648149
-573632125 -459280916
-679375494 829826582
-670246572 392522974
982651660 -330178373
960478737 182240371
-562064078 -811925253
437804479 -364530049
815302341 514024690
-933888658 157925306
670066759 298105597
-801861976 586387075
-577416453 444840427
-478603997 378880095
308132613 -850790298
-283114001 856430728
-155410897 -626817554
504050985 929072807
64859786 999696526
-106223735 -78202848
-147694535 -519013648
-71407640 185848313
382876078 773137057
436849721 -99842766
785287020 132287685
916863967 -997506329
-714738549 194020480
-261875177 -588678081
-503762703 87957676
-49043557 -211287287
564542593 -961764935
798576874 559405744
228031326 310002938
-919108101 -865957701
166757906 -430726304
904332689 -19745442
128929378 467200597
480969872 277126670
807021896 938535794
-726904947 -647286683
573170552 854836594
470580395 527162396
-601728651 429045886
-101675409 909430019
785671448 -581042253
473664051 29432636
-497631607 -82715672
433685578 -56015362
-915614611 -915335063
952834529 -812228236
-216900983 271629846
293629348 746910012
-151433529 -302758773
159163225 554051317
-100565785 -863366715
66047139 496819010
217610708 -316165251
-263210987 38000694
-235031958 -812179048
-61158711 900609875
-199687366 -779978833
416597328 -81126372
-68080267 274875678
319042167 -809387449
185136710 382550244
319885934 315462938
574419273 -537554068
-572789549 -520724943
-707128010 -637097714
546837390 -50431998
-209939233 -567169465
226567222 242707918
-455822052 929845671
3111986 -202264891
-418653999 -993314834
530915818 493398360
502518788 -846788031
951848747 841070161
696604356 440300758
406657437 -87088588
761094080 921824853
-375358799 672324775
-546320996 454339694
309487811 20378280
-738538555 645198218
-521167827 981893856
-752583064 -513952658
-369958651 -292095548
469661301 -599876261
-419702668 191573247
778521602 -422812838
177787087 -27193455
789911065 -468475995
-592349881 853405123
145563995 -35691758
-276034415 812161380
872082358 -815679438
180240152 210553854
-511846078 568624265
-74515644 979649697
852092510 610248347
50589653 269013770
366463898 690715988
-209207279 -463555272
73206433 83424347
537277706 608524970
114948774 95587059
65261171 -368401650
-434036857 -558570491
947251721 722229584
780285625 -908021134
501855656 475082142
830779655 716950187
-712015670 292703110
-236385015 -208043553
-182860306 413998200
88897298 -902337726
451627836 -82822729
762373619 694022461
-47185622 -644095963
174436551 133662653
743467830 -612568717
327687045 -774293656
196477535 843600872
-104734856 -497425526
809579401 365267311
-645098527 137413078
202909350 784641547
265112781 640465487
-1959222 496841766
-986475597 -126804195
-26925642 -797467150
586874218 315011001
739592053 150220560
392107929 797072353
563044570 -302890406
44117737 734208
985323947 409950417
-685635446 -629020508
-607205169 414864120
610057824 -747939191
-580579598 -630666331
492494146 -681102121
-994733644 -211813068
-799632031 -509710057
560202998 -485955948
-935786730 59288030
973873903 -678827972
200645342 259505
-543245941 799976445
47203438 -542511240
-990800167 728829519
-258628003 909118632
623606147 645042802
372253171 -499072926
-211226632 410519993
84200333 833284054
-571110321 542619881
553837743 814005714
-312259198 -820008973
524058702 142668916
414540037 -527158465
-228240719 868718074
-327678904 -139546266
-652678069 -671160740
208636106 208019793
368618170 -367466832
543001209 -981301454
-580386743 -376138715
-819525380 223696847
-139353686 -820055440
354817999 -122085789
-839012184 92058155
-354854241 -133439857
471927270 8516434
178848073 -575395286
-506847862 441728981
-621972225 -314944998
-921773220 -238875487
-546607839 679688569
-288161759 -151733608
730879058 -438373559
-273841673 566252486
-406886582 76631048
4506717 -261708867
-493397812 646282586
399397186 572930208
-967110648 -770629134
-912598579 -809474640
-944618025 797934938
237559981 -783478528
-569974134 -114294078
-999587538 482422817
-494521862 628749777
-275029500 -294384661
442577375 435315331
565592016 -391191253
774995299 -537146669
854715202 -848339938
-690917358 -486418358
-206867175 445691151
-766277795 173439451
-699037279 591637087
