10
10 950006
879210 618398 2 0
413993 805537 5 0
614389 782151 5 4
616385 454674 4 2
6020 332147 5 0
77932 43110 4 1
143614 196643 4 0
937161 934707 4 1
318567 789911 4 0
194658 555381 5 3
10 967857178
8983267 44864625 3 2
141087113 359274718 2 1
909006720 262061158 3 0
840340929 715591525 3 2
765314652 318940613 5 3
334376647 650128843 3 2
181945392 178156598 3 2
229031604 141902763 3 0
488541139 353912665 5 0
176595500 254440688 2 0
10 940661147
840576811 538938350 4 0
253395288 281392414 4 1
366684291 39355000 5 0
685237025 502628246 5 3
521616082 899874715 3 0
395327964 83375790 3 0
86137241 700536273 5 1
355805082 181003622 2 1
689522009 724235827 3 2
374639739 614483171 5 3
10 964226
218765 716879 4 0
831373 314451 2 0
10688 763032 4 2
790013 130779 4 0
766299 624962 3 2
483182 282016 3 0
869721 126354 5 2
430485 448833 5 3
162433 50674 5 0
439608 911064 3 1
10 9358420
9238847 6076018 4 0
8283731 1417346 2 0
8253589 510372 3 2
3752758 8523450 2 1
8766516 8403037 4 0
8726871 6736987 5 0
6893075 6170362 3 1
8413032 747824 5 3
8149459 6560349 3 2
2236542 6173427 4 2
10 91078115
61691944 41908044 5 2
9171597 15438956 4 0
31245320 23274285 4 0
81190251 44888357 5 1
57982700 47909810 2 1
1985378 78969178 4 1
89701787 88364625 2 1
63563105 65584041 5 0
56345560 52556603 4 0
74204569 701691 5 0
10 959445685
389369335 126851924 4 1
313251310 930030408 5 4
415776161 919563451 2 0
87347941 403137308 5 4
688997602 764826561 2 1
711553068 679109203 4 1
784015666 337795278 4 0
482259919 677029910 5 4
460207515 535231699 5 4
29128474 236451596 4 2
10 933014082
910316375 205606340 3 1
394321216 558880899 2 1
895525484 287940473 5 4
927762567 678014361 2 0
242311324 605083838 2 0
264410131 778757654 3 0
192619492 536800544 2 0
605596069 882170978 2 1
80292866 912078772 2 0
37129847 421972289 2 0
10 918909729
297346999 733424896 5 1
337978600 441705517 2 1
475723409 897328877 5 0
917104122 405585206 3 0
296393361 135411083 4 0
442997673 330780115 3 2
190124923 460025541 3 2
815436208 90918004 5 0
639211340 324650117 4 1
364006279 403842552 3 2
10 910038693
21480058 859096090 3 2
169318632 544667954 4 3
646742659 735333806 3 0
292219967 236767249 2 1
97550361 565491818 3 1
836110631 353008194 4 0
571132155 775149637 5 4
83463343 376568865 5 1
501867084 442824241 4 2
809333179 830203671 4 3
