236
1 1
100 100
100 99
99 100
99 99
87 84
16 78
36 94
93 87
1 43
43 1
1 44
44 1
1 45
45 1
1 46
46 1
1 47
47 1
1 48
48 1
1 49
49 1
2 43
43 2
2 44
44 2
2 45
45 2
2 46
46 2
2 47
47 2
2 48
48 2
2 49
49 2
3 43
43 3
3 44
44 3
3 45
45 3
3 46
46 3
3 47
47 3
3 48
48 3
3 49
49 3
4 43
43 4
4 44
44 4
4 45
45 4
4 46
46 4
4 47
47 4
4 48
48 4
4 49
49 4
5 43
43 5
5 44
44 5
5 45
45 5
5 46
46 5
5 47
47 5
5 48
48 5
5 49
49 5
6 43
43 6
6 44
44 6
6 45
45 6
6 46
46 6
6 47
47 6
6 48
48 6
6 49
49 6
7 43
43 7
7 44
44 7
7 45
45 7
7 46
46 7
7 47
47 7
7 48
48 7
7 49
49 7
16 27
22 12
27 40
47 14
15 46
22 10
41 29
36 45
31 27
27 38
28 42
40 30
6 24
8 31
25 31
8 47
21 34
34 24
39 27
24 22
27 25
10 42
34 11
11 35
47 45
21 23
45 37
28 19
41 18
31 31
20 22
33 50
26 47
49 21
16 11
13 48
6 33
30 50
48 43
50 21
42 18
38 9
20 35
28 44
7 26
9 7
46 32
12 43
32 37
41 8
8 27
37 30
36 36
18 27
31 37
23 31
27 22
45 19
47 27
11 27
44 24
22 24
42 45
22 18
16 10
36 43
17 32
14 22
15 37
29 24
23 25
20 39
30 36
48 33
42 7
34 28
25 22
25 22
22 7
20 30
21 19
16 15
28 29
49 28
20 31
38 28
41 7
41 25
14 14
6 26
87 84
16 78
36 94
93 87
1 2
1 3
1 4
1 5
1 6
2 1
2 2
2 3
2 4
2 5
2 6
3 1
3 2
3 3
3 4
3 5
3 6
4 1
4 2
4 3
4 4
4 5
4 6
5 1
5 2
5 3
5 4
5 5
5 6
6 1
6 2
6 3
6 4
6 5
6 6
