10
50 55
1 1
1 1 829226
1 1
2 2 485572
1 1
3 3 541135
1 1
4 4 683672
1 1
5 5 221134
1 1
6 6 589289
1 1
7 7 853944
1 1
8 8 463334
2 1
9 9 212920
24 34 4065
2 2
10 10 920920
40 43 559059
1 1
11 11 467880
1 1
12 12 561361
2 1
13 13 218407
29 48 226199
1 1
14 14 353783
1 1
15 15 875637
1 1
16 16 122290
1 1
17 17 126187
1 1
18 18 577885
1 1
19 19 441570
2 2
20 20 870157
25 48 198935
1 1
21 21 339889
1 1
22 22 183226
1 1
23 23 206092
1 1
24 24 353428
1 1
25 25 903646
2 1
26 26 912276
3 7 295363
1 1
27 27 921262
2 2
28 28 643682
10 16 696030
1 1
29 29 447822
2 2
30 30 52561
32 37 736282
1 1
31 31 827059
2 1
32 32 956874
34 44 374641
1 1
33 33 970274
3 2
34 34 76325
15 19 162706
8 48 396312
3 1
35 35 814044
25 34 332831
31 38 834275
1 1
36 36 707639
2 1
37 37 392550
3 46 972016
1 1
38 38 560669
2 1
39 39 729267
6 47 925782
1 1
40 40 220426
4 3
41 41 307799
11 30 443210
26 33 499017
22 27 505301
1 1
42 42 915576
1 1
43 43 9923
1 1
44 44 512002
2 1
45 45 246739
1 29 829715
2 1
46 46 348862
11 40 449345
1 1
47 47 83691
1 1
48 48 328201
3 1
49 49 402914
3 6 85052
14 14 229168
3 1
50 50 1326
23 50 450474
16 48 9187
1 1
1 1 276849
2 2
2 2 743783
24 40 65621
1 1
3 3 379745
2 2
4 4 814063
18 34 399550
1 1
5 5 565900
60 70
1 1
1 1 721628
1 1
2 2 912380
1 1
3 3 623780
1 1
4 4 935257
1 1
5 5 617248
1 1
6 6 964880
1 1
7 7 320119
1 1
8 8 640772
1 1
9 9 546324
2 1
10 10 113370
33 36 119849
1 1
11 11 176196
1 1
12 12 198864
1 1
13 13 161057
1 1
14 14 433476
1 1
15 15 840992
1 1
16 16 167288
1 1
17 17 627493
2 2
18 18 215420
22 36 58801
1 1
19 19 738452
1 1
20 20 733810
2 2
21 21 266448
39 40 315205
2 2
22 22 259557
48 58 168695
1 1
23 23 753102
2 2
24 24 781043
35 47 651345
1 1
25 25 39065
1 1
26 26 295176
1 1
27 27 598646
1 1
28 28 529724
1 1
29 29 755166
1 1
30 30 295614
1 1
31 31 264108
1 1
32 32 922768
1 1
33 33 829209
1 1
34 34 291980
1 1
35 35 344867
1 1
36 36 947233
1 1
37 37 570843
1 1
38 38 724150
1 1
39 39 763045
1 1
40 40 954339
1 1
41 41 782057
1 1
42 42 29081
2 1
43 43 788731
5 32 162109
2 2
44 44 759819
44 52 949259
1 1
45 45 289480
1 1
46 46 652123
1 1
47 47 631131
1 1
48 48 931117
1 1
49 49 962957
1 1
50 50 331169
1 1
51 51 941407
1 1
52 52 314610
1 1
53 53 780085
1 1
54 54 248127
1 1
55 55 800255
1 1
56 56 33280
1 1
57 57 318727
1 1
58 58 103905
1 1
59 59 121965
2 1
60 60 202034
11 37 809971
1 1
1 1 839473
2 2
2 2 900807
9 46 943887
1 1
3 3 376501
1 1
4 4 879066
2 1
5 5 676390
8 15 47772
1 1
6 6 213353
1 1
7 7 720222
1 1
8 8 624005
1 1
9 9 953780
1 1
10 10 317976
40 16
6 3
1 1 896364
14 33 540139
10 17 298989
18 24 913177
15 30 696695
2 13 255791
5 2
2 2 33653
23 35 620415
3 35 893117
8 8 731354
17 34 308364
5 2
3 3 479071
29 34 379553
3 32 270147
22 24 71695
26 34 357754
3 1
4 4 605096
27 35 260476
6 23 462716
4 2
5 5 256931
29 35 831877
6 19 971434
36 36 931369
6 3
6 6 961458
9 22 980400
26 30 775855
33 36 486518
21 23 939337
7 32 988359
4 2
7 7 240682
1 30 343283
31 38 909936
4 26 820658
7 3
8 8 643771
4 18 495362
15 21 856411
25 32 808581
7 33 911368
4 23 156316
20 36 90033
6 3
9 9 8841
3 5 239486
35 37 530372
7 7 48397
17 20 115017
12 19 792416
8 4
10 10 252980
31 39 813495
11 12 163041
16 31 335776
13 22 123546
4 20 857765
4 14 209920
5 36 20105
4 2
11 11 876684
8 17 855439
20 24 68071
2 18 414582
5 2
12 12 216453
6 18 784286
14 17 346331
23 25 755458
21 36 696049
6 3
13 13 941151
13 21 157293
1 10 271171
12 30 477544
15 31 298529
8 17 685158
2 1
14 14 765943
8 36 250753
5 2
15 15 910862
25 36 459065
19 24 413073
26 40 911474
6 20 444574
4 2
16 16 815745
31 37 406678
33 40 872262
5 7 558813
32 5
20 11
1 1 830494
7 32 726459
2 23 589980
26 30 684180
26 30 881902
10 20 220733
1 9 847283
6 27 168225
13 30 591537
3 28 968673
20 24 219842
29 29 543850
10 11 424708
24 25 264754
15 15 878380
13 20 163836
5 26 338835
3 9 527090
19 25 95414
8 15 698669
15 8
2 2 162708
7 16 864405
7 7 37534
21 31 728218
9 31 285415
10 32 929180
4 9 185913
2 8 115138
9 16 244206
26 26 144
6 9 149663
13 30 695366
14 18 711384
5 6 622817
14 26 777595
13 5
3 3 929780
6 16 894446
4 8 433915
4 30 611330
10 28 849572
22 29 118450
28 31 628247
7 7 828628
12 13 8889
30 31 581388
3 15 943041
5 18 192974
2 12 187602
15 8
4 4 366429
29 31 840821
4 32 345031
5 7 23931
1 1 389520
3 29 340010
11 13 840601
15 22 633449
15 30 452013
13 22 669975
20 24 416272
1 24 269137
24 32 360202
19 21 571661
26 32 763316
17 9
5 5 589097
11 15 678702
15 16 296789
2 26 669496
16 27 608077
9 12 503885
7 24 9043
26 29 855986
4 17 975446
10 18 478283
24 26 831804
19 22 849796
28 32 459273
20 23 292596
24 26 471608
7 19 231306
29 30 218138
36 18
6 3
1 1 54892
6 25 924711
23 30 327547
19 25 301290
7 12 475652
6 12 654227
8 4
2 2 836320
36 36 629996
3 21 411211
28 33 636360
14 24 655473
9 19 222383
3 23 851672
10 22 297417
3 1
3 3 130113
8 23 914460
1 29 171138
6 3
4 4 269577
20 27 777205
1 14 116578
12 32 289565
21 31 970588
14 24 632027
5 2
5 5 442146
4 18 654437
17 24 444040
18 32 342625
1 28 306456
3 1
6 6 434164
32 35 16898
19 27 558594
3 1
7 7 330396
8 21 288017
17 17 665354
4 2
8 8 378627
7 18 164566
2 36 472047
10 34 739791
2 1
9 9 260368
18 24 11401
4 2
10 10 470357
25 29 131308
9 22 180910
7 25 163575
8 4
11 11 168593
15 26 72716
2 36 421437
26 35 375697
6 29 198143
14 15 614792
17 27 53165
35 36 221715
5 2
12 12 751878
20 31 670197
15 17 291416
16 26 508549
25 33 954364
5 2
13 13 847055
15 19 50537
11 26 27149
13 35 83334
7 33 37043
4 2
14 14 67612
14 19 385463
19 26 617484
9 27 659865
4 2
15 15 284184
18 30 296105
23 32 991112
9 27 502794
3 1
16 16 956493
10 16 736179
7 25 145917
3 1
17 17 664229
11 22 530138
30 34 130835
4 2
18 18 97913
9 28 875186
17 29 287219
7 12 215727
36 20
4 2
1 1 560867
19 33 556020
24 32 679597
33 34 479935
4 2
2 2 454558
24 24 928922
10 31 87049
5 23 53454
4 2
3 3 756442
27 31 999544
15 18 636866
3 29 766094
4 2
4 4 128153
12 33 278234
10 20 547424
2 35 301767
2 1
5 5 77722
13 13 914995
2 1
6 6 262236
7 28 904304
6 3
7 7 111269
13 18 556727
9 31 192382
25 33 573882
17 31 44578
1 28 470986
4 2
8 8 489532
5 6 357172
6 11 59762
2 17 685582
5 2
9 9 192573
2 29 717086
17 35 4262
23 27 758244
15 23 599306
6 3
10 10 945600
8 22 999968
5 8 937528
8 8 861918
18 29 526594
16 27 406742
4 2
11 11 393732
21 25 306668
7 24 416868
4 10 856614
4 2
12 12 688090
3 31 199768
16 23 360827
3 7 678827
6 3
13 13 188007
17 21 459584
3 23 304468
8 28 528622
12 33 884266
10 13 757156
2 1
14 14 823672
9 30 157268
2 1
15 15 958073
3 30 537808
2 1
16 16 329511
21 35 706395
7 3
17 17 47161
7 19 714409
22 24 578579
5 15 897775
4 35 679096
17 17 912169
2 3 603668
6 3
18 18 517121
1 26 692253
27 34 973761
8 10 203757
2 21 480915
2 26 661458
3 1
19 19 388458
9 36 537301
23 29 608031
3 1
20 20 342789
15 16 642113
1 11 731686
35 18
4 3
1 1 319837
4 17 157700
12 29 435827
5 33 374243
5 1
2 2 763497
12 19 425989
9 32 23128
8 25 449042
20 29 927099
4 2
3 3 170343
6 24 381267
5 23 697646
2 24 872227
4 2
4 4 367960
10 10 896024
16 18 664699
9 11 677157
4 2
5 5 854205
11 18 832455
17 29 853199
22 30 989489
8 4
6 6 940810
27 35 229405
25 29 894782
23 24 31047
23 24 539050
12 31 241104
12 13 708334
26 28 953457
3 1
7 7 32121
3 5 471636
14 19 565165
3 1
8 8 894796
29 30 694101
2 14 52725
2 2
9 9 592688
21 25 33409
7 4
10 10 211954
8 16 555785
34 34 497265
5 33 298285
15 35 507043
10 16 273838
3 16 201361
6 3
11 11 729281
4 34 430823
6 31 989007
15 35 272854
29 31 542096
6 20 332364
5 3
12 12 968390
5 11 87472
13 15 824651
10 13 778056
14 29 760122
4 2
13 13 100972
26 32 850909
9 18 356900
10 23 350315
6 2
14 14 997877
14 26 291193
6 18 329682
22 30 127974
16 28 633637
1 1 593974
2 1
15 15 123411
3 7 588944
5 2
16 16 509138
24 28 868255
19 24 24750
1 20 864599
7 26 520837
4 1
17 17 630041
3 30 315437
8 23 979648
15 15 679536
4 3
18 18 437038
7 24 762221
14 16 866954
19 27 794597
32 16
2 1
1 1 944018
25 28 753655
4 2
2 2 646264
21 31 40812
22 29 703856
3 24 705194
3 1
3 3 741851
6 10 498852
2 10 595777
5 2
4 4 937138
2 4 813101
20 28 297936
12 21 128776
14 16 427779
6 3
5 5 327853
3 25 660675
13 17 362682
2 23 628929
13 26 904068
16 27 109220
9 4
6 6 128246
18 24 938780
1 5 868101
1 21 367903
15 16 923456
27 27 366626
15 19 867823
6 13 139029
19 29 336634
12 6
7 7 47263
10 26 127130
6 28 268604
18 28 778882
11 20 927243
32 32 430198
6 9 329323
27 31 303412
7 32 542194
18 18 627666
28 28 635246
16 20 56012
3 1
8 8 97469
11 15 860498
6 18 824693
5 2
9 9 965035
8 23 597628
13 20 726069
22 24 936777
14 25 31265
4 2
10 10 852944
2 23 750516
27 27 10456
3 19 351586
4 2
11 11 16020
14 31 959110
4 18 766570
24 30 90497
3 1
12 12 324312
22 29 651947
14 23 51641
5 2
13 13 242271
5 8 459269
3 21 826439
8 27 793710
11 11 108158
5 2
14 14 754223
13 27 671199
13 26 43564
5 14 315076
3 22 88570
7 3
15 15 9913
1 14 27555
21 23 888214
13 13 570225
9 9 472416
18 28 696804
15 28 949049
3 1
16 16 354712
4 19 171405
5 32 317166
40 20
6 4
1 1 250604
15 33 120032
6 14 111972
27 37 362372
17 36 251483
7 24 680330
5 2
2 2 589400
23 32 147987
4 31 994023
17 17 308553
25 27 526771
8 5
3 3 264815
5 35 570390
14 38 92941
5 15 894316
8 16 840507
8 39 424383
18 34 72173
22 37 411752
5 2
4 4 471587
5 8 576310
5 27 991340
8 25 105715
16 30 591518
5 2
5 5 393679
29 30 326321
37 40 300521
3 19 238275
9 33 600539
4 3
6 6 364976
2 31 422271
4 26 564786
6 14 124686
5 1
7 7 677440
11 19 59495
19 26 567221
4 39 751973
29 39 775784
6 4
8 8 108654
9 14 458429
7 39 182443
24 40 135844
20 38 693115
12 17 36413
2 2
9 9 328354
6 21 652329
6 3
10 10 294055
19 27 544320
1 4 328968
14 34 899611
14 35 968660
7 33 3834
1 1
11 11 854014
4 3
12 12 902247
2 34 562562
24 37 334412
4 11 867886
3 2
13 13 819552
32 32 574786
14 19 844416
4 2
14 14 368446
18 40 70517
11 14 213325
5 38 95070
1 1
15 15 399495
2 2
16 16 217980
15 31 928821
2 2
17 17 97922
6 32 420337
2 1
18 18 330845
1 38 191815
4 2
19 19 926829
30 34 390852
6 18 885471
14 28 649551
5 2
20 20 726742
7 13 418843
2 10 982705
15 20 357308
33 36 971578
30 20
3 2
1 7 131555
4 21 133415
13 18 590439
3 1
6 6 606287
16 30 531675
10 14 939989
2 1
16 27 547033
5 15 883119
9 4
4 17 865773
8 18 68403
7 14 41172
12 19 757191
23 24 698446
18 28 43219
1 16 459509
4 26 910784
6 28 437244
3 2
16 28 405059
21 27 402285
5 6 730068
7 3
5 20 933221
17 23 525937
16 20 872903
25 27 385970
18 26 448742
16 16 565846
9 20 260660
8 5
14 17 738011
24 26 708647
12 20 345135
3 17 335762
23 27 748631
10 19 791961
23 23 760231
17 29 560858
2 2
6 17 977209
18 25 447120
7 2
14 20 855834
6 9 987854
12 27 970641
24 30 388690
8 11 527897
17 21 961408
23 27 457072
2 2
16 22 357086
18 19 626580
2 2
14 30 360791
15 18 554791
4 2
21 26 41713
7 26 795414
8 15 620450
18 18 398662
2 2
4 10 928959
7 8 613095
2 2
12 25 445157
23 25 837431
6 2
8 16 124283
9 17 257791
14 28 431041
11 29 993622
27 30 178453
29 29 826282
3 1
9 12 707906
13 30 815860
9 27 886710
4 1
7 20 532425
3 6 138971
4 11 227977
5 26 24584
1 1
19 20 743757
7 3
7 7 838902
2 23 437194
19 19 279207
13 19 787066
1 21 490728
11 20 36678
15 23 331766
3 1
2 27 640440
17 23 329075
6 18 28742
