4
1000000000000000000 0 1 126271 1000000007
1000
123871851
121220160
55938053
64145668
9975409
66671088
1136439
31694021
122735412
19066921
14394894
81571066
5555924
73742264
44826205
67302443
101269342
20329631
39649094
93945624
25506742
78414291
82581234
31062666
15152520
17677940
42553327
22602509
91925288
37249945
3914401
77404123
89147326
74752432
116295591
119326095
82454963
115159152
757626
29673685
65787191
34977067
47099083
52528736
56190595
51392297
102405781
10606764
55180427
42048243
9217783
47730438
83843944
126271
56569408
80687169
23612677
95082063
16415230
20203360
31441479
95208334
115790507
76393955
57832118
78035478
107835434
33966899
67807527
8586428
119073553
47982980
107582892
14016081
83465131
7955073
39144010
45962644
103037136
101900697
94829521
84475299
26769452
52402465
85738009
35482151
71848199
118947282
33083002
87758345
124629477
18561837
102910865
80939711
19445734
67049901
50887213
29168601
110865938
32451647
46720270
103289678
66544817
41164346
40280449
46846541
114022713
6439821
2651691
71595657
70080405
36997403
30052498
80560898
77277852
55811782
116421862
78793104
26895723
105057472
73994806
125892187
96344773
7197447
4166943
90410036
62504145
4798298
120841347
15278791
16162688
102026968
105562556
113643900
34093170
15531333
22855051
82960047
35355880
53286362
46593999
91420204
63514313
76267684
75004974
43184682
38765197
53791446
68565153
72984638
3661859
86621906
112633732
77530394
15657604
122356599
51644839
108971873
62125332
14142352
58463473
64524481
2272878
33588086
63135500
101016800
100764258
29294872
24749116
11364390
11869474
3156775
41038075
89021055
105183743
121725244
15026249
26264368
70838031
109982041
102532052
108214247
112128648
1388981
117179488
124882019
114654068
79929543
66418546
84854112
6566092
35860964
39522823
104678659
59852454
121093889
4040672
14899978
115664236
43563495
74878703
91293933
125134561
56064324
111244751
94071895
119957450
86748177
106572724
45457560
2525420
58968557
99880361
89904952
883897
35734693
39017739
123998122
118821011
52149923
61746519
122104057
46215186
77909207
39901636
36744861
99754090
70711760
101395613
49750774
43942308
54549072
59978725
94198166
100259174
18435566
50255858
43437224
3535588
14647436
87505803
37123674
28032162
3788130
27527078
23991490
11995745
73489722
119704908
68691424
119199824
25127929
44573663
54801614
52023652
106320182
13510997
107204079
17046585
110360854
58084660
6944905
114906610
44321121
97102399
26011826
48109251
107077808
90788849
123493038
120715076
98617651
42679598
81823608
6061008
9849138
23107593
116169320
110613396
95460876
58842286
102153239
17551669
51266026
31188937
92682914
1010168
48361793
120588805
84601570
23865219
54043988
29799956
76141413
92304101
65029565
74121077
97860025
123114225
55559240
76772768
67554985
87253261
89273597
69701592
31946563
20960986
49371961
41795701
30683853
4419485
58337202
25885555
97607483
39270281
114780339
105436285
76899039
73615993
16794043
94450708
25254200
19950818
106698995
39396552
66166004
21339799
109603228
85359196
97354941
108593060
93566811
47351625
59726183
106067640
10101680
113770171
47225354
88010887
75888871
34724525
48993148
95839689
89526139
505084
25759284
46972812
84222757
100006632
94576979
45836373
26516910
111876106
75257516
60483809
47604167
94324437
91167662
119831179
5682195
35229609
78666833
114148984
93693082
85611738
57074492
106446453
125008290
65660920
72858367
116800675
102658323
91041391
61999061
26643181
27021994
40785533
10354222
6313550
100890529
94955792
104047304
24244032
49245690
88894784
118568469
116043049
111497293
10985577
9470325
36239777
108340518
90915120
83086318
86495635
58716015
21718612
69196508
54675343
118189656
43058411
61367706
70459218
6818634
36366048
111118480
87126990
82328692
19698276
21592341
92935456
102279510
113896442
71721928
8333886
32199105
17299127
65913462
1641523
21087257
92430372
121472702
44447392
73363451
3030504
1894065
122482870
66797359
124755748
67681256
47856709
28663517
22349967
120462534
47477896
29926227
38512655
60231267
65534649
82833776
27148265
15783875
53412633
41921972
13132184
106825266
96976128
31567750
30305040
14773707
7702531
13258455
28410975
117305759
99122735
114401526
60736351
33335544
19319463
49119419
12374558
4924569
38007571
66292275
75636329
60104996
48740606
85232925
51518568
81697337
5808466
33461815
35987235
101521884
93819353
29421143
4672027
41290617
1262710
122861683
24496574
126144729
38386384
68943966
7828802
12500829
42174514
45710102
64650752
40659262
95713418
1515252
117684572
34598254
10227951
24370303
111749835
126018458
112381190
32830460
70206676
88137158
108845602
104173575
4293214
5429653
12753371
41669430
106951537
38638926
66039733
125765916
90157494
103668491
118315927
125387103
30178769
27274536
51013484
90283765
52907549
121346431
88515971
72732096
79550730
98743922
85106654
75383787
80182085
77151581
112760003
111623564
63640584
43310953
121598973
64398210
16036417
80434627
105688827
34219441
89778681
2020336
74373619
99249006
63766855
36113506
72100741
92556643
91799017
20582173
114527797
53033820
48866877
91672746
7576260
65155836
86243093
18688108
71469386
75762600
123366767
7071176
69827863
32577918
75131245
7323718
96849857
109098144
27653349
22097425
17425398
38260113
28789788
122230328
90536307
98870193
124124393
61241435
83212589
31820292
107456621
97228670
64271939
44699934
70964302
124250664
50003316
27400807
20708444
46467728
1767794
13889810
72227012
74626161
99375277
63388042
9344054
59094828
69575321
53665175
101774426
88389700
20834715
70332947
2777962
69070237
72479554
6692363
58589744
125260832
100385445
48488064
8207615
2399149
24622845
48235522
25633013
63893126
65282107
21213528
40911804
23486406
101648155
40154178
51771110
24117761
123619309
100637987
103163407
25001658
73237180
33209273
90031223
56821950
21466070
57453305
8712699
104299846
45205018
36871132
96218502
113012545
71974470
67933798
96092231
113517629
107330350
120967618
109224415
26390639
28284704
45583831
97481212
67176172
7449989
50382129
30810124
3409317
76646497
5050840
56948221
80055814
115916778
5177111
8965241
61620248
88263429
77782936
53538904
40532991
41416888
120209992
108466789
34471983
72353283
116548133
54296530
0
55306698
11616932
50129587
83591402
92051559
46088915
56316866
88768513
79298188
12122016
89399868
23360135
104931201
63261771
110992209
13005913
27905891
81949879
67428714
117432030
61115164
60988893
99627819
118442198
378813
69322779
21844883
120336263
68060069
100132903
102784594
125513374
105941369
18183024
15910146
57200763
113265087
16288959
15405062
13763539
60357538
93440540
18309295
19193192
44068579
34850796
68312611
117810843
37881300
55432969
79677001
69449050
86369364
42805869
61493977
106193911
53917717
18056753
96723586
78288020
50508400
55054156
115285423
11743203
14521165
91546475
24875387
18940650
44952476
22728780
11490661
33840628
109476957
118063385
28916059
59473641
77656665
56443137
43689766
31315208
62251603
97986296
111371022
37502487
95334605
113138816
74499890
12248287
37628758
60862622
108087976
17804211
124503206
13384726
107961705
81192253
37376216
93061727
49498232
69954134
33714357
68438882
57958389
112002377
17930482
55685511
54927885
87632074
57705847
11238119
76520226
115032881
19824547
71216844
25380471
118694740
10733035
80813440
62630416
12879642
122609141
64777023
252542
10859306
117053217
112254919
110739667
54422801
22223696
40027907
81444795
109350686
117937114
85864280
72605825
20455902
83338860
9722867
49877045
20077089
74247348
103415949
5303382
84727841
112886274
98491380
29042330
110487125
30557582
23233864
83717673
51897381
88642242
85990551
113391358
50634671
78540562
34345712
83970215
117558301
11111848
75510058
59599912
631355
82202421
36618590
30936395
95587147
115537965
87000719
93314269
79045646
103794762
82707505
77025310
104804930
50760942
16920314
87884616
89652410
63009229
79171917
41543159
103921033
64019397
86116822
12627100
101143071
78919375
21971154
35103338
2146607
71090573
87379532
26138097
18814379
71343115
53160091
107709163
109729499
58210931
103542220
38891468
115411694
44194850
8460157
30431311
61872790
46341457
116674404
19572005
22981322
68186340
5934737
3283046
52655007
80308356
60610080
109855770
52781278
36492319
14268623
22476238
62882958
65408378
122987954
98112567
16541501
64903294
86874448
32325376
104426117
32072834
112507461
42300785
54170259
95965960
79424459
121977786
73868535
39775365
38133842
62377874
108719331
123240496
52276194
84349028
98996464
28537246
100511716
23738948
125639645
37755029
62756687
2904233
123745580
84096486
78161749
81318524
85485467
92809185
6187279
82076150
42427056
98238838
121851515
124376935
84980383
66923630
92177830
76015142
9596596
99501548
114275255
10480493
32956731
57327034
119452366
17172856
48614335
110234583
96597315
94703250
73110909
81065982
90662578
68817695
45078747
97733754
119578637
116926946
32704189
4545756
110108312
35608422
96471044
27779620
59221099
98365109
28158433
57579576
79803272
56695679
13637268
105310014
59347370
70585489
93187998
51139755
104552388
40406720
8838970
45331289
8081344
16667772
49624503
43816037
42932140
120083721
105815098
29547414
9091512
1000000000000000000 0 1 126271 999999937
1000
30557582
44194850
5303382
50760942
67933798
76520226
11869474
61620248
21844883
94324437
24875387
63893126
2904233
75004974
58842286
93061727
82202421
120336263
15278791
90536307
29547414
68943966
60736351
118568469
110865938
42427056
10227951
26769452
117684572
72100741
100511716
23865219
68312611
16036417
40027907
41290617
89399868
55938053
105057472
33083002
35355880
25506742
83970215
63640584
102153239
25380471
883897
121346431
69575321
4040672
69449050
123998122
18940650
111371022
113265087
29294872
39270281
81571066
96344773
48614335
95713418
8207615
70964302
42553327
115790507
108340518
34724525
125260832
18309295
112633732
78035478
50887213
125387103
92682914
41669430
63388042
10985577
76772768
94071895
34850796
35103338
30052498
95460876
17551669
119452366
104426117
13889810
16667772
47351625
36871132
86748177
55054156
94955792
38638926
13132184
112886274
83212589
51139755
48235522
106067640
52149923
41543159
67049901
71721928
58210931
125008290
49119419
84096486
97986296
71469386
52907549
101016800
26011826
757626
56064324
124124393
123745580
1262710
36744861
14394894
91546475
37881300
114906610
8586428
67302443
103542220
82454963
33209273
54801614
41921972
2020336
104552388
15783875
78414291
110613396
57958389
26643181
118315927
82076150
49877045
29673685
74878703
25127929
88389700
39522823
24370303
11111848
65787191
119199824
48866877
95965960
81444795
124629477
62882958
85485467
107204079
68060069
88137158
113391358
58463473
62251603
75131245
95082063
124503206
54170259
16288959
64903294
37502487
102784594
86495635
18814379
117053217
41795701
61872790
123871851
77277852
97733754
27779620
72227012
31188937
104299846
32956731
107330350
53791446
18056753
10101680
110234583
76015142
22223696
19319463
48109251
63766855
124882019
14899978
44321121
51771110
81318524
27905891
112381190
62125332
100132903
84222757
90662578
101648155
7197447
102279510
12879642
44826205
42300785
70459218
66544817
72605825
99122735
115411694
15531333
92935456
35229609
5808466
86874448
66797359
71216844
119957450
8712699
88010887
102405781
5050840
42048243
80055814
34219441
93945624
94450708
14268623
50508400
113643900
40532991
49498232
34471983
12753371
26264368
31062666
113138816
60862622
86369364
28032162
88263429
85738009
39649094
114401526
14647436
119831179
37376216
20329631
64019397
31315208
64777023
107709163
57074492
64271939
38765197
24749116
105815098
23612677
99880361
80560898
56190595
50129587
37123674
69196508
17425398
99375277
93693082
44068579
80434627
113012545
107835434
66671088
47604167
22981322
109350686
89526139
115537965
22855051
84475299
103415949
25254200
11995745
6061008
63135500
90157494
105562556
35734693
62630416
48993148
27021994
71974470
5682195
24117761
94703250
76646497
122230328
100259174
111497293
7576260
124755748
20203360
94576979
115032881
19950818
69322779
65534649
91293933
31441479
73363451
112760003
11364390
64145668
108845602
56695679
631355
47225354
79424459
90915120
86621906
2399149
69954134
4166943
97860025
120209992
52528736
21213528
77530394
94829521
33966899
99501548
35987235
98491380
77151581
73994806
106951537
61241435
50255858
103921033
36239777
89273597
116800675
79298188
58968557
97607483
66039733
67428714
73742264
112128648
101395613
4924569
120083721
55432969
62377874
120967618
46846541
378813
77909207
107077808
96849857
67176172
11238119
69827863
101774426
10480493
77404123
9217783
53286362
61367706
80813440
76267684
49750774
83843944
126144729
103037136
74499890
32577918
100385445
55811782
89147326
43942308
125892187
116674404
83338860
35482151
87000719
97228670
27527078
5429653
76141413
45205018
120462534
79550730
33714357
59726183
16794043
38512655
67807527
7323718
82960047
6566092
122104057
85232925
21718612
42679598
46215186
102658323
123366767
75636329
106698995
59347370
81697337
48361793
2525420
38260113
25885555
111118480
109098144
44573663
105688827
97354941
56443137
0
75383787
7449989
89904952
90410036
21087257
100006632
70206676
82833776
1136439
106825266
49371961
4545756
95208334
25001658
98238838
50634671
107961705
75888871
14521165
88768513
96723586
27148265
49245690
96976128
85106654
116421862
54296530
119326095
54675343
121472702
126271
71090573
4419485
108971873
109855770
20960986
118947282
91672746
98996464
12248287
72353283
52781278
88894784
64524481
56948221
116295591
79929543
114780339
59852454
101521884
12627100
71595657
82707505
16415230
84601570
95587147
23991490
110108312
105436285
39144010
106320182
23233864
109224415
40406720
19572005
121977786
9344054
39396552
60231267
109982041
76393955
3788130
44447392
105310014
29799956
60988893
69701592
65408378
40785533
96471044
32704189
51518568
23360135
110739667
109476957
120715076
101900697
88515971
122987954
52276194
120588805
43563495
1515252
25759284
78919375
10859306
47730438
38133842
45457560
31567750
61493977
37249945
19824547
75762600
42932140
30305040
4672027
117432030
51266026
104047304
123619309
18561837
70711760
83717673
46467728
51392297
252542
22728780
1388981
47099083
3914401
39901636
118442198
122735412
47982980
6439821
37628758
103289678
45078747
44699934
108214247
98617651
10606764
105941369
47856709
86116822
118063385
22349967
110360854
110992209
10354222
113896442
3030504
114654068
65029565
34093170
62756687
119073553
55180427
88642242
56821950
14016081
87884616
90283765
120841347
107582892
101143071
116926946
70838031
92430372
99627819
27274536
117937114
15026249
34345712
11490661
73110909
96218502
14773707
123240496
7828802
57705847
46341457
33840628
117810843
27400807
99249006
82581234
59599912
53538904
79803272
29421143
114527797
93187998
103668491
20582173
104173575
111244751
115285423
51013484
92556643
8333886
125134561
13637268
100890529
30178769
20455902
98112567
102026968
53412633
28916059
71343115
9091512
72732096
57200763
28663517
68691424
55559240
61746519
60483809
108719331
100637987
53665175
3156775
13763539
64398210
50382129
65913462
29168601
46088915
126018458
1010168
3661859
6944905
5934737
35860964
75257516
58589744
16541501
117305759
23486406
24244032
74373619
98365109
63261771
66923630
53033820
74247348
12500829
38891468
505084
68565153
2651691
43689766
19193192
125639645
73615993
67681256
4798298
119704908
113770171
9470325
125765916
45962644
16162688
43058411
70585489
74626161
29042330
15152520
87505803
63514313
40154178
25633013
32325376
31694021
87253261
64650752
111749835
2272878
22602509
39017739
13005913
28158433
83465131
106193911
11743203
91167662
17046585
33335544
19698276
33461815
32199105
85990551
3409317
91799017
90788849
93440540
55685511
43816037
59473641
17930482
104804930
53160091
8460157
6313550
17299127
79045646
112254919
91420204
31946563
80182085
80308356
58716015
103163407
56316866
8838970
13384726
96597315
20077089
93314269
46972812
15910146
36997403
82328692
89021055
87758345
40911804
13258455
34598254
116169320
36492319
57453305
15405062
57579576
121598973
52023652
57327034
85611738
81065982
102910865
106572724
63009229
72858367
20708444
58084660
114275255
81823608
53917717
81949879
7071176
91041391
5555924
9975409
52402465
118821011
77782936
40280449
69070237
12122016
9596596
2777962
112507461
113517629
22097425
33588086
5177111
36366048
74121077
6187279
117558301
87379532
30431311
30683853
18688108
109603228
77025310
109729499
66166004
79677001
21971154
93566811
115664236
31820292
19066921
43310953
54422801
115159152
73868535
92809185
104931201
22476238
42174514
20834715
123114225
60610080
36618590
80939711
49624503
26390639
39775365
61999061
18183024
26895723
11616932
4293214
98743922
48488064
46593999
87126990
1767794
78793104
62504145
60357538
54043988
3535588
71848199
8081344
94198166
68817695
99754090
59094828
78540562
92177830
116043049
45836373
24622845
81192253
122482870
90031223
9849138
43184682
32451647
38386384
102532052
59978725
48740606
32072834
65155836
19445734
21339799
12374558
34977067
28537246
75510058
45331289
86243093
40659262
79171917
89778681
59221099
14142352
3283046
92304101
121220160
36113506
54549072
51644839
50003316
27653349
38007571
32830460
68438882
97481212
108466789
87632074
106446453
110487125
83086318
83591402
26138097
70332947
46720270
8965241
26516910
30936395
43437224
114148984
41416888
9722867
85359196
107456621
85864280
78666833
17677940
15657604
95334605
104678659
112002377
97102399
45583831
66292275
37755029
125513374
42805869
117179488
101269342
124376935
108593060
35608422
16920314
17172856
47477896
17804211
7702531
91925288
95839689
122861683
74752432
60104996
30810124
6818634
115916778
124250664
55306698
18435566
118189656
122356599
2146607
10733035
114022713
98870193
44952476
41038075
76899039
28789788
116548133
28284704
13510997
73237180
84349028
118694740
52655007
92051559
56569408
41164346
121851515
72984638
65660920
21466070
61115164
119578637
28410975
103794762
93819353
122609141
111876106
1894065
1641523
23107593
84727841
121725244
72479554
78161749
121093889
65282107
54927885
70080405
89652410
23738948
78288020
68186340
24496574
57832118
100764258
73489722
6692363
66418546
67554985
105183743
45710102
84980383
108087976
96092231
58337202
51897381
7955073
21592341
111623564
123493038
29926227
80687169
77656665
84854112
1000000000000000000 0 1 126271 999999929
1000
114275255
13005913
38133842
98617651
106193911
40659262
87884616
117432030
60231267
77530394
42427056
15405062
107077808
51139755
53286362
100006632
124882019
115790507
31694021
42805869
84727841
92809185
45583831
80055814
8081344
82202421
43942308
54675343
101521884
87632074
86874448
42932140
63640584
96344773
69449050
15783875
22855051
90410036
42174514
3914401
8965241
93693082
32956731
126144729
40154178
37881300
61493977
1767794
59094828
105310014
7323718
20834715
24496574
4419485
92430372
41669430
101143071
96849857
119704908
102658323
82960047
69196508
83465131
12122016
85106654
22349967
65155836
16667772
121472702
111749835
1388981
90536307
93061727
24370303
65534649
29799956
22602509
89904952
63766855
98365109
71090573
92682914
94324437
109855770
125387103
115159152
82076150
33083002
33714357
33461815
75636329
19066921
31315208
88894784
11238119
73615993
55685511
54549072
46972812
11869474
94955792
118694740
119326095
28284704
36997403
17425398
631355
35987235
108593060
26264368
30052498
78540562
97354941
96092231
29168601
92051559
65029565
28916059
98238838
63135500
119073553
35103338
70459218
5429653
15152520
94198166
50382129
76899039
84475299
72227012
1010168
8586428
25759284
124629477
77277852
60483809
54801614
105436285
37755029
122482870
95587147
90157494
44194850
104552388
101016800
27400807
14521165
14016081
57327034
34850796
76015142
66544817
104047304
36239777
64777023
105057472
21718612
70080405
53033820
43184682
117684572
66923630
75131245
6439821
81065982
72984638
90915120
4924569
123366767
119199824
67302443
114148984
100637987
53791446
1641523
757626
99880361
69322779
57958389
27527078
36744861
81571066
89021055
14773707
76141413
114022713
55559240
120715076
62882958
121346431
18183024
27274536
5934737
108971873
124250664
86369364
45331289
125134561
41290617
6566092
55938053
96723586
119831179
3661859
110234583
124755748
6187279
17046585
112633732
118568469
69954134
12879642
60357538
17930482
38638926
65282107
91167662
54927885
26011826
122104057
88137158
12627100
90283765
86748177
50129587
81949879
71595657
101269342
73237180
70711760
107204079
76267684
29294872
41543159
118821011
106067640
118063385
65660920
60988893
88010887
4672027
99122735
35734693
37502487
125260832
24875387
123493038
110360854
91925288
51266026
113012545
86243093
87253261
50887213
20077089
18056753
76520226
73489722
113517629
113896442
110739667
19572005
107456621
48866877
69827863
23360135
81192253
123619309
67176172
59347370
28410975
83717673
122609141
83591402
883897
77909207
72858367
11490661
114780339
59473641
123114225
18309295
118947282
3409317
84349028
73110909
99501548
117810843
32325376
15278791
61872790
90788849
97986296
26769452
121977786
78414291
54422801
27905891
59978725
47477896
96597315
119957450
118189656
41164346
10227951
120462534
64650752
38007571
9596596
49624503
28789788
109603228
86621906
29926227
13132184
64398210
23233864
39017739
25885555
58463473
97733754
95082063
16920314
89147326
88389700
91672746
104426117
67681256
55432969
45205018
117937114
48235522
2399149
98491380
113391358
34598254
91041391
72100741
95713418
53538904
105562556
5808466
22223696
118315927
505084
7828802
124376935
15531333
67807527
19319463
66292275
57705847
102279510
3535588
93945624
30683853
100890529
66418546
7449989
111118480
107835434
106446453
106825266
116926946
97860025
14142352
89652410
31820292
105688827
93314269
116800675
36113506
56443137
96218502
19445734
68691424
13258455
16162688
58210931
46467728
62630416
48614335
114906610
25127929
112507461
56821950
39144010
30431311
92177830
70964302
120588805
71469386
52023652
105941369
23486406
17804211
84980383
17551669
91799017
2904233
85359196
14268623
75383787
55054156
32704189
43816037
46593999
106698995
64019397
16794043
87126990
125765916
5303382
95965960
42553327
34345712
116295591
20203360
16288959
57074492
71343115
54043988
39396552
51518568
77782936
116674404
104299846
10985577
44699934
115916778
29547414
26516910
35608422
2777962
7576260
7071176
79803272
120841347
110108312
65408378
84601570
25506742
115664236
56948221
93440540
71848199
9091512
36366048
61241435
39649094
47982980
32830460
44321121
71216844
74247348
66039733
124124393
64271939
54296530
32199105
85232925
22728780
39901636
103542220
111623564
68438882
121851515
97607483
84222757
2525420
41038075
103794762
112886274
20708444
101648155
1136439
99754090
102026968
43310953
117305759
40406720
18688108
75888871
57200763
25254200
18940650
62125332
16541501
111371022
93187998
74373619
10859306
23991490
110992209
110865938
11616932
116169320
38260113
8838970
28663517
44447392
91420204
103921033
94071895
80813440
82707505
37249945
122861683
82833776
104173575
46846541
79929543
83843944
68060069
58842286
122356599
45710102
82581234
33840628
92304101
34219441
106951537
112002377
49750774
38512655
60862622
102153239
62377874
82328692
84854112
106320182
115411694
121598973
68186340
21592341
39522823
64145668
15026249
34977067
18561837
34724525
86116822
24117761
31441479
74121077
8333886
111497293
66166004
55180427
27148265
9849138
63261771
97481212
59852454
123871851
94450708
59599912
94703250
20329631
67554985
52907549
87379532
116421862
378813
97102399
35860964
79171917
56064324
112381190
12753371
32577918
22981322
113265087
35482151
89526139
31567750
13637268
11995745
76646497
100259174
103415949
6313550
100385445
100132903
94829521
58716015
91546475
8712699
105183743
83086318
56569408
61999061
124503206
4545756
10354222
1262710
33335544
88768513
28032162
39775365
29673685
26138097
69070237
107709163
45457560
46215186
8460157
83338860
38386384
90031223
101774426
107961705
38765197
30178769
126018458
62504145
44573663
33209273
8207615
46341457
117053217
52528736
123998122
85864280
7702531
0
77025310
19824547
109224415
118442198
58589744
5177111
17299127
70585489
53160091
78035478
45078747
120336263
48993148
13384726
53412633
111876106
38891468
47730438
75004974
104804930
41795701
103037136
114401526
80939711
52781278
29421143
115537965
54170259
85990551
21213528
48740606
29042330
120209992
98870193
101900697
108719331
113138816
79424459
58084660
37123674
9470325
5555924
11743203
56190595
28537246
37376216
4166943
80560898
27653349
51013484
126271
107582892
108466789
9722867
80687169
14899978
58337202
125892187
74752432
3283046
40532991
79298188
75257516
40027907
43563495
87000719
43689766
102532052
115032881
30936395
80308356
60104996
102405781
80434627
83212589
73868535
63514313
105815098
111244751
31188937
93566811
60610080
104678659
47099083
99249006
21466070
17677940
23107593
66671088
81444795
15910146
48361793
34093170
4040672
116043049
88642242
12248287
49498232
74626161
40280449
101395613
79677001
81823608
122987954
35229609
122230328
108214247
84096486
59221099
103289678
51392297
89778681
52276194
23612677
72479554
70206676
67428714
94576979
68943966
7955073
35355880
57579576
123240496
77151581
33966899
107330350
5682195
78793104
98743922
6818634
113770171
51771110
91293933
123745580
75762600
66797359
109098144
125008290
62251603
6692363
62756687
46720270
121725244
79550730
57453305
55811782
64903294
51644839
53665175
67049901
77404123
100511716
21971154
26390639
61367706
1894065
85485467
113643900
115285423
6944905
97228670
5050840
68817695
72605825
14647436
31946563
39270281
120083721
23865219
46088915
76772768
116548133
72732096
10480493
68312611
88263429
53917717
2651691
55306698
72353283
49877045
31062666
50634671
98112567
4293214
22097425
63009229
40911804
20582173
57832118
48488064
24622845
20960986
122735412
96471044
36618590
85611738
71974470
10606764
22476238
80182085
75510058
60736351
43058411
11111848
114527797
36871132
74499890
95460876
112254919
24749116
2272878
45962644
16415230
74878703
70332947
18814379
12374558
69701592
102910865
120967618
45836373
78666833
21087257
73994806
56316866
59726183
117558301
27779620
51897381
121093889
26895723
86495635
21339799
95839689
95208334
65787191
17172856
103668491
52402465
15657604
108845602
121220160
47604167
18435566
25001658
81697337
109476957
100764258
47856709
47351625
44068579
40785533
1515252
109982041
117179488
13889810
44952476
67933798
119578637
47225354
73742264
77656665
109729499
20455902
28158433
12500829
85738009
16036417
108087976
82454963
64524481
6061008
36492319
92556643
30305040
30810124
63388042
61746519
114654068
112128648
92935456
7197447
49245690
68565153
26643181
9217783
112760003
93819353
78161749
104931201
44826205
56695679
24244032
43437224
25633013
27021994
37628758
4798298
41416888
50508400
48109251
79045646
89273597
252542
65913462
71721928
42048243
95334605
19698276
11364390
119452366
33588086
23738948
3156775
87505803
21844883
83970215
50003316
30557582
3030504
52655007
34471983
76393955
98996464
110487125
103163407
42679598
9344054
125639645
78288020
41921972
81318524
63893126
10101680
78919375
102784594
89399868
13763539
108340518
2146607
110613396
58968557
73363451
19193192
61620248
32451647
49119419
13510997
3788130
49371961
99627819
69575321
70838031
32072834
42300785
52149923
125513374
88515971
19950818
90662578
14394894
106572724
96976128
25380471
10733035
87758345
50255858
99375277
61115164
50760942
9975409
2020336
109350686
1000000000000000000 0 1 126271 999999893
1000
125639645
84222757
25380471
106067640
114401526
55054156
124503206
57200763
76520226
3156775
45836373
19824547
22602509
11364390
4545756
91925288
92430372
119326095
16920314
16794043
67807527
94198166
122356599
24875387
26516910
91041391
22728780
83970215
70080405
36618590
57074492
57705847
110865938
78666833
123114225
90788849
106193911
24117761
124376935
25254200
7576260
24496574
47225354
2777962
37249945
100511716
64271939
43058411
92177830
48614335
505084
103163407
105815098
33083002
115537965
26390639
53286362
60231267
27905891
63893126
10859306
35229609
2651691
5177111
48361793
93061727
92809185
4798298
49877045
92304101
98112567
17677940
5555924
4924569
42553327
63009229
42174514
55685511
74752432
79803272
48488064
110739667
77277852
80939711
17425398
47604167
112760003
8712699
122987954
80560898
13510997
102153239
31694021
100259174
2272878
12248287
54043988
85990551
83212589
43942308
6187279
125134561
68565153
97986296
98996464
91167662
24370303
96471044
62882958
20329631
102532052
35734693
67049901
91672746
38638926
78540562
25633013
15783875
49624503
121093889
14394894
29673685
71090573
95082063
17046585
63640584
116800675
52907549
53412633
97733754
100385445
31315208
89652410
32072834
78414291
101269342
78161749
118189656
117053217
94071895
20960986
51771110
82960047
80434627
81949879
81823608
116421862
101016800
39017739
17551669
123493038
53538904
109350686
92051559
65282107
35608422
378813
100764258
58589744
122482870
94829521
28789788
7071176
105562556
97860025
1262710
111876106
82707505
64145668
116295591
8838970
119199824
113012545
90283765
72858367
82202421
9849138
78035478
47477896
71848199
86369364
0
74499890
123240496
125260832
123366767
16036417
27653349
80813440
14521165
20582173
69954134
23360135
33588086
85106654
108593060
75257516
58337202
69575321
51644839
110234583
5934737
49750774
16667772
37376216
79677001
108719331
82581234
69322779
124882019
41038075
98743922
36492319
19698276
50760942
33840628
17930482
122609141
110613396
88642242
92556643
102910865
93819353
113391358
92682914
124629477
86874448
46341457
65029565
28916059
34219441
32704189
40911804
87253261
61241435
107582892
104173575
94703250
44826205
11743203
757626
115664236
88768513
83591402
38512655
93693082
122230328
14773707
108466789
36997403
62630416
74373619
5682195
7323718
66671088
41416888
37628758
22349967
15152520
59978725
69701592
112886274
72100741
8207615
101143071
40027907
42300785
38891468
55180427
98617651
11869474
65787191
50634671
90157494
6313550
25001658
28663517
11490661
19319463
17804211
65408378
76646497
33335544
43689766
86243093
11111848
56569408
86116822
70585489
96597315
97607483
68943966
94324437
93945624
3283046
123998122
106825266
37881300
39775365
23486406
108214247
109603228
94955792
87126990
98238838
75383787
45205018
60736351
102658323
18309295
53791446
60104996
65155836
33461815
77909207
29799956
44447392
21339799
36366048
100637987
69827863
69070237
17299127
51518568
63766855
33209273
40659262
109224415
30557582
54801614
73237180
56316866
94576979
76015142
54675343
4293214
107330350
59473641
79424459
116169320
45078747
95334605
60610080
108340518
83338860
57579576
104299846
18183024
57327034
62504145
103794762
14016081
28158433
71974470
23612677
33714357
90536307
51897381
102279510
41164346
113770171
13132184
68817695
15026249
66544817
58463473
103415949
120715076
16415230
101521884
71469386
14647436
91799017
113896442
15278791
66292275
109098144
114780339
106320182
21592341
1894065
118315927
58210931
32325376
40154178
79171917
117305759
35355880
71216844
19445734
68691424
77530394
67933798
85232925
20834715
64650752
6439821
79298188
116548133
102026968
2525420
121472702
23865219
13258455
95587147
117937114
52655007
112381190
107835434
45583831
117558301
44194850
21844883
68438882
89399868
59094828
85864280
99754090
125892187
89273597
118821011
51266026
118063385
67302443
107456621
27400807
44321121
77404123
81697337
121598973
62756687
119957450
43310953
9217783
120967618
45331289
24622845
121725244
72353283
99627819
111497293
110992209
95839689
10101680
104047304
119452366
41669430
44699934
73615993
101900697
61746519
125008290
29547414
50003316
9091512
4672027
105183743
1515252
120336263
88010887
122735412
70964302
32577918
15405062
11616932
24749116
89147326
34598254
48993148
105688827
16288959
100132903
103921033
56190595
34850796
99375277
103289678
10606764
26769452
35860964
35482151
125765916
15657604
57453305
103037136
58084660
25759284
9596596
65913462
85611738
54549072
66418546
42048243
83717673
119831179
70711760
83843944
32830460
22981322
107709163
45710102
76141413
61872790
252542
28284704
30052498
33966899
55432969
103668491
2020336
49498232
121346431
26895723
68312611
12627100
111371022
124755748
118947282
109855770
64524481
55559240
116674404
73110909
99122735
28410975
105057472
87884616
44573663
10733035
95208334
117684572
60357538
114906610
122861683
85738009
81318524
113517629
105310014
23738948
25127929
58842286
1767794
118442198
30305040
30178769
36871132
88137158
60862622
106446453
27274536
108971873
116043049
126018458
126144729
86621906
21087257
34345712
6566092
67428714
117810843
47730438
120462534
63388042
631355
98491380
114275255
113643900
87379532
14268623
81065982
18435566
3788130
119704908
3914401
112633732
108087976
55811782
46088915
76772768
107204079
82454963
45457560
8965241
69196508
74247348
77656665
40406720
64903294
100006632
59221099
109982041
46467728
45962644
28537246
25885555
8333886
70459218
42932140
66039733
115790507
1010168
19066921
7955073
23991490
56948221
38260113
114654068
58716015
120209992
121977786
60483809
31441479
38007571
37502487
19193192
113265087
7449989
3535588
64019397
9722867
79929543
115285423
40785533
114022713
102784594
70206676
13637268
41921972
55938053
52781278
12753371
52149923
39522823
72984638
47856709
40532991
34977067
5808466
59347370
105436285
72479554
36113506
35103338
22855051
121851515
64398210
108845602
57958389
40280449
20077089
106572724
53917717
42805869
98870193
16162688
14899978
48109251
83086318
72732096
46215186
31567750
4040672
66923630
43437224
97102399
14142352
80055814
41290617
123745580
115032881
31820292
88389700
18056753
18940650
86495635
11995745
80308356
120083721
3409317
38133842
29168601
96849857
110360854
51139755
5303382
110108312
74626161
112128648
114527797
51013484
24244032
81444795
23107593
8081344
31188937
11238119
78288020
25506742
3661859
5429653
89526139
35987235
12122016
74878703
80182085
77782936
56064324
32199105
10985577
31062666
104552388
115411694
27779620
47982980
52023652
54296530
62377874
123619309
53160091
18561837
8586428
55306698
6944905
12500829
7702531
22223696
46593999
96218502
78793104
100890529
62251603
99501548
43184682
123871851
73489722
84475299
19950818
80687169
99249006
106698995
96344773
41543159
93566811
87758345
2146607
117179488
10227951
48235522
63135500
43816037
67681256
97354941
19572005
90915120
66166004
54927885
2399149
61367706
12374558
62125332
98365109
87505803
87000719
34724525
84854112
13384726
61999061
90410036
39396552
81192253
20708444
23233864
115159152
75004974
85359196
9344054
9975409
71595657
37123674
61493977
46846541
37755029
1388981
44952476
4419485
89778681
120841347
13763539
51392297
72605825
61620248
94450708
112507461
71343115
89021055
47351625
83465131
88894784
53665175
110487125
70332947
102405781
38765197
36239777
75762600
93187998
76267684
59852454
105941369
111623564
6692363
59599912
34471983
7197447
97228670
111749835
125387103
84349028
18814379
91420204
67176172
54422801
20203360
30683853
42427056
50255858
52528736
90662578
103542220
112254919
76393955
109729499
122104057
22476238
49245690
13889810
26264368
115916778
126271
12879642
29926227
91546475
73742264
21718612
71721928
46972812
104426117
15910146
22097425
61115164
6061008
53033820
101648155
26643181
49371961
34093170
27021994
79550730
60988893
90031223
21213528
93440540
119578637
75888871
107961705
104931201
47099083
32451647
88263429
26138097
91293933
48740606
124250664
67554985
107077808
3030504
68060069
84096486
50887213
121220160
17172856
21466070
50129587
104804930
125513374
101395613
49119419
96723586
27148265
65660920
111244751
2904233
50508400
65534649
78919375
1136439
95713418
82833776
68186340
89904952
119073553
10354222
93314269
75636329
79045646
39649094
52402465
63514313
4166943
96976128
96092231
38386384
44068579
9470325
46720270
27527078
42679598
8460157
39901636
29294872
30431311
113138816
73363451
21971154
52276194
95965960
50382129
77025310
124124393
48866877
88515971
10480493
101774426
75510058
116926946
70838031
112002377
31946563
87632074
72227012
84727841
64777023
106951537
32956731
73994806
30936395
104678659
77151581
120588805
15531333
18688108
75131245
39144010
92935456
114148984
29042330
36744861
26011826
118568469
111118480
41795701
54170259
58968557
74121077
16541501
57832118
883897
29421143
39270281
56443137
7828802
6818634
117432030
30810124
56821950
73868535
84980383
66797359
84601570
28032162
13005913
59726183
81571066
82076150
99880361
63261771
85485467
86748177
95460876
76899039
1641523
20455902
56695679
97481212
43563495
69449050
82328692
118694740
5050840
109476957
