4
341385471855587881 318830966 1000000008 0 1000000009
1000
318830966
908413236
681169043
318830966
681169043
681169043
327503933
318830966
199102560
705120136
681169043
210235461
89891191
318830966
931213362
318830966
437861464
318830966
318830966
705793875
191319712
242554443
638975482
681169043
168450385
681169043
681169043
318830966
318830966
318830966
681169043
681169043
681169043
318830966
318830966
681169043
318830966
990214905
144594857
681169043
318830966
681169043
681169043
750661246
725866808
681169043
318830966
642353655
318830966
866695633
681169043
318830966
544194197
681169043
681169043
989918855
173989828
318830966
681169043
243991614
318830966
681169043
681169043
318830966
529026840
96268952
318830966
470239890
663635969
120322842
318830966
807084433
203683527
907967998
961635438
459506184
681169043
606421459
42567028
290389859
525063185
222957161
681169043
480975778
359183052
633342617
318830966
681169043
681169043
318830966
92840184
735513449
681169043
131775208
114436200
681169043
574851485
318830966
877379661
198354646
681169043
721587018
211105379
415713615
834140735
318830966
51689719
681169043
548087367
595346960
189008216
318830966
850691160
696662738
978031240
250535140
681169043
613210500
629508051
318830966
634024560
964576805
396684972
940639581
792094613
318830966
318830966
681169043
681169043
681169043
864592302
681169043
918731640
716867395
624985469
627849271
681169043
681169043
681169043
861523668
382740745
770147175
681169043
318830966
171052880
681169043
960120334
318830966
318830966
432663750
318830966
316102140
318830966
681169043
374221728
318830966
681169043
318830966
318830966
681169043
681169043
681169043
720452478
681169043
681169043
681169043
567485475
681169043
318830966
318830966
681169043
938971120
681169043
583807655
318830966
230623557
154866534
587338418
816405204
318830966
681169043
583398186
216856022
804302615
318830966
783512105
318830966
318830966
689397584
681169043
681169043
681169043
305975530
681169043
52203085
278588923
318830966
681169043
326397379
508631334
380317517
681169043
285981881
681169043
681169043
41680329
318830966
318830966
122688432
681169043
318830966
318830966
681169043
318830966
152321850
318830966
424169811
826965316
681169043
267709054
681169043
972434890
681169043
772457214
318830966
628893961
333447750
681169043
163809504
318830966
775062059
318830966
681169043
727382698
522166778
875006554
681169043
681169043
681169043
681169043
681169043
378177715
222347855
679728955
318830966
695606473
131198898
318830966
318830966
318830966
681169043
289401861
318830966
153052251
318830966
710096339
584218428
360162471
318830966
467132725
318830966
774437778
681169043
318830966
318830966
408409052
584947202
318830966
935032008
791957287
681169043
318830966
681169043
528016811
681169043
8351095
366467912
442664915
318830966
681169043
318830966
318830966
373138070
639217135
681169043
681169043
681169043
318830966
681169043
318830966
318830966
266660279
318830966
318830966
210285704
743166949
439998579
681169043
949730953
29708622
67965951
681169043
859439280
45767686
452663486
597136219
64382433
681169043
842761363
212407215
817823153
503131986
56832674
368015372
681169043
681169043
318830966
681169043
318830966
263877088
318830966
33469035
576941937
681169043
318830966
550172388
318830966
681169043
681169043
318830966
4715523
408669598
318830966
681169043
681169043
318830966
592915609
853154750
681169043
318830966
48240697
130672635
561195300
318830966
900419182
845247933
681169043
318830966
944901812
318830966
79846278
318830966
318830966
501639295
681169043
756569588
318830966
786799294
93233461
681169043
757010322
318830966
386779801
912390429
318830966
416304718
195533130
681169043
681169043
681169043
74883281
681169043
22206604
885502260
681169043
681169043
199131330
126801856
681169043
681169043
131729163
318830966
318830966
318830966
550278481
681169043
318830966
318830966
259279149
318830966
318830966
623600291
318830966
318830966
318830966
681169043
251794992
681169043
681169043
681169043
318830966
955154294
681169043
168789570
251982973
297565414
681169043
220247313
555140783
681169043
9651415
511159107
160583488
624992391
318830966
318830966
318830966
656850717
574012992
774601312
318830966
353532972
681169043
681169043
674195373
681169043
318830966
318830966
607719339
143039855
681169043
452255404
681169043
468679945
681169043
321424289
318830966
456606776
258024664
398039763
871358966
778093345
164170144
318830966
822924045
887149086
318830966
318830966
842450183
681169043
85167154
679616166
681169043
397929038
318830966
318830966
318830966
681169043
681169043
681169043
681169043
792806136
364875294
318830966
547555752
681169043
681169043
753502031
318830966
681169043
318830966
427800567
681169043
318830966
803965092
318830966
681169043
117548666
318830966
318830966
681169043
681169043
39269223
681169043
318830966
681169043
421361768
560650428
880426483
318830966
484282438
761437538
681169043
836247304
318830966
681169043
318830966
493250338
712021651
960739141
566676103
681169043
681169043
830283214
681169043
526727637
472295993
872571120
318830966
681169043
893245774
318830966
681169043
318830966
681169043
786705123
318830966
203336389
318830966
681169043
109604243
763191551
796846748
642584254
318830966
818605393
627668047
654487621
318830966
681169043
681169043
318830966
80218143
681169043
318830966
681169043
681169043
527102887
539264378
625767641
318830966
352580586
110809847
18627069
681169043
453849743
318830966
278704965
681169043
681169043
500888778
179997960
906797358
318830966
706800510
681169043
681169043
91721881
624079560
990627429
681169043
681169043
575160636
755408651
896869231
318830966
318830966
668601577
318830966
438933734
681169043
210768094
614681951
370513002
681169043
681169043
318830966
318830966
681169043
318830966
272969425
318830966
318830966
318830966
736319224
318830966
681169043
318830966
681169043
200210161
956663838
222720337
987281795
318830966
439340034
68284859
650190587
708352317
681169043
118061013
167425618
722192972
681169043
211049121
844391719
318830966
681169043
318830966
517269983
589021446
126276773
133442683
151708720
681169043
681169043
681169043
454174783
318830966
632986625
820694133
679219376
265347575
847227803
49558538
502307235
318830966
181467255
702655322
464304574
303294338
318830966
962196498
602945501
318830966
52537718
582481585
318830966
318830966
933782651
975061972
681169043
681169043
197419557
681169043
318830966
318830966
318830966
318830966
913707965
318830966
681169043
681169043
681169043
416679288
446597594
67687984
621610320
911693311
681169043
318830966
681169043
33209638
681169043
318830966
318830966
318830966
318830966
211817508
943555774
681169043
399661891
681169043
318830966
681169043
681169043
970431245
402861030
968378083
318830966
740067781
121343968
846555622
318830966
318830966
318830966
318830966
292574997
681169043
679924088
199387217
75007063
483148368
318830966
681169043
318830966
277530858
681169043
681169043
681169043
681169043
318830966
327654398
318830966
548207620
145115182
52218508
318830966
681169043
928846533
349148389
318830966
318830966
925124662
457658789
326586612
681169043
681169043
109715570
681169043
81249578
735365093
785142727
318830966
666896919
681169043
599767748
173128683
818020538
529657620
290541700
318830966
448193545
675994193
318830966
580723271
681169043
681169043
154395797
406742973
973718957
430483768
39772285
681169043
318830966
691053837
386419187
318830966
696646462
851693894
108808087
681169043
681169043
261662074
594257358
217281016
681169043
681169043
681169043
318830966
318830966
318830966
524527309
681169043
318830966
681169043
318830966
318830966
318830966
318830966
940682972
784084631
318830966
302065766
859018531
681169043
69604711
240741682
635827342
976476506
542442832
318830966
318830966
457489169
318830966
232500268
318830966
681169043
426205675
67727265
318830966
803120142
165797043
8549229
531048937
681169043
318830966
345258110
318830966
318830966
318830966
610600934
285484241
681169043
337881496
661436916
52380363
959513924
681169043
681169043
900673566
690505422
318830966
681169043
648776263
681169043
600206934
681169043
41661691
771512055
207868445
318830966
318830966
639896467
318830966
396426929
378030264
310100813
318830966
318830966
312896196
318830966
681169043
681169043
900350516
65235388
318830966
322718765
318830966
318830966
681169043
387827013
318830966
908655888
768664371
318830966
681169043
517297068
674087399
318830966
292323379
105853577
318830966
318830966
681169043
318830966
681169043
765248889
560040947
535338849
982989153
454985186
681169043
318830966
681169043
681169043
686986228
355275002
318830966
637927561
762495546
318830966
261950173
681169043
574092185
639824633
318830966
318830966
681169043
78100565
681169043
326634656
318830966
318830966
973771085
311749477
318830966
318830966
249813382
906013753
681169043
847600071
625485167
866569049
329161243
672233564
148585613
681169043
466606733
318830966
537971191
318830966
318830966
380657484
318830966
318830966
492088717
681169043
26952745
318830966
681169043
699517556
681169043
96148907
318830966
681169043
975365094
452771916
218827627
101821281
681169043
521271553
731630078
318830966
783188251
271907374
681169043
972715380
652618382
318830966
681169043
681169043
318830966
87983491
816847514
681169043
868787078
149522165
681169043
681169043
318830966
681169043
754580718
681169043
661860713
839306349
240346834
318830966
320893837
889622424
110283106
318830966
309484120
985854920
271852802
681169043
681169043
983790565
116056978
172548043
681169043
917384016
362892764
67164465
778343796
681169043
681169043
167431978
681169043
15075324
645354176
264372527
779099274
681169043
372884723
681169043
856399110
681169043
681169043
318830966
365943475
286962651
318830966
703593006
681169043
318830966
318830966
318830966
318830966
671299160
68518173
681169043
139025060
279674887
318830966
38406345
681169043
185955495
772028915
681169043
707711136
3 698958025 115381398 0 1000000009
1000
931018194
698958025
959043820
341998173
300537330
618579922
9119405
234475998
277431621
341998173
841438186
854649099
430091235
959043820
616092940
951181280
482365865
959043820
341998173
307500837
341998173
698958025
698958025
513276849
341998173
959043820
698958025
959043820
741029007
698958025
698958025
472857704
341998173
59772577
698958025
601066170
222653200
698958025
987917993
698958025
457553722
959043820
163101172
341998173
959043820
225040694
959043820
543773178
201243446
959043820
959043820
698958025
31002074
559745934
927637174
266136818
280547032
973195833
341998173
959043820
125833601
233048769
341998173
953876333
698958025
698958025
341998173
92142210
58651346
180294798
698958025
342272036
921748004
363889863
212771608
401211417
133722871
341998173
188290105
615633423
959043820
959043820
698958025
341998173
959043820
39443946
531182350
698958025
874528738
698958025
341998173
201121047
698958025
959043820
725681407
828683586
376251619
346810637
341998173
974145609
208134218
959043820
704822885
341998173
765571794
959043820
959043820
53277528
341998173
737003636
698958025
698958025
341998173
698958025
180886396
959043820
341998173
959043820
698958025
341998173
831768304
698958025
698958025
959043820
82660842
44199861
698958025
312986394
959043820
959043820
698958025
611632895
341998173
959043820
698958025
986807021
471259478
698958025
959043820
669096329
111210225
269075479
959043820
230174890
341998173
818517832
341998173
698958025
930890577
959043820
341998173
229244900
341998173
698958025
194540090
698958025
698958025
341998173
698958025
698958025
716020488
341998173
959043820
698958025
499880686
698958025
341998173
280300365
959043820
634580019
657136574
527375059
341998173
355216769
698958025
976731561
959043820
341998173
610440048
233570849
228846653
852704738
307829498
581758992
329234502
698958025
698958025
303421666
698958025
111130989
959043820
742294507
341998173
959043820
469170608
959043820
341998173
959043820
892480275
698958025
959043820
341998173
959043820
341998173
698958025
171716243
698958025
354594824
475231814
698958025
535300365
884306337
54996013
341998173
165094210
341998173
959043820
698958025
341998173
550243541
755345617
698958025
341998173
630138387
521017888
959043820
754447132
698958025
959043820
959043820
341998173
593469031
256448796
49747661
192635878
698958025
491599057
959043820
698958025
959043820
341998173
151072786
341998173
959043820
527770194
698958025
830765357
9612729
341998173
698958025
698958025
948844357
835186909
341998173
624847250
111490050
103161771
385727283
643971181
341998173
348155294
888919989
959043820
959043820
698958025
635670253
698958025
959043820
447140423
959043820
959043820
244908192
341998173
673131653
855700196
698958025
341998173
341998173
973573864
629528600
959043820
959043820
938879201
234887833
959043820
698958025
477792175
974525517
959043820
698958025
959043820
805344130
959043820
491365312
341998173
959043820
698958025
341998173
169307646
959043820
808679328
262515421
479667853
374547411
698958025
341998173
341998173
698958025
959043820
62841129
924908763
930387542
151999491
381146162
341998173
59079085
959043820
662267237
959043820
314584378
341998173
231246371
250586047
959043820
341998173
863593240
959043820
698958025
213036899
504835645
959043820
174652923
158654082
698958025
341998173
348704992
116465294
12029427
215228
341998173
341998173
69370485
341998173
319528023
761922596
959043820
586187425
341998173
697977558
959043820
329729966
959043820
698958025
49501352
797434768
592126806
605318261
959043820
648577653
698958025
582917311
939944550
341998173
270761500
959043820
341998173
525067069
867825046
959043820
673836122
785252847
697733663
959043820
737684482
959043820
301419454
987650131
143278284
578313827
954296288
341998173
959043820
698958025
56269508
341998173
341998173
535837524
159125572
545843402
942552483
135975935
307136328
503640037
341998173
85674890
959043820
698958025
341998173
959043820
959043820
341998173
698958025
698958025
341998173
169168181
451131325
577037358
959043820
698958025
959043820
698958025
775390666
928934522
959043820
341998173
341998173
341998173
339978080
491001931
761192107
534684324
715236304
959043820
341998173
341998173
341998173
234368939
230711032
341998173
341998173
341998173
606704513
938678545
415060202
698958025
333626112
959043820
486414201
698958025
959043820
959043820
402103831
341998173
959043820
698958025
75236846
234084748
341998173
341998173
161601149
341998173
975633306
959043820
626458085
603172516
959043820
762230357
264733119
296744398
959043820
341998173
341998173
237463600
341998173
563184945
698958025
341998173
959043820
959043820
959043820
698958025
442272954
644298974
698958025
698958025
959043820
959043820
959043820
341998173
709096579
565797421
641303972
959043820
265368302
678723736
90135181
423398360
564372194
698958025
698958025
959043820
997303302
696390579
959043820
962910780
668454310
559357294
78086694
698958025
752214619
949105362
395315363
698958025
341998173
341998173
436064817
959043820
698958025
959043820
502327253
959043820
341998173
975895707
263152143
768251172
698958025
698958025
837177750
643557587
341998173
959043820
236300340
461449592
959043820
362481390
877674952
341998173
698958025
49551658
594572879
889004103
341998173
438821282
931952911
747347481
341998173
341998173
341998173
959043820
607673415
998901149
698958025
348200582
341998173
698958025
932053554
341998173
219834021
698958025
74352641
434288983
632573798
816640239
216566056
959043820
16627564
341998173
341998173
341998173
238871470
168437327
362591619
959043820
486962167
698958025
959043820
821997106
429508834
881709148
774505745
341998173
872312172
959043820
698958025
613228302
4782471
341998173
698958025
698958025
319580254
959043820
698958025
296952556
698958025
959043820
341998173
959043820
959043820
477172593
698958025
341998173
698958025
698958025
698958025
698958025
489435510
545866978
972910352
341998173
993774923
698958025
698958025
341998173
698958025
19200410
959043820
959043820
959043820
436123643
581618310
698958025
698958025
393200005
698958025
698958025
959043820
698958025
341998173
268871278
868208552
341998173
341998173
530489211
812178702
698958025
874755679
341998173
282123310
543980610
104177288
543833398
269217976
469153314
285391304
341998173
341998173
698958025
750087694
341998173
959043820
432837028
698958025
633488883
735870982
698958025
959043820
479072690
226343236
277654128
823977685
959043820
522772989
744916495
204094037
341998173
590936508
209448645
959043820
341998173
597395537
341998173
698958025
959043820
698958025
903630515
950443396
959043820
959043820
330347943
341998173
341998173
292042617
341998173
402408004
698958025
418848085
660788992
563171193
959043820
609820891
721247965
737998688
698958025
647306480
698958025
413665118
716308555
341998173
598816786
698958025
314505239
698958025
341998173
341998173
959043820
356728652
243733267
339277905
774493014
698958025
648674665
959043820
376215874
472832511
698958025
502579668
341998173
574695800
698958025
128286193
438558426
756068655
579623300
341998173
343309770
321743971
698958025
25105945
52961848
478204290
848621072
31436527
787411120
578996143
457213825
698958025
698958025
755349065
709694402
885160062
329010441
687366583
959043820
971734369
341998173
755062386
310067013
863901838
780323657
186559379
226216956
698958025
564634547
959043820
7959048
698958025
975319010
972758203
374331149
552872942
703158992
947627942
500050155
486349123
598057180
341998173
959043820
982425595
698958025
164532234
736397260
698958025
926533651
327307228
959043820
341998173
243203978
341998173
971474223
341998173
698958025
218012324
334340863
818600286
341998173
959043820
341998173
368046731
959043820
680182182
698958025
139553066
959043820
246696647
147618307
341998173
230091973
698958025
959043820
698958025
341998173
325653464
252858876
698958025
698958025
68883786
537633858
629420342
341998173
550006690
698958025
959043820
341998173
111108581
341998173
121931027
87020105
602598677
758764411
341998173
304321488
196333199
959043820
959043820
600005499
341998173
547667079
698958025
310771974
404866319
698958025
984228717
364854730
341998173
677131273
698958025
698958025
959043820
959043820
698958025
85939047
224361598
769901977
698958025
666056087
844747996
592282285
704909428
74963156
994448013
348185274
698958025
255459370
959043820
341998173
959043820
698958025
959043820
359983828
341998173
360954026
258825582
888152855
959043820
341998173
659261167
658193511
698958025
498135695
341998173
698958025
698958025
92979022
959043820
698958025
959043820
159614822
341998173
959043820
341998173
959043820
959043820
341998173
681372433
493150460
869707703
959043820
207296608
341998173
698958025
341998173
959043820
341998173
56368398
431860669
698958025
959043820
959043820
719727151
698958025
698958025
959043820
959043820
781321511
341998173
959043820
892081088
698958025
959043820
99680533
280453197
109270295
435568176
341998173
959043820
698958025
724379537
698958025
341998173
698958025
341998173
341998173
390236400
959043820
43165995
698958025
341998173
402806417
576278315
91774599
856003808
857287041
341998173
364892899
613991866
341998173
341998173
32179782
341998173
214813810
959043820
623312607
354162144
287496346
735848510
816911868
231565598
698958025
166605359
953030269
959043820
959043820
598954546
959043820
832446903
413422778
698958025
143482120
773700075
701141024
698958025
698958025
959043820
341998173
689852619
698958025
516210884
341998173
341998173
727396690
959043820
782216554
598807000
698958025
183762891
963760336
341998173
697768167
959043820
12190263
341998173
698958025
15639886
663740309
664500566
698958025
341998173
829451730
986704992
959043820
341998173
698958025
68639957
146475196
698958025
959043820
959043820
959043820
698958025
942080198
698958025
569314548
608772661
779805165
341998173
676946425
959043820
479407438
513544599
341998173
116110180186564989 835934875 569522298 0 1000000009
1000
440535131
49265398
135366431
296409173
703590836
845902400
296409173
886343862
222131333
917642068
437488438
835934875
652576893
884258099
867536659
296409173
530867172
899724329
938455234
577397828
665617479
835934875
164065134
296409173
290890187
164065134
670953015
296409173
810520250
835934875
296409173
748013280
818011619
296409173
483231150
741989087
173727378
835934875
703590836
703590836
212443486
681079129
122977935
296409173
703590836
296409173
296409173
837381492
164065134
48131050
164065134
439553173
296409173
135446113
296409173
703590836
275926890
248775578
760656768
835934875
164065134
453481956
296409173
835934875
164065134
508547613
164065134
872949851
835934875
164065134
296409173
835934875
703590836
787098970
835934875
107338172
164065134
549227469
164065134
164065134
874480049
164065134
271411408
362704751
703590836
835934875
296409173
703590836
806973023
164065134
296409173
835934875
703590836
296409173
296409173
128982602
164065134
23497137
703590836
164065134
164065134
296409173
610280707
328124612
703590836
296409173
320920072
835934875
164065134
362263870
907062064
703590836
277502448
356677012
811335771
703590836
133580022
703590836
878855730
915273368
703590836
703590836
372727455
365152207
703590836
766112034
620189729
296409173
703590836
835934875
835934875
772611111
356388709
164065134
164065134
164065134
604104655
964932303
285022721
835934875
835934875
835934875
135277703
812246630
988473130
802785467
296409173
69017333
852987291
292890445
703590836
296409173
164065134
296409173
968099470
117912875
296409173
196737371
835934875
182433310
164065134
601777273
164065134
703590836
793461033
133085136
296409173
703590836
164065134
156286276
835934875
296409173
703590836
792024703
703590836
874861528
334759238
164065134
297855705
835934875
296409173
296409173
164065134
164065134
256150854
164065134
166470197
703590836
696390399
835934875
348081335
296409173
835934875
239361406
164065134
164065134
703590836
737334353
835934875
49318262
35340958
259468374
439773435
164065134
843492598
703590836
168530420
797740112
2891644
957662319
647216602
164065134
609248073
440116847
835934875
835934875
703590836
835934875
973334680
726895791
273493472
164065134
703590836
296409173
835934875
105117213
835934875
566791571
296409173
479009123
9802875
988729257
212617146
164065134
164065134
703590836
703590836
835934875
379549671
296409173
885751658
288521195
929620969
164065134
60704151
296409173
296409173
835934875
165086647
296424986
835934875
521477531
177931668
959236779
911689227
703590836
703590836
703590836
296409173
852622796
164065134
811098120
50041888
53774098
81024473
296409173
80808644
708750820
356630237
708728065
296409173
839546022
703590836
703590836
164065134
862162593
658201338
331344387
703590836
66147340
124019417
345811557
208885619
676241419
835934875
703590836
703590836
296409173
81859397
283020589
781218880
835934875
200917192
154250301
703590836
164065134
164065134
835934875
835934875
296409173
649149199
296409173
296409173
235648099
164065134
780705744
703590836
606239360
296409173
755334224
642567342
171289768
164065134
202190745
164065134
962779413
526983703
35886747
296409173
835934875
233505448
296409173
703590836
517395934
164065134
703590836
835934875
835934875
257931108
319480500
265528527
296409173
703590836
492813750
926096835
164065134
296409173
669465208
703590836
703590836
835934875
84514219
758262673
296409173
365516444
422679165
528967112
703590836
835934875
337121367
434142941
160147084
696654730
669644247
994069266
703590836
209614523
835934875
399731214
249951998
164065134
164065134
243842395
271383514
296409173
236376356
682987589
164065134
703590836
703590836
408995301
164065134
172593438
76983181
164065134
703590836
296409173
764983021
164065134
296409173
121950032
795218666
164065134
835934875
624734866
164065134
296409173
703590836
296409173
853901086
835934875
77053965
642356793
254268673
37491465
896842740
296409173
222243719
249683234
754115303
129131197
164065134
478458532
574238825
703590836
296409173
811432253
55968738
963545318
164065134
835934875
351939588
164065134
723530721
538529734
571325551
840749679
703590836
911830469
296409173
748241652
810454310
901130729
703590836
703590836
251486507
164065134
478006154
869587094
889959831
835934875
555377185
316764622
364580990
835934875
453289058
703590836
559954411
502280929
164065134
959976855
296409173
296409173
835934875
835934875
835934875
174180507
882272743
389643867
164065134
314046126
835934875
20412399
199056797
703590836
703590836
847356823
296409173
761871182
513947388
362640666
306410345
703590836
20629612
296409173
91415512
703590836
164065134
325456515
675605411
170996031
883966983
296409173
788897292
703590836
652585833
600817704
296409173
636975215
253896257
296409173
164065134
36602830
835934875
878780053
725788809
296409173
703590836
703590836
835934875
296409173
703590836
835934875
402552335
703590836
161225297
856565317
617792016
966539907
710640377
164065134
835934875
170190265
164065134
656188305
504558047
835934875
879700773
609286601
296409173
478785882
835934875
407186588
835934875
296409173
686695060
315870593
296409173
653749038
68804693
649754246
703590836
679668264
835934875
835934875
55138792
164065134
164065134
372070627
835934875
371749565
835934875
68323850
119516022
310223897
703590836
703590836
135712079
703590836
835934875
602929178
296409173
164065134
296409173
437091833
994797383
558752952
296409173
835934875
703590836
703590836
296409173
158664272
711406202
541533529
164065134
164065134
692210595
296409173
835934875
835934875
466363002
296409173
249928633
835934875
835934875
296409173
703590836
164065134
703590836
835934875
296409173
682091600
924602501
835934875
835934875
835934875
317438483
835934875
602803494
703590836
820210630
777850197
835934875
835934875
296409173
835934875
835934875
321288326
164065134
835934875
164065134
164065134
563636299
119518312
164065134
164065134
703590836
342422528
542917079
323342566
296409173
202798646
400659737
296409173
734235817
948808641
343248440
808196094
132768715
896474572
717001817
134724810
164065134
296409173
164065134
561127742
71051087
164065134
164065134
296409173
729494572
703590836
296409173
296409173
164065134
835934875
296409173
835934875
116565107
296409173
962645558
872952871
835934875
164065134
835934875
343684931
296409173
703590836
703590836
835934875
808890418
703590836
345466000
296409173
296409173
261260263
948173443
449990577
266087764
660730060
491605824
745440092
296409173
844989928
655228326
835934875
296409173
296695328
703590836
835934875
988637848
100961858
164065134
164065134
308053807
296409173
93399731
835934875
296409173
835934875
164065134
835934875
835934875
157628809
481956667
296409173
164065134
705064525
703590836
616710292
296409173
781828519
835934875
748230981
835934875
296409173
703590836
296409173
871236832
835934875
403758121
510176894
770315753
525420353
164065134
183615151
703590836
453413923
551120492
164065134
835934875
148864571
517934744
473517983
198664785
184912440
835934875
187313905
159461009
973506626
377072097
296409173
51031492
589829737
518293090
495936543
517354721
663067352
912954914
335658023
164065134
164065134
526806879
164065134
703590836
480936799
703590836
866915340
703590836
296409173
164065134
296409173
834017292
526113358
566984513
590749695
835934875
703590836
703590836
164065134
825861281
609530368
185011434
199715918
872071724
797314825
14259957
325845032
796635667
296409173
227765321
634962935
835934875
296409173
164065134
835934875
926255307
164065134
822812552
982422486
703590836
296409173
296409173
896964544
919669718
164065134
835934875
703590836
166889209
835934875
460315024
497921798
745638961
951696229
227355126
164065134
615959139
164065134
185192722
164065134
561894606
697412484
835934875
703590836
325540021
703590836
703590836
703590836
703590836
164065134
352107973
296409173
947130826
296409173
873379605
526401796
296409173
703590836
703590836
43405973
296409173
660607863
616593607
296409173
971632754
835934875
320192016
114857006
790693886
703590836
703590836
835934875
286847256
26287635
164065134
296409173
164065134
164065134
449453032
296409173
533352648
703590836
471442120
195302061
296409173
164065134
164065134
16547001
221699970
296409173
164065134
164065134
703590836
597510650
703590836
204759469
164065134
692397506
844393754
296409173
590370602
731971786
250167250
835934875
398854482
154150490
703590836
835934875
703590836
163014103
296409173
155905190
110435701
466285590
268390407
835934875
57567409
123699494
660692585
703590836
835934875
399337032
854706006
835934875
164065134
946029212
869034696
167522631
296409173
835934875
164065134
296409173
772323442
731240248
703590836
296409173
835934875
164065134
260228813
164065134
835934875
835934875
835934875
30380577
703590836
164065134
881648231
48916045
334259493
703590836
278973749
835934875
835934875
703590836
640366579
835934875
296409173
185440522
805022597
835934875
617774079
703590836
164065134
164065134
826812910
259329844
262405106
703590836
266827233
74428598
703590836
703590836
296409173
296409173
164065134
835934875
296409173
944424512
296409173
685635406
106853930
703590836
426043493
703590836
164065134
164065134
180484361
138201197
476069019
325989392
703590836
703590836
98492183
835934875
164065134
835934875
164065134
618431279
835934875
835934875
164065134
703590836
384484736
315004272
835934875
703590836
296409173
296409173
430567460
449063000
190191712
164065134
364589610
753976435
703590836
814361335
910237581
112528270
835934875
667442412
164065134
703590836
924179325
287920220
582601464
441848309
52817784
379507475
392544571
210586421
164065134
703590836
745912308
164065134
703590836
260003758
754660032
164065134
201926194
983928811
850186952
835934875
537888852
164065134
402079047
92124593
739012987
703590836
345736517
434243542
835934875
143284690
835934875
176128614
8243186
53451485
830288377
703590836
296409173
6 460154545 115381399 0 1000000009
1000
319531020
779685565
837502712
319531020
410453810
163679674
779685565
319531020
63771139
761468046
687020815
680468989
277710661
975975833
539845464
964555712
710970943
220314444
319531020
213029067
319531020
283380098
779685565
84558362
942997256
779685565
105529397
853007165
838812309
680468989
788397405
779685565
338719909
394713911
779685565
460154545
335525551
539845464
779685565
539845464
220314444
460154545
460154545
647138506
594166800
742506846
680468989
158501161
711328822
319531020
962622086
216811078
168362656
676762530
735443726
460154545
460154545
539845464
809340079
460154545
460154545
460154545
450577517
680468989
220314444
779685565
465279210
822203880
319531020
914985051
460154545
539845464
352905901
134384716
460154545
319531020
394118025
680468989
253275800
76003459
319531020
220314444
491982800
680468989
680468989
220314444
94605084
319531020
460154545
316028425
725792351
341115607
680468989
319531020
736230151
680468989
779685565
220314444
489768182
319531020
800060308
681573770
182239829
680468989
103623923
220314444
779685565
779685565
779685565
319531020
283800516
250974742
460154545
460154545
220314444
220314444
621221256
539845464
460154545
680468989
838690497
539845464
738172395
290763351
766719732
307063562
680468989
680468989
784121441
319531020
460154545
894193090
460154545
516611226
779685565
220314444
779685565
567725354
304563422
996815005
220314444
460154545
345541456
680468989
201269143
872881847
52804120
841760651
460154545
680468989
486783447
186956920
680468989
60168394
930910451
811874214
695777507
460154545
531806903
737467108
220377077
193857308
142787178
779685565
350773223
196543658
904793906
319531020
779685565
506468231
300891997
360848076
460154545
415544501
539845464
779685565
469290469
647533124
721395652
698719192
779685565
11533290
680468989
568459774
680468989
319531020
680468989
779685565
779685565
130564485
202049799
680468989
996342788
607682579
52770737
460154545
539845464
460154545
539845464
793568453
86125936
319531020
680468989
460154545
997291773
183946429
319531020
671778229
539845464
779685565
779685565
599063962
680468989
706360557
899350356
737152788
865843577
460154545
680468989
220314444
460154545
299996870
680468989
566704692
680468989
680468989
284567871
987323802
558853254
460154545
403968907
85209346
631286853
460154545
539845464
680468989
508102857
680468989
335945441
539845464
521601758
319531020
779685565
956857647
220314444
460154545
460154545
167577275
321524495
586045680
460154545
87540609
539845464
680468989
460154545
220314444
220314444
989496939
982729552
460154545
779685565
271096984
319531020
460154545
860146671
719691947
966048850
170949374
676624699
609478805
460154545
804903784
779685565
319531020
201856550
459836795
779685565
319531020
118733343
921551575
219620968
583594355
539845464
707361838
332882609
631270708
539845464
99128419
779076538
779685565
220314444
714963788
215925518
319531020
220314444
730035413
347722152
220314444
680468989
724034147
220314444
539845464
220314444
942607155
220314444
939415095
124024125
514007953
460154545
214589057
220314444
779685565
362914780
779685565
685883794
319531020
779685565
820464070
319531020
319531020
319531020
680468989
539845464
319531020
460154545
319531020
435004930
264515413
618110607
114141631
319531020
680468989
518037458
319531020
372828228
680468989
220314444
680468989
44960114
220314444
779685565
680468989
754286668
318598182
902757909
354774771
311230414
680468989
734628270
319531020
814956727
762769750
780881595
178831266
354346682
218208802
319531020
779685565
861899430
319531020
220314444
639893029
460154545
344450715
622523825
319531020
331894413
779685565
460154545
461416095
539845464
779685565
539845464
460154545
539845464
319531020
200720954
453221979
113027675
717523917
844375658
460154545
319531020
704383099
55874274
567130891
460154545
620457179
24697358
759163072
539845464
680468989
41909703
539845464
680468989
319531020
292682888
566311046
220314444
319531020
319531020
220314444
81752062
794562029
367242326
539845464
941129861
460154545
539845464
673440626
28746669
403963968
363281101
134575886
319531020
680468989
779685565
319531020
460154545
523960730
605648246
220314444
779685565
133224057
251814582
239326358
220314444
220314444
975378055
844266938
460154545
319531020
220314444
74345439
460154545
539845464
319531020
460154545
831612969
220314444
695409148
220314444
232489713
150504185
519683769
680468989
539845464
680468989
539845464
399505570
460154545
539845464
220314444
561293526
460154545
319531020
349673887
189941550
730163856
778114901
665507202
539845464
460154545
737039451
979150587
680468989
319531020
879035281
513623036
26622008
680468989
656109142
936523151
220314444
680468989
338810771
779685565
864261367
319531020
977914138
460154545
460154545
167285464
370258297
539845464
220314444
319531020
113882605
14724023
220314444
269960638
460154545
779685565
5356703
670203359
927145627
220314444
220314444
104947598
755383587
220314444
319531020
611997665
460154545
319531020
139431034
373910101
779685565
779685565
539845464
159578219
319531020
460154545
407330033
319531020
812858821
460154545
630683089
779685565
319531020
764767191
644719421
319531020
539845464
680468989
746187782
220314444
508942986
220314444
188132228
579393254
319531020
779685565
680468989
460154545
110545572
319531020
873458876
413391840
680468989
904801870
220314444
319531020
630016282
220314444
220314444
220314444
680468989
460154545
558549166
539845464
220314444
539845464
779685565
142732125
153205105
815109436
460154545
200758011
250815835
515897826
787625785
319531020
779685565
42852414
127966033
680468989
977902052
615566535
779685565
481625513
220952650
42499032
776208134
144410306
220314444
539845464
710306207
220314444
132824374
779685565
3398011
779685565
460154545
539845464
460154545
539845464
220314444
334588580
530754482
680468989
320608542
779685565
102977678
539066889
680468989
331201680
908759015
489999552
597585306
136739156
220314444
564195044
460154545
789527349
319531020
539845464
680468989
25656261
779685565
117475427
779685565
779685565
820883183
821102012
706192360
680468989
97285099
539845464
118983304
303133047
539845464
903773950
217974522
665354873
516295838
863448272
680468989
416530864
944751917
460154545
989642140
390249746
963533148
543871993
539845464
666578725
539845464
779685565
220314444
421516160
539845464
539845464
751795116
319531020
319531020
296024784
779685565
319531020
319531020
895267861
42056485
330318392
108414386
101593874
771882789
220314444
319531020
779685565
374554567
98390960
936190567
319531020
138664752
548068971
220314444
539845464
686445240
229559042
109248660
463327042
779685565
980627330
43099346
539845464
711360218
680468989
539845464
50544925
222849942
271272002
865584843
11244798
319531020
220314444
460154545
680468989
680468989
539845464
220314444
680468989
616721620
159250007
380441557
530017668
539796213
432880076
680468989
539845464
680468989
220314444
220314444
739064056
668884231
779685565
927285455
539845464
203139623
925803392
539845464
539845464
377703282
737879289
319531020
202411079
680468989
680468989
220314444
337284708
680468989
680468989
503659878
206408257
728711693
524614105
454089487
811777481
768748796
460154545
680468989
779685565
891292225
220314444
949977350
210939565
319531020
553070262
319531020
260649013
319531020
538835809
539845464
220314444
220314444
309564042
319531020
855238754
970726835
220314444
539845464
849806267
460154545
539845464
237973820
624541901
539845464
779685565
319531020
460154545
779685565
680468989
566308641
796184514
779685565
539845464
697096894
194927341
80038653
220314444
680468989
572692169
604620784
683966184
779685565
572595274
539845464
747286578
187491741
348604843
680468989
460154545
460154545
460154545
539845464
991823410
220314444
950718821
219630972
879734568
539845464
237935830
969262620
779685565
950993171
460154545
214776485
460154545
539845464
732197740
460154545
539845464
569142760
539845464
319531020
29934541
220314444
392049862
680468989
319531020
653337617
539845464
680468989
644065077
728875625
460154545
220314444
407766500
779685565
279109588
779685565
779685565
680468989
146803363
408296714
539845464
319531020
617306973
451742970
330378436
539845464
319531020
634988890
835699142
319531020
539845464
833486312
755756391
460154545
857134596
585883500
871617280
8506455
779685565
64325442
648599478
303695610
383037658
488392383
171409998
551480513
220314444
521397717
460154545
779685565
220314444
680468989
220314444
779685565
199001266
692882443
21824262
539845464
680468989
220314444
220314444
220314444
460154545
130156679
539845464
539845464
109300538
44600885
779685565
35382326
779685565
213524268
921983473
272066291
460154545
779685565
84156643
376069168
304637436
319531020
525377633
129398389
539845464
220314444
220314444
680468989
539845464
459442515
680468989
285721637
220314444
539845464
539845464
779685565
539845464
434871996
220314444
429870134
385698943
764843320
680468989
220314444
932751219
456723051
779685565
303262161
460154545
120525540
460154545
492821749
938299013
845246130
84418717
539845464
539845464
983741429
156202770
319531020
539845464
779685565
352559643
339262809
220314444
460154545
462086735
42258607
208512865
460154545
771850110
539845464
500101100
680468989
403388330
680468989
539845464
805616806
753885251
779685565
319531020
859423357
466006438
779685565
341400819
851662996
680468989
779685565
779685565
220314444
383380714
319531020
545237631
162992912
930042464
130907143
460154545
779685565
341305009
779685565
680468989
58299026
789189544
688515367
319531020
636546637
214823011
779685565
394282579
680468989
242795659
549118268
839279816
435988624
420591399
652975935
779685565
484467842
82488590
220314444
225431837
779685565
220314444
452824320
539845464
655055461
680468989
680468989
680468989
888413162
539845464
460154545
319042356
460154545
220314444
110993846
109386853
319531020
