4
787058170068546433 297828126 181525945 285517701 965110639
1000
458658423
154019624
486896851
304773563
146735365
647314163
349698344
402292517
636886533
340339608
39468752
325426604
896765841
37439451
591442735
232249679
752908452
762309459
393811230
559379260
242005939
98411033
456799479
856034937
925711089
1000941
371572219
964459566
184336232
435232305
849244540
649971448
730890183
350027179
210957955
367723064
758552959
110811815
906777131
619942130
38480213
522667283
130500948
345635439
280026948
213362578
423426689
854621307
151263656
499032682
289900394
827670167
728730899
182508342
829978139
147072904
31522347
490735716
428355523
478201542
273215146
70508711
470647270
109707694
861188125
775919366
657696796
835718657
128436710
953034044
498475935
522628291
907344043
338423942
846609665
629036796
256336948
471882760
839730212
99899914
482798768
532790408
821044096
28439357
902654833
42834369
941126064
498319018
57966619
876165778
496457557
70099081
772227081
529764685
732525681
911685655
489234344
602510056
706789022
36929701
442099242
66554399
239940245
340878247
595481925
776407920
179326439
469367989
823679282
557597997
417967208
414795965
871741950
44819038
355173758
78776095
103183404
952743628
517373910
602969296
596397824
481457815
216055264
937109976
472074837
720991569
701138542
221855508
425405657
907683601
945793865
186803012
816040924
511679186
147409788
742028398
183573
210474657
664460343
270607689
12637660
961623858
742051325
768485635
272550913
825135387
685143238
871191852
525176532
688381527
83472782
612398425
618449819
452582852
39489060
693732257
14672911
940891109
558030540
37150611
764555102
730619954
889636942
809114943
759664315
603988227
96536436
728597016
723289050
711977305
439674224
662391465
780799397
503044789
111229492
446190908
533679721
754615215
404457463
208118708
407606233
558027008
578999975
84886789
303733626
138986440
195013538
3865222
367829430
429918665
791768955
754353046
589567705
433641769
330554171
954581348
642197719
271047236
861559278
170236310
366289396
430764345
633865922
923848851
131772250
325140216
48958171
247165929
133498759
193235242
766916274
677822152
626997212
858701241
925909361
929911796
791673311
863865859
551989096
302849287
545401690
338393035
606263324
85654892
674626713
157948104
35607443
36871158
420521680
727571973
250180633
472782247
961048931
302421423
75600941
804339785
71171197
52829450
697644468
27179481
298699513
909556029
256614934
450915190
917201292
243647409
181195404
644846663
270654409
862258805
43528408
118757266
344129115
449252765
817584893
955730822
487671087
122378287
53120403
322212386
750203399
375505972
789213269
402600891
618272072
279154973
77732898
552290554
188591996
555752044
820484239
411161468
80827650
304935366
465051763
477270928
855277961
851732216
12816745
255517196
225768088
121510943
590586882
570395337
626991081
504239502
668417264
80523634
168842185
177356316
185255516
926811225
26077642
959740515
704458194
902152979
560701570
641447779
881547488
30609334
783410506
411359996
668351978
809933634
734477535
503017048
189565017
60197461
812872147
286170190
613930471
681340021
530309005
828178864
328014196
338389371
724049173
223971022
757692117
526065026
648989161
51263361
630602223
216454492
610667196
848079105
355169040
905321709
287230385
510592271
663960263
574886334
735151492
462434716
503406183
242120155
791714001
711190496
382368776
756033734
697780939
818176500
523774870
215022098
697254007
817180984
391160416
344989784
318119278
166783582
125759562
715451925
247605519
533178765
105249147
822130554
512290730
719616431
21819376
373893195
479160278
119122803
724270359
61040353
935211579
420186524
111751557
959976424
234903369
779281887
495988257
231911905
673485520
817641561
352516054
652330305
943265942
14727847
174543909
238318209
708167716
585238029
85889617
934728956
914127977
729970768
359055985
548031331
52803909
61034539
351446977
141078124
249618399
556771022
124424497
409952847
209542992
731803194
257877172
775314904
490638262
668492998
401179107
131151816
459897442
635945741
682465992
29057764
489764458
876631358
540140803
217825604
878410456
734189627
108263449
534721797
528794425
92177946
619386943
688436232
958260478
315577239
516700979
351600241
824915502
693777584
185878740
777284584
748065298
473882504
904301029
939039691
687449864
378534660
951417246
382735546
784617346
372662897
753567179
163669962
220798836
778543660
820209451
196115811
501919496
251622584
145221746
163638770
857670701
599048236
448157399
717559336
447398772
896652786
532108823
740316040
673730226
285021498
643022832
826387309
714956290
267911413
925797959
261785314
632107280
213924938
212549427
701506008
429775566
68568324
319003087
134443108
281558947
54719297
750599324
469005661
118900982
932322981
932193468
604608034
185638184
873524229
343012056
152083523
13132712
788996701
706141052
163606723
227952700
122331402
938786406
656431085
252595758
217644737
218080394
180939372
744668557
551816518
108241728
251945633
491580152
481199174
166954260
590426080
781655783
630906462
220731190
540996275
207892546
321622337
70291848
573304582
288846135
706119173
13332115
645115625
659252744
308992166
684235602
63624626
535959131
606317474
306249732
378678424
910875752
542658316
867999310
316141257
787705167
411181130
959699927
45741748
333169391
35048375
855938235
172079456
795379104
313953713
586316537
197317972
416394570
642607196
279974101
186806988
419442252
409831805
494573766
14310475
856113670
469964271
878976297
17272403
956961215
328335074
472903852
911549790
929847599
351960887
873707620
621100809
207560454
59631189
731232647
500685444
780876708
16747159
358697507
431420739
650401743
767475724
495650293
15109136
706518736
210905078
11288755
589050582
519701221
462131483
895762547
39447271
895744769
218371879
26439137
945082232
373260392
950325224
468942221
366772032
180531044
801875665
707762779
443612236
771909090
307423768
72663809
898958894
625132885
254501047
931262892
389909625
111379154
733954254
91328235
572707367
364903299
538290511
937788226
224589059
526131813
488593185
957375113
158423999
430476681
546057695
614136043
701180176
941758182
824178710
798623736
918771645
336359365
299504474
41924435
9464179
906542932
852131217
167371716
846200292
111248404
738902006
118814598
906597251
640060075
567022280
921920874
836373417
91785859
217296712
71491235
778963460
847855913
184085823
912196888
430262051
253719391
879077077
79072502
843867883
369070074
8622907
111318139
889521973
926851876
204236514
517558332
377412141
426956779
847625698
601866080
43883717
344666128
749968676
279786418
788045664
884695034
477574440
594979571
747607751
32566833
520106528
708622245
70492087
803501123
297056979
599822225
168640785
17470274
465052107
851658386
424243113
582538915
480831671
32332392
827484376
590379248
621097002
572752615
510373674
591146983
880031130
107047717
449405889
285835354
60897586
50622559
715618400
922759661
507271392
795951524
384697760
823174203
257293304
535678776
815542942
885847490
919201791
301641235
369520331
799321554
469844240
606118752
256250747
68593697
530761195
466860638
909147367
313339306
621462017
186889138
143196523
519165897
881666889
423812915
356251016
594385377
69699407
338884301
353326867
51587990
545289135
611978975
886586468
23535347
317651326
673543213
891765144
255295878
537415090
927068318
431918656
568747295
115386997
245305934
59530992
650580565
935397670
122878446
963215121
674027248
117365799
731769247
231602879
328578816
32548560
395156379
213102891
630333476
760374251
788218572
235597306
517973652
758034518
766284403
694716804
213233705
90100756
464949842
478787382
646849439
889223740
658641410
559625328
935553193
250368744
585885054
539382920
159251229
923440776
367988470
896355974
538384148
206870413
381855838
315642214
43419260
194275758
690268508
292194569
842285446
498157446
544202941
560824739
173380056
861499907
684664704
234947758
597316091
420778905
194959273
671092838
609914430
217741005
300155968
953342332
203248801
946999371
724855984
374529236
900524171
744476017
236593192
77502694
912727125
128869985
304112669
217133760
135738669
311163859
813656678
374497138
812351588
198457840
200108111
524382897
799933552
291112504
509360295
445547300
167093835
814267405
813557345
469841610
766748306
674948694
316565447
572671251
523704742
913772125
478363794
729293346
594208046
242917937
354484435
206944370
733609364
713378421
924054734
495369517
637240579
464444959
481922074
234803942
689793168
689890042
265464418
889800721
891826446
856337044
597762822
962923910
830940104
84959745
836872059
496241169
522086267
766900662
885274791
732523717
378677513
158074575
38553766
300586292
577950407
348546857
592611688
434253033
753366559
338406728
180893696
336505550
113443631
832455715
172323750
908120502
709948537
164200803
576642390
701382708
514130817
106581880
235021264
204614642
338322754
351101812
74168630
442264540
463296329
590715213
494982352
203122306
87633000
227014735
180735883
78820153
27649013
814218888
349260438
764295387
366777720
162295803
608261571
960934578
452454624
128833006
36636972
440460785
387788383
61768331
604375276
949373499
222347481
689461122
464717602
286420122
441518361
827989846
710785090
860133417
628947309
260453468
147710755
203935051
27820085
189893983
837381617
403713634
837877831
258598542
42576636
164441208
40638574
5942668
958236504
329735145
4521559
63070800
467181068
797724759
877374130
154671347
189323891
780585957
787334711
762070196
388558157
550759005
924763006
505195607
143691631
584442698
354206854
28263745
752523423
916552878
875682287
860184270
434127641
159480238
244206704
257934764
475803149
837513233
557283425
414859005
723086782
695874356
106794322
612387849
866447844
26771816
440478963
547374810
24534027
235217683
678182922
593923357
75922978
55812059
793698464
824216360
402939853
556944590
105334548
727523838
650378340
547952989
295733942
941529725
402888993
57933740
429590026532882943 166569101 715902688 660905373 965110639
1000
904032094
835870981
898018610
281976451
777201770
776531622
519987573
688175201
13742863
336125204
42979315
641290242
489528238
356942512
88612453
115135343
401707399
754114589
443144902
316023175
372579699
780844738
446552056
73531003
690544314
598121627
427707055
779812144
895915389
664160345
108203827
430879184
698945341
903710285
221729699
481359689
211285377
480806449
947472397
824754828
757271813
267537375
78184919
235590351
65239478
4628055
949030601
662672204
189349302
381196126
583203536
339801072
376625774
881972570
737440461
549103533
578696615
181338855
81958212
379502680
569055808
524781733
865069358
388699515
862568204
598556935
588895655
838032900
94712017
716256965
951460464
576647668
540378281
660953323
723266974
114349554
713998884
251382856
331702185
710389398
479006469
262207696
440579582
856521134
38118625
237387083
372591214
443417724
539707987
729941699
392076413
117327541
443785115
429474474
58043171
780338739
320125850
399204370
739226798
632451349
327775623
916743538
412761087
921396682
440821197
760022200
398479624
311734730
573980603
612482370
893981348
263730301
304746802
904554291
885061439
531707297
457156139
730105253
69918362
436699912
882658399
690906929
762010121
804123559
3839036
54663128
477927204
476184073
29835319
165321134
24685465
192360250
621967428
541461865
372054168
927172237
98575872
331818582
130615510
788622775
648410328
55264917
618243531
822978273
928556063
235572776
390190852
792585481
338706524
74108744
566364689
370286385
218346601
751968320
470327160
113289903
471101045
608757856
495903152
55238028
374494291
781326763
905974311
572053749
652472841
12399145
547676029
164770365
867418770
784965494
104357207
712872841
848623453
168270929
397302461
476115378
242145803
183448862
844605963
583117831
122796276
484165637
705497892
739642680
826945651
389330992
70991322
548668332
499141318
953463633
188254744
94234668
954429951
463852153
137006489
240389286
793497125
510058242
5493917
128166523
494176788
511447959
910155947
891410929
820990072
607237287
551473098
216932945
438332678
870853349
644547302
460995210
473484964
278606778
487557826
939921404
22822252
330279586
846305424
60155518
657682685
794255339
152894730
787237225
880753610
36896777
818550493
629307787
680839545
764399109
408333401
161735413
279207124
109692297
344319394
299400125
544806620
159356741
663248178
931349005
456716065
226275870
306744564
160960738
166400827
160030473
613302059
99518190
865090213
448136596
626610201
732180230
311966220
249291214
129695400
601811572
799955524
448913402
604548421
474565814
829509683
31967056
480812703
171137789
788224724
399457596
814335085
759323631
722584822
646106781
137907509
950649382
139412315
649724695
772831782
872421359
931781577
541275154
693720735
917837084
751752684
773120136
346483957
174415266
36988610
915433019
76681873
396270028
193655117
632727485
635490288
174206502
537114581
175505765
57391105
454652626
901318420
738003377
715351579
519747095
115554200
334091455
358994404
771931421
591851140
466539314
600327162
311832530
175881919
725552083
123089038
635469368
621317907
24505902
386008821
515901940
555966463
690203665
292393094
469307937
289709062
780469456
902215230
214672875
660543006
369466132
27997198
75426837
267311682
543995223
553614108
546584083
823025457
246562377
170689150
836283680
323107308
890292286
889722674
828012522
332790395
22708462
889572985
682771185
508079433
752647204
45973511
804818780
34503044
434237568
870185749
357909155
29793646
585903813
10872912
74967206
71824799
856881595
547521031
520433732
38486336
886915102
303620592
269409845
851362049
556635101
150833139
257424945
949594964
275299276
750606110
458724775
845664879
191472930
544016639
401144359
736774558
543791372
238982989
794643112
38639536
694865912
685048704
441816115
923975301
145596843
249946164
465038133
812802326
744718892
933273611
33399009
643620029
641586726
804176567
329061372
703251720
55993018
505940772
91807696
634301050
245972315
754740540
852888409
422200059
920414608
838250641
476982011
132905379
452232933
448778054
874793866
719919331
245973418
225655990
512235856
459313308
190489266
416334124
898048506
19954069
725214278
640933529
782497036
810520041
782906768
390731650
828704473
239534055
240395200
927562415
573395547
496000417
663019530
92116574
947550161
191259517
123473958
803181757
755237772
525567463
694330959
288483043
90500337
546139405
430073621
52706648
225411050
913045361
882184139
353900280
384897205
559859995
6970729
594458116
68783683
234766085
665025035
811340368
869324762
844627277
162413232
166096646
287532036
653250006
848647836
52625458
500901406
127955879
111513622
644368213
457039706
477015210
434389995
14720691
324466157
493410142
36179353
345067188
783151313
944493958
20348357
794919942
563766964
268279352
388037125
637939753
653313352
342454367
341908279
384912050
632643649
48264602
672298825
42113209
605035818
687856682
752042190
614486539
16125088
874168744
618952687
209064616
163572005
759619708
386850711
819048182
266284478
899038583
270636406
709578060
5894102
742043050
902907056
287321848
787362489
546092429
686474763
609873466
205786442
639801961
604567828
15344134
910275389
276259598
503866395
668860294
386167277
492738206
578014658
60681878
392560103
541535568
920641314
918759734
631942221
209889022
539125829
818219820
552878645
899725191
189950941
521870831
24615848
60948990
631194108
186634893
228049027
240827753
872458810
46234294
168786105
519598883
639875219
173452062
712794606
513389386
100984342
362853855
578528750
813988433
31280935
424091733
720594340
848623311
535433997
196897696
851152883
346933135
17764917
46521461
750996881
564673438
828482717
594429453
6610631
826690000
817309690
131479317
144833138
211449036
953394514
379437917
957366053
707361707
550007091
318856793
235367733
460452637
413001146
185361651
929849787
729434468
923261325
922410390
838717542
50235590
194849762
785948629
436285382
54472079
900694213
238731890
261707938
547595325
948049654
382060775
938828227
842308946
363119240
269058961
654048583
891443766
186515604
509979423
757804575
56167715
273849844
132935863
244366641
474532839
594220552
132557298
723333510
291359061
92996212
518506284
122118637
164349780
188233344
543810309
108516215
220987294
756035863
619393090
215767945
568964531
52057881
151948060
500367421
464476100
143839673
824202527
533418593
30368152
752514799
514331645
607459974
462672458
259043254
668529625
38565714
686694344
734144975
333906493
479800095
271631302
298234333
950106564
775688009
849071017
525610807
955350560
645919252
196591261
70276586
475747493
576695764
661890960
174506468
101878988
109702980
304374532
326243002
358071889
619638800
252563281
622521443
790954294
915821194
810558112
127741562
540569406
60532424
798015713
347402783
762188738
891412948
581151862
227775159
413874096
111354059
613966854
30206328
417971622
950567215
634519627
557602350
316388523
623263301
10301252
336999161
728955335
963430488
927272420
571486860
310932759
819502692
744223745
186362544
506003050
585948107
512548374
265875311
611003910
881957316
841434849
448750985
549831043
176739863
89634773
322490258
215519838
2752818
596863993
164545778
698276456
608631895
943243144
242769604
950812501
476415595
418014031
645881127
753549102
257690153
27618451
45971152
398347343
117067597
757437592
761751702
663026153
662300122
926281930
21571429
819591953
188185765
6337768
318144732
454254271
953395687
914313892
864478159
139587409
160491422
297073636
921994293
84809381
285192748
241408308
631370586
355213202
402841735
432207570
646732143
197555712
83219880
344584273
490906837
533555435
401114908
135649543
70951286
13491556
685721990
389212766
580525484
499210480
316443659
701666742
134919560
14824327
922833604
463763570
832725100
230066134
198062239
904422311
731857009
119664718
629258063
29042048
560820498
874627346
418007608
113957932
512930255
828179597
895677076
105756446
29670428
451166842
164307488
481548572
855740895
576734138
432737551
254673329
959258149
226434146
305513622
465428524
179297053
485539514
841198510
526525615
477238219
514441519
503336646
473297664
774361591
633279953
633272559
458208139
776715564
511874070
406384910
72764446
793446409
840762789
484366653
222081963
441074819
343432060
927241753
116805898
646235697
681059979
635654965
339613156
609491407
504100439
863851175
562784537
473062684
251771464
728008710
458921771
272878779
825493370
350086738
125601137
411910502
556779440
119416156
698764485
439137366
42657788
207177385
891505302
277885388
822238297
148583555
262357847
169364460
132229970
33054728
507929182
286127661
466229783
352518409
167925110
885291706
222733999
815085340
738775981
651664675
649265873
186552635
135534727
89263949
523234954
455186675
545555417
809672606
841181370
919792406
255288718
443329122
835343542
24844649
678507654
567722329
680957128
242534247
420915010
569130646
664518058
218228988
581889657
420239473
370429487
134779322
84193031
942525046
59362603
888753431
66935256
748883652
248021477
809165469
240277185
902609264
794982092
396019802
367822136
338518127
34034559
412919021
212165175
812513279
502479764
951464479
872775229
9210958
275688978
174383079
55310140
70428353
171808198
878686901
232273388
528241775
237129186
244611160
756807719
873670612
659776521
917103544
1650843
752154351
834819477
435965981
535549595
476467683
180497506
350745557
295021966
392328618
296636240
846084994
179906767
894074637
31105140
757066938
284635995
866696269
526891591
643703366
62625254
214105406
116511526
806223715
661640694
108882838
679921872
333417924
267743334
408657923
233439499
501336189
130229477
450718274
734103184
672034874
508960245
162937737
841804810
271269334
518630364
463024910
609588891
266804020
718885014
103921021
735734280
862123850
183057457
434841925
613459688
874069265
604724111
784141260
326153592
487879782
64397192
165494439
791858298
602373244
155850132781653832 708716741 240940861 229047615 965110639
1000
257480719
738392406
486688276
478792637
819471039
568465175
879114732
351519345
687319035
169904787
282007556
726510588
258251181
759206367
730358864
556810413
862761143
566449700
813467962
456119783
34848539
20499982
660931311
912254112
327100081
584698686
118332434
722515907
662250788
272005657
384061496
198909311
67681765
891843480
918144171
511645189
295326295
844512534
21658872
199187757
72441329
400029829
275408768
58157938
75263103
502080457
305978538
367212513
257225554
306322747
76396847
714128559
487597611
922300151
719003757
324906368
547729620
434235230
332783653
11296784
861944663
530805045
756699726
222595070
140051908
254773684
843308255
549546796
708988512
582810649
434335688
421702401
925221217
821257570
339031082
896482263
216465427
663126806
483494778
124207821
70359925
300114157
723030354
672927269
746964701
622550195
549026816
183080935
275496352
903376841
600600518
934389229
186215835
568886660
100413752
868562725
215072909
879631804
891988273
340875922
237909018
886502686
760880542
457488795
924315881
592727435
152596641
815187595
127222727
419124343
771517759
372694111
130761107
692626299
266423379
489722843
764759247
926943603
723339177
224110918
768002149
301196496
316821683
524433465
788830704
221946999
14489048
295719123
105838607
2813632
330243056
903590312
59572421
765704600
487669113
355665613
338005244
815390815
259775909
240708622
189068957
419782635
902347546
698454697
600678889
282113155
128816992
513321104
110521827
446310741
554798327
135358747
103769940
586974641
197473646
209720804
865474950
470276828
855807821
666892921
759778218
189483438
361190956
290056221
611138802
885951652
525341178
282245143
570345543
274011518
726860151
413222113
826826260
788658194
939386746
880656410
407143737
36167688
638361755
572547253
879824041
525932219
171214170
300246904
882381596
121157134
80397847
80753086
767292382
132231237
577689287
405251621
318481390
136310664
702435254
646708321
726529216
328599812
108161839
916644823
83708827
31503129
209624790
821719875
141012508
532576221
316622606
11306386
939357906
639177383
86999651
549090265
468620031
606655477
37561730
848172988
108656205
547750454
869483100
113568999
341236919
653662449
79565895
884430201
760499211
707112493
878053932
216608852
693103887
118556295
788321962
637087823
663710345
441687391
258435810
558398068
414845462
508107402
758275257
872526994
302603460
138950401
44664377
174822859
608562471
892095345
355798832
852452519
524345624
673918970
477237903
362752032
750755457
816092608
775065660
820532932
755967426
366910093
412230272
811945847
947889040
231879277
795894842
952253902
149214064
450737360
334659531
247153732
65288800
780336187
525542872
182690441
66048751
93124263
574184507
587220334
577990128
229580097
892726098
520079642
894021211
601278153
53433599
649336744
833565420
570054499
288470678
730616055
58186386
662614264
688591090
484500872
837176481
719038918
592078080
682045732
182400049
540606924
698669842
450250804
682753500
253146991
279750589
631057591
453449764
715261304
398930811
218345551
863640955
932511892
194016234
826305972
6462872
125397746
510377628
105483231
16325705
71047897
221955557
383550208
166172012
716342063
650413760
768986025
245121252
679777251
172650922
821614961
329386810
10525444
546528501
330481219
722354122
574180823
403308759
846285628
409556866
158865157
229183144
147189104
887322934
357526874
757656568
68820901
834929343
500237656
563606902
867055878
142078295
700368370
227471946
826289569
585196910
39931761
258056108
847096906
346807384
436984451
404846218
254863974
694875565
756660470
46406694
758729313
353522712
127132818
716270662
468390872
699027689
947601836
366575475
744178816
405276259
427754004
437365978
229787613
375980174
944192392
403514142
176577660
742631462
557398222
612081508
575106201
233735994
569987086
401310725
644334857
120997534
413386246
559968991
339306994
647609801
782897060
726486389
816750414
651634120
760074303
963618730
816293484
490578393
9918287
456368746
154220463
208773473
284388128
801664178
909633805
367064231
610166804
290998179
956238193
549224230
731494686
849037667
693812569
569084415
637090359
64178763
90332856
81350660
844039708
421145386
413932005
48625327
366932926
642082448
614440427
82623913
314870065
841692180
303877959
292091523
186237613
739791391
529068781
80376368
336062128
365114815
311262180
68566009
864820571
359629189
821282469
221982216
807522032
650383143
251731087
548398621
252106011
745723967
737444998
71059452
961352566
1529753
844695520
743164317
829024370
121794409
213698103
356438315
757247093
871829219
272127897
717947510
654156231
684580097
383352091
42309489
388529300
623910257
180913154
708313140
958804269
158945844
705333832
790315291
532902551
960525297
919499485
106019029
363788970
358511039
662860196
470015926
655264067
866100462
133160753
631442421
180036882
262373935
9258466
175626271
688748061
560094631
957458819
572670290
182056763
673956369
885965576
129413347
469258554
772254681
291968103
953591128
173180138
749676417
605186171
916931983
458571776
493575279
533581634
241488949
871968964
689021517
526112544
268613808
68418003
587677736
389983306
599521910
108845821
102405794
100320988
383544931
679640632
744932113
416941300
895800535
22146139
274332701
840708116
866917270
893672020
802893429
396530292
872957366
566432403
573919787
302137981
530847556
389697772
631312067
281757535
459015103
37834073
55762824
95769004
310215132
826614758
326447976
428023339
341418896
517100163
379364563
308548422
732938457
427542966
525007791
275079612
698259046
921416118
494598551
942374575
99891946
849649041
547057047
639899255
231897645
613773447
858536786
157276366
534741803
428344828
755119885
241801555
633308995
665489722
33734737
490443335
952114297
76704349
768713308
30429522
27787236
60718629
893306625
947219039
49007905
308487847
655069539
930137611
720871454
337542509
767716094
546068602
93696688
472582433
458413375
568651058
227216845
609194966
891500407
935167983
214889859
125490895
781317531
489960045
38693823
193541798
390241831
358001665
45815415
416275399
7140758
727597441
798219169
368299762
289959356
411234551
963388857
137862460
463233933
169640434
3018527
933000894
862524083
322518660
317201014
289913413
351310571
551484837
315316215
132676768
497138952
878707774
684307740
145542438
270718367
563593376
574857733
758508285
848022074
125395083
570102550
861281380
200808549
462315895
183330567
774766762
874578532
957613950
546547107
337801140
307367627
925250015
911918809
56839563
339381956
232792557
484333086
106338491
547563805
342221758
121518937
954391846
328050471
879930477
386832902
304788687
516193736
229078665
145304180
142210688
648156202
444438740
923248215
725475892
9588938
467259060
31598166
168697613
206811386
930343781
154919694
204301807
516821791
77854324
822204493
570724979
909739603
877927958
575492920
376454373
217212436
598824047
327246245
178354231
628355891
279878796
795713458
118407020
420548775
946363242
160608684
940503485
629973463
476322060
562341097
29559176
371903875
358323592
776323151
22648748
288118684
654396939
136023882
722990430
593331576
51199025
861693034
824538054
633814847
837981293
186685906
626846467
937945136
72667607
793275179
697073267
678250397
622315737
520164671
548222620
119505882
51805153
864554270
778662438
313005410
256852675
944527868
118224255
389396690
596721300
716196129
731947237
189492284
45315696
395771640
157398895
381711894
341596372
922930992
632495397
238778248
244858980
132137182
103914227
243120146
957871943
422781785
575615994
184277043
829057030
132797389
798573631
699874691
653078817
330273625
143999899
643262218
836813161
901828609
141393369
757405526
825130279
935240316
232299578
684043722
690680356
662396614
500233428
729690873
65687471
631466528
216590911
917006959
527373866
500407499
493038279
858329273
219756813
507637921
263447389
595077143
102097778
138728412
754239126
318143777
757301095
223720413
654267866
769539183
389200127
960127686
841538374
882780768
724788705
456436864
292652971
302750900
405054296
366284918
718592860
284764626
547226881
366088456
9919844
460742243
457424976
209038729
854339294
482925445
186786299
510295906
793365947
895233688
575316285
540819677
931226032
257364164
423280197
502732826
400172645
730394434
699424340
50379661
875611111
854162814
760061779
600950478
438812950
526226236
265883258
6335432
161452584
623932880
718215450
21935130
551989860
525384996
375809653
45805337
785388392
932636854
160875024
266093516
809540308
399254487
390835768
675765007
329434989
905733741
619345530
230296881
801601179
946906178
91145705
202826293
792374827
845948146
869522107
794310853
250077437
669989201
888799213
77921114
731169671
334102995
415428331
651046629
340137392
796893090
301724648
556951082
535761974
60901916
421585388
569005423
639928681
834125395
824576641
777018098
276706109
344016587
829569910
653958432
721212588
112690863
60426972
509785055
948203570
764806268
96953467
239892501
390333583
471197363
875972702
506916718
338435753
670300188
28346355
659586746
264319719
670052894
942246572
817844220
359886583
611188600
33028720
93721852
525494568
914362363
863110698
516323606
506346993
931325886
605790457
307020009
42922888
99137193
291372399
111898857
691676684
416077514
928865107
459184254
395915772
889237587
456374463
291349795
312173662
315109993
686543378
533738119
152845801
450816055
299802494
303626975
330169067
563759129
595103547
220029650
196518019
149422450
503125123
396209212
889391432
49687926
82403892
400583804
562957424
762765952
209084689
809881429
203065658
279205662
211182433
54411169
854916901
903904544
674299806
512483385
660056774
246436396
634375000
873195646
844533654
429533917
882467952
963818356
49991426
663005023
50223229
87914561
298567945
441303765
431456810
339409123
512539058
672237780
611169206
415610903
6956419
900294229
476135794
94013347
692208011
872553782
716507703
519692827748971074 80935211 861314566 330357615 965110639
1000
194156578
667456660
722113637
147478382
94552943
727605056
422601233
232309322
655114092
965029355
770506710
797406538
885955147
823551030
754646753
64130459
277352207
813227639
195082527
47360044
351617713
844347879
141254227
640539329
737625119
423918805
879206708
473145474
208788424
726763425
750689052
541838105
194070193
828110274
793878410
579185512
446264739
34357441
288320481
636785985
604521338
61119388
262272711
769329308
412806487
587368340
735312023
847973636
761663983
15063951
7793487
524865786
13976139
785744630
221100579
509077249
458363622
69957336
843001672
304010384
590836338
605367126
623679306
667290243
809171731
243687141
920841814
938970378
409683394
923360031
564572800
422568681
470538747
724439250
801318399
720245303
333958911
370468111
668453020
490721983
259995347
412459708
309897239
858663281
417483520
226676307
920921314
534135602
857747505
917240609
203015251
695566807
118917656
658335447
561891398
326177727
621282504
433296637
313211689
276321174
394076476
32186618
342017775
456714275
299749919
588775789
178398766
189456747
748713170
817504295
897228529
571447579
18366186
509228239
184259030
419894530
797455008
884031420
480498320
634186132
922667871
173551182
387154518
855015560
600570296
770733286
251025522
903968683
407657521
269194586
97303188
937488795
889399442
505505410
86568269
52634557
253914583
487884269
520531812
332308360
516749521
513999549
180248804
298014024
99977413
362744246
478800412
269229916
159627259
961373171
67519070
399238071
386918912
222678994
812731184
389880290
412753636
611614515
300227294
245017097
956538205
158595708
295188150
570709930
203762211
207859032
814710762
754204361
113377314
857430547
211174690
111112527
716716427
112219888
757880663
109103222
807748226
407006787
755794233
23907999
942036449
707302872
107919338
188701404
166678276
343003178
742055601
95101894
172009004
548711436
814670104
941335704
902428700
932443380
66308799
120825266
86583999
54890603
93903991
496655767
754218848
468438174
110714407
93009807
600279023
140447040
926765417
420961494
255280883
483601878
22579998
457414987
813570563
726761673
258212294
906249298
842116908
755594040
786177546
910067586
780497374
5257779
326324626
67348552
484711263
850164033
583147007
720616066
219023238
682958267
305603506
150233461
363069665
378141758
557840739
435330712
821546592
816422013
331062571
28647031
374660071
300469309
718482906
333984592
320944784
54577336
798714562
512419257
902791943
530944555
467624233
266508104
30715356
645197975
574265947
354977274
572971812
407978195
514752310
17052077
832498153
116251816
210685725
201194741
702775605
316151844
912859830
452010155
354120347
854544360
886611260
160746361
448093950
714086314
88940253
641020399
133120120
152350084
754527740
579621057
657362133
270253235
471220368
314499815
601379349
428708920
358468932
725752972
648192653
253689547
450222757
338308480
472635670
204984867
714902743
941398854
137362093
872838303
629095793
695460246
49965938
510999920
685079916
118389948
287849129
203137004
799593847
701460775
743993084
3847453
227966070
719156843
214891926
898668896
470914975
276819296
323427993
279941079
25597915
666181888
609884986
143771831
609932587
469402941
23484976
744899787
565468657
454992520
96156024
667502063
228655954
933062011
307763124
246730165
545262859
585574001
552259831
135793412
327803753
825000088
813487002
939678100
429610831
443775926
835587227
280691011
755789348
201096977
619449609
389538675
665700002
631679670
704966697
482532009
499797545
345402323
762037572
853838208
262205865
804026620
884779574
676565908
395442427
43449673
642458273
141278616
425929561
558509111
152462824
72910784
163864162
75456227
839986596
651366439
486847591
678376370
669323667
74874475
227596145
576161084
752097412
962839516
56228920
537323340
618444124
124075504
400125117
737955874
432394484
510430066
634960465
407581665
553041784
550160526
942098700
635251889
939114265
479647527
673373511
618903166
253914268
653098818
495411346
619105575
181929306
293729848
210670127
580513232
809965358
331966056
70513573
387477296
643289034
566141426
946442542
360241844
380641650
234953853
932837225
52681946
499404190
651737266
681958808
494157911
785229565
546975646
8100915
755149906
220881037
107083812
892957348
11762534
473776628
404854665
78532905
484655220
104166090
204235974
463235558
752160190
186530108
661340426
82275680
537597581
11696171
191517558
435663282
692151341
874982635
822687407
523388268
647097180
425708612
807554031
317535375
670650190
487772949
63193267
404330098
611774956
77580476
878489598
290573360
436019712
711923151
775664197
202002280
47162714
821239174
28889474
446558956
42753998
8286670
717972930
807244818
593229732
475293463
216688614
275215862
522326599
336726759
242885397
883306470
53832743
597597478
776567113
853138629
754548327
288919264
377089662
391941096
434303903
754838406
412555334
880417436
766607035
291549117
688691335
8053470
764736858
331595549
560160171
26198801
339748991
372332483
720542127
238545436
884648196
453179455
734050420
216156265
602648210
92235239
531235650
670967976
761243899
722363058
234823552
499683690
878170353
469534430
557579021
489776854
788064267
793917067
853601434
422341591
416893527
292444910
532393918
327738107
556639698
478990111
235811089
843355254
620283202
939513611
875119441
914012429
50122941
49932434
416396400
745684156
374765679
536140810
480348899
161426384
296857064
59963498
732890661
864160638
820332236
673986496
960393682
958434810
450593665
774264700
127903532
341656161
814421780
32343811
632455242
252883008
804699508
871418732
389503268
431030714
217442678
22958070
69668152
917388325
859988175
961865761
608215224
851809341
18329261
778524432
61437514
595455584
394573471
102103677
838644230
115834817
873012840
664588709
584155564
245369798
578668848
363663400
550174348
37524058
832873555
382493162
326119499
301130379
137543760
933626293
854665284
42179069
248291547
641821285
128082165
906804117
822192939
55274698
870575182
80725742
625189708
814457578
444260710
938483144
567278943
615548972
800875542
319088340
771315189
781100333
522610267
226608121
97648920
163373695
796539576
647802962
938199971
493515877
19623538
404718206
130549204
822105321
123047778
451573823
414656673
26180535
423526455
735928027
307594608
463164479
364416321
609686318
447947725
112118438
307339543
530896150
551089352
810730389
666008866
940195270
404771652
854675673
545875232
651676931
851078810
286518881
621983554
21125546
664333348
543633140
295072238
458091816
826062482
180563640
713224333
227077136
179736776
90402524
623538126
836012425
817372334
278921663
306569073
408795150
646786175
422222454
166110589
485201388
620493706
55528090
279683964
902621399
806403924
700181160
377938841
210783205
424145588
17641087
182930425
612903937
311751382
77693701
701534847
924112906
937203801
279623507
398636533
234691169
99922849
281135652
445697210
472746431
278494645
851660138
75504671
433953004
882778818
84412393
650124777
440587625
827397766
368860810
670085346
685845335
931895510
305124938
613861064
652259598
51291176
133780584
204355277
179906439
309464138
576515418
532275445
645921586
224719113
132600905
231135675
770057937
850470011
497543776
90373084
18762379
841530758
945333921
280759674
808636154
929337622
561346768
877008538
315736813
530037659
610540742
940384103
710226743
504221896
915804751
964894285
853954190
64280870
635921884
662477070
885886349
804475775
944528754
537090241
457779666
646022371
486828586
542465982
847378849
79246838
97019535
55417539
461947599
621599248
426561331
735662770
525118055
289492747
142813865
92335568
902418857
787221609
73073660
200116856
619369222
74787276
475335415
212684614
65292933
888681788
580672220
264386077
954935378
587135493
211942046
743645825
221833081
558897718
482986102
580550622
496766303
201222978
278498273
175609759
834933882
847845875
304128864
310427607
906274612
770339186
658701334
770692364
471749836
328225664
278873966
385337782
147205812
405098001
491442003
600707589
624941652
846120860
215977270
947309689
964600550
750627948
618891644
437775127
388301704
13110210
360588765
295304827
413313213
509485280
10997334
865578416
913258620
370846735
351209192
16504986
33486751
696285226
573926935
141601532
741113334
86842833
180586491
873781858
343824322
604011959
637977778
227166761
423122762
102709189
745332124
58638306
650013225
419567605
483120654
716695347
875420429
893224391
757006032
634385253
429502922
96279791
17982575
407906535
684377893
888198741
66029547
189282377
398333274
830543203
72611514
109606706
591697015
269489515
635602084
861473595
115045598
429114975
902520228
41466498
514982599
687593511
52243693
539237256
511460091
53561791
531165731
237581507
943921418
104359029
124278878
359219981
216431990
320378735
57374283
923434307
294725606
369064548
268057242
375679526
809125956
673959022
653140673
546888446
59708527
107371230
12586839
47719090
376120714
521942776
120021706
341790513
189483259
868871538
709855098
129543388
277737421
165086826
6165243
533016249
908785870
740114765
404463911
153308018
288717442
247528481
623987674
862404404
789484510
338861756
949527380
905765121
849792094
436333114
775316427
594820910
112611023
586651787
471287814
309154917
835822949
124095282
867284835
836919012
473591031
908007607
835908753
532690365
46657390
522593766
490070135
119913252
350278410
590951854
461353372
147716372
503240541
792394227
404473692
308394218
701195037
674849565
655334905
190667768
439827206
66776855
416480408
317361124
74851942
503705136
106381872
358007878
929590656
635981293
5008319
67732797
79236250
316300757
558505460
70894107
519041214
189146196
217015478
371185637
235852572
565238441
781690059
166825684
655438343
657053943
381268082
734135142
259390276
901697864
188471050
283512669
26803934
308091637
343039624
770997919
616207604
142931391
194503349
732759380
588716617
655632234
