3 1
3 2
3 3
3 4
3 5
3 6
3 7
6 2
6 3
6 4
6 5
6 6
6 7
9 1
9 2
9 3
9 4
9 5
9 6
9 7
12 2
12 3
12 4
12 5
12 6
12 7
15 5
18 5
24 5
48 4
33 7
60 7
63 7
81 6
81 5
54 1
24 2
63 1
9 3
129 1
81 4
831 1
243 4
126 1
93 7
978 6
33 4
186 6
375 2
669 7
735 5
222 4
276 4
648 6
879 5
393 3
708 4
420 1
399 4
564 6
948 5
807 1
126 7
114 7
141 2
351 4
627 4
177 3
894 1
501 6
267 7
702 2
468 2
834 6
48 6
753 1
546 2
591 5
813 2
239487123 6
1234897123497 7
876099484523732808 3
83547754251890703 3
163608548459423283 5
398736543780045231 5
25274573453585151 6
80640455354627766 7
284535306872199402 1
833635551176689863 5
229250840519562234 6
395709190430089791 7
219348123948712356 7
999999999999999999 5
999999999999999999 7
