5000 2000
1 1
1 3
1 6
1 9
1 13
1 18
1 23
1 29
1 36
1 43
1 51
1 60
1 69
1 79
1 90
1 101
1 113
1 126
1 139
1 153
1 168
1 183
1 199
1 216
1 233
1 251
1 270
1 289
1 309
1 330
1 351
1 373
1 396
1 419
1 443
1 468
1 493
1 519
1 546
1 573
1 601
1 630
1 659
1 689
1 720
1 751
1 783
1 816
1 849
1 883
1 918
1 953
1 989
1 1026
1 1063
1 1101
1 1140
1 1179
1 1219
1 1260
1 1301
1 1343
1 1386
1 1429
1 1473
1 1518
1 1563
1 1609
1 1656
1 1703
1 1751
1 1800
1 1849
1 1899
1 1950
1 2001
1 2053
1 2106
1 2159
1 2213
1 2268
1 2323
1 2379
1 2436
1 2493
1 2551
1 2610
1 2669
1 2729
1 2790
1 2851
1 2913
1 2976
1 3039
1 3103
1 3168
1 3233
1 3299
1 3366
1 3433
1 3501
1 3570
1 3639
1 3709
1 3780
1 3851
1 3923
1 3996
1 4069
1 4143
1 4218
1 4293
1 4369
1 4446
1 4523
1 4601
1 4680
1 4759
1 4839
1 4920
1 5001
1 5083
1 5166
1 5249
1 5333
1 5418
1 5503
1 5589
1 5676
1 5763
1 5851
1 5940
1 6029
1 6119
1 6210
1 6301
1 6393
1 6486
1 6579
1 6673
1 6768
1 6863
1 6959
1 7056
1 7153
1 7251
1 7350
1 7449
1 7549
1 7650
1 7751
1 7853
1 7956
1 8059
1 8163
1 8268
1 8373
1 8479
1 8586
1 8693
1 8801
1 8910
1 9019
1 9129
1 9240
1 9351
1 9463
1 9576
1 9689
1 9803
1 9918
1 10033
1 10149
1 10266
1 10383
1 10501
1 10620
1 10739
1 10859
1 10980
1 11101
1 11223
1 11346
1 11469
1 11593
1 11718
1 11843
1 11969
1 12096
1 12223
1 12351
1 12480
1 12609
1 12739
1 12870
1 13001
1 13133
1 13266
1 13399
1 13533
1 13668
1 13803
1 13939
1 14076
1 14213
1 14351
1 14490
1 14629
1 14769
1 14910
1 15051
1 15193
1 15336
1 15479
1 15623
1 15768
1 15913
1 16059
1 16206
1 16353
1 16501
1 16650
1 16799
1 16949
1 17100
1 17251
1 17403
1 17556
1 17709
1 17863
1 18018
1 18173
1 18329
1 18486
1 18643
1 18801
1 18960
1 19119
1 19279
1 19440
1 19601
1 19763
1 19926
1 20089
1 20253
1 20418
1 20583
1 20749
1 20916
1 21083
1 21251
1 21420
1 21589
1 21759
1 21930
1 22101
1 22273
1 22446
1 22619
1 22793
1 22968
1 23143
1 23319
1 23496
1 23673
1 23851
1 24030
1 24209
1 24389
1 24570
1 24751
1 24933
1 25116
1 25299
1 25483
1 25668
1 25853
1 26039
1 26226
1 26413
1 26601
1 26790
1 26979
1 27169
1 27360
1 27551
1 27743
1 27936
1 28129
1 28323
1 28518
1 28713
1 28909
1 29106
1 29303
1 29501
1 29700
1 29899
1 30099
1 30300
1 30501
1 30703
1 30906
1 31109
1 31313
1 31518
1 31723
1 31929
1 32136
1 32343
1 32551
1 32760
1 32969
1 33179
1 33390
1 33601
1 33813
1 34026
1 34239
1 34453
1 34668
1 34883
1 35099
1 35316
1 35533
1 35751
1 35970
1 36189
1 36409
1 36630
1 36851
1 37073
1 37296
1 37519
1 37743
1 37968
1 38193
1 38419
1 38646
1 38873
1 39101
1 39330
1 39559
1 39789
1 40020
1 40251
1 40483
1 40716
1 40949
1 41183
1 41418
1 41653
1 41889
1 42126
1 42363
1 42601
1 42840
1 43079
1 43319
1 43560
1 43801
1 44043
1 44286
1 44529
1 44773
1 45018
1 45263
1 45509
1 45756
1 46003
1 46251
1 46500
1 46749
1 46999
1 47250
1 47501
1 47753
1 48006
1 48259
1 48513
1 48768
1 49023
1 49279
1 49536
1 49793
1 50051
1 50310
1 50569
1 50829
1 51090
1 51351
1 51613
1 51876
1 52139
1 52403
1 52668
1 52933
1 53199
1 53466
1 53733
1 54001
1 54270
1 54539
1 54809
1 55080
1 55351
1 55623
1 55896
1 56169
1 56443
1 56718
1 56993
1 57269
1 57546
1 57823
1 58101
1 58380
1 58659
1 58939
1 59220
1 59501
1 59783
1 60066
1 60349
1 60633
1 60918
1 61203
1 61489
1 61776
1 62063
1 62351
1 62640
1 62929
1 63219
1 63510
1 63801
1 64093
1 64386
1 64679
1 64973
1 65268
1 65563
1 65859
1 66156
1 66453
1 66751
1 67050
1 67349
1 67649
1 67950
1 68251
1 68553
1 68856
1 69159
1 69463
1 69768
1 70073
1 70379
1 70686
1 70993
1 71301
1 71610
1 71919
1 72229
1 72540
1 72851
1 73163
1 73476
1 73789
1 74103
1 74418
1 74733
1 75049
1 75366
1 75683
1 76001
1 76320
1 76639
1 76959
1 77280
1 77601
1 77923
1 78246
1 78569
1 78893
1 79218
1 79543
1 79869
1 80196
1 80523
1 80851
1 81180
1 81509
1 81839
1 82170
1 82501
1 82833
1 83166
1 83499
1 83833
1 84168
1 84503
1 84839
1 85176
1 85513
1 85851
1 86190
1 86529
1 86869
1 87210
1 87551
1 87893
1 88236
1 88579
1 88923
1 89268
1 89613
1 89959
1 90306
1 90653
1 91001
1 91350
1 91699
1 92049
1 92400
1 92751
1 93103
1 93456
1 93809
1 94163
1 94518
1 94873
1 95229
1 95586
1 95943
1 96301
1 96660
1 97019
1 97379
1 97740
1 98101
1 98463
1 98826
1 99189
1 99553
1 99918
1 100283
1 100649
1 101016
1 101383
1 101751
1 102120
1 102489
1 102859
1 103230
1 103601
1 103973
1 104346
1 104719
1 105093
1 105468
1 105843
1 106219
1 106596
1 106973
1 107351
1 107730
1 108109
1 108489
1 108870
1 109251
1 109633
1 110016
1 110399
1 110783
1 111168
1 111553
1 111939
1 112326
1 112713
1 113101
1 113490
1 113879
1 114269
1 114660
1 115051
1 115443
1 115836
1 116229
1 116623
1 117018
1 117413
1 117809
1 118206
1 118603
1 119001
1 119400
1 119799
1 120199
1 120600
1 121001
1 121403
1 121806
1 122209
1 122613
1 123018
1 123423
1 123829
1 124236
1 124643
1 125051
1 125460
1 125869
1 126279
1 126690
1 127101
1 127513
1 127926
1 128339
1 128753
1 129168
1 129583
1 129999
1 130416
1 130833
1 131251
1 131670
1 132089
1 132509
1 132930
1 133351
1 133773
1 134196
1 134619
1 135043
1 135468
1 135893
1 136319
1 136746
1 137173
1 137601
1 138030
1 138459
1 138889
1 139320
1 139751
1 140183
1 140616
1 141049
1 141483
1 141918
1 142353
1 142789
1 143226
1 143663
1 144101
1 144540
1 144979
1 145419
1 145860
1 146301
1 146743
1 147186
1 147629
1 148073
1 148518
1 148963
1 149409
1 149856
1 150303
1 150751
1 151200
1 151649
1 152099
1 152550
1 153001
1 153453
1 153906
1 154359
1 154813
1 155268
1 155723
1 156179
1 156636
1 157093
1 157551
1 158010
1 158469
1 158929
1 159390
1 159851
1 160313
1 160776
1 161239
1 161703
1 162168
1 162633
1 163099
1 163566
1 164033
1 164501
1 164970
1 165439
1 165909
1 166380
1 166851
1 167323
1 167796
1 168269
1 168743
1 169218
1 169693
1 170169
1 170646
1 171123
1 171601
1 172080
1 172559
1 173039
1 173520
1 174001
1 174483
1 174966
1 175449
1 175933
1 176418
1 176903
1 177389
1 177876
1 178363
1 178851
1 179340
1 179829
1 180319
1 180810
1 181301
1 181793
1 182286
1 182779
1 183273
1 183768
1 184263
1 184759
1 185256
1 185753
1 186251
1 186750
1 187249
1 187749
1 188250
1 188751
1 189253
1 189756
1 190259
1 190763
1 191268
1 191773
1 192279
1 192786
1 193293
1 193801
1 194310
1 194819
1 195329
1 195840
1 196351
1 196863
1 197376
1 197889
1 198403
1 198918
1 199433
1 199949
1 200466
1 200983
1 201501
1 202020
1 202539
1 203059
1 203580
1 204101
1 204623
1 205146
1 205669
1 206193
1 206718
1 207243
1 207769
1 208296
1 208823
1 209351
1 209880
1 210409
1 210939
1 211470
1 212001
1 212533
1 213066
1 213599
1 214133
1 214668
1 215203
1 215739
1 216276
1 216813
1 217351
1 217890
1 218429
1 218969
1 219510
1 220051
1 220593
1 221136
1 221679
1 222223
1 222768
1 223313
1 223859
1 224406
1 224953
1 225501
1 226050
1 226599
1 227149
1 227700
1 228251
1 228803
1 229356
1 229909
1 230463
1 231018
1 231573
1 232129
1 232686
1 233243
1 233801
1 234360
1 234919
1 235479
1 236040
1 236601
1 237163
1 237726
1 238289
1 238853
1 239418
1 239983
1 240549
1 241116
1 241683
1 242251
1 242820
1 243389
1 243959
1 244530
1 245101
1 245673
1 246246
1 246819
1 247393
1 247968
1 248543
1 249119
1 249696
1 250273
1 250851
1 251430
1 252009
1 252589
1 253170
1 253751
1 254333
1 254916
1 255499
1 256083
1 256668
1 257253
1 257839
1 258426
1 259013
1 259601
1 260190
1 260779
1 261369
1 261960
1 262551
1 263143
1 263736
1 264329
1 264923
1 265518
1 266113
1 266709
1 267306
1 267903
1 268501
1 269100
1 269699
1 270299
1 270900
1 271501
1 272103
1 272706
1 273309
1 273913
1 274518
1 275123
1 275729
1 276336
1 276943
1 277551
1 278160
1 278769
1 279379
1 279990
1 280601
1 281213
1 281826
1 282439
1 283053
1 283668
1 284283
1 284899
1 285516
1 286133
1 286751
1 287370
1 287989
1 288609
1 289230
1 289851
1 290473
1 291096
1 291719
1 292343
1 292968
1 293593
1 294219
1 294846
1 295473
1 296101
1 296730
1 297359
1 297989
1 298620
1 299251
1 299883
1 300516
1 301149
1 301783
1 302418
1 303053
1 303689
1 304326
1 304963
1 305601
1 306240
1 306879
1 307519
1 308160
1 308801
1 309443
1 310086
1 310729
1 311373
1 312018
1 312663
1 313309
1 313956
1 314603
1 315251
1 315900
1 316549
1 317199
1 317850
1 318501
1 319153
1 319806
1 320459
1 321113
1 321768
1 322423
1 323079
1 323736
1 324393
1 325051
1 325710
1 326369
1 327029
1 327690
1 328351
1 329013
1 329676
1 330339
1 331003
1 331668
1 332333
1 332999
1 333666
1 334333
1 335001
1 335670
1 336339
1 337009
1 337680
1 338351
1 339023
1 339696
1 340369
1 341043
1 341718
1 342393
1 343069
1 343746
1 344423
1 345101
1 345780
1 346459
1 347139
1 347820
1 348501
1 349183
1 349866
1 350549
1 351233
1 351918
1 352603
1 353289
1 353976
1 354663
1 355351
1 356040
1 356729
1 357419
1 358110
1 358801
1 359493
1 360186
1 360879
1 361573
1 362268
1 362963
1 363659
1 364356
1 365053
1 365751
1 366450
1 367149
1 367849
1 368550
1 369251
1 369953
1 370656
1 371359
1 372063
1 372768
1 373473
1 374179
1 374886
1 375593
1 376301
1 377010
1 377719
1 378429
1 379140
1 379851
1 380563
1 381276
1 381989
1 382703
1 383418
1 384133
1 384849
1 385566
1 386283
1 387001
1 387720
1 388439
1 389159
1 389880
1 390601
1 391323
1 392046
1 392769
1 393493
1 394218
1 394943
1 395669
1 396396
1 397123
1 397851
1 398580
1 399309
1 400039
1 400770
1 401501
1 402233
1 402966
1 403699
1 404433
1 405168
1 405903
1 406639
1 407376
1 408113
1 408851
1 409590
1 410329
1 411069
1 411810
1 412551
1 413293
1 414036
1 414779
1 415523
1 416268
1 417013
1 417759
1 418506
1 419253
1 420001
1 420750
1 421499
1 422249
1 423000
1 423751
1 424503
1 425256
1 426009
1 426763
1 427518
1 428273
1 429029
1 429786
1 430543
1 431301
1 432060
1 432819
1 433579
1 434340
1 435101
1 435863
1 436626
1 437389
1 438153
1 438918
1 439683
1 440449
1 441216
1 441983
1 442751
1 443520
1 444289
1 445059
1 445830
1 446601
1 447373
1 448146
1 448919
1 449693
1 450468
1 451243
1 452019
1 452796
1 453573
1 454351
1 455130
1 455909
1 456689
1 457470
1 458251
1 459033
1 459816
1 460599
1 461383
1 462168
1 462953
1 463739
1 464526
1 465313
1 466101
1 466890
1 467679
1 468469
1 469260
1 470051
1 470843
1 471636
1 472429
1 473223
1 474018
1 474813
1 475609
1 476406
1 477203
1 478001
1 478800
1 479599
1 480399
1 481200
1 482001
1 482803
1 483606
1 484409
1 485213
1 486018
1 486823
1 487629
1 488436
1 489243
1 490051
1 490860
1 491669
1 492479
1 493290
1 494101
1 494913
1 495726
1 496539
1 497353
1 498168
1 498983
1 499799
1 500616
1 501433
1 502251
1 503070
1 503889
1 504709
1 505530
1 506351
1 507173
1 507996
1 508819
1 509643
1 510468
1 511293
1 512119
1 512946
1 513773
1 514601
1 515430
1 516259
1 517089
1 517920
1 518751
1 519583
1 520416
1 521249
1 522083
1 522918
1 523753
1 524589
1 525426
1 526263
1 527101
1 527940
1 528779
1 529619
1 530460
1 531301
1 532143
1 532986
1 533829
1 534673
1 535518
1 536363
1 537209
1 538056
1 538903
1 539751
1 540600
1 541449
1 542299
1 543150
1 544001
1 544853
1 545706
1 546559
1 547413
1 548268
1 549123
1 549979
1 550836
1 551693
1 552551
1 553410
1 554269
1 555129
1 555990
1 556851
1 557713
1 558576
1 559439
1 560303
1 561168
1 562033
1 562899
1 563766
1 564633
1 565501
1 566370
1 567239
1 568109
1 568980
1 569851
1 570723
1 571596
1 572469
1 573343
1 574218
1 575093
1 575969
1 576846
1 577723
1 578601
1 579480
1 580359
1 581239
1 582120
1 583001
1 583883
1 584766
1 585649
1 586533
1 587418
1 588303
1 589189
1 590076
1 590963
1 591851
1 592740
1 593629
1 594519
1 595410
1 596301
1 597193
1 598086
1 598979
1 599873
1 600768
1 601663
1 602559
1 603456
1 604353
1 605251
1 606150
1 607049
1 607949
1 608850
1 609751
1 610653
1 611556
1 612459
1 613363
1 614268
1 615173
1 616079
1 616986
1 617893
1 618801
1 619710
1 620619
1 621529
1 622440
1 623351
1 624263
1 625176
1 626089
1 627003
1 627918
1 628833
1 629749
1 630666
1 631583
1 632501
1 633420
1 634339
1 635259
1 636180
1 637101
1 638023
1 638946
1 639869
1 640793
1 641718
1 642643
1 643569
1 644496
1 645423
1 646351
1 647280
1 648209
1 649139
1 650070
1 651001
1 651933
1 652866
1 653799
1 654733
1 655668
1 656603
1 657539
1 658476
1 659413
1 660351
1 661290
1 662229
1 663169
1 664110
1 665051
1 665993
1 666936
1 667879
1 668823
1 669768
1 670713
1 671659
1 672606
1 673553
1 674501
1 675450
1 676399
1 677349
1 678300
1 679251
1 680203
1 681156
1 682109
1 683063
1 684018
1 684973
1 685929
1 686886
1 687843
1 688801
1 689760
1 690719
1 691679
1 692640
1 693601
1 694563
1 695526
1 696489
1 697453
1 698418
1 699383
1 700349
1 701316
1 702283
1 703251
1 704220
1 705189
1 706159
1 707130
1 708101
1 709073
1 710046
1 711019
1 711993
1 712968
1 713943
1 714919
1 715896
1 716873
1 717851
1 718830
1 719809
1 720789
1 721770
1 722751
1 723733
1 724716
1 725699
1 726683
1 727668
1 728653
1 729639
1 730626
1 731613
1 732601
1 733590
1 734579
1 735569
1 736560
1 737551
1 738543
1 739536
1 740529
1 741523
1 742518
1 743513
1 744509
1 745506
1 746503
1 747501
1 748500
1 749499
1 750499
1 751500
1 752501
1 753503
1 754506
1 755509
1 756513
1 757518
1 758523
1 759529
1 760536
1 761543
1 762551
1 763560
1 764569
1 765579
1 766590
1 767601
1 768613
1 769626
1 770639
1 771653
1 772668
1 773683
1 774699
1 775716
1 776733
1 777751
1 778770
1 779789
1 780809
1 781830
1 782851
1 783873
1 784896
1 785919
1 786943
1 787968
1 788993
1 790019
1 791046
1 792073
1 793101
1 794130
1 795159
1 796189
1 797220
1 798251
1 799283
1 800316
1 801349
1 802383
1 803418
1 804453
1 805489
1 806526
1 807563
1 808601
1 809640
1 810679
1 811719
1 812760
1 813801
1 814843
1 815886
1 816929
1 817973
1 819018
1 820063
1 821109
1 822156
1 823203
1 824251
1 825300
1 826349
1 827399
1 828450
1 829501
1 830553
1 831606
1 832659
1 833713
1 834768
1 835823
1 836879
1 837936
1 838993
1 840051
1 841110
1 842169
1 843229
1 844290
1 845351
1 846413
1 847476
1 848539
1 849603
1 850668
1 851733
1 852799
1 853866
1 854933
1 856001
1 857070
1 858139
1 859209
1 860280
1 861351
1 862423
1 863496
1 864569
1 865643
1 866718
1 867793
1 868869
1 869946
1 871023
1 872101
1 873180
1 874259
1 875339
1 876420
1 877501
1 878583
1 879666
1 880749
1 881833
1 882918
1 884003
1 885089
1 886176
1 887263
1 888351
1 889440
1 890529
1 891619
1 892710
1 893801
1 894893
1 895986
1 897079
1 898173
1 899268
1 900363
1 901459
1 902556
1 903653
1 904751
1 905850
1 906949
1 908049
1 909150
1 910251
1 911353
1 912456
1 913559
1 914663
1 915768
1 916873
1 917979
1 919086
1 920193
1 921301
1 922410
1 923519
1 924629
1 925740
1 926851
1 927963
1 929076
1 930189
1 931303
1 932418
1 933533
1 934649
1 935766
1 936883
1 938001
1 939120
1 940239
1 941359
1 942480
1 943601
1 944723
1 945846
1 946969
1 948093
1 949218
1 950343
1 951469
1 952596
1 953723
1 954851
1 955980
1 957109
1 958239
1 959370
1 960501
1 961633
1 962766
1 963899
1 965033
1 966168
1 967303
1 968439
1 969576
1 970713
1 971851
1 972990
1 974129
1 975269
1 976410
1 977551
1 978693
1 979836
1 980979
1 982123
1 983268
1 984413
1 985559
1 986706
1 987853
1 989001
1 990150
1 991299
1 992449
1 993600
1 994751
1 995903
1 997056
1 998209
1 999363
1 1000518
1 1001673
1 1002829
1 1003986
1 1005143
1 1006301
1 1007460
1 1008619
1 1009779
1 1010940
1 1012101
1 1013263
1 1014426
1 1015589
1 1016753
1 1017918
1 1019083
1 1020249
1 1021416
1 1022583
1 1023751
1 1024920
1 1026089
1 1027259
1 1028430
1 1029601
1 1030773
1 1031946
1 1033119
1 1034293
1 1035468
1 1036643
1 1037819
1 1038996
1 1040173
1 1041351
1 1042530
1 1043709
1 1044889
1 1046070
1 1047251
1 1048433
1 1049616
1 1050799
1 1051983
1 1053168
1 1054353
1 1055539
1 1056726
1 1057913
1 1059101
1 1060290
1 1061479
1 1062669
1 1063860
1 1065051
1 1066243
1 1067436
1 1068629
1 1069823
1 1071018
1 1072213
1 1073409
1 1074606
1 1075803
1 1077001
1 1078200
1 1079399
1 1080599
1 1081800
1 1083001
1 1084203
1 1085406
1 1086609
1 1087813
1 1089018
1 1090223
1 1091429
1 1092636
1 1093843
1 1095051
1 1096260
1 1097469
1 1098679
1 1099890
1 1101101
1 1102313
1 1103526
1 1104739
1 1105953
1 1107168
1 1108383
1 1109599
1 1110816
1 1112033
1 1113251
1 1114470
1 1115689
1 1116909
1 1118130
1 1119351
1 1120573
1 1121796
1 1123019
1 1124243
1 1125468
1 1126693
1 1127919
1 1129146
1 1130373
1 1131601
1 1132830
1 1134059
1 1135289
1 1136520
1 1137751
1 1138983
1 1140216
1 1141449
1 1142683
1 1143918
1 1145153
1 1146389
1 1147626
1 1148863
1 1150101
1 1151340
1 1152579
1 1153819
1 1155060
1 1156301
1 1157543
1 1158786
1 1160029
1 1161273
1 1162518
1 1163763
1 1165009
1 1166256
1 1167503
1 1168751
1 1170000
1 1171249
1 1172499
1 1173750
1 1175001
1 1176253
1 1177506
1 1178759
1 1180013
1 1181268
1 1182523
1 1183779
1 1185036
1 1186293
1 1187551
1 1188810
1 1190069
1 1191329
1 1192590
1 1193851
1 1195113
1 1196376
1 1197639
1 1198903
1 1200168
1 1201433
1 1202699
1 1203966
1 1205233
1 1206501
1 1207770
1 1209039
1 1210309
1 1211580
1 1212851
1 1214123
1 1215396
1 1216669
1 1217943
1 1219218
1 1220493
1 1221769
1 1223046
1 1224323
1 1225601
1 1226880
1 1228159
1 1229439
1 1230720
1 1232001
1 1233283
1 1234566
1 1235849
1 1237133
1 1238418
1 1239703
1 1240989
1 1242276
1 1243563
1 1244851
1 1246140
1 1247429
1 1248719
1 1250010
1 1251301
1 1252593
1 1253886
1 1255179
1 1256473
1 1257768
1 1259063
1 1260359
1 1261656
1 1262953
1 1264251
1 1265550
1 1266849
1 1268149
1 1269450
1 1270751
1 1272053
1 1273356
1 1274659
1 1275963
1 1277268
1 1278573
1 1279879
1 1281186
1 1282493
1 1283801
1 1285110
1 1286419
1 1287729
1 1289040
1 1290351
1 1291663
1 1292976
1 1294289
1 1295603
1 1296918
1 1298233
1 1299549
1 1300866
1 1302183
1 1303501
1 1304820
1 1306139
1 1307459
1 1308780
1 1310101
1 1311423
1 1312746
1 1314069
1 1315393
1 1316718
1 1318043
1 1319369
1 1320696
1 1322023
1 1323351
1 1324680
1 1326009
1 1327339
1 1328670
1 1330001
1 1331333
1 1332666
1 1333999
1 1335333
1 1336668
1 1338003
1 1339339
1 1340676
1 1342013
1 1343351
1 1344690
1 1346029
1 1347369
1 1348710
1 1350051
1 1351393
1 1352736
1 1354079
1 1355423
1 1356768
1 1358113
1 1359459
1 1360806
1 1362153
1 1363501
1 1364850
1 1366199
1 1367549
1 1368900
1 1370251
1 1371603
1 1372956
1 1374309
1 1375663
1 1377018
1 1378373
1 1379729
1 1381086
1 1382443
1 1383801
1 1385160
1 1386519
1 1387879
1 1389240
1 1390601
1 1391963
1 1393326
1 1394689
1 1396053
1 1397418
1 1398783
1 1400149
1 1401516
1 1402883
1 1404251
1 1405620
1 1406989
1 1408359
1 1409730
1 1411101
1 1412473
1 1413846
1 1415219
1 1416593
1 1417968
1 1419343
1 1420719
1 1422096
1 1423473
1 1424851
1 1426230
1 1427609
1 1428989
1 1430370
1 1431751
1 1433133
1 1434516
1 1435899
1 1437283
1 1438668
1 1440053
1 1441439
1 1442826
1 1444213
1 1445601
1 1446990
1 1448379
1 1449769
1 1451160
1 1452551
1 1453943
1 1455336
1 1456729
1 1458123
1 1459518
1 1460913
1 1462309
1 1463706
1 1465103
1 1466501
1 1467900
1 1469299
1 1470699
1 1472100
1 1473501
1 1474903
1 1476306
1 1477709
1 1479113
1 1480518
1 1481923
1 1483329
1 1484736
1 1486143
1 1487551
1 1488960
1 1490369
1 1491779
1 1493190
1 1494601
1 1496013
1 1497426
1 1498839
1 1500253
1 1501668
1 1503083
1 1504499
1 1505916
1 1507333
1 1508751
1 1510170
1 1511589
1 1513009
1 1514430
1 1515851
1 1517273
1 1518696
1 1520119
1 1521543
1 1522968
1 1524393
1 1525819
1 1527246
1 1528673
1 1530101
1 1531530
1 1532959
1 1534389
1 1535820
1 1537251
1 1538683
1 1540116
1 1541549
1 1542983
1 1544418
1 1545853
1 1547289
1 1548726
1 1550163
1 1551601
1 1553040
1 1554479
1 1555919
1 1557360
1 1558801
1 1560243
1 1561686
1 1563129
1 1564573
1 1566018
1 1567463
1 1568909
1 1570356
1 1571803
1 1573251
1 1574700
1 1576149
1 1577599
1 1579050
1 1580501
1 1581953
1 1583406
1 1584859
1 1586313
1 1587768
1 1589223
1 1590679
1 1592136
1 1593593
1 1595051
1 1596510
1 1597969
1 1599429
1 1600890
1 1602351
1 1603813
1 1605276
1 1606739
1 1608203
1 1609668
1 1611133
1 1612599
1 1614066
1 1615533
1 1617001
1 1618470
1 1619939
1 1621409
1 1622880
1 1624351
1 1625823
1 1627296
1 1628769
1 1630243
1 1631718
1 1633193
1 1634669
1 1636146
1 1637623
1 1639101
1 1640580
1 1642059
1 1643539
1 1645020
1 1646501
1 1647983
1 1649466
1 1650949
1 1652433
1 1653918
1 1655403
1 1656889
1 1658376
1 1659863
1 1661351
1 1662840
1 1664329
1 1665819
1 1667310
1 1668801
1 1670293
1 1671786
1 1673279
1 1674773
1 1676268
1 1677763
1 1679259
1 1680756
1 1682253
1 1683751
1 1685250
1 1686749
1 1688249
1 1689750
1 1691251
1 1692753
1 1694256
1 1695759
1 1697263
1 1698768
1 1700273
1 1701779
1 1703286
1 1704793
1 1706301
1 1707810
1 1709319
1 1710829
1 1712340
1 1713851
1 1715363
1 1716876
1 1718389
1 1719903
1 1721418
1 1722933
1 1724449
1 1725966
1 1727483
1 1729001
1 1730520
1 1732039
1 1733559
1 1735080
1 1736601
1 1738123
1 1739646
1 1741169
1 1742693
1 1744218
1 1745743
1 1747269
1 1748796
1 1750323
1 1751851
1 1753380
1 1754909
1 1756439
1 1757970
1 1759501
1 1761033
1 1762566
1 1764099
1 1765633
1 1767168
1 1768703
1 1770239
1 1771776
1 1773313
1 1774851
1 1776390
1 1777929
1 1779469
1 1781010
1 1782551
1 1784093
1 1785636
1 1787179
1 1788723
1 1790268
1 1791813
1 1793359
1 1794906
1 1796453
1 1798001
1 1799550
1 1801099
1 1802649
1 1804200
1 1805751
1 1807303
1 1808856
1 1810409
1 1811963
1 1813518
1 1815073
1 1816629
1 1818186
1 1819743
1 1821301
1 1822860
1 1824419
1 1825979
1 1827540
1 1829101
1 1830663
1 1832226
1 1833789
1 1835353
1 1836918
1 1838483
1 1840049
1 1841616
1 1843183
1 1844751
1 1846320
1 1847889
1 1849459
1 1851030
1 1852601
1 1854173
1 1855746
1 1857319
1 1858893
1 1860468
1 1862043
1 1863619
1 1865196
1 1866773
1 1868351
1 1869930
1 1871509
1 1873089
1 1874670
1 1876251
1 1877833
1 1879416
1 1880999
1 1882583
1 1884168
1 1885753
1 1887339
1 1888926
1 1890513
1 1892101
1 1893690
1 1895279
1 1896869
1 1898460
1 1900051
1 1901643
1 1903236
1 1904829
1 1906423
1 1908018
1 1909613
1 1911209
1 1912806
1 1914403
1 1916001
1 1917600
1 1919199
1 1920799
1 1922400
1 1924001
1 1925603
1 1927206
1 1928809
1 1930413
1 1932018
1 1933623
1 1935229
1 1936836
1 1938443
1 1940051
1 1941660
1 1943269
1 1944879
1 1946490
1 1948101
1 1949713
1 1951326
1 1952939
1 1954553
1 1956168
1 1957783
1 1959399
1 1961016
1 1962633
1 1964251
1 1965870
1 1967489
1 1969109
1 1970730
1 1972351
1 1973973
1 1975596
1 1977219
1 1978843
1 1980468
1 1982093
1 1983719
1 1985346
1 1986973
1 1988601
1 1990230
1 1991859
1 1993489
1 1995120
1 1996751
1 1998383
1 2000016
1 2001649
1 2003283
1 2004918
1 2006553
1 2008189
1 2009826
1 2011463
1 2013101
1 2014740
1 2016379
1 2018019
1 2019660
1 2021301
1 2022943
1 2024586
1 2026229
1 2027873
1 2029518
1 2031163
1 2032809
1 2034456
1 2036103
1 2037751
1 2039400
1 2041049
1 2042699
1 2044350
1 2046001
1 2047653
1 2049306
1 2050959
1 2052613
1 2054268
1 2055923
1 2057579
1 2059236
1 2060893
1 2062551
1 2064210
1 2065869
1 2067529
1 2069190
1 2070851
1 2072513
1 2074176
1 2075839
1 2077503
1 2079168
1 2080833
1 2082499
1 2084166
1 2085833
1 2087501
1 2089170
1 2090839
1 2092509
1 2094180
1 2095851
1 2097523
1 2099196
1 2100869
1 2102543
1 2104218
1 2105893
1 2107569
1 2109246
1 2110923
1 2112601
1 2114280
1 2115959
1 2117639
1 2119320
1 2121001
1 2122683
1 2124366
1 2126049
1 2127733
1 2129418
1 2131103
1 2132789
1 2134476
1 2136163
1 2137851
1 2139540
1 2141229
1 2142919
1 2144610
1 2146301
1 2147993
1 2149686
1 2151379
1 2153073
1 2154768
1 2156463
1 2158159
1 2159856
1 2161553
1 2163251
1 2164950
1 2166649
1 2168349
1 2170050
1 2171751
1 2173453
1 2175156
1 2176859
1 2178563
1 2180268
1 2181973
1 2183679
1 2185386
1 2187093
1 2188801
1 2190510
1 2192219
1 2193929
1 2195640
1 2197351
1 2199063
1 2200776
1 2202489
1 2204203
1 2205918
1 2207633
1 2209349
1 2211066
1 2212783
1 2214501
1 2216220
1 2217939
1 2219659
1 2221380
1 2223101
1 2224823
1 2226546
1 2228269
1 2229993
1 2231718
1 2233443
1 2235169
1 2236896
1 2238623
1 2240351
1 2242080
1 2243809
1 2245539
1 2247270
1 2249001
1 2250733
1 2252466
1 2254199
1 2255933
1 2257668
1 2259403
1 2261139
1 2262876
1 2264613
1 2266351
1 2268090
1 2269829
1 2271569
1 2273310
1 2275051
1 2276793
1 2278536
1 2280279
1 2282023
1 2283768
1 2285513
1 2287259
1 2289006
1 2290753
1 2292501
1 2294250
1 2295999
1 2297749
1 2299500
1 2301251
1 2303003
1 2304756
1 2306509
1 2308263
1 2310018
1 2311773
1 2313529
1 2315286
1 2317043
1 2318801
1 2320560
1 2322319
1 2324079
1 2325840
1 2327601
1 2329363
1 2331126
1 2332889
1 2334653
1 2336418
1 2338183
1 2339949
1 2341716
1 2343483
1 2345251
1 2347020
1 2348789
1 2350559
1 2352330
1 2354101
1 2355873
1 2357646
1 2359419
1 2361193
1 2362968
1 2364743
1 2366519
1 2368296
1 2370073
1 2371851
1 2373630
1 2375409
1 2377189
1 2378970
1 2380751
1 2382533
1 2384316
1 2386099
1 2387883
1 2389668
1 2391453
1 2393239
1 2395026
1 2396813
1 2398601
1 2400390
1 2402179
1 2403969
1 2405760
1 2407551
1 2409343
1 2411136
1 2412929
1 2414723
1 2416518
1 2418313
1 2420109
1 2421906
1 2423703
1 2425501
1 2427300
1 2429099
1 2430899
1 2432700
1 2434501
1 2436303
1 2438106
1 2439909
1 2441713
1 2443518
1 2445323
1 2447129
1 2448936
1 2450743
1 2452551
1 2454360
1 2456169
1 2457979
1 2459790
1 2461601
1 2463413
1 2465226
1 2467039
1 2468853
1 2470668
1 2472483
1 2474299
1 2476116
1 2477933
1 2479751
1 2481570
1 2483389
1 2485209
1 2487030
1 2488851
1 2490673
1 2492496
1 2494319
1 2496143
1 2497968
1 2499793
1 2501619
1 2503446
1 2505273
1 2507101
1 2508930
1 2510759
1 2512589
1 2514420
1 2516251
1 2518083
1 2519916
1 2521749
1 2523583
1 2525418
1 2527253
1 2529089
1 2530926
1 2532763
1 2534601
1 2536440
1 2538279
1 2540119
1 2541960
1 2543801
1 2545643
1 2547486
1 2549329
1 2551173
1 2553018
1 2554863
1 2556709
1 2558556
1 2560403
1 2562251
1 2564100
1 2565949
1 2567799
1 2569650
1 2571501
1 2573353
1 2575206
1 2577059
1 2578913
1 2580768
1 2582623
1 2584479
1 2586336
1 2588193
1 2590051
1 2591910
1 2593769
1 2595629
1 2597490
1 2599351
1 2601213
1 2603076
1 2604939
1 2606803
1 2608668
1 2610533
1 2612399
1 2614266
1 2616133
1 2618001
1 2619870
1 2621739
1 2623609
1 2625480
1 2627351
1 2629223
1 2631096
1 2632969
1 2634843
1 2636718
1 2638593
1 2640469
1 2642346
1 2644223
1 2646101
1 2647980
1 2649859
1 2651739
1 2653620
1 2655501
1 2657383
1 2659266
1 2661149
1 2663033
1 2664918
1 2666803
1 2668689
1 2670576
1 2672463
1 2674351
1 2676240
1 2678129
1 2680019
1 2681910
1 2683801
1 2685693
1 2687586
1 2689479
1 2691373
1 2693268
1 2695163
1 2697059
1 2698956
1 2700853
1 2702751
1 2704650
1 2706549
1 2708449
1 2710350
1 2712251
1 2714153
1 2716056
1 2717959
1 2719863
1 2721768
1 2723673
1 2725579
1 2727486
1 2729393
1 2731301
1 2733210
1 2735119
1 2737029
1 2738940
1 2740851
1 2742763
1 2744676
1 2746589
1 2748503
1 2750418
1 2752333
1 2754249
1 2756166
1 2758083
1 2760001
1 2761920
1 2763839
1 2765759
1 2767680
1 2769601
1 2771523
1 2773446
1 2775369
1 2777293
1 2779218
1 2781143
1 2783069
1 2784996
1 2786923
1 2788851
1 2790780
1 2792709
1 2794639
1 2796570
1 2798501
1 2800433
1 2802366
1 2804299
1 2806233
1 2808168
1 2810103
1 2812039
1 2813976
1 2815913
1 2817851
1 2819790
1 2821729
1 2823669
1 2825610
1 2827551
1 2829493
1 2831436
1 2833379
1 2835323
1 2837268
1 2839213
1 2841159
1 2843106
1 2845053
1 2847001
1 2848950
1 2850899
1 2852849
1 2854800
1 2856751
1 2858703
1 2860656
1 2862609
1 2864563
1 2866518
1 2868473
1 2870429
1 2872386
1 2874343
1 2876301
1 2878260
1 2880219
1 2882179
1 2884140
1 2886101
1 2888063
1 2890026
1 2891989
1 2893953
1 2895918
1 2897883
1 2899849
1 2901816
1 2903783
1 2905751
1 2907720
1 2909689
1 2911659
1 2913630
1 2915601
1 2917573
1 2919546
1 2921519
1 2923493
1 2925468
1 2927443
1 2929419
1 2931396
1 2933373
1 2935351
1 2937330
1 2939309
1 2941289
1 2943270
1 2945251
1 2947233
1 2949216
1 2951199
1 2953183
1 2955168
1 2957153
1 2959139
1 2961126
1 2963113
1 2965101
1 2967090
1 2969079
1 2971069
1 2973060
1 2975051
1 2977043
1 2979036
1 2981029
1 2983023
1 2985018
1 2987013
1 2989009
1 2991006
1 2993003
1 2995001
1 2997000
1 2998999
1 3000999
1 3003000
1 3005001
1 3007003
1 3009006
1 3011009
1 3013013
1 3015018
1 3017023
1 3019029
1 3021036
1 3023043
1 3025051
1 3027060
1 3029069
1 3031079
1 3033090
1 3035101
1 3037113
1 3039126
1 3041139
1 3043153
1 3045168
1 3047183
1 3049199
1 3051216
1 3053233
1 3055251
1 3057270
1 3059289
1 3061309
1 3063330
1 3065351
1 3067373
1 3069396
1 3071419
1 3073443
1 3075468
1 3077493
1 3079519
1 3081546
1 3083573
1 3085601
1 3087630
1 3089659
1 3091689
1 3093720
1 3095751
1 3097783
1 3099816
1 3101849
1 3103883
1 3105918
1 3107953
1 3109989
1 3112026
1 3114063
1 3116101
1 3118140
1 3120179
1 3122219
1 3124260
1 3126301
1 3128343
1 3130386
1 3132429
1 3134473
1 3136518
1 3138563
1 3140609
1 3142656
1 3144703
1 3146751
1 3148800
1 3150849
1 3152899
1 3154950
1 3157001
1 3159053
1 3161106
1 3163159
1 3165213
1 3167268
1 3169323
1 3171379
1 3173436
1 3175493
1 3177551
1 3179610
1 3181669
1 3183729
1 3185790
1 3187851
1 3189913
1 3191976
1 3194039
1 3196103
1 3198168
1 3200233
1 3202299
1 3204366
1 3206433
1 3208501
1 3210570
1 3212639
1 3214709
1 3216780
1 3218851
1 3220923
1 3222996
1 3225069
1 3227143
1 3229218
1 3231293
1 3233369
1 3235446
1 3237523
1 3239601
1 3241680
1 3243759
1 3245839
1 3247920
1 3250001
1 3252083
1 3254166
1 3256249
1 3258333
1 3260418
1 3262503
1 3264589
1 3266676
1 3268763
1 3270851
1 3272940
1 3275029
1 3277119
1 3279210
1 3281301
1 3283393
1 3285486
1 3287579
1 3289673
1 3291768
1 3293863
1 3295959
1 3298056
1 3300153
1 3302251
1 3304350
1 3306449
1 3308549
1 3310650
1 3312751
1 3314853
1 3316956
1 3319059
1 3321163
1 3323268
1 3325373
1 3327479
1 3329586
1 3331693
1 3333801
1 3335910
1 3338019
1 3340129
1 3342240
1 3344351
1 3346463
1 3348576
1 3350689
1 3352803
1 3354918
1 3357033
1 3359149
1 3361266
1 3363383
1 3365501
1 3367620
1 3369739
1 3371859
1 3373980
1 3376101
1 3378223
1 3380346
1 3382469
1 3384593
1 3386718
1 3388843
1 3390969
1 3393096
1 3395223
1 3397351
1 3399480
1 3401609
1 3403739
1 3405870
1 3408001
1 3410133
1 3412266
1 3414399
1 3416533
1 3418668
1 3420803
1 3422939
1 3425076
1 3427213
1 3429351
1 3431490
1 3433629
1 3435769
1 3437910
1 3440051
1 3442193
1 3444336
1 3446479
1 3448623
1 3450768
1 3452913
1 3455059
1 3457206
1 3459353
1 3461501
1 3463650
1 3465799
1 3467949
1 3470100
1 3472251
1 3474403
1 3476556
1 3478709
1 3480863
1 3483018
1 3485173
1 3487329
1 3489486
1 3491643
1 3493801
1 3495960
1 3498119
1 3500279
1 3502440
1 3504601
1 3506763
1 3508926
1 3511089
1 3513253
1 3515418
1 3517583
1 3519749
1 3521916
1 3524083
1 3526251
1 3528420
1 3530589
1 3532759
1 3534930
1 3537101
1 3539273
1 3541446
1 3543619
1 3545793
1 3547968
1 3550143
1 3552319
1 3554496
1 3556673
1 3558851
1 3561030
1 3563209
1 3565389
1 3567570
1 3569751
1 3571933
1 3574116
1 3576299
1 3578483
1 3580668
1 3582853
1 3585039
1 3587226
1 3589413
1 3591601
1 3593790
1 3595979
1 3598169
1 3600360
1 3602551
1 3604743
1 3606936
1 3609129
1 3611323
1 3613518
1 3615713
1 3617909
1 3620106
1 3622303
1 3624501
1 3626700
1 3628899
1 3631099
1 3633300
1 3635501
1 3637703
1 3639906
1 3642109
1 3644313
1 3646518
1 3648723
1 3650929
1 3653136
1 3655343
1 3657551
1 3659760
1 3661969
1 3664179
1 3666390
1 3668601
1 3670813
1 3673026
1 3675239
1 3677453
1 3679668
1 3681883
1 3684099
1 3686316
1 3688533
1 3690751
1 3692970
1 3695189
1 3697409
1 3699630
1 3701851
1 3704073
1 3706296
1 3708519
1 3710743
1 3712968
1 3715193
1 3717419
1 3719646
1 3721873
1 3724101
1 3726330
1 3728559
1 3730789
1 3733020
1 3735251
1 3737483
1 3739716
1 3741949
1 3744183
1 3746418
1 3748653
1 3750889
1 3753126
1 3755363
1 3757601
1 3759840
1 3762079
1 3764319
1 3766560
1 3768801
1 3771043
1 3773286
1 3775529
1 3777773
1 3780018
1 3782263
1 3784509
1 3786756
1 3789003
1 3791251
1 3793500
1 3795749
1 3797999
1 3800250
1 3802501
1 3804753
1 3807006
1 3809259
1 3811513
1 3813768
1 3816023
1 3818279
1 3820536
1 3822793
1 3825051
1 3827310
1 3829569
1 3831829
1 3834090
1 3836351
1 3838613
1 3840876
1 3843139
1 3845403
1 3847668
1 3849933
1 3852199
1 3854466
1 3856733
1 3859001
1 3861270
1 3863539
1 3865809
1 3868080
1 3870351
1 3872623
1 3874896
1 3877169
1 3879443
1 3881718
1 3883993
1 3886269
1 3888546
1 3890823
1 3893101
1 3895380
1 3897659
1 3899939
1 3902220
1 3904501
1 3906783
1 3909066
1 3911349
1 3913633
1 3915918
1 3918203
1 3920489
1 3922776
1 3925063
1 3927351
1 3929640
1 3931929
1 3934219
1 3936510
1 3938801
1 3941093
1 3943386
1 3945679
1 3947973
1 3950268
1 3952563
1 3954859
1 3957156
1 3959453
1 3961751
1 3964050
1 3966349
1 3968649
1 3970950
1 3973251
1 3975553
1 3977856
1 3980159
1 3982463
1 3984768
1 3987073
1 3989379
1 3991686
1 3993993
1 3996301
1 3998610
1 4000919
1 4003229
1 4005540
1 4007851
1 4010163
1 4012476
1 4014789
1 4017103
1 4019418
1 4021733
1 4024049
1 4026366
1 4028683
1 4031001
1 4033320
1 4035639
1 4037959
1 4040280
1 4042601
1 4044923
1 4047246
1 4049569
1 4051893
1 4054218
1 4056543
1 4058869
1 4061196
1 4063523
1 4065851
1 4068180
1 4070509
1 4072839
1 4075170
1 4077501
1 4079833
1 4082166
1 4084499
1 4086833
1 4089168
1 4091503
1 4093839
1 4096176
1 4098513
1 4100851
1 4103190
1 4105529
1 4107869
1 4110210
1 4112551
1 4114893
1 4117236
1 4119579
1 4121923
1 4124268
1 4126613
1 4128959
1 4131306
1 4133653
1 4136001
1 4138350
1 4140699
1 4143049
1 4145400
1 4147751
1 4150103
1 4152456
1 4154809
1 4157163
1 4159518
1 4161873
1 4164229
1 4166586
1 4168943
1 4171301
1 4173660
1 4176019
1 4178379
1 4180740
1 4183101
1 4185463
1 4187826
1 4190189
1 4192553
1 4194918
1 4197283
1 4199649
1 4202016
1 4204383
1 4206751
1 4209120
1 4211489
1 4213859
1 4216230
1 4218601
1 4220973
1 4223346
1 4225719
1 4228093
1 4230468
1 4232843
1 4235219
1 4237596
1 4239973
1 4242351
1 4244730
1 4247109
1 4249489
1 4251870
1 4254251
1 4256633
1 4259016
1 4261399
1 4263783
1 4266168
1 4268553
1 4270939
1 4273326
1 4275713
1 4278101
1 4280490
1 4282879
1 4285269
1 4287660
1 4290051
1 4292443
1 4294836
1 4297229
1 4299623
1 4302018
1 4304413
1 4306809
1 4309206
1 4311603
1 4314001
1 4316400
1 4318799
1 4321199
1 4323600
1 4326001
1 4328403
1 4330806
1 4333209
1 4335613
1 4338018
1 4340423
1 4342829
1 4345236
1 4347643
1 4350051
1 4352460
1 4354869
1 4357279
1 4359690
1 4362101
1 4364513
1 4366926
1 4369339
1 4371753
1 4374168
1 4376583
1 4378999
1 4381416
1 4383833
1 4386251
1 4388670
1 4391089
1 4393509
1 4395930
1 4398351
1 4400773
1 4403196
1 4405619
1 4408043
1 4410468
1 4412893
1 4415319
1 4417746
1 4420173
1 4422601
1 4425030
1 4427459
1 4429889
1 4432320
1 4434751
1 4437183
1 4439616
1 4442049
1 4444483
1 4446918
1 4449353
1 4451789
1 4454226
1 4456663
1 4459101
1 4461540
1 4463979
1 4466419
1 4468860
1 4471301
1 4473743
1 4476186
1 4478629
1 4481073
1 4483518
1 4485963
1 4488409
1 4490856
1 4493303
1 4495751
1 4498200
1 4500649
1 4503099
1 4505550
1 4508001
1 4510453
1 4512906
1 4515359
1 4517813
1 4520268
1 4522723
1 4525179
1 4527636
1 4530093
1 4532551
1 4535010
1 4537469
1 4539929
1 4542390
1 4544851
1 4547313
1 4549776
1 4552239
1 4554703
1 4557168
1 4559633
1 4562099
1 4564566
1 4567033
1 4569501
1 4571970
1 4574439
1 4576909
1 4579380
1 4581851
1 4584323
1 4586796
1 4589269
1 4591743
1 4594218
1 4596693
1 4599169
1 4601646
1 4604123
1 4606601
1 4609080
1 4611559
1 4614039
1 4616520
1 4619001
1 4621483
1 4623966
1 4626449
1 4628933
1 4631418
1 4633903
1 4636389
1 4638876
1 4641363
1 4643851
1 4646340
1 4648829
1 4651319
1 4653810
1 4656301
1 4658793
1 4661286
1 4663779
1 4666273
1 4668768
1 4671263
1 4673759
1 4676256
1 4678753
1 4681251
1 4683750
1 4686249
1 4688749
1 4691250
1 4693751
1 4696253
1 4698756
1 4701259
1 4703763
1 4706268
1 4708773
1 4711279
1 4713786
1 4716293
1 4718801
1 4721310
1 4723819
1 4726329
1 4728840
1 4731351
1 4733863
1 4736376
1 4738889
1 4741403
1 4743918
1 4746433
1 4748949
1 4751466
1 4753983
1 4756501
1 4759020
1 4761539
1 4764059
1 4766580
1 4769101
1 4771623
1 4774146
1 4776669
1 4779193
1 4781718
1 4784243
1 4786769
1 4789296
1 4791823
1 4794351
1 4796880
1 4799409
1 4801939
1 4804470
1 4807001
1 4809533
1 4812066
1 4814599
1 4817133
1 4819668
1 4822203
1 4824739
1 4827276
1 4829813
1 4832351
1 4834890
1 4837429
1 4839969
1 4842510
1 4845051
1 4847593
1 4850136
1 4852679
1 4855223
1 4857768
1 4860313
1 4862859
1 4865406
1 4867953
1 4870501
1 4873050
1 4875599
1 4878149
1 4880700
1 4883251
1 4885803
1 4888356
1 4890909
1 4893463
1 4896018
1 4898573
1 4901129
1 4903686
1 4906243
1 4908801
1 4911360
1 4913919
1 4916479
1 4919040
1 4921601
1 4924163
1 4926726
1 4929289
1 4931853
1 4934418
1 4936983
1 4939549
1 4942116
1 4944683
1 4947251
1 4949820
1 4952389
1 4954959
1 4957530
1 4960101
1 4962673
1 4965246
1 4967819
1 4970393
1 4972968
1 4975543
1 4978119
1 4980696
1 4983273
1 4985851
1 4988430
1 4991009
1 4993589
1 4996170
1 4998751
1 5001333
1 5003916
1 5006499
1 5009083
1 5011668
1 5014253
1 5016839
1 5019426
1 5022013
1 5024601
1 5027190
1 5029779
1 5032369
1 5034960
1 5037551
1 5040143
1 5042736
1 5045329
1 5047923
1 5050518
1 5053113
1 5055709
1 5058306
1 5060903
1 5063501
1 5066100
1 5068699
1 5071299
1 5073900
1 5076501
1 5079103
1 5081706
1 5084309
1 5086913
1 5089518
1 5092123
1 5094729
1 5097336
1 5099943
1 5102551
1 5105160
1 5107769
1 5110379
1 5112990
1 5115601
1 5118213
1 5120826
1 5123439
1 5126053
1 5128668
1 5131283
1 5133899
1 5136516
1 5139133
1 5141751
1 5144370
1 5146989
1 5149609
1 5152230
1 5154851
1 5157473
1 5160096
1 5162719
1 5165343
1 5167968
1 5170593
1 5173219
1 5175846
1 5178473
1 5181101
1 5183730
1 5186359
1 5188989
1 5191620
1 5194251
1 5196883
1 5199516
1 5202149
1 5204783
1 5207418
1 5210053
1 5212689
1 5215326
1 5217963
1 5220601
1 5223240
1 5225879
1 5228519
1 5231160
1 5233801
1 5236443
1 5239086
1 5241729
1 5244373
1 5247018
1 5249663
1 5252309
1 5254956
1 5257603
1 5260251
1 5262900
1 5265549
1 5268199
1 5270850
1 5273501
1 5276153
1 5278806
1 5281459
1 5284113
1 5286768
1 5289423
1 5292079
1 5294736
1 5297393
1 5300051
1 5302710
1 5305369
1 5308029
1 5310690
1 5313351
1 5316013
1 5318676
1 5321339
1 5324003
1 5326668
1 5329333
1 5331999
1 5334666
1 5337333
1 5340001
1 5342670
1 5345339
1 5348009
1 5350680
1 5353351
1 5356023
1 5358696
1 5361369
1 5364043
1 5366718
1 5369393
1 5372069
1 5374746
1 5377423
1 5380101
1 5382780
1 5385459
1 5388139
1 5390820
1 5393501
1 5396183
1 5398866
1 5401549
1 5404233
1 5406918
1 5409603
1 5412289
1 5414976
1 5417663
1 5420351
1 5423040
1 5425729
1 5428419
1 5431110
1 5433801
1 5436493
1 5439186
1 5441879
1 5444573
1 5447268
1 5449963
1 5452659
1 5455356
1 5458053
1 5460751
1 5463450
1 5466149
1 5468849
1 5471550
1 5474251
1 5476953
1 5479656
1 5482359
1 5485063
1 5487768
1 5490473
1 5493179
1 5495886
1 5498593
1 5501301
1 5504010
1 5506719
1 5509429
1 5512140
1 5514851
1 5517563
1 5520276
1 5522989
1 5525703
1 5528418
1 5531133
1 5533849
1 5536566
1 5539283
1 5542001
1 5544720
1 5547439
1 5550159
1 5552880
1 5555601
1 5558323
1 5561046
1 5563769
1 5566493
1 5569218
1 5571943
1 5574669
1 5577396
1 5580123
1 5582851
1 5585580
1 5588309
1 5591039
1 5593770
1 5596501
1 5599233
1 5601966
1 5604699
1 5607433
1 5610168
1 5612903
1 5615639
1 5618376
1 5621113
1 5623851
1 5626590
1 5629329
1 5632069
1 5634810
1 5637551
1 5640293
1 5643036
1 5645779
1 5648523
1 5651268
1 5654013
1 5656759
1 5659506
1 5662253
1 5665001
1 5667750
1 5670499
1 5673249
1 5676000
1 5678751
1 5681503
1 5684256
1 5687009
1 5689763
1 5692518
1 5695273
1 5698029
1 5700786
1 5703543
1 5706301
1 5709060
1 5711819
1 5714579
1 5717340
1 5720101
1 5722863
1 5725626
1 5728389
1 5731153
1 5733918
1 5736683
1 5739449
1 5742216
1 5744983
1 5747751
1 5750520
1 5753289
1 5756059
1 5758830
1 5761601
1 5764373
1 5767146
1 5769919
1 5772693
1 5775468
1 5778243
1 5781019
1 5783796
1 5786573
1 5789351
1 5792130
1 5794909
1 5797689
1 5800470
1 5803251
1 5806033
1 5808816
1 5811599
1 5814383
1 5817168
1 5819953
1 5822739
1 5825526
1 5828313
1 5831101
1 5833890
1 5836679
1 5839469
1 5842260
1 5845051
1 5847843
1 5850636
1 5853429
1 5856223
1 5859018
1 5861813
1 5864609
1 5867406
1 5870203
1 5873001
1 5875800
1 5878599
1 5881399
1 5884200
1 5887001
1 5889803
1 5892606
1 5895409
1 5898213
1 5901018
1 5903823
1 5906629
1 5909436
1 5912243
1 5915051
1 5917860
1 5920669
1 5923479
1 5926290
1 5929101
1 5931913
1 5934726
1 5937539
1 5940353
1 5943168
1 5945983
1 5948799
1 5951616
1 5954433
1 5957251
1 5960070
1 5962889
1 5965709
1 5968530
1 5971351
1 5974173
1 5976996
1 5979819
1 5982643
1 5985468
1 5988293
1 5991119
1 5993946
1 5996773
1 5999601
1 6002430
1 6005259
1 6008089
1 6010920
1 6013751
1 6016583
1 6019416
1 6022249
1 6025083
1 6027918
1 6030753
1 6033589
1 6036426
1 6039263
1 6042101
1 6044940
1 6047779
1 6050619
1 6053460
1 6056301
1 6059143
1 6061986
1 6064829
1 6067673
1 6070518
1 6073363
1 6076209
1 6079056
1 6081903
1 6084751
1 6087600
1 6090449
1 6093299
1 6096150
1 6099001
1 6101853
1 6104706
1 6107559
1 6110413
1 6113268
1 6116123
1 6118979
1 6121836
1 6124693
1 6127551
1 6130410
1 6133269
1 6136129
1 6138990
1 6141851
1 6144713
1 6147576
1 6150439
1 6153303
1 6156168
1 6159033
1 6161899
1 6164766
1 6167633
1 6170501
1 6173370
1 6176239
1 6179109
1 6181980
1 6184851
1 6187723
1 6190596
1 6193469
1 6196343
1 6199218
1 6202093
1 6204969
1 6207846
1 6210723
1 6213601
1 6216480
1 6219359
1 6222239
1 6225120
1 6228001
1 6230883
1 6233766
1 6236649
1 6239533
1 6242418
1 6245303
1 6248189
1 6251076
1 6253963
1 6256851
1 6259740
1 6262629
1 6265519
1 6268410
1 6271301
1 6274193
1 6277086
1 6279979
1 6282873
1 6285768
1 6288663
1 6291559
1 6294456
1 6297353
1 6300251
1 6303150
1 6306049
1 6308949
1 6311850
1 6314751
1 6317653
1 6320556
1 6323459
1 6326363
1 6329268
1 6332173
1 6335079
1 6337986
1 6340893
1 6343801
1 6346710
1 6349619
1 6352529
1 6355440
1 6358351
1 6361263
1 6364176
1 6367089
1 6370003
1 6372918
1 6375833
1 6378749
1 6381666
1 6384583
1 6387501
1 6390420
1 6393339
1 6396259
1 6399180
1 6402101
1 6405023
1 6407946
1 6410869
1 6413793
1 6416718
1 6419643
1 6422569
1 6425496
1 6428423
1 6431351
1 6434280
1 6437209
1 6440139
1 6443070
1 6446001
1 6448933
1 6451866
1 6454799
1 6457733
1 6460668
1 6463603
1 6466539
1 6469476
1 6472413
1 6475351
1 6478290
1 6481229
1 6484169
1 6487110
1 6490051
1 6492993
1 6495936
1 6498879
1 6501823
1 6504768
1 6507713
1 6510659
1 6513606
1 6516553
1 6519501
1 6522450
1 6525399
1 6528349
1 6531300
1 6534251
1 6537203
1 6540156
1 6543109
1 6546063
1 6549018
1 6551973
1 6554929
1 6557886
1 6560843
1 6563801
1 6566760
1 6569719
1 6572679
1 6575640
1 6578601
1 6581563
1 6584526
1 6587489
1 6590453
1 6593418
1 6596383
1 6599349
1 6602316
1 6605283
1 6608251
1 6611220
1 6614189
1 6617159
1 6620130
1 6623101
1 6626073
1 6629046
1 6632019
1 6634993
1 6637968
1 6640943
1 6643919
1 6646896
1 6649873
1 6652851
1 6655830
1 6658809
1 6661789
1 6664770
1 6667751
1 6670733
1 6673716
1 6676699
1 6679683
1 6682668
1 6685653
1 6688639
1 6691626
1 6694613
1 6697601
1 6700590
1 6703579
1 6706569
1 6709560
1 6712551
1 6715543
1 6718536
1 6721529
1 6724523
1 6727518
1 6730513
1 6733509
1 6736506
1 6739503
1 6742501
1 6745500
1 6748499
1 6751499
1 6754500
1 6757501
1 6760503
1 6763506
1 6766509
1 6769513
1 6772518
1 6775523
1 6778529
1 6781536
1 6784543
1 6787551
1 6790560
1 6793569
1 6796579
1 6799590
1 6802601
1 6805613
1 6808626
1 6811639
1 6814653
1 6817668
1 6820683
1 6823699
1 6826716
1 6829733
1 6832751
1 6835770
1 6838789
1 6841809
1 6844830
1 6847851
1 6850873
1 6853896
1 6856919
1 6859943
1 6862968
1 6865993
1 6869019
1 6872046
1 6875073
1 6878101
1 6881130
1 6884159
1 6887189
1 6890220
1 6893251
1 6896283
1 6899316
1 6902349
1 6905383
1 6908418
1 6911453
1 6914489
1 6917526
1 6920563
1 6923601
1 6926640
1 6929679
1 6932719
1 6935760
1 6938801
1 6941843
1 6944886
1 6947929
1 6950973
1 6954018
1 6957063
1 6960109
1 6963156
1 6966203
1 6969251
1 6972300
1 6975349
1 6978399
1 6981450
1 6984501
1 6987553
1 6990606
1 6993659
1 6996713
1 6999768
1 7002823
1 7005879
1 7008936
1 7011993
1 7015051
1 7018110
1 7021169
1 7024229
1 7027290
1 7030351
1 7033413
1 7036476
1 7039539
1 7042603
1 7045668
1 7048733
1 7051799
1 7054866
1 7057933
1 7061001
1 7064070
1 7067139
1 7070209
1 7073280
1 7076351
1 7079423
1 7082496
1 7085569
1 7088643
1 7091718
1 7094793
1 7097869
1 7100946
1 7104023
1 7107101
1 7110180
1 7113259
1 7116339
1 7119420
1 7122501
1 7125583
1 7128666
1 7131749
1 7134833
1 7137918
1 7141003
1 7144089
1 7147176
1 7150263
1 7153351
1 7156440
1 7159529
1 7162619
1 7165710
1 7168801
1 7171893
1 7174986
1 7178079
1 7181173
1 7184268
1 7187363
1 7190459
1 7193556
1 7196653
1 7199751
1 7202850
1 7205949
1 7209049
1 7212150
1 7215251
1 7218353
1 7221456
1 7224559
1 7227663
1 7230768
1 7233873
1 7236979
1 7240086
1 7243193
1 7246301
1 7249410
1 7252519
1 7255629
1 7258740
1 7261851
1 7264963
1 7268076
1 7271189
1 7274303
1 7277418
1 7280533
1 7283649
1 7286766
1 7289883
1 7293001
1 7296120
1 7299239
1 7302359
1 7305480
1 7308601
1 7311723
1 7314846
1 7317969
1 7321093
1 7324218
1 7327343
1 7330469
1 7333596
1 7336723
1 7339851
1 7342980
1 7346109
1 7349239
1 7352370
1 7355501
1 7358633
1 7361766
1 7364899
1 7368033
1 7371168
1 7374303
1 7377439
1 7380576
1 7383713
1 7386851
1 7389990
1 7393129
1 7396269
1 7399410
1 7402551
1 7405693
1 7408836
1 7411979
1 7415123
1 7418268
1 7421413
1 7424559
1 7427706
1 7430853
1 7434001
1 7437150
1 7440299
1 7443449
1 7446600
1 7449751
1 7452903
1 7456056
1 7459209
1 7462363
1 7465518
1 7468673
1 7471829
1 7474986
1 7478143
1 7481301
1 7484460
1 7487619
1 7490779
1 7493940
1 7497101
1 7500263
1 7503426
1 7506589
1 7509753
1 7512918
1 7516083
1 7519249
1 7522416
1 7525583
1 7528751
1 7531920
1 7535089
1 7538259
1 7541430
1 7544601
1 7547773
1 7550946
1 7554119
1 7557293
1 7560468
1 7563643
1 7566819
1 7569996
1 7573173
1 7576351
1 7579530
1 7582709
1 7585889
1 7589070
1 7592251
1 7595433
1 7598616
1 7601799
1 7604983
1 7608168
1 7611353
1 7614539
1 7617726
1 7620913
1 7624101
1 7627290
1 7630479
1 7633669
1 7636860
1 7640051
1 7643243
1 7646436
1 7649629
1 7652823
1 7656018
1 7659213
1 7662409
1 7665606
1 7668803
1 7672001
1 7675200
1 7678399
1 7681599
1 7684800
1 7688001
1 7691203
1 7694406
1 7697609
1 7700813
1 7704018
1 7707223
1 7710429
1 7713636
1 7716843
1 7720051
1 7723260
1 7726469
1 7729679
1 7732890
1 7736101
1 7739313
1 7742526
1 7745739
1 7748953
1 7752168
1 7755383
1 7758599
1 7761816
1 7765033
1 7768251
1 7771470
1 7774689
1 7777909
1 7781130
1 7784351
1 7787573
1 7790796
1 7794019
1 7797243
1 7800468
1 7803693
1 7806919
1 7810146
1 7813373
1 7816601
1 7819830
1 7823059
1 7826289
1 7829520
1 7832751
1 7835983
1 7839216
1 7842449
1 7845683
1 7848918
1 7852153
1 7855389
1 7858626
1 7861863
1 7865101
1 7868340
1 7871579
1 7874819
1 7878060
1 7881301
1 7884543
1 7887786
1 7891029
1 7894273
1 7897518
1 7900763
1 7904009
1 7907256
1 7910503
1 7913751
1 7917000
1 7920249
1 7923499
1 7926750
1 7930001
1 7933253
1 7936506
1 7939759
1 7943013
1 7946268
1 7949523
1 7952779
1 7956036
1 7959293
1 7962551
1 7965810
1 7969069
1 7972329
1 7975590
1 7978851
1 7982113
1 7985376
1 7988639
1 7991903
1 7995168
1 7998433
1 8001699
1 8004966
1 8008233
1 8011501
1 8014770
1 8018039
1 8021309
1 8024580
1 8027851
1 8031123
1 8034396
1 8037669
1 8040943
1 8044218
1 8047493
1 8050769
1 8054046
1 8057323
1 8060601
1 8063880
1 8067159
1 8070439
1 8073720
1 8077001
1 8080283
1 8083566
1 8086849
1 8090133
1 8093418
1 8096703
1 8099989
1 8103276
1 8106563
1 8109851
1 8113140
1 8116429
1 8119719
1 8123010
1 8126301
1 8129593
1 8132886
1 8136179
1 8139473
1 8142768
1 8146063
1 8149359
1 8152656
1 8155953
1 8159251
1 8162550
1 8165849
1 8169149
1 8172450
1 8175751
1 8179053
1 8182356
1 8185659
1 8188963
1 8192268
1 8195573
1 8198879
1 8202186
1 8205493
1 8208801
1 8212110
1 8215419
1 8218729
1 8222040
1 8225351
1 8228663
1 8231976
1 8235289
1 8238603
1 8241918
1 8245233
1 8248549
1 8251866
1 8255183
1 8258501
1 8261820
1 8265139
1 8268459
1 8271780
1 8275101
1 8278423
1 8281746
1 8285069
1 8288393
1 8291718
1 8295043
1 8298369
1 8301696
1 8305023
1 8308351
1 8311680
1 8315009
1 8318339
1 8321670
1 8325001
1 8328333
1 8331666
1 8334999
1 8338333
