5000 2000
7034236 8474994
7905002 1276297
3840619 3054004
9381852 7221296
4396939 7478417
5338576 8212106
6496177 9209872
2519684 733409
5911006 9078337
7468069 4376924
8632670 5030444
2903149 4547815
4957898 1764723
5497859 8624125
8492286 6659546
8965606 5861888
9506061 4305763
2185049 1121534
9967354 6029867
5323504 3064574
6532407 2599439
751145 337100
5333286 8264286
4904401 4453532
4420023 7851660
9609015 4179969
5678792 3122260
4735187 90826
8157999 7624674
513639 1964469
1850719 288618
8229905 399618
1234365 3512027
3518399 8390424
3799337 986686
9454029 5974684
9788653 7334830
2614707 4661743
5197244 3960532
1724816 8588939
3242327 4834700
8535742 349173
1232045 2538365
654029 4901617
317241 8377004
9399319 1702157
7795582 1977229
1365606 4891095
3357799 6773508
5413004 5183427
3911112 3091466
9717159 7013168
8502043 7633713
6479297 8520932
8580561 3269823
8538130 6965501
3680126 1810451
8107033 5850164
4331125 3110180
267075 1526777
6098225 2477437
4559510 9120743
7433240 4201761
7296341 8955799
2871074 1424566
9076186 1636219
56125 5067362
5142681 6533226
8558016 4326214
4044377 8618718
4148208 90700
6649878 4104347
3586043 4281764
445912 9106257
9065417 7254387
6222736 6521302
239952 5165137
6823695 6398525
1594372 4584424
2508712 9508664
1633298 9638573
5591192 5814302
8185546 6234273
1620968 4870872
8543113 9093685
2146917 7683237
7632906 2388955
3698260 2915177
1647170 6709609
2771140 692503
2300850 1045124
1318267 6756547
343474 13648
7587 2888327
2978373 8785865
1082933 9297062
9457177 6837397
1506086 8002937
4944266 1982810
7579824 789903
2827989 2039569
5650888 6773855
9707330 3051666
5438351 1908967
8914756 195202
5535731 6594369
3842475 4862632
5036181 489870
8887104 6793503
4425681 8840494
6174630 1114738
6147477 7464922
241861 4355850
3304401 6106888
7512446 5304862
9853083 984042
1838529 1441046
2108468 2340817
2922291 7876147
9597467 2554105
9236746 1345581
468005 9064452
2537968 9998143
3188804 2105485
8304749 578787
7409711 8753121
8407544 9588085
980332 7401392
5434692 7512883
4354562 6598838
4151303 634981
5137489 9060080
3505310 2039835
1753011 6507470
755365 1737086
6079875 4353061
4545733 5726232
6891420 5810929
3675512 2153739
9154405 6028383
1310270 7006660
2869585 9543509
404200 4614980
2102531 51713
3017583 63765
1430062 6598283
5312299 6397136
6281261 6095144
6895606 2937138
5755159 3477856
9518687 7292029
1983681 79457
9897699 1342193
6621840 5930030
4968735 3511572
9269946 3594384
7193023 7741781
6900360 9455462
6858825 7455620
3530297 7596843
6771233 846369
7516115 1954998
2171617 3709815
6198144 7859378
8848547 768170
5143010 4758655
9234880 9640415
679015 8574964
6222951 8537671
6811180 9469863
2955967 1224324
9597625 280721
6525759 7309220
3122146 5457602
1541527 4282377
3193701 8994843
4100078 4389429
5055438 5252613
2598585 3117429
6318558 1608899
69007 2603943
2364362 4006768
8112405 2787944
7981044 6265411
4053059 8075671
4005154 5765308
7609925 8103987
288254 5449958
4389925 9257352
434165 9601445
7885189 8805877
5202273 9469131
5004553 271544
1694754 9142491
739868 5504316
4389598 8459791
6687192 8831144
5652416 1978156
108113 6486040
1452555 5155172
7772312 305667
2730925 3593357
4513354 4900961
6785669 9152302
2146828 7415508
5597128 8049637
702124 1745314
2242446 8217173
2251219 7491031
5558506 9947199
5008006 1648303
9242189 9704423
4623152 4793743
7386016 3003668
7032605 4962625
6551736 3749093
3180608 2395863
6873982 586928
524998 1106175
3504233 4145198
3127151 6767226
3317584 6661698
7539363 542090
5026221 713285
6505191 1576204
3339137 5433285
1741952 7075299
6963596 5896988
8840563 9564230
8114360 590037
1578900 4589234
6564412 4575442
9874373 3157726
599446 3699979
5918826 8518526
6502574 1245121
8150978 2300906
7968250 3008994
1583730 9860829
3765685 8431455
9217859 3521734
5287720 781450
8644670 2265675
1062301 7454201
2122186 4858500
1613457 98184
709701 8410134
8503905 1497360
1049313 8074679
2906564 3522392
1770310 2874264
7158633 7393261
1075889 743336
9440387 3268950
7206268 9103531
3008488 4684175
3923447 7916685
3889802 9297491
8166754 305955
8655509 53097
8303768 4260528
9105515 2959539
4656949 5068771
9597827 1630206
5950557 3957631
5240731 8562725
4434222 8427777
7574587 3335445
3999480 2961660
5885668 4533898
5558798 9951208
7757443 9323709
8134226 8035229
4561243 5182649
4960791 5887779
4366139 5562423
8965195 6748138
7498016 6239076
1633606 9066288
8962362 1277312
3371339 6946249
5179085 1505623
5525798 9107423
98301 5974794
4986206 145599
9085549 9922403
5869199 4332227
8886765 8433839
8903171 4171067
1135355 954561
5906141 1082900
3928894 5359913
81849 8157780
6205245 8368775
1568681 7663700
5952403 5441992
2004356 7731808
6009691 9541678
5508206 3174104
6207721 8390601
1397543 3399019
659348 1017945
2284849 1701534
2085189 8986664
4443752 746244
2780774 977130
4261545 7454875
7633078 8441918
9692510 6658261
6781061 8127029
1026048 5611720
7569396 2546407
6648795 4333718
9459113 1315043
1452759 9050818
7811906 6537050
6420504 4679615
6587100 7484827
311553 7112234
3760741 1556340
8547944 1264721
4914978 3382884
4898336 9907296
10052 5535109
7447841 7463605
1206334 8235953
3205587 1438705
8988984 5921345
5216059 144025
4425787 1593691
9320204 1047783
9471532 8527533
6284555 8423577
1520 7052753
117223 9907820
9591363 9087393
5017993 2292346
9865345 623195
855687 1969976
8395785 9015347
3995146 9129603
9162707 6839935
6307327 2883609
9870804 5160890
6902615 7167145
5994487 24965
8467753 9681023
2371156 1828174
6425051 9604139
4832093 2268398
5510698 524288
5562419 4500470
9285290 5854495
8314359 8760477
5857988 1903150
6754825 76237
3308740 6201714
7035579 397873
5089670 6309810
5977827 3962275
3757887 5054744
3128749 4766079
5190958 486511
7560195 8970978
7623705 7935524
2457351 2151609
4929588 6039179
7773136 1106657
2949028 9166531
7539935 7106829
935644 6326873
2515757 2641195
3666514 5168871
8088606 5476855
4702856 4370632
9066948 154215
756808 7991086
9248207 2889607
4618979 215534
2233677 6848579
1798613 7635924
1228490 1464244
127916 1531718
5226774 218521
151821 1386352
6649545 7401565
6487998 2382593
2703700 1599227
3153888 4076820
6145313 8964382
5975012 6514048
7858011 6405712
6598787 461
3717430 6126618
6579173 5925139
8682049 3756290
8985520 8772319
4364887 8987151
3748322 298816
1798197 7383506
4769770 5709365
5026603 779317
2300772 7222761
2220265 6536463
3538843 1927382
1330221 7577403
7244244 7555537
4537461 3287530
6997871 1504304
4906666 9036710
3718171 4435561
8262012 8102021
4898288 8168612
7208543 1259518
2032323 5404254
2618490 2297223
2902103 8432794
790737 2557878
6571660 2694290
4937161 9322996
3058832 6764052
4677210 4550208
4669731 3718365
4189604 5702122
8446424 78627
4371250 8170582
4218717 7147815
1520208 8794763
7740704 153222
7774474 8928877
6117155 5316318
9528297 965419
3734946 7451138
3723350 1585861
4485322 4246956
544540 6523400
566685 4409102
6231221 3147424
7708009 5987026
5404295 790220
2921586 6237899
9328665 6222540
2328939 2401284
9482553 1053750
7828195 851248
3755590 1600197
2508159 8371553
5721955 8781852
4418506 6938101
7743484 5253190
7470633 919221
8450890 5523992
6699622 5584150
8376843 3160430
6113543 2418491
886108 3112730
8952528 9801416
4266047 5494974
1900357 2353841
8078831 2740246
6293868 8568827
7582956 6853489
473150 7192415
2468571 4175065
8893937 7174138
3254858 8584873
3099925 6984611
9005165 8564376
7587769 9276619
6786677 8001476
1486724 3300041
7680084 8881116
6184734 6913593
3788984 8635973
2809806 7801470
1001276 3435777
2080341 8661636
3967820 5205059
4724172 2916454
657002 6112299
1033579 1987310
5297337 83495
5007628 8078083
2453619 29718
2809273 8709666
917271 6182722
6569873 9921561
4092498 3596573
1993581 9311514
1826535 4397049
4172373 7878933
2364853 4985542
747990 6800674
9238510 5312279
3444019 7840929
3470785 3512009
115917 1173140
8948254 6260762
9378420 680323
9592176 5487947
5292400 5421009
5957723 3920307
8121178 811219
3259007 8049506
6247798 8210398
4382257 4191408
1825563 7274675
5006247 527145
4323646 1355130
9738406 3074067
9380253 2412323
824698 747648
8184769 5401402
7718860 7831
1908021 4214450
2307610 4315616
5928508 5073794
4809874 6083073
7579639 9510197
9908491 7448690
8007850 9241084
6670791 6874310
6778279 948751
6328251 820944
2630609 4751431
164589 6664044
6234300 1140531
6792472 527200
1026276 6346884
1031964 6268677
5659939 7606561
1466778 8868843
1992949 9431244
6765930 7629826
2408392 5493485
6389538 9967291
1661647 4559465
2917425 5611837
9928864 2239804
4178482 9501116
1015414 6005733
2397004 1134840
4480392 8076776
2613001 4961430
2195378 1142031
7760011 675912
7641992 1016279
2568788 1007509
4245455 7244325
3347421 3804513
7859070 2637629
8940012 6708511
6438002 5738823
9132156 4006822
8181986 5619807
8912225 7615758
8492102 4820491
4450385 4791831
4430751 8524911
8683805 2166918
1471352 5668791
4083535 7783909
7462761 7912912
8825342 2554709
7488198 3117164
9351808 1028019
1217583 5571555
8669244 2928798
4681954 3774261
9256502 3258859
573003 945598
5605545 9045168
5640982 5557187
6664755 6368801
9204065 249185
4670886 6786582
8140684 8020223
4277384 6404422
1610160 2253375
4899846 4924054
249294 6605070
4796458 7039064
7990606 9998875
686677 7018663
998431 5699694
4402657 6612068
8066935 8055758
8156096 7527008
8046572 1476264
160141 332118
1739141 4935214
6475663 5650473
7425287 5968966
9423257 2770402
3507162 4426685
4881160 9044193
1134171 2243130
672585 5005602
5391012 7249118
8855494 7271750
1777444 4621691
449006 7145769
2778434 1693700
5004785 772648
8886750 8673478
7211951 1884340
5040106 4932500
3516656 5078565
8199172 6465313
6869353 6778553
5295846 6361198
3734671 6988495
4729157 4493669
961716 2289365
7450227 1658202
2468942 556128
5166690 4291829
9316376 7843712
3477062 8278382
2644719 9514735
322419 2866307
5688640 6365107
400741 6793284
8719990 6245929
9187053 7498133
3191456 5596404
9905668 5648653
9001383 8084309
3135659 5837485
333776 2599719
891841 5104504
8021 3626862
3776728 3528100
5542941 9294865
5628376 5771335
8849655 2909967
1073401 1285113
9822811 5981765
5851575 2731421
656436 3456352
1219617 8154877
4476554 718939
4975695 8161016
3852327 9184975
4170546 5797043
5673735 1269780
6057391 6066070
65687 6689525
9154897 3971923
9840038 628615
2512130 3269133
5589839 8015209
8871501 3177144
4228319 2964549
3410159 1999976
9602117 1083570
6795998 4989905
6183304 9344603
3934225 6758411
2237473 4972640
8766066 6754355
2090654 8358668
8040206 4461956
5958519 18208
5710189 3009238
6826379 2310959
9062873 2755665
8334510 2704823
9261518 1351519
3536919 6061655
9316002 6304389
8941651 9564915
4419194 9887789
2190664 8606733
2388891 169036
6705135 7886546
285441 1640849
9820722 9736446
587948 1755241
5249653 5848013
5685671 1769451
6838234 1342708
7372130 7168029
7618061 9067726
1873890 2597203
4692047 3133955
6659945 7847659
4080932 1304908
6274743 2154365
743367 4574213
3735027 5206419
9038193 9367630
9737271 3300506
8330753 7563654
2241710 8871372
4225170 5538797
5983066 432731
9865254 710172
1627818 5387715
4700547 549257
3008258 5334926
4577592 8104966
4486695 663559
9926 7778583
8794762 6476831
1784945 8422821
1953073 1226940
8788600 60476
8999611 3205647
2847699 6040179
4922488 6471417
7363666 1515523
8022346 8864824
9671695 579752
734744 3057235
4170341 6955542
6932141 4518855
4857537 962292
8250762 4630386
3217044 5125865
7784221 9014587
8334444 2109592
5730162 8326569
5272663 8568158
4214019 5134508
7428832 7868049
78845 840810
3120515 4344963
3146626 3098172
4630265 3623514
6699000 5198572
9025615 683029
3038747 7953528
4167859 9374859
3624147 3949142
1512449 1419339
266228 1812387
7965813 4026424
2403304 2521924
8966995 226632
5622522 5388965
3222337 6116354
3226585 3734481
1891474 3388156
6075422 9433540
1617087 7797450
7141195 6423918
5643538 4210022
4044293 6524572
604577 2355988
9556547 7128965
7118716 4124103
7484007 1144564
2745059 6389379
8285614 3263090
6224621 4529916
3291747 5001069
7559262 7645331
9595872 2111831
194071 5029213
2361033 9536275
2069866 3754465
7982500 2260960
5693293 6617344
5730896 6368580
3283083 3137295
4635905 1165046
5096007 8249773
2845722 7583894
1530409 1792474
5436892 9171098
2226091 6260376
4792475 4068963
9231655 7756269
2446131 4083481
1057247 3604723
8956361 2015088
9534228 2593129
6757190 7904258
3405849 2236950
8081970 375863
7679770 2708081
5087683 348551
4267170 4401580
5454800 1463456
1302502 5946225
8332860 6279786
8945603 4449564
6375468 2520004
543100 4996489
5706573 3255084
7862851 9501682
6747975 874809
8308840 7415570
2714676 3359401
9346891 7651866
1650161 8218263
3116701 4327955
8967261 4686045
4805825 4927199
2139696 1296960
3570972 7737536
3729224 8579110
3189064 961572
9904389 3459328
7079711 7795689
4491989 9975391
6382942 9724059
8009219 9949753
757269 7912678
4227259 3835122
569355 6700848
9795479 5045435
9858116 3608715
4299637 1845192
7765491 4662922
1041185 480074
4083594 8294500
7664231 2243978
7393367 2498619
9695283 7052174
7346871 8968622
9848507 9017703
430487 518180
8840285 612513
626828 9602621
9374833 442372
4839990 8308071
7093985 4773001
3729361 2837478
5732102 9244684
8376416 7824582
4641906 9468221
8124468 873800
2724721 3675666
5143709 9903535
5657158 6797604
3382099 6803262
5789365 7327248
534537 5781857
6433658 28547
8327638 7592886
4364541 7089607
8007595 7679630
6024127 111563
7983601 7047369
3252299 6206326
1888252 2749368
9724778 3732204
1512601 1418410
9817426 4320539
7559257 1384543
5866479 6394390
8912750 1460038
5112948 1424300
9279691 6402004
4678361 79176
6739468 9757592
3758662 8491545
1442884 2594184
6643532 5769241
3981103 3666110
7169278 7344488
6197342 8298570
3819194 2992670
2979081 8119312
2202744 8813042
8827135 199216
7911368 2557761
7250193 4733550
9285810 4853037
3040365 8928257
9805954 1044223
1336899 1792052
3209591 6171855
3280777 844011
9002523 6558505
5775871 6129702
8878350 7840018
8816746 6192555
5297046 4858220
2078490 4252535
890412 9509180
4310933 7690018
587452 3722900
5382692 370043
7316624 803907
6994868 5181910
5426860 323463
5802820 5372797
4793126 4187214
6488564 4301108
4346103 492535
3509652 8797945
9923774 3250548
5142997 7757061
7246746 6607499
110632 6642513
9245308 493912
6077427 6670861
7122083 6235335
9488636 9625307
8757700 4034447
9718075 2592843
5828424 589838
445180 3040781
2639595 39173
8260798 6685294
7683669 9107919
1329896 2815103
9069304 4987909
6079029 4981286
3872271 9698011
6387429 4405289
3626812 8686840
8678145 4816455
886479 6517852
1438874 6628242
4454568 8782192
8620370 8058481
2132052 8860147
129257 1587905
1002459 4663116
2350320 2258137
4432256 994748
5956961 6663868
1818761 1207937
6541830 7716359
5862955 2270843
838091 7763666
3236613 6321683
7849994 9594665
4556979 7912439
887745 5477236
9111907 8657028
6405763 61426
8254055 1560802
9433588 1325979
2340756 5376252
4155626 5933311
5830203 5164450
649649 5146374
7755795 6761054
7408895 5293111
2712623 5321754
1611057 222455
5956788 46953
4012052 7253678
9554475 1527291
4563780 1718848
2486010 6448671
1438534 9407549
2100650 8622283
3045715 7046532
2207041 9444159
5368049 1997025
5013190 7932245
2027303 2396573
4539534 4874097
2807052 4306813
1814341 6615080
390203 6009536
2945857 6836003
260960 4704403
6600199 5291020
9608203 8079479
1499131 896600
560584 9858421
321567 8435787
362575 5867219
4332141 6274810
5497840 1062671
6678227 623072
7604910 9649624
1008392 1814420
4973481 6073319
8156902 5005911
6843964 5912071
2716369 9467016
7250629 7690891
4624757 8058309
38358 166105
7114635 2529251
255087 100279
6512009 4461270
6369726 3810960
4701784 3720106
1734690 2201177
9461672 2638000
3213980 1907699
6399092 8482930
572439 1141965
7233438 2028059
7135086 1271387
809255 8259903
3576036 5100431
9358839 2394953
5643003 7530654
5163707 9678802
8600808 2321970
7027575 5474378
9855617 4732927
9917799 7557705
5069065 6818713
9768779 4767428
4915949 3331187
5208345 5750186
3707898 3431532
3773035 5952727
2654588 8728031
9142805 453143
8994101 5175004
9184799 8116337
8310028 7077111
6653411 4872668
438569 7808062
9660937 7820183
2392437 4965308
330463 3354604
1979911 7440535
8484408 9766811
3120406 1820154
2070660 1356087
1661006 3860036
644411 5891118
6927816 6840698
3476813 1927864
5982075 5039028
8292456 7672587
2419326 4519435
627162 1226126
2021227 1703164
7377147 8869873
1886544 1871729
1951895 163562
9289143 1248597
3165748 8956315
9402218 6513394
6673142 142644
9801338 2447677
4096723 4080855
6890829 6904835
3904376 4969341
800292 6163779
5313391 8095884
583563 6643507
761809 2416233
9312355 3807425
593100 5539168
4335131 8949358
9372041 2493249
426026 2811595
4278752 9815141
660615 649961
8629913 4923283
2137585 9265442
4894964 5240531
3976373 7564306
2507955 5550430
1189047 4830475
298912 4215114
672237 9630986
5063580 9852794
6279442 5107456
2319830 7000566
8066069 231207
802944 7836647
896126 5324068
7765307 944095
1841232 1707455
7213570 1072018
9803817 4368903
742418 9465321
4755698 8040550
8284320 4192748
1852830 6613561
4941263 7139861
1985768 3366709
8481548 1231527
5075128 6925571
1154595 3487853
1279801 2002141
30791 9459454
9562702 7411929
9980552 395989
8587138 444357
7063299 4875491
6416540 2291457
5169878 401581
2502315 224809
6692617 1234261
8567659 1834463
8803299 3779874
3291184 1398191
6346314 4819089
3552111 8005566
4415065 7514617
3333048 2035202
9369485 6406480
5431039 9050849
3233117 7261057
4942900 6719534
6324177 7279396
4067317 7293392
155418 8757448
9184671 9486577
5846161 4992484
4522700 7991589
6064923 6020656
8315705 8993786
4857570 2327815
8303915 1859756
3348655 3541496
4089460 5641598
4923103 8725692
2866526 8645937
5508181 1961917
7814889 1012328
5093048 6661353
7098102 7985402
2365869 2916129
8801341 9755364
6911113 4618457
4170246 6994130
5625114 574471
1384712 1906031
7820721 9816537
1704301 9488898
3937344 6841851
462259 9559053
9404 9437131
7094571 8206261
715816 740562
4538732 8068183
5807462 9826062
3523809 5223288
8286102 6389246
1436393 3529096
8333897 1403175
9232184 9257370
1421242 8939120
6277114 6515850
2646107 4307508
9976765 9046024
6378606 6291662
4638807 3601507
7088774 4541368
8544772 3987317
7065113 9128148
258481 2458585
101749 1050296
9574053 8110578
8237407 5780950
721579 7574269
9821608 3864013
4020530 2218482
4619154 638775
1579724 1961515
6027045 6652336
9891581 8381940
1368759 5929835
3869196 7367648
1752181 5369378
4871297 6526853
105760 2435394
6644903 4027854
4531738 7684910
7058295 5956339
1326638 8320583
4067960 4683504
8059625 5534462
7158579 9226243
4648916 9694269
8015111 7193298
5083539 8938682
8680491 6627578
6058501 7943970
9945543 3776786
8999655 6946623
9016113 7090552
142776 4690735
1137400 4196485
9788766 9393199
6977278 8980921
759251 158835
6725804 1033527
4954903 4556085
5161786 8965445
1568630 9505610
3540070 5857619
2224196 6042790
7305113 3860739
8141172 9417105
1851330 8797110
989604 1162117
5539867 1930649
1958811 3742943
9265177 3656983
1080728 1860839
3777843 1564517
759044 3532998
8874732 7800041
6959793 5057222
5781073 4865222
6741804 9848130
440685 1175672
5762152 1829116
971087 5315130
534568 8633078
7107784 2959338
4751822 5939803
6549607 9181798
8893884 2919591
5555107 4239094
9129653 9019881
8808086 5016403
4988893 4654726
4979796 3913671
9127386 3541715
4354009 7148790
6566914 6942248
871512 8450191
8715253 6835889
1854747 2412161
2768202 5995024
5066309 5480866
5223802 6781160
6965383 3871308
5496707 7400748
5991537 9832441
316451 853508
4614063 2102450
4111308 3841396
2400642 5251154
1146647 7056155
2271756 1684666
3776971 6555828
9127692 7985025
2327280 5197729
7608391 888696
3513581 7921234
6771708 1121033
7624311 9644043
278876 1741725
3116709 7689941
9209474 4561248
7316516 4154874
3963880 3617139
4572426 6783513
7264056 9333744
6774130 7553588
9750491 5538778
7505232 6456830
9716727 7835483
1435970 2700337
5776770 3703208
6762803 3632290
6109221 7535141
7310469 7882354
4209052 8103926
436150 464812
3564258 9024768
7240893 9973407
9282704 9280784
5396688 3992758
3369885 1448873
176985 6138132
9398702 6833262
8825399 7518139
250590 6184033
2764162 4630582
8887528 7314202
9201753 5334892
5136563 4507439
6216318 3844452
8526185 9121202
1250020 7568359
6764762 3749639
413056 8535101
3794207 2918083
2546770 7059094
354322 1543978
2998514 178786
1964732 1763564
838256 5034867
9976910 545587
6816023 9882291
8604118 9764209
281312 3407689
6783784 6954245
7247477 4961526
1271332 9821478
7487763 7062981
6864981 2093375
9345421 2455518
3270472 5600721
999633 8936195
1081510 395884
3337859 9487406
1084767 2171970
6553231 5200506
2693920 1539342
2355688 8004141
8832219 4412453
3526184 3669846
6579792 5014702
5620367 715940
9204367 6217167
9081172 254635
6581572 788029
5077815 2288239
9864583 1112227
9166664 2671714
9019957 1601776
9856295 2389435
1434091 2600504
2401401 5960397
7572569 6132640
4216691 3953369
7062181 735857
6441696 8552814
1401950 1519257
7537816 7632246
6956036 3840312
2896826 1343006
417637 2717468
4361251 7769460
2074383 8230885
5452793 457345
3449195 1378602
9813652 9637465
5888794 3778160
2981583 1678176
4161736 3387270
5694389 4540739
1230865 375747
9853426 1995361
4541109 2846834
332079 8580942
3464226 6975464
7062198 4813536
4861236 496081
5288619 201226
6787118 3008971
5399912 3475764
1780924 7014363
6651413 7664247
7307522 5965666
7871357 8380052
309693 4886141
244004 3751505
6940146 5983498
3560698 6507857
5252100 3513017
4629469 5681099
2297930 5173228
5947026 335455
7807436 1506432
5275620 889977
3202746 9953610
9420630 9488863
1621762 7595500
5614067 6683243
6828690 9484779
734549 9601490
5281962 3715266
6867592 3261613
7305563 2876052
4999186 4117694
2185327 5437002
2845739 8850408
1367120 9413773
6418120 8639904
4520288 3332782
5635202 8792608
8572159 4485026
682755 1803586
8175779 5597444
6169108 9306461
6536951 6784774
4938235 4373325
4989343 9743589
7975727 6478383
530587 1261178
7117309 46441
5437108 1137037
281172 6820690
6267267 4906108
7185351 5506954
7828631 2210744
891558 1212114
2527693 1900842
5462320 8997161
1975781 967125
6244730 5313323
6188938 8573574
2227666 5069627
71320 3423776
1208067 1529852
8687732 6620217
2623037 1497397
7003589 9699911
8090889 6730254
7272698 1501071
9286097 4414637
6225258 274879
8745533 9009939
6128470 4360605
5821184 1522492
2741685 9887994
6568431 4670965
4807183 1022916
803605 3495069
9499477 3023426
9393279 2836380
7806615 6487767
1875135 3908592
4624817 9132081
6701148 3329480
9601933 3133790
6607243 7546558
9659865 3415760
7838368 6088844
7518161 5213249
8311916 3704347
1496119 6393037
8769804 1520546
2766365 8068878
2017672 1932084
1627875 177979
9274350 9492732
8278166 1142915
1267181 1894004
3247820 6177737
1950943 421766
4452653 4403743
6270264 9434919
3727664 5499519
968545 4587866
9936221 6534025
8245701 9681599
2474190 6548288
6438974 7890454
8922049 1451227
5091712 5348783
6690690 5129336
3275655 1026255
1773195 1300566
8449995 4857619
3389466 8756326
969425 7660252
7172873 3244553
5326319 5176846
8149711 7835106
7380142 5810102
3129742 2208364
8058277 1290829
5347909 8913641
3720872 4547528
7967733 5166862
2351583 2450920
992592 110190
487844 2786553
8310875 542937
7720590 1106059
6671840 531884
6111249 3652336
801808 3642990
1146090 4412891
6144972 8322381
8177979 8481186
2286559 6183930
2765577 8984441
3248213 4228926
4964360 2789199
8703885 8504836
4288797 6153080
747070 160777
8734243 5689793
6220432 738412
1006841 9193050
3103275 4218217
4582600 9527191
903604 592670
7880722 823003
3724078 4649949
7225076 8768062
8386054 5675387
8555348 6813272
8108296 4658460
7130563 5479536
8074357 3033999
5100686 7122359
6330636 6209632
5224248 8807336
4227248 3847262
9351743 7669599
7652113 5613544
2768927 8611446
7611566 8405472
783777 2441951
6815420 6249045
5225725 404129
4103951 4273694
3755687 2653060
3963276 6815690
3231991 6642119
7191350 7585703
6154602 1353131
2731316 9501936
637729 8675924
8561967 6841777
9487885 6609497
7469778 5692685
5997535 9739694
2290472 8815900
9565748 2644114
8400072 8046599
986989 3389387
8370477 1700634
7377153 4768147
7429169 6545618
1940923 8274370
6795246 2981844
1583754 1619029
2556016 6967802
4131650 8987567
3752717 8980578
5556876 331146
171760 91700
9174318 1434473
2149807 8278095
9425330 6057633
750735 9087628
3131297 5524746
7353007 8673701
5054931 6419142
6376692 8470235
9267715 5976925
7188661 1988363
7345855 4273141
4845947 3041559
9366234 3602688
2566280 2976591
7228988 2926194
5145480 305629
78711 1173614
1934609 3666732
4334565 2027049
3754531 6241468
3723788 7861972
5087277 4366816
5832757 3000093
8748029 7188448
2651558 2062836
5786002 1704174
1431108 1706388
1793729 7795372
2289538 1121714
9871309 7885178
1295772 304521
7458188 6405654
2041586 794996
378595 4719873
8125407 5328988
225322 5263473
2390162 7558641
9305291 8671163
3826724 6105409
6894383 6284224
3325332 699499
5402002 5981659
8537992 5757248
7585631 5736673
2507541 4024707
6157186 6270633
7511893 1664963
8685234 2204814
1015413 3756124
8777195 5947330
8160463 7411781
9258411 5294073
7799884 5285322
1263729 6624659
1600427 6216641
5444297 6295183
3521954 2774919
4673895 1360920
1880364 72939
1107497 7758682
2088183 284206
3091744 2352179
7694633 418321
207590 9549337
6550099 2650111
6438907 5700768
2710865 2368692
8106056 8120286
6219406 5940975
5523563 2314305
1051612 4372126
1617642 1437741
8156094 2906655
1794156 5291922
2706439 6917434
7371201 1323926
2458566 2360234
1364156 8472438
5284133 7773812
1532961 9889327
5432132 1509709
9923854 7127197
4711267 251915
1871368 3465314
6511436 9548948
1767966 4911379
6367834 3946326
7552414 724790
5250984 9005392
8557239 6248414
5332703 4302206
323424 2292069
9322643 5296702
1419910 4498873
5684514 3744057
2501206 1725154
5657577 9006984
2403109 5321276
3346820 1148022
7580278 1206707
7460619 4397306
7358072 9218098
2454193 4510845
6849495 8084963
965527 29329
3525092 7543428
4924833 9118820
2385455 9537558
4144190 6991090
1151911 6657258
1429424 4346982
1848003 1461310
4384485 1290450
6014398 1203720
3375966 2461739
5516039 4891637
4489932 4152173
3609547 7989380
908237 5415203
1995435 11001
9023231 1851413
2522111 1382661
181673 7839454
89875 4150910
4840441 908237
1702011 7906911
6103034 8607101
6119693 9537678
5853598 4882465
6569214 9734241
1718986 6465033
7669621 4399797
8574676 2154659
2592502 2269401
1256168 8176908
749619 8475944
7467038 1100468
8890834 990405
7036913 180232
664681 8356300
9766191 3303307
8412288 198920
7757856 7062993
2468808 8780938
3052215 6102685
8930871 5689766
4828416 762455
6554422 4209682
3745570 1223002
7369865 7886717
9549408 1207695
729728 961951
5497167 2386029
1474185 8314880
2032725 5817775
5277187 6601202
2592092 7509371
6184284 6977164
6090716 5831686
2026534 5050591
9186581 8758044
9698928 9022364
4927248 8419867
3327139 9157911
5503158 3662999
4166614 3246699
201234 1686113
3263912 147883
1190271 1696489
5949437 3518732
5840918 1732671
1756809 6566418
1124649 7241008
8065278 7001467
5571368 1474850
2128973 6084575
1570704 5838149
9355839 5839077
4593507 5799449
1888144 5472237
9943859 1532797
4139593 3110125
8928530 669321
4574068 8137393
7958379 8185187
3797595 6423341
1958069 1342167
3324984 1010099
9375069 8868386
1045611 1790676
8327180 979504
8591778 8038083
1512629 2619306
5907991 9187464
594421 4334215
9712040 2024264
7891557 1119454
2275621 6600111
16447 9199129
3142953 2301131
4847704 9425151
990182 6508537
3622188 5013169
3156441 9384423
6306332 4987377
5144861 3745743
6897217 4182243
8363222 5243784
6159281 1979340
790860 5157962
2435426 9606893
4065701 5475862
1261953 5966363
3431444 8013317
7100130 7932768
5074875 4727775
7107421 8742018
3762800 5258241
6618635 4316049
76235 20772
338236 2983783
6325886 1649946
8926814 8594540
3336230 9329143
3256190 3645429
5907330 4780384
9353871 3891415
8843443 6141298
2319642 9676708
7863006 5301208
8287766 1360798
5143836 1914543
3619752 21380
2711630 8447584
9869751 2990235
9330608 6129456
4090438 207175
9286601 8220489
7079114 5808019
5084367 1595035
9063647 8096700
3124552 864578
4302474 8826519
1934051 4928628
5075610 3672440
880898 3590504
8500078 1984639
7599207 2641986
9146661 2193949
6344012 4854474
380038 5276110
1915365 713376
794708 81180
2913076 6371609
929507 285866
5544699 9915388
6911895 7579427
383821 9144101
7313100 1727808
9715967 9401792
8125093 7696476
7605044 4967218
6708841 1313167
3833410 7745872
5304421 4700573
4416841 3464793
1703323 2138137
4653931 7833685
9543736 6986884
8123466 3688586
2784977 380186
1718576 8632187
3597224 4865764
412840 9869736
2937286 5999129
857861 8925500
9756778 8984257
4186895 8239252
657211 3588936
484085 8286383
1177582 4979861
8424997 152344
6939356 8990975
3466709 5404487
8442308 310949
9952961 2293428
5584513 3482032
9459514 7791569
7949268 2513655
8269638 3189837
2405917 6793907
417621 8569442
1627635 4234048
4936827 7418128
4338673 1020739
2618351 3845706
9063357 4516896
9040392 464463
196887 788887
1671818 9837431
7059632 9445846
1686830 4032584
6501994 4369538
1123698 8763543
7589930 4052602
6971415 2953786
2156432 8052725
5813431 6429924
4229066 3523841
2897971 7266043
9387454 8387953
9024139 2989578
8727548 3149683
9839939 6526897
7981606 10082
4335492 2768608
6917265 3023102
3468870 3909217
4305078 816877
4976272 8065789
3713986 9528354
5274594 1740827
2939814 6576671
2745597 6394241
458977 2647817
1750368 3702947
5816257 6350813
7848661 4818060
2264224 430217
420260 1959702
683946 7987241
8691585 6522369
6223223 460501
219597 1347434
1418814 7596024
9397911 8114752
6005098 1499837
6670300 594363
8871613 719286
6467930 7606999
9835694 5480580
2411569 6431665
7394360 2096821
6891769 6555452
5563607 3966653
3367576 1799136
5659561 1234935
6241337 9035287
1075102 9732570
5073148 4612219
9168863 8653600
8242690 4190241
915498 7638110
4812075 6071319
8354021 6780650
5738380 8134132
2154056 2588359
2401011 5806801
880263 9773118
3180266 4955218
9335975 150195
2716036 2473064
6093271 1202861
6975235 8252791
9927853 4804939
3334422 4076584
3452202 605324
6107853 4521992
8953656 1628211
454694 2366698
5205973 7651944
9153075 6794340
1082840 8489998
151206 5585094
1590061 420010
8985852 4056603
1512346 9815446
3528762 9950440
4554734 3832365
2094842 25591
3205622 5787408
6220222 2551287
4086780 6850687
4114891 5476322
341357 2448275
8215201 8592878
8171912 7199648
9094404 8925431
6173230 2583024
7723254 8594823
2251910 7075472
3658106 6408904
5269374 2090158
248941 2865612
3113783 4191266
835073 6670724
4417580 3236550
8053566 8880519
9467831 3447268
7455705 5777714
368672 1600399
67750 2935900
608496 4017126
456074 3491381
8478134 6622006
8877461 5677640
1070872 1584398
7745219 6009218
3617986 1488943
8298897 4156205
6005020 9339420
9555555 4981028
3922778 1284450
9106468 2017802
1005046 4192754
8555288 9490710
5979475 804118
6808240 4321739
8800792 6989150
6099443 1009091
2681937 407085
5585158 5969699
3245817 8886697
6718532 1834068
2618095 8679380
2961316 4898849
4962200 9082298
153039 1739083
9656656 5856638
9692186 6361757
8009503 3385700
6438527 7921692
9982468 6292567
863728 4817705
412844 8195756
9613628 9591089
1461055 6557181
9028119 2066125
6485797 4191617
5569057 9669674
1624176 986012
925543 7198985
9420640 9466542
1840879 9285899
6511662 3815931
3345624 7237301
5972144 6371761
5291525 3069685
3983939 8911343
4580576 5312663
7367348 8604958
9984576 1204823
625661 1789537
809479 9394077
8766176 6267881
7775917 7443289
4458518 1477486
8866436 7735570
6978387 3680790
8108906 4838509
1601461 9735967
6480277 2033074
5926278 4795169
6902241 7297458
251408 4496685
5183377 3972617
4143096 3119335
8975687 2819214
9832141 215172
6863245 1314395
8243273 9637548
2469366 6564537
7463340 1670282
8122302 7229343
3836061 1523545
7055874 6766665
5602580 7420078
8766297 3560438
9467786 789103
8844324 2837790
419979 1843647
9916224 9456287
7115328 1550280
1232723 5059478
2456110 7821906
6839005 7241019
1346337 3729056
4605810 7988976
8057369 1778767
5844434 6219356
9074649 5600991
3204367 3912461
3549671 3778386
5349418 5185646
9846882 5683093
9787547 9148635
7703586 3803475
9579525 8862177
7205488 5058600
1295901 8843137
410136 7468984
2158284 2161794
2784125 1066846
421928 9711901
5344377 8521627
458133 2603461
1812772 6687691
3186578 3873739
2800733 7999135
1929281 277248
4458205 449417
2967503 8712565
6210176 7739700
6621247 1330141
8286314 9457349
9513732 6332193
3606588 857194
8904679 7706331
4426270 866416
6084991 343709
1196047 2731027
516773 902464
7685757 5019996
785667 6773032
6781059 4525361
2762563 7157437
453534 6884588
7985017 6582273
6126172 6077741
2704119 6051063
9487538 6065563
8392347 7982394
7167993 5349976
1413841 3998332
3905382 6210245
3038365 1578822
6011962 3450082
7867421 9568086
3515652 1210384
5710687 5689073
3031238 3056087
1937279 4441885
5730101 3341277
359618 8658847
3547684 2453390
6108531 4183907
1976316 5984990
5788057 5615767
8947533 9695843
8258945 6774774
2428064 2660276
295845 873927
6897764 1992751
7913702 1447881
7034380 9948922
8199085 3749975
2552020 833623
7391837 6225981
7651526 8700764
9947966 2800227
8757154 2764121
3522186 5963173
626529 8044256
2616637 2220845
5033065 970432
8188430 5728343
7185408 1059967
6624605 3599551
706084 2763027
3508815 7508921
5064111 374957
9343253 3655708
2234504 8573267
9874616 1404921
7010316 5678139
4080887 7334662
723602 2031347
2555559 2571256
899652 8985582
528007 7837544
833405 6570156
4195716 3838954
2017825 9962319
8479474 4557738
2027759 4734271
2676187 8349095
8443277 97072
8802361 3602678
5228668 9161607
2932522 445082
8228369 4203402
6079236 8070234
9861499 4659975
4692718 4963897
456477 7918231
8467345 9183676
1372501 6540316
5725722 47949
1093543 1803438
3388862 9913282
5307659 6033358
2370463 2943634
8776287 2970447
1717484 4768303
3364646 8537130
7359370 2828589
1517019 8558063
8477469 9062225
7883342 1948399
3728904 9384303
6612481 4733988
6885836 7136752
2388219 9977813
3634671 8758418
8817888 5389211
7367149 1352969
4144045 2564021
6543360 9407915
6957069 8433592
8610066 5359001
1175607 6682007
8255874 7017552
3609404 993366
4698975 9984936
6513229 5788871
8098757 4765004
9523229 8056612
980782 710595
3443956 1388345
7449682 3890738
9264731 3354954
4130696 6286379
392406 1926509
7829875 2864598
9074457 3809171
4658771 8650604
1874331 8859140
6357010 7634135
8456754 633815
4425571 2475761
2900953 2432238
8394296 2269715
2773971 8777823
2009081 8441645
7363503 2462609
7818456 8432527
1191060 3991653
9996477 8129881
4135869 3166236
2443720 9410988
8640245 4420787
277688 1741588
9143718 177724
92469 4941932
7502903 8796293
3873742 5538091
4371308 9385305
3907214 1780247
4840742 1961658
3801933 6828346
6046940 245662
8601766 8392160
3770237 6618923
3341766 2811429
3968183 5941915
8362206 228559
1414304 4567000
8192449 6431605
6349208 1337609
9216719 7616957
9508763 2292841
6343788 1405395
6718108 2073663
2335248 565063
7018968 9949217
7431747 135578
4798020 6138312
8918595 3196923
8035735 7571029
8546657 4562000
9443594 380292
2164927 1497352
7373097 4160991
5137591 7302685
1120988 9704216
434246 3289404
8399760 4915976
303692 2937460
4048511 4514037
9360160 7776293
9771980 813086
2404377 4743841
5190998 9908869
6389768 2780241
5421490 6858399
8267282 8695411
3428872 5520570
1358230 6844939
2625389 7035337
5058670 5896170
3554824 1517772
3136536 7780584
8740152 5158280
3666840 2977272
4313078 8746793
2089866 462058
4333338 28155
3701386 5559294
9221457 3875482
2426797 3615458
9812129 9498321
8043240 3937796
1693964 7182628
1511375 3103448
983578 7787639
5670215 5964858
2875886 32647
9768191 5505623
4275724 3152417
7979242 8059068
2590345 4758103
9565501 2101396
6050126 4089235
6553168 5107767
4292951 46501
9375360 4191404
9897150 8658671
9605902 5174203
9987800 7281165
514165 2857256
3683715 1679494
5295590 1350202
5758330 7839067
3513339 7022399
2870705 3359513
3478237 2694271
8717676 1821931
6246154 4974806
7239050 898596
6750355 4312499
6904348 3377306
8135229 3225993
158239 1897760
3527756 9492433
8362132 4571437
5606519 6870460
3378129 8493413
4510224 811301
8422268 5415402
9052578 7442245
7989979 9399085
1351198 1272755
4482219 1010299
2191580 3917486
1303942 5607621
5233648 9456769
8803789 5870534
2226870 9992477
1274912 4810563
8677926 5519878
9514245 8248706
3507503 5016263
9595576 8059308
8320801 2807706
8502205 1302829
5987988 5144055
2481379 3948668
3858108 9008872
7311365 6879396
4767365 2135798
2942994 8174139
6463476 9430223
9507088 5840366
8089998 868965
164504 4299255
7815665 8446172
7553647 2155745
7953522 1359204
825523 1271197
8412772 9034622
4144256 979882
209862 6284479
88215 6231483
4189014 8051816
8281171 9586855
641706 362533
7544135 7075687
2847770 4364619
2207805 6218625
9239933 8635174
5948502 3632025
8245361 5817401
151845 4970302
5305253 2945436
213547 8509793
2359235 9901202
6725110 5372309
5075917 6113621
8940337 9166118
7300869 6639868
8260181 4000592
403746 849481
6895280 2287869
6575247 9963225
5230613 7263164
1708413 2019644
3827675 776925
5727527 4011529
9661362 7974689
814330 42153
1112399 891677
9206527 9351523
5468325 1994858
5710115 1942287
1816632 3040177
3077126 3897393
4581795 7873970
9523301 6689342
9508081 7278211
2895864 2345982
3067560 1643381
4758589 6842413
1981709 2398172
332398 7449114
7578322 7487981
1537508 7924759
8816510 5733585
9022273 4982169
8087760 1212703
48861 1109211
7339993 400053
9528291 1800612
8583988 5902322
126663 3570294
9767271 8794558
5742093 693543
8011488 4058893
6651636 2083360
7382145 9871048
6398062 7235628
3944259 1431262
2713795 8737520
214445 9123097
8740762 4149759
7294641 2165281
3852570 576772
1016034 1229212
4922738 1063734
8990256 1060238
3176225 6749868
3110846 1961902
1382793 2888236
6015506 295142
995318 4901707
9850080 4880458
6980721 5767055
3499417 4736377
7892033 452240
8056547 8998574
1213314 2200857
956648 6716269
5734915 5049571
178851 7094117
9073486 2745003
8654857 314284
2036321 4826669
629209 3795069
6909867 4256726
2737038 9886664
932179 8818525
5541179 5466440
9801685 3768752
5141223 5175373
4123137 9840140
2021848 5185085
1041963 2904359
4212250 309067
530180 1225319
6134329 6466654
696703 5927436
8454124 3194193
1228893 9642608
7950370 2396907
6260470 8048720
8118934 4464642
9061622 1985608
1204273 2950438
2450376 6694412
6372490 584872
2366755 4379212
9437930 8824801
3027031 9110183
4131506 4222241
290847 6399342
3798312 4496705
3310154 8579478
1427877 2570219
9919339 9486928
7972014 6181913
8826696 9494136
9632576 4182069
340164 341886
592614 5372571
9858838 468703
3057960 2225681
4501840 60289
9174128 4238898
2710479 3164829
9718512 7122086
1010534 7128762
2608814 1487229
7622807 441444
2906341 7658462
2154489 6711533
8854434 4681602
4325650 273929
5176778 4235298
7011244 6049987
1184074 2962745
4993926 9525968
4602195 4063979
820713 1728505
5822194 4405328
6343380 6172532
3440825 1020641
4380776 7922061
9693206 872069
2779399 4340238
8277594 9895025
4495026 5968928
7219363 6490713
2521224 7697331
6870183 2157158
7643382 4687031
869534 6059767
4226273 2465488
4806572 6542939
2743989 3649400
9159213 9602583
5335124 1918502
1778922 3925809
8936971 2702496
8003262 9918665
559774 3860444
5712374 2623947
3612206 7617507
7268460 8079111
9712149 5835173
5628664 2420508
2038028 9380497
1689065 6707945
4350491 923042
4263943 2070941
8996635 2029924
8201830 934015
7112152 4038767
7229955 253567
5758880 9483004
6578658 4971436
7522501 995754
3103198 398429
3508023 7869023
9325812 7052683
1635232 5530834
7024543 2870389
936623 7555996
9946990 5883355
520603 3433608
400614 4531434
948805 5868284
1848816 8761479
8861962 4182245
8571205 2876151
8296252 6965774
5659580 1967716
9168686 346178
1704484 4883977
3007549 7228972
8151060 6348350
5295589 6130591
8368855 667788
6098421 2322850
427110 3765798
3387967 1444876
9072744 2119355
1030308 8485978
5694287 7890532
9383268 4117427
4077954 4449992
5669580 1504711
1122810 879910
8024862 4571913
1775160 6122715
7938778 5354875
6342666 3790149
6275937 6828182
9903578 793362
1330984 3317330
6312798 8488682
6799298 607761
2140801 5267452
3216771 1617182
1127505 6803195
1881005 8796736
6913955 1207740
2362091 7302145
9752716 6391477
4574548 3569659
8919415 9963512
9198350 5069952
8157196 5175103
7891813 1014351
5166469 3721996
4183656 2591123
4795536 4601618
9713177 7554186
7088985 5685832
595204 940105
5970916 8318475
3470857 9981296
885716 3570773
2018020 3244116
2458600 5393183
1034287 3816167
3470681 1562934
1628400 8264377
2696587 1000160
1013347 1712512
6143657 4485385
4807605 5164073
7404252 6866165
4588990 2679924
3647660 3933326
6944285 4383799
893578 5347881
8213619 22496
2516894 3609517
7720442 6947114
8986968 7345498
1561248 5965869
3399363 3326363
9420871 5274264
3565155 8236260
5505419 4345561
5099836 1891527
1188959 8348692
8963391 8405687
4191348 9965282
221746 491543
2019076 2144194
7989822 700356
7183959 8111118
8200969 4319763
9127737 155384
7551628 7685974
7079892 780842
3261886 9994170
6091764 562678
1635324 9111903
2259997 9531764
1364250 9818822
863319 6970460
8033641 9264507
6070177 9388073
5137120 7807313
9657777 9236019
1785294 5061703
1205292 2042437
5330164 8608310
5529245 9452626
7830517 2441368
7775118 874096
971815 5586940
2100050 2988432
985360 7070131
1926261 5050348
662463 630799
6862948 8017336
6503408 8393929
6025553 7668097
3558919 5485113
38251 2729245
8485805 7672309
776585 2655884
4363369 8068217
1289977 194143
904895 6033734
9713075 9328834
9532220 8490639
4006620 5987156
3099037 1344750
6934714 8122361
5231842 7014389
8900877 7247912
5248479 6079987
4808053 1399893
1812530 3381577
5936116 6473261
2437269 7907652
7858172 8221589
5536681 2327919
4980872 4032980
7809447 9231841
2869322 182762
8411553 3925579
6915632 8764921
8533999 1406233
3939153 6618872
2966840 4508514
5702231 1873926
6888839 5492552
9061027 5505101
1131942 6850628
1542021 8415640
4857996 1765951
674466 7453971
6815889 58040
4968805 9226960
256409 2347921
4669657 6634615
140686 3643904
7260889 402641
6876508 9786479
6108434 5720810
881032 7011128
1124662 6709134
2702777 6844889
9577473 2225692
4517025 9145375
6602534 5118828
347458 9998909
6006967 3889030
4020432 6433337
5221391 9191877
9498862 3002901
606976 1280590
6350112 4186942
6745249 2585924
4966299 1219478
1538215 3815070
2399921 8124007
6959415 1445875
7456694 1701199
1814038 9304007
455611 5214698
7471971 3118509
6440635 5704281
9032564 2435860
9077047 2611155
9552178 2949946
3233596 6105903
956290 1368906
6919757 8663973
5231535 9507703
1350280 2506365
9662250 4376353
2898728 7172564
4511854 1082552
845561 4194081
2776585 2080747
5222 829702
9486546 6765761
7141374 5778094
9493263 1041449
1213571 4663750
2138720 8466455
4021610 6465019
586418 8599159
6493608 5927094
3930008 1219219
4554048 6451042
5151760 8627187
3627109 3854764
3534816 9560633
677541 8937242
6226142 1227252
1302427 2745039
9386931 1195749
1570585 4679547
4948636 6540357
7440775 3150430
7553198 6166876
8484969 7784255
7022942 709890
3370090 6318187
7006230 4739263
7747289 6949373
3880140 2827601
9097294 7588142
7012540 8415872
3343500 7361779
6093206 1720764
2313588 6376713
3869962 2726071
4081205 6243812
7069779 2184065
2911541 4213943
4725752 1545349
8279757 5810199
1928766 1404900
2096073 9765540
3825866 2209231
7281673 3452631
5322136 5701218
5276978 1614935
3598433 4746851
9120227 1258164
9112113 8007587
229408 8182892
1279470 4797189
8235842 9881946
762096 4905776
3542498 3438285
8589317 3775859
3523877 1983002
9008389 3766438
6802331 4762029
9363798 229683
6806528 7627048
5341430 5218773
1839861 105303
9787134 4411259
9855492 2772290
3873970 814848
5974917 2308049
477509 5852394
8011793 39515
6508170 3877411
9761384 4037097
3185722 6829406
7985155 8438055
4505119 6648924
6076211 6776404
9820290 3458043
7962214 6300779
9893114 5694278
2738876 6697318
3598824 8256000
6724537 8962619
1638924 2527962
8073030 620258
8271694 9068920
5450641 8106619
9375083 960161
9743201 6293665
519410 6039704
5749869 4770981
4531921 6027753
4582661 9204897
6256852 6377520
2750109 4902768
5661039 3409525
8473301 6380610
63776 3213961
8147932 3913099
5676420 7490474
1743413 3820728
7965226 6880824
493732 8175069
5753261 5684412
7702763 4004469
3466821 2147433
1135357 7709409
5916082 6936587
6436685 5916788
8550221 1909759
119900 2276656
4943213 4798925
9040135 3579712
568574 4272862
2346427 3770550
7041064 5103954
7749818 2343797
4769547 6787218
1896143 2608606
2134858 7225556
7580264 6924486
7753621 8039212
2043196 7731642
7381722 5800498
1738938 3842081
4167037 4882543
5880980 7923146
5027659 5008438
6160983 9164440
6916866 4974430
5652555 3678615
8898798 7795299
5429721 1254050
7488778 4770921
3968292 6722820
2100407 108558
7163374 9051691
9052226 5646526
9418742 2868545
7504644 3153647
5547250 1543572
6848641 5598425
460391 7775470
2397975 7807790
2590829 8808531
3661252 9317789
5654314 8645632
3287496 9391734
1019500 593586
9432088 606663
613481 2879566
3982443 7256928
1451130 6402881
2701945 3646874
2939944 317816
4891409 8601117
601411 5219916
6590588 3704764
5582618 163560
5836726 216947
8722694 2213038
8774789 7245853
9839219 9279018
7403384 553732
1504412 8384691
8718303 8521991
9685253 3031779
4037505 6355416
8676608 2133620
3771346 4844716
3598432 5250926
9881289 6956504
783151 9800480
259200 7698119
5385884 4881252
1879108 6835593
299858 4137405
417427 4549999
5662430 712207
7399585 551851
163350 8603845
5500190 8967039
6195925 9643985
2111782 8669517
7883086 129335
3433761 1849188
9565912 3802709
2205255 73196
2627300 9034471
8158804 8865487
5865706 9342441
1587746 5718245
8418018 8034502
5710971 8966277
3673816 8833545
160192 8522946
1395551 3048132
6996960 2558159
2422589 7583849
8863964 8313185
535925 5182708
6978012 7426153
9805964 1499456
4466094 5819024
3677418 8812768
3886809 1852672
553089 5591355
9372978 249655
9084871 867382
3896926 4073638
4612792 7751565
5889313 2407939
9167010 5947279
582174 7865683
542745 9449903
9962000 2081041
7374974 2275026
9722670 2926587
8884619 7261716
4167533 1205461
567517 4120489
4390898 642986
7208758 7477649
578158 4549206
3884932 2203336
8545723 6901474
7323939 4370613
8630340 9091542
3724299 5164374
6339323 9320990
4311469 6017068
2788043 1088739
3887069 441301
9159877 8132667
1829676 7602105
3997667 9053513
9183481 7409919
2742204 7866216
1394615 7533557
9343338 1701517
8311672 9507746
5047582 5807045
9004122 8418307
7319960 3454918
2724210 8802953
6392710 362847
7149868 2995354
5963656 3319676
3777887 9408491
5778987 1106034
2218041 1422926
1066804 2985950
2251641 7316437
2996057 3627163
9360275 6416111
7382139 5917174
297803 778044
2906521 5475740
6728230 6499107
1632288 4460002
436646 4289204
3870834 5826702
9747758 2919293
6830859 9582087
333591 8333772
1618843 2324853
550451 9277999
2032846 4180708
4445667 2586930
6275509 4330936
6607167 860822
6263160 8025793
1557729 5833812
6017963 4657927
6746244 828222
7384953 7968978
5217517 2957918
8594349 4428274
6361211 8563203
8407332 6454047
3632968 6628111
9367860 2139555
482181 5382795
2667021 8361963
6317515 6468129
2926062 5345017
8893020 4391931
4538500 9692001
672566 1710406
6841906 4146045
4699335 1598794
895895 3529421
1136686 7328083
9603485 2800500
2016552 8335259
6897073 7580885
5001422 2578055
3416070 4372809
9603593 1806870
6376155 158635
3453292 8323621
276207 927251
50138 9358670
5171990 5061750
4602085 2860898
5079600 2478869
4402382 3280150
4970798 8626880
5925229 9156219
4271417 3519349
8923370 4493002
7347704 4500108
2881884 5755845
3464097 5584996
4387409 846951
377724 1961896
8237856 4738877
4216906 4974085
7146265 1733914
7572422 4274772
1088095 1103683
9931318 4041214
9159398 8553405
3044349 3227964
5616090 1006644
869140 5176807
5478399 9865199
6238036 972836
4820584 760534
4074162 8110784
4933067 7310189
9584676 3224143
8182582 9651095
4115534 4465317
9846046 6773004
7555596 4448944
5086707 514410
7055489 5165706
6774751 215564
1451124 5974425
9000469 2947006
1848105 2751333
6358591 3983721
3209508 7946670
1129989 2114356
5705193 836519
5320499 7415793
7825642 9225964
7396309 2096157
2178926 5277388
2323307 7652637
5370456 8406844
3259133 2868113
1466279 128885
163455 4305109
8058939 3801563
6496756 1034427
4258651 6780181
6419501 2454338
5844584 5140
2085147 9738240
3301886 4581684
8627736 8617119
6097002 948814
5269884 4669447
1458137 7876853
7913441 5529978
4259175 1949634
395085 7570337
442804 6370028
3633508 4624469
7190811 6369935
6592915 1101301
8229016 9690883
3535620 8909021
5210293 4070919
3117935 2814062
5057833 776789
1975336 1052155
770980 914111
6513914 2274267
3168219 206420
1670355 9982155
1454437 117199
3067325 8324448
4456621 3124750
5682163 6944915
19675 4029321
1431771 8415278
896552 1879761
6671031 9460189
6232586 4431570
2547697 2257080
2590668 815652
8916956 8112498
8935843 9705147
7931193 7197067
2951712 9282750
400941 6875479
5380399 233231
3939360 6136312
7240995 5722127
3471122 3059995
5429748 9013681
5909914 7703915
6676323 7804453
3290943 2355361
9016575 1463777
8511016 9776809
61636 688933
4512935 1006649
3087513 1295211
94540 4951829
8425463 1263697
8596069 2188308
248998 4232290
7462846 8573799
6776534 1147850
1974449 9387025
8958031 9753589
5256564 9529578
9961879 9119246
8631319 6144357
1861330 4673705
8843020 850947
9683442 865715
5651401 370312
8810859 3953185
9675442 1702822
2371753 3669020
3883413 3502909
5121082 573638
3795485 9209983
2031182 2378752
3158241 7325524
4738652 6943031
2753067 4144842
9142603 7247265
6821789 3182135
2358369 7885632
2686647 1827875
6374119 7104217
4370216 5365078
7538800 3280221
7529550 1838965
9621689 5147806
1538643 2295472
3916236 2163639
8936129 3663229
5940579 9338888
22315 1237282
867153 7863596
9937055 986955
8891952 6285660
1442633 869701
2214611 3164537
1925182 8156491
4770265 834567
2067029 3548167
8191029 8548958
8966584 9194745
1985822 331522
9005143 4583902
1905781 3112529
9765996 9059886
7785648 2663324
3934193 160164
8124012 9541553
3170310 9025389
8889730 2592099
8898239 2171070
3035129 5204357
8707790 3771688
5305640 164630
8922270 7384671
5966002 6095450
918574 1354548
8595182 9893678
7037284 1794594
2794288 2002896
906528 8375804
3613754 244727
1171048 4476684
556243 2142454
9007807 6451494
9421785 915769
6679949 8997887
9128272 2543342
8952493 5822188
8570506 9438685
7122152 1102677
3208600 3009223
87039 2156905
4707522 8718475
4452137 9700760
9396746 3515696
9996674 7310620
5698060 6053615
8642132 6850177
6300748 9220514
180207 3897098
4728232 9076019
5901482 2037112
5332805 2397678
9838817 2800817
2168302 6531757
4654017 9279430
2372146 9122296
2877541 7685310
1624958 5535684
8040063 5358360
9579451 3101863
4706804 8105685
3093479 7800227
1086377 2508067
3978511 2878470
7641039 3025953
3458569 4394986
5578383 4029790
4783348 8852552
7122065 6239532
8723644 7996348
2723657 3773454
6715695 5612059
8580293 936742
6873405 6968009
6528633 3990032
177284 3380951
1280320 7153778
2870228 2775261
1498621 5081314
9726744 9006208
972473 5635422
7255510 1761171
6840475 577867
6253176 2049112
3065930 582188
9951537 2533361
6623413 6364099
7189246 4591196
7489238 2058853
1970179 9294987
8006051 299246
8447668 6139214
3974603 6315349
1902837 7142034
9776820 4861851
7889032 9228487
3859521 8808254
5765551 8703991
9401804 437488
8446194 5790524
7515256 6165404
4699919 2238335
2880881 4185847
7048835 842880
4003524 9817508
8552142 8038969
8922915 9632716
5269827 9923045
3030595 274230
5535374 8206988
8026350 5200828
7224143 7570127
4339089 5214378
5692782 5315815
7656327 3315014
8587237 3984385
675279 4105893
5486314 4991342
3483684 4262837
8770685 330547
193315 7429814
9788708 8653571
5183543 12000
3128657 3415102
32711 3793471
574809 556875
9423032 4066046
519860 6418033
2867862 9102746
3086656 653813
1244990 7730742
833885 2232659
5567358 9924345
6461425 8317044
9734419 4236280
6366320 9052933
5634456 1343738
2845848 1445179
2564752 3232212
3301172 3126813
8759730 2257105
7551684 7132333
6102 4195438
6766408 6154704
7468477 226885
9995572 340994
808953 6553040
9625664 159218
2047762 4939635
6529593 9126852
3792091 8977989
1969360 5466036
1701587 2158034
4603686 3415299
3740286 2972807
1359103 590903
8612485 5955420
8350208 2163867
4374814 8814430
206064 4887079
6043234 5088056
7679238 6976513
6656433 1971731
4238105 1605391
1784969 2311831
796320 1375968
6292874 790537
8295879 1865110
6044146 4977539
8720935 8665056
7273279 6326883
6188031 9807649
9613052 3439227
67481 1694622
8487514 1554700
2019065 6670786
7190405 3164350
6897123 3704228
6670809 8889703
6971112 4272682
4861203 9952422
2916327 202526
4034260 1406324
9310870 5003287
3236537 953018
7238321 8812113
748313 5951180
8418828 9152507
5827633 3634814
1853914 3886249
977177 7477253
3533824 5421049
4759648 8359542
7019715 2729948
683299 5816346
4480359 5370969
5121405 7215956
6292774 9366426
4408880 6024079
1346185 2195743
2023543 7017598
3027208 7878361
989729 598550
4129360 2450040
9685931 8787350
648502 4510035
2841973 5332507
1950140 2652535
9897796 9215046
9290035 5455916
6536942 1226212
8680405 4516718
8307486 1779521
2853586 4710238
277677 5089422
951084 8640303
3121570 890784
3874437 4650165
292710 4938072
1371835 6458574
4149429 1352647
1005843 8834621
2361674 5345462
5716404 1053452
5311718 3732150
6910666 2021962
8033430 5304003
7680431 9714790
8304494 5044085
6812098 8730057
8334032 5967785
5511541 9890181
1865987 8418185
1503887 8458383
779457 64121
7464421 300867
3010816 4790720
1600547 2799066
7133148 2716358
5018584 1437892
6236685 759773
5788014 7722140
2164722 2820185
5263619 5669374
8200564 2414709
554029 7611517
9132497 2405598
5009457 5377073
9803592 611439
4018244 5491515
7734318 2707022
5994005 2231050
1169998 6430883
9415253 4187995
4826229 1107591
1513972 1518950
1926249 5020531
5564905 8434769
90407 5228085
9508747 7474675
7082 5144281
7727393 866277
9405931 1514732
9550886 9853662
1286776 7877155
4367644 6952227
624694 4213355
5173869 8590894
9907289 4168812
6808147 3900531
5934851 6274484
400927 6693847
5209885 3892707
2253268 5530040
6640642 9012262
4512538 8864742
5534261 1995117
526574 8754576
8784913 7533208
3061449 5916479
9009584 4934260
5543655 6767336
3741754 5781790
3412071 2853953
3943942 117941
1460188 7847030
8281181 6514242
985825 6131583
6598311 6886514
7340693 73008
4949665 7084368
9135162 6274760
7221326 3981678
2336487 2947558
3326483 2593226
6105738 1755659
8067319 676671
3884055 3543531
1583017 7229461
7054255 5280355
4219760 7423163
744201 493263
2722578 8223874
498390 8586163
9793367 6094330
8474009 1645684
130625 8937593
3210798 5378958
8696122 5305904
8776921 8166943
3441947 4337810
5682132 7982617
4049726 3770883
2901222 1750479
8985897 183546
7117589 2563045
1712439 9250422
9261649 6658424
4588613 4491486
2426938 7244806
3809556 2305130
5112443 603872
7531309 9383928
4180986 156731
2948750 1514742
3563464 213862
5377018 4770884
2709029 9737410
4367342 87621
3159676 6687610
5454433 7231406
4488644 4701
5522272 2375106
2282246 6213035
9943169 705160
2968740 1412100
8449569 6259136
2029708 8450040
674211 6218467
5917192 351696
2317966 3043367
1949062 8014822
5498960 6836145
4738325 8819471
7712229 436249
4944548 8940794
1469137 6519126
6521433 3745115
9334237 2425769
4261259 5778998
3802991 6279952
1955213 8348936
6841436 4019468
1771477 8118150
9409295 8462133
6348049 9946460
7688715 4670978
6214517 7519910
499704 5183102
8631995 5126059
4117942 443227
9793022 3657202
1600382 6041081
8197319 1741903
8941627 7287423
896765 3182378
1642406 5957463
3245747 7998701
2454028 8430233
4381779 2783326
9029768 5292248
5040744 8616520
5036703 3474692
394176 923251
5537591 6499409
244975 3616193
2309085 4876229
5196272 3855711
8229611 2285125
3281850 1990738
2253604 1798225
1550538 3192770
1627174 6363486
9102284 6052785
1244395 6425829
5238826 2042925
5533874 8407861
1196141 1265619
7081636 2716569
4177585 1760660
8382367 562204
9558097 2289610
4775430 387365
4518589 3792176
865704 4678764
5602720 4342999
5487787 4192132
5248905 8273576
6578508 7752729
4212041 2794134
5041514 3294570
2519254 8707153
7583423 4392798
5219525 4534897
1552917 1443148
1331703 4956186
5174871 9580258
9141661 620784
8086265 9064684
8063984 635017
8732759 7200473
1343504 4923496
113595 7898264
8821416 9699474
185862 3478011
9922087 4232470
7397633 23218
9313866 7340869
6901305 9805796
2426082 6647714
1639687 1218098
6038642 9380289
2639460 85237
3938279 552077
3173812 3574832
6485378 5383956
9590072 4642903
9528056 7697391
7749535 5081871
3311261 2066351
2501264 9771516
4714444 2146395
3621241 7692125
2395467 5026478
9666633 4474445
1692059 3089119
950939 3129316
9882578 5809746
9829216 3834646
6457175 9371183
6510535 7335233
5568504 5563238
8058670 6968785
1094549 317391
4956325 6496601
7907526 8600545
424593 8911761
1678743 490665
9800092 5245038
9418327 5867437
8121208 4908844
665089 8007892
100780 3610568
2239315 4706725
2116099 8706432
4259433 8326363
2424282 5143906
1781732 398607
6659834 9185877
7376251 4316011
1438913 5413908
7433770 5672716
7331339 539411
2068760 2367233
814983 1138014
4245496 5489894
3002210 5581389
8234475 3075711
9216038 1828898
3597793 5458594
4001108 4710902
500093 5513923
9655633 1214930
9285772 1747500
1506466 1429639
4545863 6084919
1570136 8431867
1202513 6878384
7639847 7611018
3195770 8580780
375495 7796529
3453475 7985539
2765056 1845148
9913007 4491443
2237735 6437043
7896353 1003010
9318007 8515807
8643660 3901955
7692866 1725698
9828785 8251386
5755055 1527765
5640371 7998447
1225790 5497947
9446881 5080629
7697485 2425369
5963244 4800176
9420986 60558
8134548 4183855
1645432 4608255
9545345 4971209
5028429 9722229
4460818 3844835
8220712 1426453
7744498 8495490
4225033 8948618
3418360 5002654
353861 9458000
395882 1243561
4302891 2681821
6475723 9346561
713427 7971793
427174 2121052
3508351 8007237
5703880 8638128
3580885 3385111
2274890 8537372
7264921 8236144
7155489 9169785
5553772 5693638
3227079 7419440
8309143 8200274
1836349 1437291
9811028 1791019
1011054 38006
2186382 7163381
8868507 946713
9198389 8798184
3920411 3771309
3590145 4914810
8225138 1409127
2140947 4163467
2927876 2620223
1977900 1914199
4753722 657016
9535567 4988466
3892729 9996215
3469665 8050979
4183280 2925048
7241470 6722084
6817660 9764277
8386326 2733058
6740930 5153377
1177703 1460021
1931733 8629113
2217319 1090427
100389 9256229
734281 715876
7804108 8515679
2151057 1511462
7048041 9370131
9583936 8781360
9959054 5051516
1873660 4851393
8120929 4742074
4023029 8707813
7427680 9519501
9665542 5595994
4584831 1585952
433080 6917483
676304 7039721
900535 1941292
7766838 2915406
8843847 3105709
3574165 3788671
4910100 3212564
9870612 3941685
5991585 7438866
5853406 7856609
7863741 9943112
5423764 7698632
2569325 5852601
5013878 4385225
7281261 9789119
4992864 3539643
4662831 1599462
5351385 4424186
2767142 6092733
1036588 8987392
2505792 1202330
7227455 2713069
5955290 804594
8876340 7724117
7167348 4526491
819074 2849798
7276446 432463
3047990 7486833
7989537 1916903
4088336 1932759
9701034 5185371
6034375 780362
5184632 3989135
958262 9682915
3114686 6549318
3456462 1819686
9360685 3008792
8358670 1618360
4902306 5713914
9897649 916842
4225923 8658743
9108163 7976125
870144 5497243
9430767 8691659
3476419 8570695
7697119 8069302
5454064 4717295
6831906 6452932
2234970 7491526
8941057 7250805
6610443 8046054
5318220 5232894
4092815 1452348
4639600 518557
9533656 3348881
1350783 9961356
3436294 5429931
1581624 9948873
4058775 9110085
9680983 1928515
316699 3669451
251616 9995123
3556207 7332118
8617790 2597186
2221729 7401745
7175673 2796404
8403216 5838720
4824471 7724246
4488248 9761973
523107 1712418
6713973 2441738
1159875 1768713
2759755 7543523
430234 8051562
3658309 9748149
259982 7659270
3768556 7249973
7578132 722168
1826178 2011177
7630443 5416484
8842654 7003481
2837995 8153681
9540727 7180974
1484203 5901182
7059746 2736708
6967478 5979032
882034 85660
8938244 9026615
1826078 7624456
9773700 4214158
7833898 7906492
7722238 6770834
3064515 6543520
4666120 7450431
5506022 6967849
9309197 5838476
8524041 863485
9642589 7384410
8514013 9616215
5879600 5114068
976230 5388523
6480436 8585227
8094041 3768865
9370998 8456439
4216965 6774368
3566135 5844850
6384603 8615280
1889517 7810277
4208699 5796647
7183780 8158609
1228149 1573895
7853361 7034255
8202864 8634936
6470416 9002767
7329260 6028692
8978538 9021504
6794189 8077179
4079637 7344085
9119877 5820326
9215329 2153121
8412444 9649926
9119809 2148510
6739863 289315
1878030 4474701
499617 8847871
9398028 880268
318193 2787517
8927653 1252445
9510822 3200018
1500699 3544643
8453396 6599163
3546472 7768086
4904371 6240983
9673512 7128303
8586926 2115179
9942649 3237043
9478182 6333737
7458291 4157111
8442680 628003
3943843 8707088
7245519 8264834
5478132 7831750
5150214 142798
9769490 3581909
9742670 7611637
8224272 1814897
7287009 2041971
461392 3553618
6773147 8486268
3672101 8856705
2342038 9958110
1066312 5992300
999007 8680555
8949601 1866193
7035556 9356393
2667299 7607555
3629907 2023150
7395340 3762640
1669617 9457516
6429072 1529700
1682859 8059752
917786 5180893
5971295 5137674
3257691 5222051
5657136 6475298
2464718 8939795
5522270 2645341
9665393 7682768
2447660 4231260
7637567 2687918
3133646 3677604
56706 997253
9008693 2775056
752512 1911736
6042677 6241454
5186919 7466236
8094177 4370729
4092559 6042042
5064366 5626921
6350119 2774353
2435896 5168194
9170411 9600642
1512881 4210183
8788934 3727510
1679084 5169658
4514141 6328909
1922960 3625557
4144245 1934374
6950655 8935202
5573082 6177630
8001470 7900774
3111987 9822743
2992598 5776737
2091357 3160836
5071197 2547911
3439045 6196307
2017207 3048904
1636558 7942667
902827 232752
212314 7587350
2111549 6280336
3487589 3221439
9562465 6913884
2161882 3988890
6708418 3574549
8271903 909329
5364880 2244965
8043871 4953109
4173707 7887183
2634331 4533715
5368205 9590958
7839085 3197998
5450731 2925580
576463 9565162
6555149 1913134
1351120 8904556
4583886 9430036
9189705 2225512
2305011 5564525
6874418 4628044
2394132 732146
9407477 7742178
5004743 4134239
760676 9893810
5559402 9757167
3812196 3926871
6011454 8735589
6916471 9648881
9830918 4988626
7182355 9701454
4318423 1786077
1731759 8774797
5525235 2973993
4545108 6645923
8781207 2963035
1106210 7936832
510034 7139373
9943054 8104509
9097144 6773190
9659171 2145015
8693116 1266583
2913548 7167534
2163049 891931
1513785 8940040
3712681 534098
852306 3260092
8644141 1288218
9151690 1266508
2364922 6907432
598534 3157322
9054511 212820
5364564 6471839
8144797 6543268
2879285 9784424
733360 2486158
5214430 5256827
7156484 9551334
3178977 9309659
442179 8165893
2419899 3313639
7029431 5813127
626228 9375683
3060080 5433173
4954771 3928222
110991 4087765
8306243 3400575
5560026 6952498
6821983 7780857
1733555 5363331
9114682 8059478
1078436 8657244
4039046 1814068
5229370 3300721
727013 6850371
3592165 3720422
5943358 9317977
5019219 4134382
8770701 5040052
6423672 2921089
6883254 8949247
5970699 8396559
6065049 6071028
9485470 2731355
3022530 9956011
8104253 7752759
8658538 4960775
2315636 6149292
3551760 7185408
2583131 8672543
3650170 7470216
9855136 2052697
6332344 6640838
6971696 1423282
9756013 5467744
298338 2919544
5502490 2118998
1874091 7195867
5968756 2543609
5513461 8569260
592406 6660565
2498829 5060532
7720285 5082027
3418573 7500832
2894229 411990
8169708 1864750
4817968 5140897
5893125 4148583
588071 7367535
1409000 6116014
1349860 8192615
3924930 8587289
2040759 6720536
9503166 8829045
216899 9630568
6292170 751597
7644379 6291668
2126471 1817238
6599599 3405857
4594618 7995436
7791363 1401770
2004512 1612402
534500 723936
1450997 8473504
2690357 6040885
2259312 5867477
4828095 9665022
4749066 6600132
9142372 338542
8616185 5949544
4075600 9656853
2259255 121852
6167889 4809793
73995 510121
169190 5725135
2492576 2938321
769234 5138801
4598594 6095378
7776536 3706328
9535922 7448576
1440370 3667802
2884458 5043344
3427221 2570595
5471258 2224100
6028730 6418754
1332004 4711497
8576151 4280860
8592000 6105294
3189596 863495
1629153 1814192
4744056 5166912
2729851 4339559
2807717 1756889
1332639 3082643
5699990 5805333
1122747 8192598
3037589 639230
6298409 2231302
9727611 607571
9363926 8408504
1047690 975120
7366454 1413569
9923660 8305871
4482007 1939591
1167840 5189032
1712745 9864147
3026807 9520726
8927335 8467996
4632516 8888525
7852760 9822053
5831761 6295712
9738464 1952052
2596064 4807316
2957430 1179907
1554234 2232410
7225046 2120435
6770787 8092905
5179992 8439624
6673266 2456854
7177318 4641656
5645068 6221984
9191953 8187921
8188623 7836433
7859563 2948692
5205020 6500896
4550130 486407
8474602 5634115
2900023 7083414
7986098 3220586
3826899 2857683
1172569 5903959
2466603 5239422
7758826 8698874
7765397 8547185
6908972 3153519
9058215 485906
1005952 7406211
1054368 6033948
9233346 5511753
1371664 8232756
302601 7216116
4893363 2707432
1455312 5879696
7227069 8142075
5346882 5513647
1178397 2444909
9876478 194297
6342239 8775899
3238577 1063913
6072812 4021607
9995079 8094696
2683533 682774
5415347 4738282
4354313 58665
6568934 5890758
5701226 1681432
2393452 643348
4239657 1761172
5527848 524654
1529440 839439
4791759 8169394
929385 3780215
3371144 3352229
253373 1868875
8572079 6793377
566207 6964849
6165584 2872596
4179629 4553990
1907699 5468311
3940029 2091455
6944127 7415836
3807217 987616
8080447 5033536
8427782 5783626
2373956 8110343
7477018 6628757
7650386 1819654
9802762 2215369
8653439 2224124
6054880 6728860
8081431 6376628
5270528 249438
7861953 9586948
229580 2307169
2433504 1011856
9156508 1928896
195486 9094745
1868615 7484955
3172968 3466494
4260167 5015218
1080487 7934614
1084654 928407
1926990 1270173
3298769 9489927
810014 6305494
9772363 4406570
6122108 6167575
9618546 6135640
2825250 7500354
8782643 395796
812372 7487339
4785481 4620456
1388889 1977223
6429076 5801089
1664379 7372189
3229600 6636553
5902644 4149944
4054931 1063250
4943103 6403472
1251811 2012005
6029368 1154797
5958190 4891400
7594866 5276722
6379088 254799
1426855 4028817
9730699 668487
3704177 8097735
7122886 3399413
3705117 856456
8482909 2538139
5067127 3654739
3995974 2610248
7483811 5426558
9695160 8918217
6186330 5220446
353676 1970693
8521722 5492161
5659326 5361252
3587408 6881126
8889850 3688661
4485149 4831330
9681642 2547003
6035487 9545920
2142453 6503647
9310436 307309
7191071 1951107
4372791 7487436
7673163 3118947
2679208 9665418
1643358 3923819
5395306 2615041
3495222 6396917
6454916 3909933
1753598 2368843
8803671 2261715
8224577 427011
8149922 8995742
7208852 8526099
9643266 9393697
6650364 5749501
8084800 4399657
5399900 7899701
719223 7549010
4545702 7349382
5133248 5675232
6196747 5105857
9460694 8508922
6741964 489088
2030152 8496187
6011382 772824
9701471 4183957
4852083 5955800
6734252 8671000
2159239 6009787
6053755 6405147
4352814 1404777
1262069 4641240
6022822 4453913
8919540 8635781
2589886 9639353
9463587 6565168
2429300 6589640
370461 5268384
877429 5900394
68789 995312
4593208 5709204
5945720 7999510
7873008 3517490
4994491 5506809
8326551 3357252
8813678 2068709
1219342 1850405
8914696 7106732
9289088 4331966
948210 921999
7792863 7324444
3267258 6148019
3287868 7458102
8135771 7566585
8511891 6973099
1058295 986948
2472778 3330583
8653988 8148700
4660007 6168160
909485 80897
9375767 5422515
3443824 2953877
7174134 2806105
8579280 8217019
6104559 5377956
5528987 6298167
9377941 3613546
2331610 8103284
3390384 5111415
4349979 6459754
2527243 7369648
4712239 8623655
7759970 8128913
7348173 3505858
6646374 4487354
640653 5643421
1048929 746359
1208597 733952
6738392 5255513
9448865 8516568
8558437 2727865
4998822 3638330
6651560 8110154
55091 9070318
2450602 2209601
7617992 8018504
3060894 2710528
8470795 7578203
8208904 7496918
7189339 6303608
9020655 4109521
990031 3184080
9115675 7909848
4087139 7056262
757510 7011670
6375583 9701021
7134968 8377707
7592018 9873721
7528022 9908878
7669843 9132735
4012723 5330913
7991372 4376201
6923924 9541977
3212459 5109686
5611561 337362
4850008 786651
5820469 8882437
1986687 3414278
3302678 4609786
2342347 6954443
2155405 3445215
5315431 1767849
1560223 6703392
5864951 5090790
1033195 7484528
4927172 2337414
4571189 2757250
5036845 4593047
9393714 821209
2639594 9975142
3001014 8811129
9447795 5518438
3359387 3878721
745586 8765565
7289095 5293690
8357812 6565475
4544862 9028704
5907874 1913784
5544739 1221222
6099094 6074889
4318751 4999371
6467402 9474569
6247029 4114492
1232494 1164747
656489 7391987
9970265 327269
8727690 820212
1678521 5827612
9278218 4577386
7958004 6972073
9464078 9297849
9069855 6660544
9735969 4131136
4753461 9705917
9783631 3978670
6394593 22668
9115563 9040017
3086669 3364162
2474551 3061338
4501280 8144821
320690 7009244
6346052 1791201
8193731 2087074
9905376 9668272
8480935 8603330
3240032 2564558
8655278 3876616
2928094 7706890
572865 1624352
2570887 593624
9544921 5327713
9210176 9968331
748009 2527287
4340044 5234108
1429009 4256557
3781807 2280675
4148484 508971
2867966 7133524
1642939 186631
2884254 1649317
1335424 7437329
5327333 5123052
8560329 7865375
7773136 3269153
8890648 5729978
251036 1666954
8604173 5076962
552331 4846657
4620965 5984108
252203 4326089
2588368 3422856
320202 9898753
2977447 2709977
5133131 3484427
8998422 2951829
3184471 2313953
9837841 6422869
4681443 946685
7152798 6117686
7885498 380845
7533879 6095797
3264246 9414481
2567634 3545571
2309799 3990230
4597357 9249056
5850082 6038734
8874524 8626456
7299117 3215494
1028118 7022430
2517902 3912859
9469097 2883634
5333868 3037420
2768535 8192949
7380028 6924192
1833236 6199502
6122368 2611991
8433182 6258506
7809202 697012
8506044 8910157
6300795 5703577
7446488 5693394
2223616 5021365
4476508 3610231
7366182 746556
5472946 7945125
7036901 7797076
3159812 1583239
7387999 5412860
4394487 7392208
438640 41535
4315322 4848708
8134948 8140439
2185383 8672851
5665116 1154577
9023065 3130843
3542181 164598
247098 367738
3362354 2322783
2263431 5223214
3458723 1477924
7723315 8704435
5199695 702362
7858713 4094840
4755536 76743
7062467 6569754
1579254 7853918
246248 7224676
1223146 6224963
5489871 7773036
4251375 173795
7346028 9829774
1909974 7724952
1519022 8934308
3557006 2778658
1961476 9483240
9479527 8952039
4170465 6516020
4341548 2404424
5316164 3479850
5627573 5878466
4889165 6113365
6737315 1895419
9893403 8249466
3703770 9107948
747748 5802482
7206232 6204819
4566707 368961
5519503 6757609
7537479 4803
7075985 5778591
6362190 9836845
9177049 4831296
3992852 7295675
1458604 4614059
3624212 3396470
6614522 4736686
5452823 2844578
230371 6873724
7933783 8189056
287494 9954341
6232 3428724
6389491 3661500
9741643 7167855
1063262 7815494
9283845 8737525
8247143 5853988
6827857 1795017
9624468 7749454
1258424 5117423
8464833 5498665
3436665 7129151
1795232 2522967
3527159 7685888
1640883 1124127
4511711 5874392
5750511 5675476
902118 6803410
3701616 5243739
8329759 8966088
82089 6707712
9179704 7584635
6055633 449635
6716309 4530431
9265221 4097177
7052985 8025610
9346364 8981540
1309428 5812345
6367535 8955326
1659157 2176935
2759009 3339177
1352017 2188443
1265770 2065053
7522630 1233006
1873882 6153092
9627199 4470956
9030948 5327143
6046275 5576161
9578630 7820350
2590510 8316281
6758075 685887
1371103 7738610
1247440 9616885
696060 2032348
8053096 2643456
2023229 7806639
482754 4222662
335500 7292257
9803018 8255154
3643617 1806915
772729 1035736
2139287 4525372
6615525 5290608
2834188 4499018
5267699 1919916
8642137 9664281
7492027 945100
8686695 7041464
2323195 3469840
4077396 4581894
6365004 6312900
7560305 3835581
6254992 8851394
4399611 8330072
5165344 3121477
712615 139347
8744755 8526072
8712701 4617346
2094929 9595795
6209607 7454878
538928 2184834
9680226 6051235
8246514 7089054
2479855 6240225
3690622 7955759
5056566 6538565
3920776 6908422
1507669 2482191
5201892 4743163
9236969 6277103
1326358 1092845
394920 7352842
1649005 9188342
5219292 8834309
5903081 1720078
8644967 2251754
8651764 5928893
9196012 4934751
7379546 6537897
9500150 7020037
5002696 5753264
3115992 9653038
5799258 9305095
7260921 6560377
7975684 6095669
7662522 1151537
2681506 6852842
5291915 2421476
1951939 3106854
3868310 6848791
929768 7601104
8185862 4771914
2539339 2944092
1227627 472348
4538461 7584562
6862830 1254517
3707911 4219504
5455057 1660497
8001657 2299599
222267 9843901
3894902 7460839
4116171 3333594
2772780 6948919
7777850 3360793
792975 1078210
2234766 5613608
1319922 7722155
8558013 7914464
1248946 8168148
6847631 7879579
8042550 6254987
6175196 9572782
603211 1691366
8169260 2025681
8797698 7488185
3341607 5903871
7169253 9566877
2965986 9157655
4529230 1226428
8823444 6784559
2677352 2728957
3820611 5925259
3829226 7027870
7723829 4633550
6320220 9325376
5093892 8808813
8916587 2658229
2250793 4426493
2794107 8195889
8418042 5101476
3344425 3074347
5824814 9086168
7811477 6401202
867722 7484482
4345486 6018123
8675213 588498
5907687 6981488
7121110 3624831
4326601 6311536
7933939 580810
3390806 6636064
863746 875301
80823 3981189
1771169 7024647
6991885 5899629
8418786 1424847
4743001 9996690
5998487 966149
8915614 9072495
2867706 7270087
9166129 7873098
56159 2284738
5826334 2414178
9803865 2270767
8753248 7855562
8169709 3980251
4291000 9599903
4029105 1818526
1516321 7182589
3039339 2753135
2699946 533595
733646 5069040
8509188 355493
8619185 8025717
6896713 5723539
8389717 5438571
3264887 8300999
9979628 2520021
368474 4162307
1119422 4382891
6140070 49837
2658267 3006005
4273957 3472117
9698194 9802248
9268305 1034782
7327526 6599506
550166 7187592
500477 6006792
6782986 288487
5242967 1904239
1109301 8035374
4563924 7713620
8924652 1625160
8166081 6574985
9431770 3877479
5547278 323538
7177174 7383665
6116092 8047605
813735 7567998
3293300 920131
685136 5814926
4341609 927712
8816120 7820899
2433408 5483286
4422333 4112851
706275 6895511
2958183 5211583
9467997 5994330
4169902 9923959
8724859 9163674
2677078 5821192
8282605 3496462
113181 3295665
7684438 6516107
5620393 1766490
2878116 2651712
5030364 8122716
355970 5049997
8580594 3744818
4108513 8579897
6451550 9221791
1055242 4497703
102451 1641917
1021089 4047379
4096794 5595499
6502135 1826360
6884849 408113
389491 6766745
4234125 4060993
5179277 3836094
9890739 9225800
7604106 4696931
4200254 9825281
1644699 8962483
8803486 6401831
9598491 1046981
147672 2141938
4725172 3327974
2995677 6443966
6088717 1206640
8154546 2280703
1106976 8111827
9532467 2916308
1379686 654794
378402 263970
7551089 5915854
553589 58951
7272658 694454
4697203 7470473
8745540 729219
7817213 9841406
9203602 3315056
3559653 7761796
5043222 874286
3960614 5695112
5354551 8749393
7757883 3133146
26838 7001333
6862970 4536471
6124878 7003551
5871748 7595829
6731602 1307370
8157922 2650150
1685406 8733728
4525284 3961446
1140567 5008384
9045118 2896956
9389254 6937523
6145665 3125188
366457 4766596
8887246 6682561
9906546 8497141
4009119 2291830
9660642 8590931
8254869 7998555
6203166 6312085
9834038 5872182
1097800 1156589
7824810 9978568
3909349 6765646
1904783 1993244
1996982 1146496
3541389 5729525
6161625 3360726
916175 5324239
8758101 1486037
3156070 4821997
5926522 3051906
7412623 7113182
9536085 8030860
3556618 303810
6840286 8477104
8397130 1960223
6231943 3848017
8884889 4559653
6343257 4258168
1018975 6579531
6471001 3084125
8616732 150004
1590674 4272117
9006062 7693100
9091884 5403480
1155911 298767
2328021 6881207
6452722 3485911
6368267 9551745
5687137 4998780
7395478 4129390
3822895 8580034
4717753 7724177
4448528 2580291
1990490 5947695
4980454 8705667
2211218 9201621
5834111 9400623
1625724 2266144
1271225 4804534
7923247 3438555
1298258 6239971
8004037 5126492
778530 8497117
3611284 5797226
2203564 7391414
3874986 228498
5807067 6693328
4383298 4224406
6996739 5536731
2750362 4919145
4803847 4437603
5346731 1693102
3381107 2677852
1001523 4560482
6937084 5157005
7955790 1397955
8050739 8896569
8619024 8384085
4763942 7899581
7011560 7702081
9865559 7099829
3551044 135033
381775 2208267
1084870 8989210
9535112 6905184
7219662 2761425
6471491 8346918
7885410 6692584
1546897 1245965
7759589 9374866
8355517 2802273
6690595 8731885
5799377 6742071
3807041 32324
671885 322851
761605 5950419
8380127 5201440
6649001 9394691
9205427 5966040
4857964 6162331
2344607 5010211
5960663 6383569
6796815 1042332
7767364 6170029
7060790 9044693
18772 9351096
2963248 3455202
2343288 5661686
6664490 3701921
4455697 778946
600240 5482418
7921511 2192143
3477037 9214956
2687871 9397601
1656723 8521999
8167362 4080940
1538999 3943066
9708430 2176867
6477129 7417879
7210210 4200675
743590 1353943
1388827 558530
3041016 2532406
4212452 9576388
5829568 6605706
387195 6514727
4952749 387389
2626424 2483872
5582463 8931695
7316913 8060534
1523704 5132547
438904 8698025
2680920 1777580
4819410 5617394
3666945 7767241
9874868 8406088
8121028 5808642
3339774 5445621
6231176 8994552
1882672 858486
3427313 8159752
7486689 5415706
8368976 3887959
589220 8905397
7591478 8969197
8788879 5224434
1361296 8211703
880500 8147720
646767 4263783
6994251 9840719
9721674 5369677
904237 1690238
4942310 9360709
7922155 4852812
8279344 661399
4919165 279682
3039172 9214329
4335669 7538719
6845481 7767912
4908823 9976972
8201956 2590025
9205175 9941538
591589 6649355
1221611 6605101
8956776 796959
6464649 8119777
281360 4177233
9299137 1570556
3586864 6734043
2006658 8176108
1906 235666
9652414 5317066
2841619 2099122
4147165 2482907
71769 8438873
1683443 7239077
9904910 1565496
4961998 9058762
5518516 8811848
5019025 6085048
2088906 6178741
6344536 1648835
9826848 4958196
6470639 4228268
5828768 263990
9424430 7010576
8478595 1841498
8761749 3117707
4962944 2556213
4356330 7458300
9998161 2474273
7407601 4910420
2376694 3121545
8709692 397349
2177830 2902086
8159386 4313718
5569843 2792378
9808108 3335627
5655494 574269
2345505 6708713
8875654 4646355
778059 9353322
5303481 9674955
64002 7150093
3035960 1346701
9693726 1284028
2940237 1285308
4808796 3341645
1866100 5686924
3630292 2030812
557723 5046091
9154116 3114520
4116585 2568828
7563779 530282
3991670 7172867
839030 6442579
7928584 2096125
1418520 9042338
4813074 3836042
9518806 7848148
7049384 1931261
1224125 6541786
6023894 5082827
3471918 6984031
723350 4728443
8705262 4393224
3792825 6515829
676345 6654072
5780859 9437246
2096378 6457439
1149496 5806105
1144311 4694532
211553 9363947
6279342 733725
3059090 737318
297694 4336395
5658807 1129602
910905 5089810
5461885 3728126
2277664 58272
3465424 1022110
2474642 7246019
7308147 579834
484705 9998321
3262895 2358535
6468455 9289510
8243992 6705792
197177 9097714
6281041 5788858
7658760 6494698
3364316 4509333
61331 9972929
4964522 2207360
5470586 896940
5758946 4038610
2141997 5359687
8322386 6371308
2344372 9679381
1829314 3162539
7196139 5566580
1923596 372460
8610370 1521729
2240674 9531839
9678988 6156644
268689 7285091
6017857 4589172
939662 6541146
2724459 9316594
2451893 1109995
7682285 4732114
5857280 3465540
4563819 3926701
844188 201418
4270012 8681640
2495241 8452946
4919966 9908667
5605615 6799008
9171658 9704551
8848911 7967675
7285592 6160913
4598050 9707642
5431295 4505223
3119470 2482559
