5000 2000
5000 1
4999 2
4998 3
4997 4
4996 5
4995 6
4994 7
4993 8
4992 9
4991 10
4990 11
4989 12
4988 13
4987 14
4986 15
4985 16
4984 17
4983 18
4982 19
4981 20
4980 21
4979 22
4978 23
4977 24
4976 25
4975 26
4974 27
4973 28
4972 29
4971 30
4970 31
4969 32
4968 33
4967 34
4966 35
4965 36
4964 37
4963 38
4962 39
4961 40
4960 41
4959 42
4958 43
4957 44
4956 45
4955 46
4954 47
4953 48
4952 49
4951 50
4950 51
4949 52
4948 53
4947 54
4946 55
4945 56
4944 57
4943 58
4942 59
4941 60
4940 61
4939 62
4938 63
4937 64
4936 65
4935 66
4934 67
4933 68
4932 69
4931 70
4930 71
4929 72
4928 73
4927 74
4926 75
4925 76
4924 77
4923 78
4922 79
4921 80
4920 81
4919 82
4918 83
4917 84
4916 85
4915 86
4914 87
4913 88
4912 89
4911 90
4910 91
4909 92
4908 93
4907 94
4906 95
4905 96
4904 97
4903 98
4902 99
4901 100
4900 101
4899 102
4898 103
4897 104
4896 105
4895 106
4894 107
4893 108
4892 109
4891 110
4890 111
4889 112
4888 113
4887 114
4886 115
4885 116
4884 117
4883 118
4882 119
4881 120
4880 121
4879 122
4878 123
4877 124
4876 125
4875 126
4874 127
4873 128
4872 129
4871 130
4870 131
4869 132
4868 133
4867 134
4866 135
4865 136
4864 137
4863 138
4862 139
4861 140
4860 141
4859 142
4858 143
4857 144
4856 145
4855 146
4854 147
4853 148
4852 149
4851 150
4850 151
4849 152
4848 153
4847 154
4846 155
4845 156
4844 157
4843 158
4842 159
4841 160
4840 161
4839 162
4838 163
4837 164
4836 165
4835 166
4834 167
4833 168
4832 169
4831 170
4830 171
4829 172
4828 173
4827 174
4826 175
4825 176
4824 177
4823 178
4822 179
4821 180
4820 181
4819 182
4818 183
4817 184
4816 185
4815 186
4814 187
4813 188
4812 189
4811 190
4810 191
4809 192
4808 193
4807 194
4806 195
4805 196
4804 197
4803 198
4802 199
4801 200
4800 201
4799 202
4798 203
4797 204
4796 205
4795 206
4794 207
4793 208
4792 209
4791 210
4790 211
4789 212
4788 213
4787 214
4786 215
4785 216
4784 217
4783 218
4782 219
4781 220
4780 221
4779 222
4778 223
4777 224
4776 225
4775 226
4774 227
4773 228
4772 229
4771 230
4770 231
4769 232
4768 233
4767 234
4766 235
4765 236
4764 237
4763 238
4762 239
4761 240
4760 241
4759 242
4758 243
4757 244
4756 245
4755 246
4754 247
4753 248
4752 249
4751 250
4750 251
4749 252
4748 253
4747 254
4746 255
4745 256
4744 257
4743 258
4742 259
4741 260
4740 261
4739 262
4738 263
4737 264
4736 265
4735 266
4734 267
4733 268
4732 269
4731 270
4730 271
4729 272
4728 273
4727 274
4726 275
4725 276
4724 277
4723 278
4722 279
4721 280
4720 281
4719 282
4718 283
4717 284
4716 285
4715 286
4714 287
4713 288
4712 289
4711 290
4710 291
4709 292
4708 293
4707 294
4706 295
4705 296
4704 297
4703 298
4702 299
4701 300
4700 301
4699 302
4698 303
4697 304
4696 305
4695 306
4694 307
4693 308
4692 309
4691 310
4690 311
4689 312
4688 313
4687 314
4686 315
4685 316
4684 317
4683 318
4682 319
4681 320
4680 321
4679 322
4678 323
4677 324
4676 325
4675 326
4674 327
4673 328
4672 329
4671 330
4670 331
4669 332
4668 333
4667 334
4666 335
4665 336
4664 337
4663 338
4662 339
4661 340
4660 341
4659 342
4658 343
4657 344
4656 345
4655 346
4654 347
4653 348
4652 349
4651 350
4650 351
4649 352
4648 353
4647 354
4646 355
4645 356
4644 357
4643 358
4642 359
4641 360
4640 361
4639 362
4638 363
4637 364
4636 365
4635 366
4634 367
4633 368
4632 369
4631 370
4630 371
4629 372
4628 373
4627 374
4626 375
4625 376
4624 377
4623 378
4622 379
4621 380
4620 381
4619 382
4618 383
4617 384
4616 385
4615 386
4614 387
4613 388
4612 389
4611 390
4610 391
4609 392
4608 393
4607 394
4606 395
4605 396
4604 397
4603 398
4602 399
4601 400
4600 401
4599 402
4598 403
4597 404
4596 405
4595 406
4594 407
4593 408
4592 409
4591 410
4590 411
4589 412
4588 413
4587 414
4586 415
4585 416
4584 417
4583 418
4582 419
4581 420
4580 421
4579 422
4578 423
4577 424
4576 425
4575 426
4574 427
4573 428
4572 429
4571 430
4570 431
4569 432
4568 433
4567 434
4566 435
4565 436
4564 437
4563 438
4562 439
4561 440
4560 441
4559 442
4558 443
4557 444
4556 445
4555 446
4554 447
4553 448
4552 449
4551 450
4550 451
4549 452
4548 453
4547 454
4546 455
4545 456
4544 457
4543 458
4542 459
4541 460
4540 461
4539 462
4538 463
4537 464
4536 465
4535 466
4534 467
4533 468
4532 469
4531 470
4530 471
4529 472
4528 473
4527 474
4526 475
4525 476
4524 477
4523 478
4522 479
4521 480
4520 481
4519 482
4518 483
4517 484
4516 485
4515 486
4514 487
4513 488
4512 489
4511 490
4510 491
4509 492
4508 493
4507 494
4506 495
4505 496
4504 497
4503 498
4502 499
4501 500
4500 501
4499 502
4498 503
4497 504
4496 505
4495 506
4494 507
4493 508
4492 509
4491 510
4490 511
4489 512
4488 513
4487 514
4486 515
4485 516
4484 517
4483 518
4482 519
4481 520
4480 521
4479 522
4478 523
4477 524
4476 525
4475 526
4474 527
4473 528
4472 529
4471 530
4470 531
4469 532
4468 533
4467 534
4466 535
4465 536
4464 537
4463 538
4462 539
4461 540
4460 541
4459 542
4458 543
4457 544
4456 545
4455 546
4454 547
4453 548
4452 549
4451 550
4450 551
4449 552
4448 553
4447 554
4446 555
4445 556
4444 557
4443 558
4442 559
4441 560
4440 561
4439 562
4438 563
4437 564
4436 565
4435 566
4434 567
4433 568
4432 569
4431 570
4430 571
4429 572
4428 573
4427 574
4426 575
4425 576
4424 577
4423 578
4422 579
4421 580
4420 581
4419 582
4418 583
4417 584
4416 585
4415 586
4414 587
4413 588
4412 589
4411 590
4410 591
4409 592
4408 593
4407 594
4406 595
4405 596
4404 597
4403 598
4402 599
4401 600
4400 601
4399 602
4398 603
4397 604
4396 605
4395 606
4394 607
4393 608
4392 609
4391 610
4390 611
4389 612
4388 613
4387 614
4386 615
4385 616
4384 617
4383 618
4382 619
4381 620
4380 621
4379 622
4378 623
4377 624
4376 625
4375 626
4374 627
4373 628
4372 629
4371 630
4370 631
4369 632
4368 633
4367 634
4366 635
4365 636
4364 637
4363 638
4362 639
4361 640
4360 641
4359 642
4358 643
4357 644
4356 645
4355 646
4354 647
4353 648
4352 649
4351 650
4350 651
4349 652
4348 653
4347 654
4346 655
4345 656
4344 657
4343 658
4342 659
4341 660
4340 661
4339 662
4338 663
4337 664
4336 665
4335 666
4334 667
4333 668
4332 669
4331 670
4330 671
4329 672
4328 673
4327 674
4326 675
4325 676
4324 677
4323 678
4322 679
4321 680
4320 681
4319 682
4318 683
4317 684
4316 685
4315 686
4314 687
4313 688
4312 689
4311 690
4310 691
4309 692
4308 693
4307 694
4306 695
4305 696
4304 697
4303 698
4302 699
4301 700
4300 701
4299 702
4298 703
4297 704
4296 705
4295 706
4294 707
4293 708
4292 709
4291 710
4290 711
4289 712
4288 713
4287 714
4286 715
4285 716
4284 717
4283 718
4282 719
4281 720
4280 721
4279 722
4278 723
4277 724
4276 725
4275 726
4274 727
4273 728
4272 729
4271 730
4270 731
4269 732
4268 733
4267 734
4266 735
4265 736
4264 737
4263 738
4262 739
4261 740
4260 741
4259 742
4258 743
4257 744
4256 745
4255 746
4254 747
4253 748
4252 749
4251 750
4250 751
4249 752
4248 753
4247 754
4246 755
4245 756
4244 757
4243 758
4242 759
4241 760
4240 761
4239 762
4238 763
4237 764
4236 765
4235 766
4234 767
4233 768
4232 769
4231 770
4230 771
4229 772
4228 773
4227 774
4226 775
4225 776
4224 777
4223 778
4222 779
4221 780
4220 781
4219 782
4218 783
4217 784
4216 785
4215 786
4214 787
4213 788
4212 789
4211 790
4210 791
4209 792
4208 793
4207 794
4206 795
4205 796
4204 797
4203 798
4202 799
4201 800
4200 801
4199 802
4198 803
4197 804
4196 805
4195 806
4194 807
4193 808
4192 809
4191 810
4190 811
4189 812
4188 813
4187 814
4186 815
4185 816
4184 817
4183 818
4182 819
4181 820
4180 821
4179 822
4178 823
4177 824
4176 825
4175 826
4174 827
4173 828
4172 829
4171 830
4170 831
4169 832
4168 833
4167 834
4166 835
4165 836
4164 837
4163 838
4162 839
4161 840
4160 841
4159 842
4158 843
4157 844
4156 845
4155 846
4154 847
4153 848
4152 849
4151 850
4150 851
4149 852
4148 853
4147 854
4146 855
4145 856
4144 857
4143 858
4142 859
4141 860
4140 861
4139 862
4138 863
4137 864
4136 865
4135 866
4134 867
4133 868
4132 869
4131 870
4130 871
4129 872
4128 873
4127 874
4126 875
4125 876
4124 877
4123 878
4122 879
4121 880
4120 881
4119 882
4118 883
4117 884
4116 885
4115 886
4114 887
4113 888
4112 889
4111 890
4110 891
4109 892
4108 893
4107 894
4106 895
4105 896
4104 897
4103 898
4102 899
4101 900
4100 901
4099 902
4098 903
4097 904
4096 905
4095 906
4094 907
4093 908
4092 909
4091 910
4090 911
4089 912
4088 913
4087 914
4086 915
4085 916
4084 917
4083 918
4082 919
4081 920
4080 921
4079 922
4078 923
4077 924
4076 925
4075 926
4074 927
4073 928
4072 929
4071 930
4070 931
4069 932
4068 933
4067 934
4066 935
4065 936
4064 937
4063 938
4062 939
4061 940
4060 941
4059 942
4058 943
4057 944
4056 945
4055 946
4054 947
4053 948
4052 949
4051 950
4050 951
4049 952
4048 953
4047 954
4046 955
4045 956
4044 957
4043 958
4042 959
4041 960
4040 961
4039 962
4038 963
4037 964
4036 965
4035 966
4034 967
4033 968
4032 969
4031 970
4030 971
4029 972
4028 973
4027 974
4026 975
4025 976
4024 977
4023 978
4022 979
4021 980
4020 981
4019 982
4018 983
4017 984
4016 985
4015 986
4014 987
4013 988
4012 989
4011 990
4010 991
4009 992
4008 993
4007 994
4006 995
4005 996
4004 997
4003 998
4002 999
4001 1000
4000 1001
3999 1002
3998 1003
3997 1004
3996 1005
3995 1006
3994 1007
3993 1008
3992 1009
3991 1010
3990 1011
3989 1012
3988 1013
3987 1014
3986 1015
3985 1016
3984 1017
3983 1018
3982 1019
3981 1020
3980 1021
3979 1022
3978 1023
3977 1024
3976 1025
3975 1026
3974 1027
3973 1028
3972 1029
3971 1030
3970 1031
3969 1032
3968 1033
3967 1034
3966 1035
3965 1036
3964 1037
3963 1038
3962 1039
3961 1040
3960 1041
3959 1042
3958 1043
3957 1044
3956 1045
3955 1046
3954 1047
3953 1048
3952 1049
3951 1050
3950 1051
3949 1052
3948 1053
3947 1054
3946 1055
3945 1056
3944 1057
3943 1058
3942 1059
3941 1060
3940 1061
3939 1062
3938 1063
3937 1064
3936 1065
3935 1066
3934 1067
3933 1068
3932 1069
3931 1070
3930 1071
3929 1072
3928 1073
3927 1074
3926 1075
3925 1076
3924 1077
3923 1078
3922 1079
3921 1080
3920 1081
3919 1082
3918 1083
3917 1084
3916 1085
3915 1086
3914 1087
3913 1088
3912 1089
3911 1090
3910 1091
3909 1092
3908 1093
3907 1094
3906 1095
3905 1096
3904 1097
3903 1098
3902 1099
3901 1100
3900 1101
3899 1102
3898 1103
3897 1104
3896 1105
3895 1106
3894 1107
3893 1108
3892 1109
3891 1110
3890 1111
3889 1112
3888 1113
3887 1114
3886 1115
3885 1116
3884 1117
3883 1118
3882 1119
3881 1120
3880 1121
3879 1122
3878 1123
3877 1124
3876 1125
3875 1126
3874 1127
3873 1128
3872 1129
3871 1130
3870 1131
3869 1132
3868 1133
3867 1134
3866 1135
3865 1136
3864 1137
3863 1138
3862 1139
3861 1140
3860 1141
3859 1142
3858 1143
3857 1144
3856 1145
3855 1146
3854 1147
3853 1148
3852 1149
3851 1150
3850 1151
3849 1152
3848 1153
3847 1154
3846 1155
3845 1156
3844 1157
3843 1158
3842 1159
3841 1160
3840 1161
3839 1162
3838 1163
3837 1164
3836 1165
3835 1166
3834 1167
3833 1168
3832 1169
3831 1170
3830 1171
3829 1172
3828 1173
3827 1174
3826 1175
3825 1176
3824 1177
3823 1178
3822 1179
3821 1180
3820 1181
3819 1182
3818 1183
3817 1184
3816 1185
3815 1186
3814 1187
3813 1188
3812 1189
3811 1190
3810 1191
3809 1192
3808 1193
3807 1194
3806 1195
3805 1196
3804 1197
3803 1198
3802 1199
3801 1200
3800 1201
3799 1202
3798 1203
3797 1204
3796 1205
3795 1206
3794 1207
3793 1208
3792 1209
3791 1210
3790 1211
3789 1212
3788 1213
3787 1214
3786 1215
3785 1216
3784 1217
3783 1218
3782 1219
3781 1220
3780 1221
3779 1222
3778 1223
3777 1224
3776 1225
3775 1226
3774 1227
3773 1228
3772 1229
3771 1230
3770 1231
3769 1232
3768 1233
3767 1234
3766 1235
3765 1236
3764 1237
3763 1238
3762 1239
3761 1240
3760 1241
3759 1242
3758 1243
3757 1244
3756 1245
3755 1246
3754 1247
3753 1248
3752 1249
3751 1250
3750 1251
3749 1252
3748 1253
3747 1254
3746 1255
3745 1256
3744 1257
3743 1258
3742 1259
3741 1260
3740 1261
3739 1262
3738 1263
3737 1264
3736 1265
3735 1266
3734 1267
3733 1268
3732 1269
3731 1270
3730 1271
3729 1272
3728 1273
3727 1274
3726 1275
3725 1276
3724 1277
3723 1278
3722 1279
3721 1280
3720 1281
3719 1282
3718 1283
3717 1284
3716 1285
3715 1286
3714 1287
3713 1288
3712 1289
3711 1290
3710 1291
3709 1292
3708 1293
3707 1294
3706 1295
3705 1296
3704 1297
3703 1298
3702 1299
3701 1300
3700 1301
3699 1302
3698 1303
3697 1304
3696 1305
3695 1306
3694 1307
3693 1308
3692 1309
3691 1310
3690 1311
3689 1312
3688 1313
3687 1314
3686 1315
3685 1316
3684 1317
3683 1318
3682 1319
3681 1320
3680 1321
3679 1322
3678 1323
3677 1324
3676 1325
3675 1326
3674 1327
3673 1328
3672 1329
3671 1330
3670 1331
3669 1332
3668 1333
3667 1334
3666 1335
3665 1336
3664 1337
3663 1338
3662 1339
3661 1340
3660 1341
3659 1342
3658 1343
3657 1344
3656 1345
3655 1346
3654 1347
3653 1348
3652 1349
3651 1350
3650 1351
3649 1352
3648 1353
3647 1354
3646 1355
3645 1356
3644 1357
3643 1358
3642 1359
3641 1360
3640 1361
3639 1362
3638 1363
3637 1364
3636 1365
3635 1366
3634 1367
3633 1368
3632 1369
3631 1370
3630 1371
3629 1372
3628 1373
3627 1374
3626 1375
3625 1376
3624 1377
3623 1378
3622 1379
3621 1380
3620 1381
3619 1382
3618 1383
3617 1384
3616 1385
3615 1386
3614 1387
3613 1388
3612 1389
3611 1390
3610 1391
3609 1392
3608 1393
3607 1394
3606 1395
3605 1396
3604 1397
3603 1398
3602 1399
3601 1400
3600 1401
3599 1402
3598 1403
3597 1404
3596 1405
3595 1406
3594 1407
3593 1408
3592 1409
3591 1410
3590 1411
3589 1412
3588 1413
3587 1414
3586 1415
3585 1416
3584 1417
3583 1418
3582 1419
3581 1420
3580 1421
3579 1422
3578 1423
3577 1424
3576 1425
3575 1426
3574 1427
3573 1428
3572 1429
3571 1430
3570 1431
3569 1432
3568 1433
3567 1434
3566 1435
3565 1436
3564 1437
3563 1438
3562 1439
3561 1440
3560 1441
3559 1442
3558 1443
3557 1444
3556 1445
3555 1446
3554 1447
3553 1448
3552 1449
3551 1450
3550 1451
3549 1452
3548 1453
3547 1454
3546 1455
3545 1456
3544 1457
3543 1458
3542 1459
3541 1460
3540 1461
3539 1462
3538 1463
3537 1464
3536 1465
3535 1466
3534 1467
3533 1468
3532 1469
3531 1470
3530 1471
3529 1472
3528 1473
3527 1474
3526 1475
3525 1476
3524 1477
3523 1478
3522 1479
3521 1480
3520 1481
3519 1482
3518 1483
3517 1484
3516 1485
3515 1486
3514 1487
3513 1488
3512 1489
3511 1490
3510 1491
3509 1492
3508 1493
3507 1494
3506 1495
3505 1496
3504 1497
3503 1498
3502 1499
3501 1500
3500 1501
3499 1502
3498 1503
3497 1504
3496 1505
3495 1506
3494 1507
3493 1508
3492 1509
3491 1510
3490 1511
3489 1512
3488 1513
3487 1514
3486 1515
3485 1516
3484 1517
3483 1518
3482 1519
3481 1520
3480 1521
3479 1522
3478 1523
3477 1524
3476 1525
3475 1526
3474 1527
3473 1528
3472 1529
3471 1530
3470 1531
3469 1532
3468 1533
3467 1534
3466 1535
3465 1536
3464 1537
3463 1538
3462 1539
3461 1540
3460 1541
3459 1542
3458 1543
3457 1544
3456 1545
3455 1546
3454 1547
3453 1548
3452 1549
3451 1550
3450 1551
3449 1552
3448 1553
3447 1554
3446 1555
3445 1556
3444 1557
3443 1558
3442 1559
3441 1560
3440 1561
3439 1562
3438 1563
3437 1564
3436 1565
3435 1566
3434 1567
3433 1568
3432 1569
3431 1570
3430 1571
3429 1572
3428 1573
3427 1574
3426 1575
3425 1576
3424 1577
3423 1578
3422 1579
3421 1580
3420 1581
3419 1582
3418 1583
3417 1584
3416 1585
3415 1586
3414 1587
3413 1588
3412 1589
3411 1590
3410 1591
3409 1592
3408 1593
3407 1594
3406 1595
3405 1596
3404 1597
3403 1598
3402 1599
3401 1600
3400 1601
3399 1602
3398 1603
3397 1604
3396 1605
3395 1606
3394 1607
3393 1608
3392 1609
3391 1610
3390 1611
3389 1612
3388 1613
3387 1614
3386 1615
3385 1616
3384 1617
3383 1618
3382 1619
3381 1620
3380 1621
3379 1622
3378 1623
3377 1624
3376 1625
3375 1626
3374 1627
3373 1628
3372 1629
3371 1630
3370 1631
3369 1632
3368 1633
3367 1634
3366 1635
3365 1636
3364 1637
3363 1638
3362 1639
3361 1640
3360 1641
3359 1642
3358 1643
3357 1644
3356 1645
3355 1646
3354 1647
3353 1648
3352 1649
3351 1650
3350 1651
3349 1652
3348 1653
3347 1654
3346 1655
3345 1656
3344 1657
3343 1658
3342 1659
3341 1660
3340 1661
3339 1662
3338 1663
3337 1664
3336 1665
3335 1666
3334 1667
3333 1668
3332 1669
3331 1670
3330 1671
3329 1672
3328 1673
3327 1674
3326 1675
3325 1676
3324 1677
3323 1678
3322 1679
3321 1680
3320 1681
3319 1682
3318 1683
3317 1684
3316 1685
3315 1686
3314 1687
3313 1688
3312 1689
3311 1690
3310 1691
3309 1692
3308 1693
3307 1694
3306 1695
3305 1696
3304 1697
3303 1698
3302 1699
3301 1700
3300 1701
3299 1702
3298 1703
3297 1704
3296 1705
3295 1706
3294 1707
3293 1708
3292 1709
3291 1710
3290 1711
3289 1712
3288 1713
3287 1714
3286 1715
3285 1716
3284 1717
3283 1718
3282 1719
3281 1720
3280 1721
3279 1722
3278 1723
3277 1724
3276 1725
3275 1726
3274 1727
3273 1728
3272 1729
3271 1730
3270 1731
3269 1732
3268 1733
3267 1734
3266 1735
3265 1736
3264 1737
3263 1738
3262 1739
3261 1740
3260 1741
3259 1742
3258 1743
3257 1744
3256 1745
3255 1746
3254 1747
3253 1748
3252 1749
3251 1750
3250 1751
3249 1752
3248 1753
3247 1754
3246 1755
3245 1756
3244 1757
3243 1758
3242 1759
3241 1760
3240 1761
3239 1762
3238 1763
3237 1764
3236 1765
3235 1766
3234 1767
3233 1768
3232 1769
3231 1770
3230 1771
3229 1772
3228 1773
3227 1774
3226 1775
3225 1776
3224 1777
3223 1778
3222 1779
3221 1780
3220 1781
3219 1782
3218 1783
3217 1784
3216 1785
3215 1786
3214 1787
3213 1788
3212 1789
3211 1790
3210 1791
3209 1792
3208 1793
3207 1794
3206 1795
3205 1796
3204 1797
3203 1798
3202 1799
3201 1800
3200 1801
3199 1802
3198 1803
3197 1804
3196 1805
3195 1806
3194 1807
3193 1808
3192 1809
3191 1810
3190 1811
3189 1812
3188 1813
3187 1814
3186 1815
3185 1816
3184 1817
3183 1818
3182 1819
3181 1820
3180 1821
3179 1822
3178 1823
3177 1824
3176 1825
3175 1826
3174 1827
3173 1828
3172 1829
3171 1830
3170 1831
3169 1832
3168 1833
3167 1834
3166 1835
3165 1836
3164 1837
3163 1838
3162 1839
3161 1840
3160 1841
3159 1842
3158 1843
3157 1844
3156 1845
3155 1846
3154 1847
3153 1848
3152 1849
3151 1850
3150 1851
3149 1852
3148 1853
3147 1854
3146 1855
3145 1856
3144 1857
3143 1858
3142 1859
3141 1860
3140 1861
3139 1862
3138 1863
3137 1864
3136 1865
3135 1866
3134 1867
3133 1868
3132 1869
3131 1870
3130 1871
3129 1872
3128 1873
3127 1874
3126 1875
3125 1876
3124 1877
3123 1878
3122 1879
3121 1880
3120 1881
3119 1882
3118 1883
3117 1884
3116 1885
3115 1886
3114 1887
3113 1888
3112 1889
3111 1890
3110 1891
3109 1892
3108 1893
3107 1894
3106 1895
3105 1896
3104 1897
3103 1898
3102 1899
3101 1900
3100 1901
3099 1902
3098 1903
3097 1904
3096 1905
3095 1906
3094 1907
3093 1908
3092 1909
3091 1910
3090 1911
3089 1912
3088 1913
3087 1914
3086 1915
3085 1916
3084 1917
3083 1918
3082 1919
3081 1920
3080 1921
3079 1922
3078 1923
3077 1924
3076 1925
3075 1926
3074 1927
3073 1928
3072 1929
3071 1930
3070 1931
3069 1932
3068 1933
3067 1934
3066 1935
3065 1936
3064 1937
3063 1938
3062 1939
3061 1940
3060 1941
3059 1942
3058 1943
3057 1944
3056 1945
3055 1946
3054 1947
3053 1948
3052 1949
3051 1950
3050 1951
3049 1952
3048 1953
3047 1954
3046 1955
3045 1956
3044 1957
3043 1958
3042 1959
3041 1960
3040 1961
3039 1962
3038 1963
3037 1964
3036 1965
3035 1966
3034 1967
3033 1968
3032 1969
3031 1970
3030 1971
3029 1972
3028 1973
3027 1974
3026 1975
3025 1976
3024 1977
3023 1978
3022 1979
3021 1980
3020 1981
3019 1982
3018 1983
3017 1984
3016 1985
3015 1986
3014 1987
3013 1988
3012 1989
3011 1990
3010 1991
3009 1992
3008 1993
3007 1994
3006 1995
3005 1996
3004 1997
3003 1998
3002 1999
3001 2000
3000 2001
2999 2002
2998 2003
2997 2004
2996 2005
2995 2006
2994 2007
2993 2008
2992 2009
2991 2010
2990 2011
2989 2012
2988 2013
2987 2014
2986 2015
2985 2016
2984 2017
2983 2018
2982 2019
2981 2020
2980 2021
2979 2022
2978 2023
2977 2024
2976 2025
2975 2026
2974 2027
2973 2028
2972 2029
2971 2030
2970 2031
2969 2032
2968 2033
2967 2034
2966 2035
2965 2036
2964 2037
2963 2038
2962 2039
2961 2040
2960 2041
2959 2042
2958 2043
2957 2044
2956 2045
2955 2046
2954 2047
2953 2048
2952 2049
2951 2050
2950 2051
2949 2052
2948 2053
2947 2054
2946 2055
2945 2056
2944 2057
2943 2058
2942 2059
2941 2060
2940 2061
2939 2062
2938 2063
2937 2064
2936 2065
2935 2066
2934 2067
2933 2068
2932 2069
2931 2070
2930 2071
2929 2072
2928 2073
2927 2074
2926 2075
2925 2076
2924 2077
2923 2078
2922 2079
2921 2080
2920 2081
2919 2082
2918 2083
2917 2084
2916 2085
2915 2086
2914 2087
2913 2088
2912 2089
2911 2090
2910 2091
2909 2092
2908 2093
2907 2094
2906 2095
2905 2096
2904 2097
2903 2098
2902 2099
2901 2100
2900 2101
2899 2102
2898 2103
2897 2104
2896 2105
2895 2106
2894 2107
2893 2108
2892 2109
2891 2110
2890 2111
2889 2112
2888 2113
2887 2114
2886 2115
2885 2116
2884 2117
2883 2118
2882 2119
2881 2120
2880 2121
2879 2122
2878 2123
2877 2124
2876 2125
2875 2126
2874 2127
2873 2128
2872 2129
2871 2130
2870 2131
2869 2132
2868 2133
2867 2134
2866 2135
2865 2136
2864 2137
2863 2138
2862 2139
2861 2140
2860 2141
2859 2142
2858 2143
2857 2144
2856 2145
2855 2146
2854 2147
2853 2148
2852 2149
2851 2150
2850 2151
2849 2152
2848 2153
2847 2154
2846 2155
2845 2156
2844 2157
2843 2158
2842 2159
2841 2160
2840 2161
2839 2162
2838 2163
2837 2164
2836 2165
2835 2166
2834 2167
2833 2168
2832 2169
2831 2170
2830 2171
2829 2172
2828 2173
2827 2174
2826 2175
2825 2176
2824 2177
2823 2178
2822 2179
2821 2180
2820 2181
2819 2182
2818 2183
2817 2184
2816 2185
2815 2186
2814 2187
2813 2188
2812 2189
2811 2190
2810 2191
2809 2192
2808 2193
2807 2194
2806 2195
2805 2196
2804 2197
2803 2198
2802 2199
2801 2200
2800 2201
2799 2202
2798 2203
2797 2204
2796 2205
2795 2206
2794 2207
2793 2208
2792 2209
2791 2210
2790 2211
2789 2212
2788 2213
2787 2214
2786 2215
2785 2216
2784 2217
2783 2218
2782 2219
2781 2220
2780 2221
2779 2222
2778 2223
2777 2224
2776 2225
2775 2226
2774 2227
2773 2228
2772 2229
2771 2230
2770 2231
2769 2232
2768 2233
2767 2234
2766 2235
2765 2236
2764 2237
2763 2238
2762 2239
2761 2240
2760 2241
2759 2242
2758 2243
2757 2244
2756 2245
2755 2246
2754 2247
2753 2248
2752 2249
2751 2250
2750 2251
2749 2252
2748 2253
2747 2254
2746 2255
2745 2256
2744 2257
2743 2258
2742 2259
2741 2260
2740 2261
2739 2262
2738 2263
2737 2264
2736 2265
2735 2266
2734 2267
2733 2268
2732 2269
2731 2270
2730 2271
2729 2272
2728 2273
2727 2274
2726 2275
2725 2276
2724 2277
2723 2278
2722 2279
2721 2280
2720 2281
2719 2282
2718 2283
2717 2284
2716 2285
2715 2286
2714 2287
2713 2288
2712 2289
2711 2290
2710 2291
2709 2292
2708 2293
2707 2294
2706 2295
2705 2296
2704 2297
2703 2298
2702 2299
2701 2300
2700 2301
2699 2302
2698 2303
2697 2304
2696 2305
2695 2306
2694 2307
2693 2308
2692 2309
2691 2310
2690 2311
2689 2312
2688 2313
2687 2314
2686 2315
2685 2316
2684 2317
2683 2318
2682 2319
2681 2320
2680 2321
2679 2322
2678 2323
2677 2324
2676 2325
2675 2326
2674 2327
2673 2328
2672 2329
2671 2330
2670 2331
2669 2332
2668 2333
2667 2334
2666 2335
2665 2336
2664 2337
2663 2338
2662 2339
2661 2340
2660 2341
2659 2342
2658 2343
2657 2344
2656 2345
2655 2346
2654 2347
2653 2348
2652 2349
2651 2350
2650 2351
2649 2352
2648 2353
2647 2354
2646 2355
2645 2356
2644 2357
2643 2358
2642 2359
2641 2360
2640 2361
2639 2362
2638 2363
2637 2364
2636 2365
2635 2366
2634 2367
2633 2368
2632 2369
2631 2370
2630 2371
2629 2372
2628 2373
2627 2374
2626 2375
2625 2376
2624 2377
2623 2378
2622 2379
2621 2380
2620 2381
2619 2382
2618 2383
2617 2384
2616 2385
2615 2386
2614 2387
2613 2388
2612 2389
2611 2390
2610 2391
2609 2392
2608 2393
2607 2394
2606 2395
2605 2396
2604 2397
2603 2398
2602 2399
2601 2400
2600 2401
2599 2402
2598 2403
2597 2404
2596 2405
2595 2406
2594 2407
2593 2408
2592 2409
2591 2410
2590 2411
2589 2412
2588 2413
2587 2414
2586 2415
2585 2416
2584 2417
2583 2418
2582 2419
2581 2420
2580 2421
2579 2422
2578 2423
2577 2424
2576 2425
2575 2426
2574 2427
2573 2428
2572 2429
2571 2430
2570 2431
2569 2432
2568 2433
2567 2434
2566 2435
2565 2436
2564 2437
2563 2438
2562 2439
2561 2440
2560 2441
2559 2442
2558 2443
2557 2444
2556 2445
2555 2446
2554 2447
2553 2448
2552 2449
2551 2450
2550 2451
2549 2452
2548 2453
2547 2454
2546 2455
2545 2456
2544 2457
2543 2458
2542 2459
2541 2460
2540 2461
2539 2462
2538 2463
2537 2464
2536 2465
2535 2466
2534 2467
2533 2468
2532 2469
2531 2470
2530 2471
2529 2472
2528 2473
2527 2474
2526 2475
2525 2476
2524 2477
2523 2478
2522 2479
2521 2480
2520 2481
2519 2482
2518 2483
2517 2484
2516 2485
2515 2486
2514 2487
2513 2488
2512 2489
2511 2490
2510 2491
2509 2492
2508 2493
2507 2494
2506 2495
2505 2496
2504 2497
2503 2498
2502 2499
2501 2500
2500 2501
2499 2502
2498 2503
2497 2504
2496 2505
2495 2506
2494 2507
2493 2508
2492 2509
2491 2510
2490 2511
2489 2512
2488 2513
2487 2514
2486 2515
2485 2516
2484 2517
2483 2518
2482 2519
2481 2520
2480 2521
2479 2522
2478 2523
2477 2524
2476 2525
2475 2526
2474 2527
2473 2528
2472 2529
2471 2530
2470 2531
2469 2532
2468 2533
2467 2534
2466 2535
2465 2536
2464 2537
2463 2538
2462 2539
2461 2540
2460 2541
2459 2542
2458 2543
2457 2544
2456 2545
2455 2546
2454 2547
2453 2548
2452 2549
2451 2550
2450 2551
2449 2552
2448 2553
2447 2554
2446 2555
2445 2556
2444 2557
2443 2558
2442 2559
2441 2560
2440 2561
2439 2562
2438 2563
2437 2564
2436 2565
2435 2566
2434 2567
2433 2568
2432 2569
2431 2570
2430 2571
2429 2572
2428 2573
2427 2574
2426 2575
2425 2576
2424 2577
2423 2578
2422 2579
2421 2580
2420 2581
2419 2582
2418 2583
2417 2584
2416 2585
2415 2586
2414 2587
2413 2588
2412 2589
2411 2590
2410 2591
2409 2592
2408 2593
2407 2594
2406 2595
2405 2596
2404 2597
2403 2598
2402 2599
2401 2600
2400 2601
2399 2602
2398 2603
2397 2604
2396 2605
2395 2606
2394 2607
2393 2608
2392 2609
2391 2610
2390 2611
2389 2612
2388 2613
2387 2614
2386 2615
2385 2616
2384 2617
2383 2618
2382 2619
2381 2620
2380 2621
2379 2622
2378 2623
2377 2624
2376 2625
2375 2626
2374 2627
2373 2628
2372 2629
2371 2630
2370 2631
2369 2632
2368 2633
2367 2634
2366 2635
2365 2636
2364 2637
2363 2638
2362 2639
2361 2640
2360 2641
2359 2642
2358 2643
2357 2644
2356 2645
2355 2646
2354 2647
2353 2648
2352 2649
2351 2650
2350 2651
2349 2652
2348 2653
2347 2654
2346 2655
2345 2656
2344 2657
2343 2658
2342 2659
2341 2660
2340 2661
2339 2662
2338 2663
2337 2664
2336 2665
2335 2666
2334 2667
2333 2668
2332 2669
2331 2670
2330 2671
2329 2672
2328 2673
2327 2674
2326 2675
2325 2676
2324 2677
2323 2678
2322 2679
2321 2680
2320 2681
2319 2682
2318 2683
2317 2684
2316 2685
2315 2686
2314 2687
2313 2688
2312 2689
2311 2690
2310 2691
2309 2692
2308 2693
2307 2694
2306 2695
2305 2696
2304 2697
2303 2698
2302 2699
2301 2700
2300 2701
2299 2702
2298 2703
2297 2704
2296 2705
2295 2706
2294 2707
2293 2708
2292 2709
2291 2710
2290 2711
2289 2712
2288 2713
2287 2714
2286 2715
2285 2716
2284 2717
2283 2718
2282 2719
2281 2720
2280 2721
2279 2722
2278 2723
2277 2724
2276 2725
2275 2726
2274 2727
2273 2728
2272 2729
2271 2730
2270 2731
2269 2732
2268 2733
2267 2734
2266 2735
2265 2736
2264 2737
2263 2738
2262 2739
2261 2740
2260 2741
2259 2742
2258 2743
2257 2744
2256 2745
2255 2746
2254 2747
2253 2748
2252 2749
2251 2750
2250 2751
2249 2752
2248 2753
2247 2754
2246 2755
2245 2756
2244 2757
2243 2758
2242 2759
2241 2760
2240 2761
2239 2762
2238 2763
2237 2764
2236 2765
2235 2766
2234 2767
2233 2768
2232 2769
2231 2770
2230 2771
2229 2772
2228 2773
2227 2774
2226 2775
2225 2776
2224 2777
2223 2778
2222 2779
2221 2780
2220 2781
2219 2782
2218 2783
2217 2784
2216 2785
2215 2786
2214 2787
2213 2788
2212 2789
2211 2790
2210 2791
2209 2792
2208 2793
2207 2794
2206 2795
2205 2796
2204 2797
2203 2798
2202 2799
2201 2800
2200 2801
2199 2802
2198 2803
2197 2804
2196 2805
2195 2806
2194 2807
2193 2808
2192 2809
2191 2810
2190 2811
2189 2812
2188 2813
2187 2814
2186 2815
2185 2816
2184 2817
2183 2818
2182 2819
2181 2820
2180 2821
2179 2822
2178 2823
2177 2824
2176 2825
2175 2826
2174 2827
2173 2828
2172 2829
2171 2830
2170 2831
2169 2832
2168 2833
2167 2834
2166 2835
2165 2836
2164 2837
2163 2838
2162 2839
2161 2840
2160 2841
2159 2842
2158 2843
2157 2844
2156 2845
2155 2846
2154 2847
2153 2848
2152 2849
2151 2850
2150 2851
2149 2852
2148 2853
2147 2854
2146 2855
2145 2856
2144 2857
2143 2858
2142 2859
2141 2860
2140 2861
2139 2862
2138 2863
2137 2864
2136 2865
2135 2866
2134 2867
2133 2868
2132 2869
2131 2870
2130 2871
2129 2872
2128 2873
2127 2874
2126 2875
2125 2876
2124 2877
2123 2878
2122 2879
2121 2880
2120 2881
2119 2882
2118 2883
2117 2884
2116 2885
2115 2886
2114 2887
2113 2888
2112 2889
2111 2890
2110 2891
2109 2892
2108 2893
2107 2894
2106 2895
2105 2896
2104 2897
2103 2898
2102 2899
2101 2900
2100 2901
2099 2902
2098 2903
2097 2904
2096 2905
2095 2906
2094 2907
2093 2908
2092 2909
2091 2910
2090 2911
2089 2912
2088 2913
2087 2914
2086 2915
2085 2916
2084 2917
2083 2918
2082 2919
2081 2920
2080 2921
2079 2922
2078 2923
2077 2924
2076 2925
2075 2926
2074 2927
2073 2928
2072 2929
2071 2930
2070 2931
2069 2932
2068 2933
2067 2934
2066 2935
2065 2936
2064 2937
2063 2938
2062 2939
2061 2940
2060 2941
2059 2942
2058 2943
2057 2944
2056 2945
2055 2946
2054 2947
2053 2948
2052 2949
2051 2950
2050 2951
2049 2952
2048 2953
2047 2954
2046 2955
2045 2956
2044 2957
2043 2958
2042 2959
2041 2960
2040 2961
2039 2962
2038 2963
2037 2964
2036 2965
2035 2966
2034 2967
2033 2968
2032 2969
2031 2970
2030 2971
2029 2972
2028 2973
2027 2974
2026 2975
2025 2976
2024 2977
2023 2978
2022 2979
2021 2980
2020 2981
2019 2982
2018 2983
2017 2984
2016 2985
2015 2986
2014 2987
2013 2988
2012 2989
2011 2990
2010 2991
2009 2992
2008 2993
2007 2994
2006 2995
2005 2996
2004 2997
2003 2998
2002 2999
2001 3000
2000 3001
1999 3002
1998 3003
1997 3004
1996 3005
1995 3006
1994 3007
1993 3008
1992 3009
1991 3010
1990 3011
1989 3012
1988 3013
1987 3014
1986 3015
1985 3016
1984 3017
1983 3018
1982 3019
1981 3020
1980 3021
1979 3022
1978 3023
1977 3024
1976 3025
1975 3026
1974 3027
1973 3028
1972 3029
1971 3030
1970 3031
1969 3032
1968 3033
1967 3034
1966 3035
1965 3036
1964 3037
1963 3038
1962 3039
1961 3040
1960 3041
1959 3042
1958 3043
1957 3044
1956 3045
1955 3046
1954 3047
1953 3048
1952 3049
1951 3050
1950 3051
1949 3052
1948 3053
1947 3054
1946 3055
1945 3056
1944 3057
1943 3058
1942 3059
1941 3060
1940 3061
1939 3062
1938 3063
1937 3064
1936 3065
1935 3066
1934 3067
1933 3068
1932 3069
1931 3070
1930 3071
1929 3072
1928 3073
1927 3074
1926 3075
1925 3076
1924 3077
1923 3078
1922 3079
1921 3080
1920 3081
1919 3082
1918 3083
1917 3084
1916 3085
1915 3086
1914 3087
1913 3088
1912 3089
1911 3090
1910 3091
1909 3092
1908 3093
1907 3094
1906 3095
1905 3096
1904 3097
1903 3098
1902 3099
1901 3100
1900 3101
1899 3102
1898 3103
1897 3104
1896 3105
1895 3106
1894 3107
1893 3108
1892 3109
1891 3110
1890 3111
1889 3112
1888 3113
1887 3114
1886 3115
1885 3116
1884 3117
1883 3118
1882 3119
1881 3120
1880 3121
1879 3122
1878 3123
1877 3124
1876 3125
1875 3126
1874 3127
1873 3128
1872 3129
1871 3130
1870 3131
1869 3132
1868 3133
1867 3134
1866 3135
1865 3136
1864 3137
1863 3138
1862 3139
1861 3140
1860 3141
1859 3142
1858 3143
1857 3144
1856 3145
1855 3146
1854 3147
1853 3148
1852 3149
1851 3150
1850 3151
1849 3152
1848 3153
1847 3154
1846 3155
1845 3156
1844 3157
1843 3158
1842 3159
1841 3160
1840 3161
1839 3162
1838 3163
1837 3164
1836 3165
1835 3166
1834 3167
1833 3168
1832 3169
1831 3170
1830 3171
1829 3172
1828 3173
1827 3174
1826 3175
1825 3176
1824 3177
1823 3178
1822 3179
1821 3180
1820 3181
1819 3182
1818 3183
1817 3184
1816 3185
1815 3186
1814 3187
1813 3188
1812 3189
1811 3190
1810 3191
1809 3192
1808 3193
1807 3194
1806 3195
1805 3196
1804 3197
1803 3198
1802 3199
1801 3200
1800 3201
1799 3202
1798 3203
1797 3204
1796 3205
1795 3206
1794 3207
1793 3208
1792 3209
1791 3210
1790 3211
1789 3212
1788 3213
1787 3214
1786 3215
1785 3216
1784 3217
1783 3218
1782 3219
1781 3220
1780 3221
1779 3222
1778 3223
1777 3224
1776 3225
1775 3226
1774 3227
1773 3228
1772 3229
1771 3230
1770 3231
1769 3232
1768 3233
1767 3234
1766 3235
1765 3236
1764 3237
1763 3238
1762 3239
1761 3240
1760 3241
1759 3242
1758 3243
1757 3244
1756 3245
1755 3246
1754 3247
1753 3248
1752 3249
1751 3250
1750 3251
1749 3252
1748 3253
1747 3254
1746 3255
1745 3256
1744 3257
1743 3258
1742 3259
1741 3260
1740 3261
1739 3262
1738 3263
1737 3264
1736 3265
1735 3266
1734 3267
1733 3268
1732 3269
1731 3270
1730 3271
1729 3272
1728 3273
1727 3274
1726 3275
1725 3276
1724 3277
1723 3278
1722 3279
1721 3280
1720 3281
1719 3282
1718 3283
1717 3284
1716 3285
1715 3286
1714 3287
1713 3288
1712 3289
1711 3290
1710 3291
1709 3292
1708 3293
1707 3294
1706 3295
1705 3296
1704 3297
1703 3298
1702 3299
1701 3300
1700 3301
1699 3302
1698 3303
1697 3304
1696 3305
1695 3306
1694 3307
1693 3308
1692 3309
1691 3310
1690 3311
1689 3312
1688 3313
1687 3314
1686 3315
1685 3316
1684 3317
1683 3318
1682 3319
1681 3320
1680 3321
1679 3322
1678 3323
1677 3324
1676 3325
1675 3326
1674 3327
1673 3328
1672 3329
1671 3330
1670 3331
1669 3332
1668 3333
1667 3334
1666 3335
1665 3336
1664 3337
1663 3338
1662 3339
1661 3340
1660 3341
1659 3342
1658 3343
1657 3344
1656 3345
1655 3346
1654 3347
1653 3348
1652 3349
1651 3350
1650 3351
1649 3352
1648 3353
1647 3354
1646 3355
1645 3356
1644 3357
1643 3358
1642 3359
1641 3360
1640 3361
1639 3362
1638 3363
1637 3364
1636 3365
1635 3366
1634 3367
1633 3368
1632 3369
1631 3370
1630 3371
1629 3372
1628 3373
1627 3374
1626 3375
1625 3376
1624 3377
1623 3378
1622 3379
1621 3380
1620 3381
1619 3382
1618 3383
1617 3384
1616 3385
1615 3386
1614 3387
1613 3388
1612 3389
1611 3390
1610 3391
1609 3392
1608 3393
1607 3394
1606 3395
1605 3396
1604 3397
1603 3398
1602 3399
1601 3400
1600 3401
1599 3402
1598 3403
1597 3404
1596 3405
1595 3406
1594 3407
1593 3408
1592 3409
1591 3410
1590 3411
1589 3412
1588 3413
1587 3414
1586 3415
1585 3416
1584 3417
1583 3418
1582 3419
1581 3420
1580 3421
1579 3422
1578 3423
1577 3424
1576 3425
1575 3426
1574 3427
1573 3428
1572 3429
1571 3430
1570 3431
1569 3432
1568 3433
1567 3434
1566 3435
1565 3436
1564 3437
1563 3438
1562 3439
1561 3440
1560 3441
1559 3442
1558 3443
1557 3444
1556 3445
1555 3446
1554 3447
1553 3448
1552 3449
1551 3450
1550 3451
1549 3452
1548 3453
1547 3454
1546 3455
1545 3456
1544 3457
1543 3458
1542 3459
1541 3460
1540 3461
1539 3462
1538 3463
1537 3464
1536 3465
1535 3466
1534 3467
1533 3468
1532 3469
1531 3470
1530 3471
1529 3472
1528 3473
1527 3474
1526 3475
1525 3476
1524 3477
1523 3478
1522 3479
1521 3480
1520 3481
1519 3482
1518 3483
1517 3484
1516 3485
1515 3486
1514 3487
1513 3488
1512 3489
1511 3490
1510 3491
1509 3492
1508 3493
1507 3494
1506 3495
1505 3496
1504 3497
1503 3498
1502 3499
1501 3500
1500 3501
1499 3502
1498 3503
1497 3504
1496 3505
1495 3506
1494 3507
1493 3508
1492 3509
1491 3510
1490 3511
1489 3512
1488 3513
1487 3514
1486 3515
1485 3516
1484 3517
1483 3518
1482 3519
1481 3520
1480 3521
1479 3522
1478 3523
1477 3524
1476 3525
1475 3526
1474 3527
1473 3528
1472 3529
1471 3530
1470 3531
1469 3532
1468 3533
1467 3534
1466 3535
1465 3536
1464 3537
1463 3538
1462 3539
1461 3540
1460 3541
1459 3542
1458 3543
1457 3544
1456 3545
1455 3546
1454 3547
1453 3548
1452 3549
1451 3550
1450 3551
1449 3552
1448 3553
1447 3554
1446 3555
1445 3556
1444 3557
1443 3558
1442 3559
1441 3560
1440 3561
1439 3562
1438 3563
1437 3564
1436 3565
1435 3566
1434 3567
1433 3568
1432 3569
1431 3570
1430 3571
1429 3572
1428 3573
1427 3574
1426 3575
1425 3576
1424 3577
1423 3578
1422 3579
1421 3580
1420 3581
1419 3582
1418 3583
1417 3584
1416 3585
1415 3586
1414 3587
1413 3588
1412 3589
1411 3590
1410 3591
1409 3592
1408 3593
1407 3594
1406 3595
1405 3596
1404 3597
1403 3598
1402 3599
1401 3600
1400 3601
1399 3602
1398 3603
1397 3604
1396 3605
1395 3606
1394 3607
1393 3608
1392 3609
1391 3610
1390 3611
1389 3612
1388 3613
1387 3614
1386 3615
1385 3616
1384 3617
1383 3618
1382 3619
1381 3620
1380 3621
1379 3622
1378 3623
1377 3624
1376 3625
1375 3626
1374 3627
1373 3628
1372 3629
1371 3630
1370 3631
1369 3632
1368 3633
1367 3634
1366 3635
1365 3636
1364 3637
1363 3638
1362 3639
1361 3640
1360 3641
1359 3642
1358 3643
1357 3644
1356 3645
1355 3646
1354 3647
1353 3648
1352 3649
1351 3650
1350 3651
1349 3652
1348 3653
1347 3654
1346 3655
1345 3656
1344 3657
1343 3658
1342 3659
1341 3660
1340 3661
1339 3662
1338 3663
1337 3664
1336 3665
1335 3666
1334 3667
1333 3668
1332 3669
1331 3670
1330 3671
1329 3672
1328 3673
1327 3674
1326 3675
1325 3676
1324 3677
1323 3678
1322 3679
1321 3680
1320 3681
1319 3682
1318 3683
1317 3684
1316 3685
1315 3686
1314 3687
1313 3688
1312 3689
1311 3690
1310 3691
1309 3692
1308 3693
1307 3694
1306 3695
1305 3696
1304 3697
1303 3698
1302 3699
1301 3700
1300 3701
1299 3702
1298 3703
1297 3704
1296 3705
1295 3706
1294 3707
1293 3708
1292 3709
1291 3710
1290 3711
1289 3712
1288 3713
1287 3714
1286 3715
1285 3716
1284 3717
1283 3718
1282 3719
1281 3720
1280 3721
1279 3722
1278 3723
1277 3724
1276 3725
1275 3726
1274 3727
1273 3728
1272 3729
1271 3730
1270 3731
1269 3732
1268 3733
1267 3734
1266 3735
1265 3736
1264 3737
1263 3738
1262 3739
1261 3740
1260 3741
1259 3742
1258 3743
1257 3744
1256 3745
1255 3746
1254 3747
1253 3748
1252 3749
1251 3750
1250 3751
1249 3752
1248 3753
1247 3754
1246 3755
1245 3756
1244 3757
1243 3758
1242 3759
1241 3760
1240 3761
1239 3762
1238 3763
1237 3764
1236 3765
1235 3766
1234 3767
1233 3768
1232 3769
1231 3770
1230 3771
1229 3772
1228 3773
1227 3774
1226 3775
1225 3776
1224 3777
1223 3778
1222 3779
1221 3780
1220 3781
1219 3782
1218 3783
1217 3784
1216 3785
1215 3786
1214 3787
1213 3788
1212 3789
1211 3790
1210 3791
1209 3792
1208 3793
1207 3794
1206 3795
1205 3796
1204 3797
1203 3798
1202 3799
1201 3800
1200 3801
1199 3802
1198 3803
1197 3804
1196 3805
1195 3806
1194 3807
1193 3808
1192 3809
1191 3810
1190 3811
1189 3812
1188 3813
1187 3814
1186 3815
1185 3816
1184 3817
1183 3818
1182 3819
1181 3820
1180 3821
1179 3822
1178 3823
1177 3824
1176 3825
1175 3826
1174 3827
1173 3828
1172 3829
1171 3830
1170 3831
1169 3832
1168 3833
1167 3834
1166 3835
1165 3836
1164 3837
1163 3838
1162 3839
1161 3840
1160 3841
1159 3842
1158 3843
1157 3844
1156 3845
1155 3846
1154 3847
1153 3848
1152 3849
1151 3850
1150 3851
1149 3852
1148 3853
1147 3854
1146 3855
1145 3856
1144 3857
1143 3858
1142 3859
1141 3860
1140 3861
1139 3862
1138 3863
1137 3864
1136 3865
1135 3866
1134 3867
1133 3868
1132 3869
1131 3870
1130 3871
1129 3872
1128 3873
1127 3874
1126 3875
1125 3876
1124 3877
1123 3878
1122 3879
1121 3880
1120 3881
1119 3882
1118 3883
1117 3884
1116 3885
1115 3886
1114 3887
1113 3888
1112 3889
1111 3890
1110 3891
1109 3892
1108 3893
1107 3894
1106 3895
1105 3896
1104 3897
1103 3898
1102 3899
1101 3900
1100 3901
1099 3902
1098 3903
1097 3904
1096 3905
1095 3906
1094 3907
1093 3908
1092 3909
1091 3910
1090 3911
1089 3912
1088 3913
1087 3914
1086 3915
1085 3916
1084 3917
1083 3918
1082 3919
1081 3920
1080 3921
1079 3922
1078 3923
1077 3924
1076 3925
1075 3926
1074 3927
1073 3928
1072 3929
1071 3930
1070 3931
1069 3932
1068 3933
1067 3934
1066 3935
1065 3936
1064 3937
1063 3938
1062 3939
1061 3940
1060 3941
1059 3942
1058 3943
1057 3944
1056 3945
1055 3946
1054 3947
1053 3948
1052 3949
1051 3950
1050 3951
1049 3952
1048 3953
1047 3954
1046 3955
1045 3956
1044 3957
1043 3958
1042 3959
1041 3960
1040 3961
1039 3962
1038 3963
1037 3964
1036 3965
1035 3966
1034 3967
1033 3968
1032 3969
1031 3970
1030 3971
1029 3972
1028 3973
1027 3974
1026 3975
1025 3976
1024 3977
1023 3978
1022 3979
1021 3980
1020 3981
1019 3982
1018 3983
1017 3984
1016 3985
1015 3986
1014 3987
1013 3988
1012 3989
1011 3990
1010 3991
1009 3992
1008 3993
1007 3994
1006 3995
1005 3996
1004 3997
1003 3998
1002 3999
1001 4000
1000 4001
999 4002
998 4003
997 4004
996 4005
995 4006
994 4007
993 4008
992 4009
991 4010
990 4011
989 4012
988 4013
987 4014
986 4015
985 4016
984 4017
983 4018
982 4019
981 4020
980 4021
979 4022
978 4023
977 4024
976 4025
975 4026
974 4027
973 4028
972 4029
971 4030
970 4031
969 4032
968 4033
967 4034
966 4035
965 4036
964 4037
963 4038
962 4039
961 4040
960 4041
959 4042
958 4043
957 4044
956 4045
955 4046
954 4047
953 4048
952 4049
951 4050
950 4051
949 4052
948 4053
947 4054
946 4055
945 4056
944 4057
943 4058
942 4059
941 4060
940 4061
939 4062
938 4063
937 4064
936 4065
935 4066
934 4067
933 4068
932 4069
931 4070
930 4071
929 4072
928 4073
927 4074
926 4075
925 4076
924 4077
923 4078
922 4079
921 4080
920 4081
919 4082
918 4083
917 4084
916 4085
915 4086
914 4087
913 4088
912 4089
911 4090
910 4091
909 4092
908 4093
907 4094
906 4095
905 4096
904 4097
903 4098
902 4099
901 4100
900 4101
899 4102
898 4103
897 4104
896 4105
895 4106
894 4107
893 4108
892 4109
891 4110
890 4111
889 4112
888 4113
887 4114
886 4115
885 4116
884 4117
883 4118
882 4119
881 4120
880 4121
879 4122
878 4123
877 4124
876 4125
875 4126
874 4127
873 4128
872 4129
871 4130
870 4131
869 4132
868 4133
867 4134
866 4135
865 4136
864 4137
863 4138
862 4139
861 4140
860 4141
859 4142
858 4143
857 4144
856 4145
855 4146
854 4147
853 4148
852 4149
851 4150
850 4151
849 4152
848 4153
847 4154
846 4155
845 4156
844 4157
843 4158
842 4159
841 4160
840 4161
839 4162
838 4163
837 4164
836 4165
835 4166
834 4167
833 4168
832 4169
831 4170
830 4171
829 4172
828 4173
827 4174
826 4175
825 4176
824 4177
823 4178
822 4179
821 4180
820 4181
819 4182
818 4183
817 4184
816 4185
815 4186
814 4187
813 4188
812 4189
811 4190
810 4191
809 4192
808 4193
807 4194
806 4195
805 4196
804 4197
803 4198
802 4199
801 4200
800 4201
799 4202
798 4203
797 4204
796 4205
795 4206
794 4207
793 4208
792 4209
791 4210
790 4211
789 4212
788 4213
787 4214
786 4215
785 4216
784 4217
783 4218
782 4219
781 4220
780 4221
779 4222
778 4223
777 4224
776 4225
775 4226
774 4227
773 4228
772 4229
771 4230
770 4231
769 4232
768 4233
767 4234
766 4235
765 4236
764 4237
763 4238
762 4239
761 4240
760 4241
759 4242
758 4243
757 4244
756 4245
755 4246
754 4247
753 4248
752 4249
751 4250
750 4251
749 4252
748 4253
747 4254
746 4255
745 4256
744 4257
743 4258
742 4259
741 4260
740 4261
739 4262
738 4263
737 4264
736 4265
735 4266
734 4267
733 4268
732 4269
731 4270
730 4271
729 4272
728 4273
727 4274
726 4275
725 4276
724 4277
723 4278
722 4279
721 4280
720 4281
719 4282
718 4283
717 4284
716 4285
715 4286
714 4287
713 4288
712 4289
711 4290
710 4291
709 4292
708 4293
707 4294
706 4295
705 4296
704 4297
703 4298
702 4299
701 4300
700 4301
699 4302
698 4303
697 4304
696 4305
695 4306
694 4307
693 4308
692 4309
691 4310
690 4311
689 4312
688 4313
687 4314
686 4315
685 4316
684 4317
683 4318
682 4319
681 4320
680 4321
679 4322
678 4323
677 4324
676 4325
675 4326
674 4327
673 4328
672 4329
671 4330
670 4331
669 4332
668 4333
667 4334
666 4335
665 4336
664 4337
663 4338
662 4339
661 4340
660 4341
659 4342
658 4343
657 4344
656 4345
655 4346
654 4347
653 4348
652 4349
651 4350
650 4351
649 4352
648 4353
647 4354
646 4355
645 4356
644 4357
643 4358
642 4359
641 4360
640 4361
639 4362
638 4363
637 4364
636 4365
635 4366
634 4367
633 4368
632 4369
631 4370
630 4371
629 4372
628 4373
627 4374
626 4375
625 4376
624 4377
623 4378
622 4379
621 4380
620 4381
619 4382
618 4383
617 4384
616 4385
615 4386
614 4387
613 4388
612 4389
611 4390
610 4391
609 4392
608 4393
607 4394
606 4395
605 4396
604 4397
603 4398
602 4399
601 4400
600 4401
599 4402
598 4403
597 4404
596 4405
595 4406
594 4407
593 4408
592 4409
591 4410
590 4411
589 4412
588 4413
587 4414
586 4415
585 4416
584 4417
583 4418
582 4419
581 4420
580 4421
579 4422
578 4423
577 4424
576 4425
575 4426
574 4427
573 4428
572 4429
571 4430
570 4431
569 4432
568 4433
567 4434
566 4435
565 4436
564 4437
563 4438
562 4439
561 4440
560 4441
559 4442
558 4443
557 4444
556 4445
555 4446
554 4447
553 4448
552 4449
551 4450
550 4451
549 4452
548 4453
547 4454
546 4455
545 4456
544 4457
543 4458
542 4459
541 4460
540 4461
539 4462
538 4463
537 4464
536 4465
535 4466
534 4467
533 4468
532 4469
531 4470
530 4471
529 4472
528 4473
527 4474
526 4475
525 4476
524 4477
523 4478
522 4479
521 4480
520 4481
519 4482
518 4483
517 4484
516 4485
515 4486
514 4487
513 4488
512 4489
511 4490
510 4491
509 4492
508 4493
507 4494
506 4495
505 4496
504 4497
503 4498
502 4499
501 4500
500 4501
499 4502
498 4503
497 4504
496 4505
495 4506
494 4507
493 4508
492 4509
491 4510
490 4511
489 4512
488 4513
487 4514
486 4515
485 4516
484 4517
483 4518
482 4519
481 4520
480 4521
479 4522
478 4523
477 4524
476 4525
475 4526
474 4527
473 4528
472 4529
471 4530
470 4531
469 4532
468 4533
467 4534
466 4535
465 4536
464 4537
463 4538
462 4539
461 4540
460 4541
459 4542
458 4543
457 4544
456 4545
455 4546
454 4547
453 4548
452 4549
451 4550
450 4551
449 4552
448 4553
447 4554
446 4555
445 4556
444 4557
443 4558
442 4559
441 4560
440 4561
439 4562
438 4563
437 4564
436 4565
435 4566
434 4567
433 4568
432 4569
431 4570
430 4571
429 4572
428 4573
427 4574
426 4575
425 4576
424 4577
423 4578
422 4579
421 4580
420 4581
419 4582
418 4583
417 4584
416 4585
415 4586
414 4587
413 4588
412 4589
411 4590
410 4591
409 4592
408 4593
407 4594
406 4595
405 4596
404 4597
403 4598
402 4599
401 4600
400 4601
399 4602
398 4603
397 4604
396 4605
395 4606
394 4607
393 4608
392 4609
391 4610
390 4611
389 4612
388 4613
387 4614
386 4615
385 4616
384 4617
383 4618
382 4619
381 4620
380 4621
379 4622
378 4623
377 4624
376 4625
375 4626
374 4627
373 4628
372 4629
371 4630
370 4631
369 4632
368 4633
367 4634
366 4635
365 4636
364 4637
363 4638
362 4639
361 4640
360 4641
359 4642
358 4643
357 4644
356 4645
355 4646
354 4647
353 4648
352 4649
351 4650
350 4651
349 4652
348 4653
347 4654
346 4655
345 4656
344 4657
343 4658
342 4659
341 4660
340 4661
339 4662
338 4663
337 4664
336 4665
335 4666
334 4667
333 4668
332 4669
331 4670
330 4671
329 4672
328 4673
327 4674
326 4675
325 4676
324 4677
323 4678
322 4679
321 4680
320 4681
319 4682
318 4683
317 4684
316 4685
315 4686
314 4687
313 4688
312 4689
311 4690
310 4691
309 4692
308 4693
307 4694
306 4695
305 4696
304 4697
303 4698
302 4699
301 4700
300 4701
299 4702
298 4703
297 4704
296 4705
295 4706
294 4707
293 4708
292 4709
291 4710
290 4711
289 4712
288 4713
287 4714
286 4715
285 4716
284 4717
283 4718
282 4719
281 4720
280 4721
279 4722
278 4723
277 4724
276 4725
275 4726
274 4727
273 4728
272 4729
271 4730
270 4731
269 4732
268 4733
267 4734
266 4735
265 4736
264 4737
263 4738
262 4739
261 4740
260 4741
259 4742
258 4743
257 4744
256 4745
255 4746
254 4747
253 4748
252 4749
251 4750
250 4751
249 4752
248 4753
247 4754
246 4755
245 4756
244 4757
243 4758
242 4759
241 4760
240 4761
239 4762
238 4763
237 4764
236 4765
235 4766
234 4767
233 4768
232 4769
231 4770
230 4771
229 4772
228 4773
227 4774
226 4775
225 4776
224 4777
223 4778
222 4779
221 4780
220 4781
219 4782
218 4783
217 4784
216 4785
215 4786
214 4787
213 4788
212 4789
211 4790
210 4791
209 4792
208 4793
207 4794
206 4795
205 4796
204 4797
203 4798
202 4799
201 4800
200 4801
199 4802
198 4803
197 4804
196 4805
195 4806
194 4807
193 4808
192 4809
191 4810
190 4811
189 4812
188 4813
187 4814
186 4815
185 4816
184 4817
183 4818
182 4819
181 4820
180 4821
179 4822
178 4823
177 4824
176 4825
175 4826
174 4827
173 4828
172 4829
171 4830
170 4831
169 4832
168 4833
167 4834
166 4835
165 4836
164 4837
163 4838
162 4839
161 4840
160 4841
159 4842
158 4843
157 4844
156 4845
155 4846
154 4847
153 4848
152 4849
151 4850
150 4851
149 4852
148 4853
147 4854
146 4855
145 4856
144 4857
143 4858
142 4859
141 4860
140 4861
139 4862
138 4863
137 4864
136 4865
135 4866
134 4867
133 4868
132 4869
131 4870
130 4871
129 4872
128 4873
127 4874
126 4875
125 4876
124 4877
123 4878
122 4879
121 4880
120 4881
119 4882
118 4883
117 4884
116 4885
115 4886
114 4887
113 4888
112 4889
111 4890
110 4891
109 4892
108 4893
107 4894
106 4895
105 4896
104 4897
103 4898
102 4899
101 4900
100 4901
99 4902
98 4903
97 4904
96 4905
95 4906
94 4907
93 4908
92 4909
91 4910
90 4911
89 4912
88 4913
87 4914
86 4915
85 4916
84 4917
83 4918
82 4919
81 4920
80 4921
79 4922
78 4923
77 4924
76 4925
75 4926
74 4927
73 4928
72 4929
71 4930
70 4931
69 4932
68 4933
67 4934
66 4935
65 4936
64 4937
63 4938
62 4939
61 4940
60 4941
59 4942
58 4943
57 4944
56 4945
55 4946
54 4947
53 4948
52 4949
51 4950
50 4951
49 4952
48 4953
47 4954
46 4955
45 4956
44 4957
43 4958
42 4959
41 4960
40 4961
39 4962
38 4963
37 4964
36 4965
35 4966
34 4967
33 4968
32 4969
31 4970
30 4971
29 4972
28 4973
27 4974
26 4975
25 4976
24 4977
23 4978
22 4979
21 4980
20 4981
19 4982
18 4983
17 4984
16 4985
15 4986
14 4987
13 4988
12 4989
11 4990
10 4991
9 4992
8 4993
7 4994
6 4995
5 4996
4 4997
3 4998
2 4999
1 5000
