5000 2000
1 5000
2 4999
3 4998
4 4997
5 4996
6 4995
7 4994
8 4993
9 4992
10 4991
11 4990
12 4989
13 4988
14 4987
15 4986
16 4985
17 4984
18 4983
19 4982
20 4981
21 4980
22 4979
23 4978
24 4977
25 4976
26 4975
27 4974
28 4973
29 4972
30 4971
31 4970
32 4969
33 4968
34 4967
35 4966
36 4965
37 4964
38 4963
39 4962
40 4961
41 4960
42 4959
43 4958
44 4957
45 4956
46 4955
47 4954
48 4953
49 4952
50 4951
51 4950
52 4949
53 4948
54 4947
55 4946
56 4945
57 4944
58 4943
59 4942
60 4941
61 4940
62 4939
63 4938
64 4937
65 4936
66 4935
67 4934
68 4933
69 4932
70 4931
71 4930
72 4929
73 4928
74 4927
75 4926
76 4925
77 4924
78 4923
79 4922
80 4921
81 4920
82 4919
83 4918
84 4917
85 4916
86 4915
87 4914
88 4913
89 4912
90 4911
91 4910
92 4909
93 4908
94 4907
95 4906
96 4905
97 4904
98 4903
99 4902
100 4901
101 4900
102 4899
103 4898
104 4897
105 4896
106 4895
107 4894
108 4893
109 4892
110 4891
111 4890
112 4889
113 4888
114 4887
115 4886
116 4885
117 4884
118 4883
119 4882
120 4881
121 4880
122 4879
123 4878
124 4877
125 4876
126 4875
127 4874
128 4873
129 4872
130 4871
131 4870
132 4869
133 4868
134 4867
135 4866
136 4865
137 4864
138 4863
139 4862
140 4861
141 4860
142 4859
143 4858
144 4857
145 4856
146 4855
147 4854
148 4853
149 4852
150 4851
151 4850
152 4849
153 4848
154 4847
155 4846
156 4845
157 4844
158 4843
159 4842
160 4841
161 4840
162 4839
163 4838
164 4837
165 4836
166 4835
167 4834
168 4833
169 4832
170 4831
171 4830
172 4829
173 4828
174 4827
175 4826
176 4825
177 4824
178 4823
179 4822
180 4821
181 4820
182 4819
183 4818
184 4817
185 4816
186 4815
187 4814
188 4813
189 4812
190 4811
191 4810
192 4809
193 4808
194 4807
195 4806
196 4805
197 4804
198 4803
199 4802
200 4801
201 4800
202 4799
203 4798
204 4797
205 4796
206 4795
207 4794
208 4793
209 4792
210 4791
211 4790
212 4789
213 4788
214 4787
215 4786
216 4785
217 4784
218 4783
219 4782
220 4781
221 4780
222 4779
223 4778
224 4777
225 4776
226 4775
227 4774
228 4773
229 4772
230 4771
231 4770
232 4769
233 4768
234 4767
235 4766
236 4765
237 4764
238 4763
239 4762
240 4761
241 4760
242 4759
243 4758
244 4757
245 4756
246 4755
247 4754
248 4753
249 4752
250 4751
251 4750
252 4749
253 4748
254 4747
255 4746
256 4745
257 4744
258 4743
259 4742
260 4741
261 4740
262 4739
263 4738
264 4737
265 4736
266 4735
267 4734
268 4733
269 4732
270 4731
271 4730
272 4729
273 4728
274 4727
275 4726
276 4725
277 4724
278 4723
279 4722
280 4721
281 4720
282 4719
283 4718
284 4717
285 4716
286 4715
287 4714
288 4713
289 4712
290 4711
291 4710
292 4709
293 4708
294 4707
295 4706
296 4705
297 4704
298 4703
299 4702
300 4701
301 4700
302 4699
303 4698
304 4697
305 4696
306 4695
307 4694
308 4693
309 4692
310 4691
311 4690
312 4689
313 4688
314 4687
315 4686
316 4685
317 4684
318 4683
319 4682
320 4681
321 4680
322 4679
323 4678
324 4677
325 4676
326 4675
327 4674
328 4673
329 4672
330 4671
331 4670
332 4669
333 4668
334 4667
335 4666
336 4665
337 4664
338 4663
339 4662
340 4661
341 4660
342 4659
343 4658
344 4657
345 4656
346 4655
347 4654
348 4653
349 4652
350 4651
351 4650
352 4649
353 4648
354 4647
355 4646
356 4645
357 4644
358 4643
359 4642
360 4641
361 4640
362 4639
363 4638
364 4637
365 4636
366 4635
367 4634
368 4633
369 4632
370 4631
371 4630
372 4629
373 4628
374 4627
375 4626
376 4625
377 4624
378 4623
379 4622
380 4621
381 4620
382 4619
383 4618
384 4617
385 4616
386 4615
387 4614
388 4613
389 4612
390 4611
391 4610
392 4609
393 4608
394 4607
395 4606
396 4605
397 4604
398 4603
399 4602
400 4601
401 4600
402 4599
403 4598
404 4597
405 4596
406 4595
407 4594
408 4593
409 4592
410 4591
411 4590
412 4589
413 4588
414 4587
415 4586
416 4585
417 4584
418 4583
419 4582
420 4581
421 4580
422 4579
423 4578
424 4577
425 4576
426 4575
427 4574
428 4573
429 4572
430 4571
431 4570
432 4569
433 4568
434 4567
435 4566
436 4565
437 4564
438 4563
439 4562
440 4561
441 4560
442 4559
443 4558
444 4557
445 4556
446 4555
447 4554
448 4553
449 4552
450 4551
451 4550
452 4549
453 4548
454 4547
455 4546
456 4545
457 4544
458 4543
459 4542
460 4541
461 4540
462 4539
463 4538
464 4537
465 4536
466 4535
467 4534
468 4533
469 4532
470 4531
471 4530
472 4529
473 4528
474 4527
475 4526
476 4525
477 4524
478 4523
479 4522
480 4521
481 4520
482 4519
483 4518
484 4517
485 4516
486 4515
487 4514
488 4513
489 4512
490 4511
491 4510
492 4509
493 4508
494 4507
495 4506
496 4505
497 4504
498 4503
499 4502
500 4501
501 4500
502 4499
503 4498
504 4497
505 4496
506 4495
507 4494
508 4493
509 4492
510 4491
511 4490
512 4489
513 4488
514 4487
515 4486
516 4485
517 4484
518 4483
519 4482
520 4481
521 4480
522 4479
523 4478
524 4477
525 4476
526 4475
527 4474
528 4473
529 4472
530 4471
531 4470
532 4469
533 4468
534 4467
535 4466
536 4465
537 4464
538 4463
539 4462
540 4461
541 4460
542 4459
543 4458
544 4457
545 4456
546 4455
547 4454
548 4453
549 4452
550 4451
551 4450
552 4449
553 4448
554 4447
555 4446
556 4445
557 4444
558 4443
559 4442
560 4441
561 4440
562 4439
563 4438
564 4437
565 4436
566 4435
567 4434
568 4433
569 4432
570 4431
571 4430
572 4429
573 4428
574 4427
575 4426
576 4425
577 4424
578 4423
579 4422
580 4421
581 4420
582 4419
583 4418
584 4417
585 4416
586 4415
587 4414
588 4413
589 4412
590 4411
591 4410
592 4409
593 4408
594 4407
595 4406
596 4405
597 4404
598 4403
599 4402
600 4401
601 4400
602 4399
603 4398
604 4397
605 4396
606 4395
607 4394
608 4393
609 4392
610 4391
611 4390
612 4389
613 4388
614 4387
615 4386
616 4385
617 4384
618 4383
619 4382
620 4381
621 4380
622 4379
623 4378
624 4377
625 4376
626 4375
627 4374
628 4373
629 4372
630 4371
631 4370
632 4369
633 4368
634 4367
635 4366
636 4365
637 4364
638 4363
639 4362
640 4361
641 4360
642 4359
643 4358
644 4357
645 4356
646 4355
647 4354
648 4353
649 4352
650 4351
651 4350
652 4349
653 4348
654 4347
655 4346
656 4345
657 4344
658 4343
659 4342
660 4341
661 4340
662 4339
663 4338
664 4337
665 4336
666 4335
667 4334
668 4333
669 4332
670 4331
671 4330
672 4329
673 4328
674 4327
675 4326
676 4325
677 4324
678 4323
679 4322
680 4321
681 4320
682 4319
683 4318
684 4317
685 4316
686 4315
687 4314
688 4313
689 4312
690 4311
691 4310
692 4309
693 4308
694 4307
695 4306
696 4305
697 4304
698 4303
699 4302
700 4301
701 4300
702 4299
703 4298
704 4297
705 4296
706 4295
707 4294
708 4293
709 4292
710 4291
711 4290
712 4289
713 4288
714 4287
715 4286
716 4285
717 4284
718 4283
719 4282
720 4281
721 4280
722 4279
723 4278
724 4277
725 4276
726 4275
727 4274
728 4273
729 4272
730 4271
731 4270
732 4269
733 4268
734 4267
735 4266
736 4265
737 4264
738 4263
739 4262
740 4261
741 4260
742 4259
743 4258
744 4257
745 4256
746 4255
747 4254
748 4253
749 4252
750 4251
751 4250
752 4249
753 4248
754 4247
755 4246
756 4245
757 4244
758 4243
759 4242
760 4241
761 4240
762 4239
763 4238
764 4237
765 4236
766 4235
767 4234
768 4233
769 4232
770 4231
771 4230
772 4229
773 4228
774 4227
775 4226
776 4225
777 4224
778 4223
779 4222
780 4221
781 4220
782 4219
783 4218
784 4217
785 4216
786 4215
787 4214
788 4213
789 4212
790 4211
791 4210
792 4209
793 4208
794 4207
795 4206
796 4205
797 4204
798 4203
799 4202
800 4201
801 4200
802 4199
803 4198
804 4197
805 4196
806 4195
807 4194
808 4193
809 4192
810 4191
811 4190
812 4189
813 4188
814 4187
815 4186
816 4185
817 4184
818 4183
819 4182
820 4181
821 4180
822 4179
823 4178
824 4177
825 4176
826 4175
827 4174
828 4173
829 4172
830 4171
831 4170
832 4169
833 4168
834 4167
835 4166
836 4165
837 4164
838 4163
839 4162
840 4161
841 4160
842 4159
843 4158
844 4157
845 4156
846 4155
847 4154
848 4153
849 4152
850 4151
851 4150
852 4149
853 4148
854 4147
855 4146
856 4145
857 4144
858 4143
859 4142
860 4141
861 4140
862 4139
863 4138
864 4137
865 4136
866 4135
867 4134
868 4133
869 4132
870 4131
871 4130
872 4129
873 4128
874 4127
875 4126
876 4125
877 4124
878 4123
879 4122
880 4121
881 4120
882 4119
883 4118
884 4117
885 4116
886 4115
887 4114
888 4113
889 4112
890 4111
891 4110
892 4109
893 4108
894 4107
895 4106
896 4105
897 4104
898 4103
899 4102
900 4101
901 4100
902 4099
903 4098
904 4097
905 4096
906 4095
907 4094
908 4093
909 4092
910 4091
911 4090
912 4089
913 4088
914 4087
915 4086
916 4085
917 4084
918 4083
919 4082
920 4081
921 4080
922 4079
923 4078
924 4077
925 4076
926 4075
927 4074
928 4073
929 4072
930 4071
931 4070
932 4069
933 4068
934 4067
935 4066
936 4065
937 4064
938 4063
939 4062
940 4061
941 4060
942 4059
943 4058
944 4057
945 4056
946 4055
947 4054
948 4053
949 4052
950 4051
951 4050
952 4049
953 4048
954 4047
955 4046
956 4045
957 4044
958 4043
959 4042
960 4041
961 4040
962 4039
963 4038
964 4037
965 4036
966 4035
967 4034
968 4033
969 4032
970 4031
971 4030
972 4029
973 4028
974 4027
975 4026
976 4025
977 4024
978 4023
979 4022
980 4021
981 4020
982 4019
983 4018
984 4017
985 4016
986 4015
987 4014
988 4013
989 4012
990 4011
991 4010
992 4009
993 4008
994 4007
995 4006
996 4005
997 4004
998 4003
999 4002
1000 4001
1001 4000
1002 3999
1003 3998
1004 3997
1005 3996
1006 3995
1007 3994
1008 3993
1009 3992
1010 3991
1011 3990
1012 3989
1013 3988
1014 3987
1015 3986
1016 3985
1017 3984
1018 3983
1019 3982
1020 3981
1021 3980
1022 3979
1023 3978
1024 3977
1025 3976
1026 3975
1027 3974
1028 3973
1029 3972
1030 3971
1031 3970
1032 3969
1033 3968
1034 3967
1035 3966
1036 3965
1037 3964
1038 3963
1039 3962
1040 3961
1041 3960
1042 3959
1043 3958
1044 3957
1045 3956
1046 3955
1047 3954
1048 3953
1049 3952
1050 3951
1051 3950
1052 3949
1053 3948
1054 3947
1055 3946
1056 3945
1057 3944
1058 3943
1059 3942
1060 3941
1061 3940
1062 3939
1063 3938
1064 3937
1065 3936
1066 3935
1067 3934
1068 3933
1069 3932
1070 3931
1071 3930
1072 3929
1073 3928
1074 3927
1075 3926
1076 3925
1077 3924
1078 3923
1079 3922
1080 3921
1081 3920
1082 3919
1083 3918
1084 3917
1085 3916
1086 3915
1087 3914
1088 3913
1089 3912
1090 3911
1091 3910
1092 3909
1093 3908
1094 3907
1095 3906
1096 3905
1097 3904
1098 3903
1099 3902
1100 3901
1101 3900
1102 3899
1103 3898
1104 3897
1105 3896
1106 3895
1107 3894
1108 3893
1109 3892
1110 3891
1111 3890
1112 3889
1113 3888
1114 3887
1115 3886
1116 3885
1117 3884
1118 3883
1119 3882
1120 3881
1121 3880
1122 3879
1123 3878
1124 3877
1125 3876
1126 3875
1127 3874
1128 3873
1129 3872
1130 3871
1131 3870
1132 3869
1133 3868
1134 3867
1135 3866
1136 3865
1137 3864
1138 3863
1139 3862
1140 3861
1141 3860
1142 3859
1143 3858
1144 3857
1145 3856
1146 3855
1147 3854
1148 3853
1149 3852
1150 3851
1151 3850
1152 3849
1153 3848
1154 3847
1155 3846
1156 3845
1157 3844
1158 3843
1159 3842
1160 3841
1161 3840
1162 3839
1163 3838
1164 3837
1165 3836
1166 3835
1167 3834
1168 3833
1169 3832
1170 3831
1171 3830
1172 3829
1173 3828
1174 3827
1175 3826
1176 3825
1177 3824
1178 3823
1179 3822
1180 3821
1181 3820
1182 3819
1183 3818
1184 3817
1185 3816
1186 3815
1187 3814
1188 3813
1189 3812
1190 3811
1191 3810
1192 3809
1193 3808
1194 3807
1195 3806
1196 3805
1197 3804
1198 3803
1199 3802
1200 3801
1201 3800
1202 3799
1203 3798
1204 3797
1205 3796
1206 3795
1207 3794
1208 3793
1209 3792
1210 3791
1211 3790
1212 3789
1213 3788
1214 3787
1215 3786
1216 3785
1217 3784
1218 3783
1219 3782
1220 3781
1221 3780
1222 3779
1223 3778
1224 3777
1225 3776
1226 3775
1227 3774
1228 3773
1229 3772
1230 3771
1231 3770
1232 3769
1233 3768
1234 3767
1235 3766
1236 3765
1237 3764
1238 3763
1239 3762
1240 3761
1241 3760
1242 3759
1243 3758
1244 3757
1245 3756
1246 3755
1247 3754
1248 3753
1249 3752
1250 3751
1251 3750
1252 3749
1253 3748
1254 3747
1255 3746
1256 3745
1257 3744
1258 3743
1259 3742
1260 3741
1261 3740
1262 3739
1263 3738
1264 3737
1265 3736
1266 3735
1267 3734
1268 3733
1269 3732
1270 3731
1271 3730
1272 3729
1273 3728
1274 3727
1275 3726
1276 3725
1277 3724
1278 3723
1279 3722
1280 3721
1281 3720
1282 3719
1283 3718
1284 3717
1285 3716
1286 3715
1287 3714
1288 3713
1289 3712
1290 3711
1291 3710
1292 3709
1293 3708
1294 3707
1295 3706
1296 3705
1297 3704
1298 3703
1299 3702
1300 3701
1301 3700
1302 3699
1303 3698
1304 3697
1305 3696
1306 3695
1307 3694
1308 3693
1309 3692
1310 3691
1311 3690
1312 3689
1313 3688
1314 3687
1315 3686
1316 3685
1317 3684
1318 3683
1319 3682
1320 3681
1321 3680
1322 3679
1323 3678
1324 3677
1325 3676
1326 3675
1327 3674
1328 3673
1329 3672
1330 3671
1331 3670
1332 3669
1333 3668
1334 3667
1335 3666
1336 3665
1337 3664
1338 3663
1339 3662
1340 3661
1341 3660
1342 3659
1343 3658
1344 3657
1345 3656
1346 3655
1347 3654
1348 3653
1349 3652
1350 3651
1351 3650
1352 3649
1353 3648
1354 3647
1355 3646
1356 3645
1357 3644
1358 3643
1359 3642
1360 3641
1361 3640
1362 3639
1363 3638
1364 3637
1365 3636
1366 3635
1367 3634
1368 3633
1369 3632
1370 3631
1371 3630
1372 3629
1373 3628
1374 3627
1375 3626
1376 3625
1377 3624
1378 3623
1379 3622
1380 3621
1381 3620
1382 3619
1383 3618
1384 3617
1385 3616
1386 3615
1387 3614
1388 3613
1389 3612
1390 3611
1391 3610
1392 3609
1393 3608
1394 3607
1395 3606
1396 3605
1397 3604
1398 3603
1399 3602
1400 3601
1401 3600
1402 3599
1403 3598
1404 3597
1405 3596
1406 3595
1407 3594
1408 3593
1409 3592
1410 3591
1411 3590
1412 3589
1413 3588
1414 3587
1415 3586
1416 3585
1417 3584
1418 3583
1419 3582
1420 3581
1421 3580
1422 3579
1423 3578
1424 3577
1425 3576
1426 3575
1427 3574
1428 3573
1429 3572
1430 3571
1431 3570
1432 3569
1433 3568
1434 3567
1435 3566
1436 3565
1437 3564
1438 3563
1439 3562
1440 3561
1441 3560
1442 3559
1443 3558
1444 3557
1445 3556
1446 3555
1447 3554
1448 3553
1449 3552
1450 3551
1451 3550
1452 3549
1453 3548
1454 3547
1455 3546
1456 3545
1457 3544
1458 3543
1459 3542
1460 3541
1461 3540
1462 3539
1463 3538
1464 3537
1465 3536
1466 3535
1467 3534
1468 3533
1469 3532
1470 3531
1471 3530
1472 3529
1473 3528
1474 3527
1475 3526
1476 3525
1477 3524
1478 3523
1479 3522
1480 3521
1481 3520
1482 3519
1483 3518
1484 3517
1485 3516
1486 3515
1487 3514
1488 3513
1489 3512
1490 3511
1491 3510
1492 3509
1493 3508
1494 3507
1495 3506
1496 3505
1497 3504
1498 3503
1499 3502
1500 3501
1501 3500
1502 3499
1503 3498
1504 3497
1505 3496
1506 3495
1507 3494
1508 3493
1509 3492
1510 3491
1511 3490
1512 3489
1513 3488
1514 3487
1515 3486
1516 3485
1517 3484
1518 3483
1519 3482
1520 3481
1521 3480
1522 3479
1523 3478
1524 3477
1525 3476
1526 3475
1527 3474
1528 3473
1529 3472
1530 3471
1531 3470
1532 3469
1533 3468
1534 3467
1535 3466
1536 3465
1537 3464
1538 3463
1539 3462
1540 3461
1541 3460
1542 3459
1543 3458
1544 3457
1545 3456
1546 3455
1547 3454
1548 3453
1549 3452
1550 3451
1551 3450
1552 3449
1553 3448
1554 3447
1555 3446
1556 3445
1557 3444
1558 3443
1559 3442
1560 3441
1561 3440
1562 3439
1563 3438
1564 3437
1565 3436
1566 3435
1567 3434
1568 3433
1569 3432
1570 3431
1571 3430
1572 3429
1573 3428
1574 3427
1575 3426
1576 3425
1577 3424
1578 3423
1579 3422
1580 3421
1581 3420
1582 3419
1583 3418
1584 3417
1585 3416
1586 3415
1587 3414
1588 3413
1589 3412
1590 3411
1591 3410
1592 3409
1593 3408
1594 3407
1595 3406
1596 3405
1597 3404
1598 3403
1599 3402
1600 3401
1601 3400
1602 3399
1603 3398
1604 3397
1605 3396
1606 3395
1607 3394
1608 3393
1609 3392
1610 3391
1611 3390
1612 3389
1613 3388
1614 3387
1615 3386
1616 3385
1617 3384
1618 3383
1619 3382
1620 3381
1621 3380
1622 3379
1623 3378
1624 3377
1625 3376
1626 3375
1627 3374
1628 3373
1629 3372
1630 3371
1631 3370
1632 3369
1633 3368
1634 3367
1635 3366
1636 3365
1637 3364
1638 3363
1639 3362
1640 3361
1641 3360
1642 3359
1643 3358
1644 3357
1645 3356
1646 3355
1647 3354
1648 3353
1649 3352
1650 3351
1651 3350
1652 3349
1653 3348
1654 3347
1655 3346
1656 3345
1657 3344
1658 3343
1659 3342
1660 3341
1661 3340
1662 3339
1663 3338
1664 3337
1665 3336
1666 3335
1667 3334
1668 3333
1669 3332
1670 3331
1671 3330
1672 3329
1673 3328
1674 3327
1675 3326
1676 3325
1677 3324
1678 3323
1679 3322
1680 3321
1681 3320
1682 3319
1683 3318
1684 3317
1685 3316
1686 3315
1687 3314
1688 3313
1689 3312
1690 3311
1691 3310
1692 3309
1693 3308
1694 3307
1695 3306
1696 3305
1697 3304
1698 3303
1699 3302
1700 3301
1701 3300
1702 3299
1703 3298
1704 3297
1705 3296
1706 3295
1707 3294
1708 3293
1709 3292
1710 3291
1711 3290
1712 3289
1713 3288
1714 3287
1715 3286
1716 3285
1717 3284
1718 3283
1719 3282
1720 3281
1721 3280
1722 3279
1723 3278
1724 3277
1725 3276
1726 3275
1727 3274
1728 3273
1729 3272
1730 3271
1731 3270
1732 3269
1733 3268
1734 3267
1735 3266
1736 3265
1737 3264
1738 3263
1739 3262
1740 3261
1741 3260
1742 3259
1743 3258
1744 3257
1745 3256
1746 3255
1747 3254
1748 3253
1749 3252
1750 3251
1751 3250
1752 3249
1753 3248
1754 3247
1755 3246
1756 3245
1757 3244
1758 3243
1759 3242
1760 3241
1761 3240
1762 3239
1763 3238
1764 3237
1765 3236
1766 3235
1767 3234
1768 3233
1769 3232
1770 3231
1771 3230
1772 3229
1773 3228
1774 3227
1775 3226
1776 3225
1777 3224
1778 3223
1779 3222
1780 3221
1781 3220
1782 3219
1783 3218
1784 3217
1785 3216
1786 3215
1787 3214
1788 3213
1789 3212
1790 3211
1791 3210
1792 3209
1793 3208
1794 3207
1795 3206
1796 3205
1797 3204
1798 3203
1799 3202
1800 3201
1801 3200
1802 3199
1803 3198
1804 3197
1805 3196
1806 3195
1807 3194
1808 3193
1809 3192
1810 3191
1811 3190
1812 3189
1813 3188
1814 3187
1815 3186
1816 3185
1817 3184
1818 3183
1819 3182
1820 3181
1821 3180
1822 3179
1823 3178
1824 3177
1825 3176
1826 3175
1827 3174
1828 3173
1829 3172
1830 3171
1831 3170
1832 3169
1833 3168
1834 3167
1835 3166
1836 3165
1837 3164
1838 3163
1839 3162
1840 3161
1841 3160
1842 3159
1843 3158
1844 3157
1845 3156
1846 3155
1847 3154
1848 3153
1849 3152
1850 3151
1851 3150
1852 3149
1853 3148
1854 3147
1855 3146
1856 3145
1857 3144
1858 3143
1859 3142
1860 3141
1861 3140
1862 3139
1863 3138
1864 3137
1865 3136
1866 3135
1867 3134
1868 3133
1869 3132
1870 3131
1871 3130
1872 3129
1873 3128
1874 3127
1875 3126
1876 3125
1877 3124
1878 3123
1879 3122
1880 3121
1881 3120
1882 3119
1883 3118
1884 3117
1885 3116
1886 3115
1887 3114
1888 3113
1889 3112
1890 3111
1891 3110
1892 3109
1893 3108
1894 3107
1895 3106
1896 3105
1897 3104
1898 3103
1899 3102
1900 3101
1901 3100
1902 3099
1903 3098
1904 3097
1905 3096
1906 3095
1907 3094
1908 3093
1909 3092
1910 3091
1911 3090
1912 3089
1913 3088
1914 3087
1915 3086
1916 3085
1917 3084
1918 3083
1919 3082
1920 3081
1921 3080
1922 3079
1923 3078
1924 3077
1925 3076
1926 3075
1927 3074
1928 3073
1929 3072
1930 3071
1931 3070
1932 3069
1933 3068
1934 3067
1935 3066
1936 3065
1937 3064
1938 3063
1939 3062
1940 3061
1941 3060
1942 3059
1943 3058
1944 3057
1945 3056
1946 3055
1947 3054
1948 3053
1949 3052
1950 3051
1951 3050
1952 3049
1953 3048
1954 3047
1955 3046
1956 3045
1957 3044
1958 3043
1959 3042
1960 3041
1961 3040
1962 3039
1963 3038
1964 3037
1965 3036
1966 3035
1967 3034
1968 3033
1969 3032
1970 3031
1971 3030
1972 3029
1973 3028
1974 3027
1975 3026
1976 3025
1977 3024
1978 3023
1979 3022
1980 3021
1981 3020
1982 3019
1983 3018
1984 3017
1985 3016
1986 3015
1987 3014
1988 3013
1989 3012
1990 3011
1991 3010
1992 3009
1993 3008
1994 3007
1995 3006
1996 3005
1997 3004
1998 3003
1999 3002
2000 3001
2001 3000
2002 2999
2003 2998
2004 2997
2005 2996
2006 2995
2007 2994
2008 2993
2009 2992
2010 2991
2011 2990
2012 2989
2013 2988
2014 2987
2015 2986
2016 2985
2017 2984
2018 2983
2019 2982
2020 2981
2021 2980
2022 2979
2023 2978
2024 2977
2025 2976
2026 2975
2027 2974
2028 2973
2029 2972
2030 2971
2031 2970
2032 2969
2033 2968
2034 2967
2035 2966
2036 2965
2037 2964
2038 2963
2039 2962
2040 2961
2041 2960
2042 2959
2043 2958
2044 2957
2045 2956
2046 2955
2047 2954
2048 2953
2049 2952
2050 2951
2051 2950
2052 2949
2053 2948
2054 2947
2055 2946
2056 2945
2057 2944
2058 2943
2059 2942
2060 2941
2061 2940
2062 2939
2063 2938
2064 2937
2065 2936
2066 2935
2067 2934
2068 2933
2069 2932
2070 2931
2071 2930
2072 2929
2073 2928
2074 2927
2075 2926
2076 2925
2077 2924
2078 2923
2079 2922
2080 2921
2081 2920
2082 2919
2083 2918
2084 2917
2085 2916
2086 2915
2087 2914
2088 2913
2089 2912
2090 2911
2091 2910
2092 2909
2093 2908
2094 2907
2095 2906
2096 2905
2097 2904
2098 2903
2099 2902
2100 2901
2101 2900
2102 2899
2103 2898
2104 2897
2105 2896
2106 2895
2107 2894
2108 2893
2109 2892
2110 2891
2111 2890
2112 2889
2113 2888
2114 2887
2115 2886
2116 2885
2117 2884
2118 2883
2119 2882
2120 2881
2121 2880
2122 2879
2123 2878
2124 2877
2125 2876
2126 2875
2127 2874
2128 2873
2129 2872
2130 2871
2131 2870
2132 2869
2133 2868
2134 2867
2135 2866
2136 2865
2137 2864
2138 2863
2139 2862
2140 2861
2141 2860
2142 2859
2143 2858
2144 2857
2145 2856
2146 2855
2147 2854
2148 2853
2149 2852
2150 2851
2151 2850
2152 2849
2153 2848
2154 2847
2155 2846
2156 2845
2157 2844
2158 2843
2159 2842
2160 2841
2161 2840
2162 2839
2163 2838
2164 2837
2165 2836
2166 2835
2167 2834
2168 2833
2169 2832
2170 2831
2171 2830
2172 2829
2173 2828
2174 2827
2175 2826
2176 2825
2177 2824
2178 2823
2179 2822
2180 2821
2181 2820
2182 2819
2183 2818
2184 2817
2185 2816
2186 2815
2187 2814
2188 2813
2189 2812
2190 2811
2191 2810
2192 2809
2193 2808
2194 2807
2195 2806
2196 2805
2197 2804
2198 2803
2199 2802
2200 2801
2201 2800
2202 2799
2203 2798
2204 2797
2205 2796
2206 2795
2207 2794
2208 2793
2209 2792
2210 2791
2211 2790
2212 2789
2213 2788
2214 2787
2215 2786
2216 2785
2217 2784
2218 2783
2219 2782
2220 2781
2221 2780
2222 2779
2223 2778
2224 2777
2225 2776
2226 2775
2227 2774
2228 2773
2229 2772
2230 2771
2231 2770
2232 2769
2233 2768
2234 2767
2235 2766
2236 2765
2237 2764
2238 2763
2239 2762
2240 2761
2241 2760
2242 2759
2243 2758
2244 2757
2245 2756
2246 2755
2247 2754
2248 2753
2249 2752
2250 2751
2251 2750
2252 2749
2253 2748
2254 2747
2255 2746
2256 2745
2257 2744
2258 2743
2259 2742
2260 2741
2261 2740
2262 2739
2263 2738
2264 2737
2265 2736
2266 2735
2267 2734
2268 2733
2269 2732
2270 2731
2271 2730
2272 2729
2273 2728
2274 2727
2275 2726
2276 2725
2277 2724
2278 2723
2279 2722
2280 2721
2281 2720
2282 2719
2283 2718
2284 2717
2285 2716
2286 2715
2287 2714
2288 2713
2289 2712
2290 2711
2291 2710
2292 2709
2293 2708
2294 2707
2295 2706
2296 2705
2297 2704
2298 2703
2299 2702
2300 2701
2301 2700
2302 2699
2303 2698
2304 2697
2305 2696
2306 2695
2307 2694
2308 2693
2309 2692
2310 2691
2311 2690
2312 2689
2313 2688
2314 2687
2315 2686
2316 2685
2317 2684
2318 2683
2319 2682
2320 2681
2321 2680
2322 2679
2323 2678
2324 2677
2325 2676
2326 2675
2327 2674
2328 2673
2329 2672
2330 2671
2331 2670
2332 2669
2333 2668
2334 2667
2335 2666
2336 2665
2337 2664
2338 2663
2339 2662
2340 2661
2341 2660
2342 2659
2343 2658
2344 2657
2345 2656
2346 2655
2347 2654
2348 2653
2349 2652
2350 2651
2351 2650
2352 2649
2353 2648
2354 2647
2355 2646
2356 2645
2357 2644
2358 2643
2359 2642
2360 2641
2361 2640
2362 2639
2363 2638
2364 2637
2365 2636
2366 2635
2367 2634
2368 2633
2369 2632
2370 2631
2371 2630
2372 2629
2373 2628
2374 2627
2375 2626
2376 2625
2377 2624
2378 2623
2379 2622
2380 2621
2381 2620
2382 2619
2383 2618
2384 2617
2385 2616
2386 2615
2387 2614
2388 2613
2389 2612
2390 2611
2391 2610
2392 2609
2393 2608
2394 2607
2395 2606
2396 2605
2397 2604
2398 2603
2399 2602
2400 2601
2401 2600
2402 2599
2403 2598
2404 2597
2405 2596
2406 2595
2407 2594
2408 2593
2409 2592
2410 2591
2411 2590
2412 2589
2413 2588
2414 2587
2415 2586
2416 2585
2417 2584
2418 2583
2419 2582
2420 2581
2421 2580
2422 2579
2423 2578
2424 2577
2425 2576
2426 2575
2427 2574
2428 2573
2429 2572
2430 2571
2431 2570
2432 2569
2433 2568
2434 2567
2435 2566
2436 2565
2437 2564
2438 2563
2439 2562
2440 2561
2441 2560
2442 2559
2443 2558
2444 2557
2445 2556
2446 2555
2447 2554
2448 2553
2449 2552
2450 2551
2451 2550
2452 2549
2453 2548
2454 2547
2455 2546
2456 2545
2457 2544
2458 2543
2459 2542
2460 2541
2461 2540
2462 2539
2463 2538
2464 2537
2465 2536
2466 2535
2467 2534
2468 2533
2469 2532
2470 2531
2471 2530
2472 2529
2473 2528
2474 2527
2475 2526
2476 2525
2477 2524
2478 2523
2479 2522
2480 2521
2481 2520
2482 2519
2483 2518
2484 2517
2485 2516
2486 2515
2487 2514
2488 2513
2489 2512
2490 2511
2491 2510
2492 2509
2493 2508
2494 2507
2495 2506
2496 2505
2497 2504
2498 2503
2499 2502
2500 2501
2501 2500
2502 2499
2503 2498
2504 2497
2505 2496
2506 2495
2507 2494
2508 2493
2509 2492
2510 2491
2511 2490
2512 2489
2513 2488
2514 2487
2515 2486
2516 2485
2517 2484
2518 2483
2519 2482
2520 2481
2521 2480
2522 2479
2523 2478
2524 2477
2525 2476
2526 2475
2527 2474
2528 2473
2529 2472
2530 2471
2531 2470
2532 2469
2533 2468
2534 2467
2535 2466
2536 2465
2537 2464
2538 2463
2539 2462
2540 2461
2541 2460
2542 2459
2543 2458
2544 2457
2545 2456
2546 2455
2547 2454
2548 2453
2549 2452
2550 2451
2551 2450
2552 2449
2553 2448
2554 2447
2555 2446
2556 2445
2557 2444
2558 2443
2559 2442
2560 2441
2561 2440
2562 2439
2563 2438
2564 2437
2565 2436
2566 2435
2567 2434
2568 2433
2569 2432
2570 2431
2571 2430
2572 2429
2573 2428
2574 2427
2575 2426
2576 2425
2577 2424
2578 2423
2579 2422
2580 2421
2581 2420
2582 2419
2583 2418
2584 2417
2585 2416
2586 2415
2587 2414
2588 2413
2589 2412
2590 2411
2591 2410
2592 2409
2593 2408
2594 2407
2595 2406
2596 2405
2597 2404
2598 2403
2599 2402
2600 2401
2601 2400
2602 2399
2603 2398
2604 2397
2605 2396
2606 2395
2607 2394
2608 2393
2609 2392
2610 2391
2611 2390
2612 2389
2613 2388
2614 2387
2615 2386
2616 2385
2617 2384
2618 2383
2619 2382
2620 2381
2621 2380
2622 2379
2623 2378
2624 2377
2625 2376
2626 2375
2627 2374
2628 2373
2629 2372
2630 2371
2631 2370
2632 2369
2633 2368
2634 2367
2635 2366
2636 2365
2637 2364
2638 2363
2639 2362
2640 2361
2641 2360
2642 2359
2643 2358
2644 2357
2645 2356
2646 2355
2647 2354
2648 2353
2649 2352
2650 2351
2651 2350
2652 2349
2653 2348
2654 2347
2655 2346
2656 2345
2657 2344
2658 2343
2659 2342
2660 2341
2661 2340
2662 2339
2663 2338
2664 2337
2665 2336
2666 2335
2667 2334
2668 2333
2669 2332
2670 2331
2671 2330
2672 2329
2673 2328
2674 2327
2675 2326
2676 2325
2677 2324
2678 2323
2679 2322
2680 2321
2681 2320
2682 2319
2683 2318
2684 2317
2685 2316
2686 2315
2687 2314
2688 2313
2689 2312
2690 2311
2691 2310
2692 2309
2693 2308
2694 2307
2695 2306
2696 2305
2697 2304
2698 2303
2699 2302
2700 2301
2701 2300
2702 2299
2703 2298
2704 2297
2705 2296
2706 2295
2707 2294
2708 2293
2709 2292
2710 2291
2711 2290
2712 2289
2713 2288
2714 2287
2715 2286
2716 2285
2717 2284
2718 2283
2719 2282
2720 2281
2721 2280
2722 2279
2723 2278
2724 2277
2725 2276
2726 2275
2727 2274
2728 2273
2729 2272
2730 2271
2731 2270
2732 2269
2733 2268
2734 2267
2735 2266
2736 2265
2737 2264
2738 2263
2739 2262
2740 2261
2741 2260
2742 2259
2743 2258
2744 2257
2745 2256
2746 2255
2747 2254
2748 2253
2749 2252
2750 2251
2751 2250
2752 2249
2753 2248
2754 2247
2755 2246
2756 2245
2757 2244
2758 2243
2759 2242
2760 2241
2761 2240
2762 2239
2763 2238
2764 2237
2765 2236
2766 2235
2767 2234
2768 2233
2769 2232
2770 2231
2771 2230
2772 2229
2773 2228
2774 2227
2775 2226
2776 2225
2777 2224
2778 2223
2779 2222
2780 2221
2781 2220
2782 2219
2783 2218
2784 2217
2785 2216
2786 2215
2787 2214
2788 2213
2789 2212
2790 2211
2791 2210
2792 2209
2793 2208
2794 2207
2795 2206
2796 2205
2797 2204
2798 2203
2799 2202
2800 2201
2801 2200
2802 2199
2803 2198
2804 2197
2805 2196
2806 2195
2807 2194
2808 2193
2809 2192
2810 2191
2811 2190
2812 2189
2813 2188
2814 2187
2815 2186
2816 2185
2817 2184
2818 2183
2819 2182
2820 2181
2821 2180
2822 2179
2823 2178
2824 2177
2825 2176
2826 2175
2827 2174
2828 2173
2829 2172
2830 2171
2831 2170
2832 2169
2833 2168
2834 2167
2835 2166
2836 2165
2837 2164
2838 2163
2839 2162
2840 2161
2841 2160
2842 2159
2843 2158
2844 2157
2845 2156
2846 2155
2847 2154
2848 2153
2849 2152
2850 2151
2851 2150
2852 2149
2853 2148
2854 2147
2855 2146
2856 2145
2857 2144
2858 2143
2859 2142
2860 2141
2861 2140
2862 2139
2863 2138
2864 2137
2865 2136
2866 2135
2867 2134
2868 2133
2869 2132
2870 2131
2871 2130
2872 2129
2873 2128
2874 2127
2875 2126
2876 2125
2877 2124
2878 2123
2879 2122
2880 2121
2881 2120
2882 2119
2883 2118
2884 2117
2885 2116
2886 2115
2887 2114
2888 2113
2889 2112
2890 2111
2891 2110
2892 2109
2893 2108
2894 2107
2895 2106
2896 2105
2897 2104
2898 2103
2899 2102
2900 2101
2901 2100
2902 2099
2903 2098
2904 2097
2905 2096
2906 2095
2907 2094
2908 2093
2909 2092
2910 2091
2911 2090
2912 2089
2913 2088
2914 2087
2915 2086
2916 2085
2917 2084
2918 2083
2919 2082
2920 2081
2921 2080
2922 2079
2923 2078
2924 2077
2925 2076
2926 2075
2927 2074
2928 2073
2929 2072
2930 2071
2931 2070
2932 2069
2933 2068
2934 2067
2935 2066
2936 2065
2937 2064
2938 2063
2939 2062
2940 2061
2941 2060
2942 2059
2943 2058
2944 2057
2945 2056
2946 2055
2947 2054
2948 2053
2949 2052
2950 2051
2951 2050
2952 2049
2953 2048
2954 2047
2955 2046
2956 2045
2957 2044
2958 2043
2959 2042
2960 2041
2961 2040
2962 2039
2963 2038
2964 2037
2965 2036
2966 2035
2967 2034
2968 2033
2969 2032
2970 2031
2971 2030
2972 2029
2973 2028
2974 2027
2975 2026
2976 2025
2977 2024
2978 2023
2979 2022
2980 2021
2981 2020
2982 2019
2983 2018
2984 2017
2985 2016
2986 2015
2987 2014
2988 2013
2989 2012
2990 2011
2991 2010
2992 2009
2993 2008
2994 2007
2995 2006
2996 2005
2997 2004
2998 2003
2999 2002
3000 2001
3001 2000
3002 1999
3003 1998
3004 1997
3005 1996
3006 1995
3007 1994
3008 1993
3009 1992
3010 1991
3011 1990
3012 1989
3013 1988
3014 1987
3015 1986
3016 1985
3017 1984
3018 1983
3019 1982
3020 1981
3021 1980
3022 1979
3023 1978
3024 1977
3025 1976
3026 1975
3027 1974
3028 1973
3029 1972
3030 1971
3031 1970
3032 1969
3033 1968
3034 1967
3035 1966
3036 1965
3037 1964
3038 1963
3039 1962
3040 1961
3041 1960
3042 1959
3043 1958
3044 1957
3045 1956
3046 1955
3047 1954
3048 1953
3049 1952
3050 1951
3051 1950
3052 1949
3053 1948
3054 1947
3055 1946
3056 1945
3057 1944
3058 1943
3059 1942
3060 1941
3061 1940
3062 1939
3063 1938
3064 1937
3065 1936
3066 1935
3067 1934
3068 1933
3069 1932
3070 1931
3071 1930
3072 1929
3073 1928
3074 1927
3075 1926
3076 1925
3077 1924
3078 1923
3079 1922
3080 1921
3081 1920
3082 1919
3083 1918
3084 1917
3085 1916
3086 1915
3087 1914
3088 1913
3089 1912
3090 1911
3091 1910
3092 1909
3093 1908
3094 1907
3095 1906
3096 1905
3097 1904
3098 1903
3099 1902
3100 1901
3101 1900
3102 1899
3103 1898
3104 1897
3105 1896
3106 1895
3107 1894
3108 1893
3109 1892
3110 1891
3111 1890
3112 1889
3113 1888
3114 1887
3115 1886
3116 1885
3117 1884
3118 1883
3119 1882
3120 1881
3121 1880
3122 1879
3123 1878
3124 1877
3125 1876
3126 1875
3127 1874
3128 1873
3129 1872
3130 1871
3131 1870
3132 1869
3133 1868
3134 1867
3135 1866
3136 1865
3137 1864
3138 1863
3139 1862
3140 1861
3141 1860
3142 1859
3143 1858
3144 1857
3145 1856
3146 1855
3147 1854
3148 1853
3149 1852
3150 1851
3151 1850
3152 1849
3153 1848
3154 1847
3155 1846
3156 1845
3157 1844
3158 1843
3159 1842
3160 1841
3161 1840
3162 1839
3163 1838
3164 1837
3165 1836
3166 1835
3167 1834
3168 1833
3169 1832
3170 1831
3171 1830
3172 1829
3173 1828
3174 1827
3175 1826
3176 1825
3177 1824
3178 1823
3179 1822
3180 1821
3181 1820
3182 1819
3183 1818
3184 1817
3185 1816
3186 1815
3187 1814
3188 1813
3189 1812
3190 1811
3191 1810
3192 1809
3193 1808
3194 1807
3195 1806
3196 1805
3197 1804
3198 1803
3199 1802
3200 1801
3201 1800
3202 1799
3203 1798
3204 1797
3205 1796
3206 1795
3207 1794
3208 1793
3209 1792
3210 1791
3211 1790
3212 1789
3213 1788
3214 1787
3215 1786
3216 1785
3217 1784
3218 1783
3219 1782
3220 1781
3221 1780
3222 1779
3223 1778
3224 1777
3225 1776
3226 1775
3227 1774
3228 1773
3229 1772
3230 1771
3231 1770
3232 1769
3233 1768
3234 1767
3235 1766
3236 1765
3237 1764
3238 1763
3239 1762
3240 1761
3241 1760
3242 1759
3243 1758
3244 1757
3245 1756
3246 1755
3247 1754
3248 1753
3249 1752
3250 1751
3251 1750
3252 1749
3253 1748
3254 1747
3255 1746
3256 1745
3257 1744
3258 1743
3259 1742
3260 1741
3261 1740
3262 1739
3263 1738
3264 1737
3265 1736
3266 1735
3267 1734
3268 1733
3269 1732
3270 1731
3271 1730
3272 1729
3273 1728
3274 1727
3275 1726
3276 1725
3277 1724
3278 1723
3279 1722
3280 1721
3281 1720
3282 1719
3283 1718
3284 1717
3285 1716
3286 1715
3287 1714
3288 1713
3289 1712
3290 1711
3291 1710
3292 1709
3293 1708
3294 1707
3295 1706
3296 1705
3297 1704
3298 1703
3299 1702
3300 1701
3301 1700
3302 1699
3303 1698
3304 1697
3305 1696
3306 1695
3307 1694
3308 1693
3309 1692
3310 1691
3311 1690
3312 1689
3313 1688
3314 1687
3315 1686
3316 1685
3317 1684
3318 1683
3319 1682
3320 1681
3321 1680
3322 1679
3323 1678
3324 1677
3325 1676
3326 1675
3327 1674
3328 1673
3329 1672
3330 1671
3331 1670
3332 1669
3333 1668
3334 1667
3335 1666
3336 1665
3337 1664
3338 1663
3339 1662
3340 1661
3341 1660
3342 1659
3343 1658
3344 1657
3345 1656
3346 1655
3347 1654
3348 1653
3349 1652
3350 1651
3351 1650
3352 1649
3353 1648
3354 1647
3355 1646
3356 1645
3357 1644
3358 1643
3359 1642
3360 1641
3361 1640
3362 1639
3363 1638
3364 1637
3365 1636
3366 1635
3367 1634
3368 1633
3369 1632
3370 1631
3371 1630
3372 1629
3373 1628
3374 1627
3375 1626
3376 1625
3377 1624
3378 1623
3379 1622
3380 1621
3381 1620
3382 1619
3383 1618
3384 1617
3385 1616
3386 1615
3387 1614
3388 1613
3389 1612
3390 1611
3391 1610
3392 1609
3393 1608
3394 1607
3395 1606
3396 1605
3397 1604
3398 1603
3399 1602
3400 1601
3401 1600
3402 1599
3403 1598
3404 1597
3405 1596
3406 1595
3407 1594
3408 1593
3409 1592
3410 1591
3411 1590
3412 1589
3413 1588
3414 1587
3415 1586
3416 1585
3417 1584
3418 1583
3419 1582
3420 1581
3421 1580
3422 1579
3423 1578
3424 1577
3425 1576
3426 1575
3427 1574
3428 1573
3429 1572
3430 1571
3431 1570
3432 1569
3433 1568
3434 1567
3435 1566
3436 1565
3437 1564
3438 1563
3439 1562
3440 1561
3441 1560
3442 1559
3443 1558
3444 1557
3445 1556
3446 1555
3447 1554
3448 1553
3449 1552
3450 1551
3451 1550
3452 1549
3453 1548
3454 1547
3455 1546
3456 1545
3457 1544
3458 1543
3459 1542
3460 1541
3461 1540
3462 1539
3463 1538
3464 1537
3465 1536
3466 1535
3467 1534
3468 1533
3469 1532
3470 1531
3471 1530
3472 1529
3473 1528
3474 1527
3475 1526
3476 1525
3477 1524
3478 1523
3479 1522
3480 1521
3481 1520
3482 1519
3483 1518
3484 1517
3485 1516
3486 1515
3487 1514
3488 1513
3489 1512
3490 1511
3491 1510
3492 1509
3493 1508
3494 1507
3495 1506
3496 1505
3497 1504
3498 1503
3499 1502
3500 1501
3501 1500
3502 1499
3503 1498
3504 1497
3505 1496
3506 1495
3507 1494
3508 1493
3509 1492
3510 1491
3511 1490
3512 1489
3513 1488
3514 1487
3515 1486
3516 1485
3517 1484
3518 1483
3519 1482
3520 1481
3521 1480
3522 1479
3523 1478
3524 1477
3525 1476
3526 1475
3527 1474
3528 1473
3529 1472
3530 1471
3531 1470
3532 1469
3533 1468
3534 1467
3535 1466
3536 1465
3537 1464
3538 1463
3539 1462
3540 1461
3541 1460
3542 1459
3543 1458
3544 1457
3545 1456
3546 1455
3547 1454
3548 1453
3549 1452
3550 1451
3551 1450
3552 1449
3553 1448
3554 1447
3555 1446
3556 1445
3557 1444
3558 1443
3559 1442
3560 1441
3561 1440
3562 1439
3563 1438
3564 1437
3565 1436
3566 1435
3567 1434
3568 1433
3569 1432
3570 1431
3571 1430
3572 1429
3573 1428
3574 1427
3575 1426
3576 1425
3577 1424
3578 1423
3579 1422
3580 1421
3581 1420
3582 1419
3583 1418
3584 1417
3585 1416
3586 1415
3587 1414
3588 1413
3589 1412
3590 1411
3591 1410
3592 1409
3593 1408
3594 1407
3595 1406
3596 1405
3597 1404
3598 1403
3599 1402
3600 1401
3601 1400
3602 1399
3603 1398
3604 1397
3605 1396
3606 1395
3607 1394
3608 1393
3609 1392
3610 1391
3611 1390
3612 1389
3613 1388
3614 1387
3615 1386
3616 1385
3617 1384
3618 1383
3619 1382
3620 1381
3621 1380
3622 1379
3623 1378
3624 1377
3625 1376
3626 1375
3627 1374
3628 1373
3629 1372
3630 1371
3631 1370
3632 1369
3633 1368
3634 1367
3635 1366
3636 1365
3637 1364
3638 1363
3639 1362
3640 1361
3641 1360
3642 1359
3643 1358
3644 1357
3645 1356
3646 1355
3647 1354
3648 1353
3649 1352
3650 1351
3651 1350
3652 1349
3653 1348
3654 1347
3655 1346
3656 1345
3657 1344
3658 1343
3659 1342
3660 1341
3661 1340
3662 1339
3663 1338
3664 1337
3665 1336
3666 1335
3667 1334
3668 1333
3669 1332
3670 1331
3671 1330
3672 1329
3673 1328
3674 1327
3675 1326
3676 1325
3677 1324
3678 1323
3679 1322
3680 1321
3681 1320
3682 1319
3683 1318
3684 1317
3685 1316
3686 1315
3687 1314
3688 1313
3689 1312
3690 1311
3691 1310
3692 1309
3693 1308
3694 1307
3695 1306
3696 1305
3697 1304
3698 1303
3699 1302
3700 1301
3701 1300
3702 1299
3703 1298
3704 1297
3705 1296
3706 1295
3707 1294
3708 1293
3709 1292
3710 1291
3711 1290
3712 1289
3713 1288
3714 1287
3715 1286
3716 1285
3717 1284
3718 1283
3719 1282
3720 1281
3721 1280
3722 1279
3723 1278
3724 1277
3725 1276
3726 1275
3727 1274
3728 1273
3729 1272
3730 1271
3731 1270
3732 1269
3733 1268
3734 1267
3735 1266
3736 1265
3737 1264
3738 1263
3739 1262
3740 1261
3741 1260
3742 1259
3743 1258
3744 1257
3745 1256
3746 1255
3747 1254
3748 1253
3749 1252
3750 1251
3751 1250
3752 1249
3753 1248
3754 1247
3755 1246
3756 1245
3757 1244
3758 1243
3759 1242
3760 1241
3761 1240
3762 1239
3763 1238
3764 1237
3765 1236
3766 1235
3767 1234
3768 1233
3769 1232
3770 1231
3771 1230
3772 1229
3773 1228
3774 1227
3775 1226
3776 1225
3777 1224
3778 1223
3779 1222
3780 1221
3781 1220
3782 1219
3783 1218
3784 1217
3785 1216
3786 1215
3787 1214
3788 1213
3789 1212
3790 1211
3791 1210
3792 1209
3793 1208
3794 1207
3795 1206
3796 1205
3797 1204
3798 1203
3799 1202
3800 1201
3801 1200
3802 1199
3803 1198
3804 1197
3805 1196
3806 1195
3807 1194
3808 1193
3809 1192
3810 1191
3811 1190
3812 1189
3813 1188
3814 1187
3815 1186
3816 1185
3817 1184
3818 1183
3819 1182
3820 1181
3821 1180
3822 1179
3823 1178
3824 1177
3825 1176
3826 1175
3827 1174
3828 1173
3829 1172
3830 1171
3831 1170
3832 1169
3833 1168
3834 1167
3835 1166
3836 1165
3837 1164
3838 1163
3839 1162
3840 1161
3841 1160
3842 1159
3843 1158
3844 1157
3845 1156
3846 1155
3847 1154
3848 1153
3849 1152
3850 1151
3851 1150
3852 1149
3853 1148
3854 1147
3855 1146
3856 1145
3857 1144
3858 1143
3859 1142
3860 1141
3861 1140
3862 1139
3863 1138
3864 1137
3865 1136
3866 1135
3867 1134
3868 1133
3869 1132
3870 1131
3871 1130
3872 1129
3873 1128
3874 1127
3875 1126
3876 1125
3877 1124
3878 1123
3879 1122
3880 1121
3881 1120
3882 1119
3883 1118
3884 1117
3885 1116
3886 1115
3887 1114
3888 1113
3889 1112
3890 1111
3891 1110
3892 1109
3893 1108
3894 1107
3895 1106
3896 1105
3897 1104
3898 1103
3899 1102
3900 1101
3901 1100
3902 1099
3903 1098
3904 1097
3905 1096
3906 1095
3907 1094
3908 1093
3909 1092
3910 1091
3911 1090
3912 1089
3913 1088
3914 1087
3915 1086
3916 1085
3917 1084
3918 1083
3919 1082
3920 1081
3921 1080
3922 1079
3923 1078
3924 1077
3925 1076
3926 1075
3927 1074
3928 1073
3929 1072
3930 1071
3931 1070
3932 1069
3933 1068
3934 1067
3935 1066
3936 1065
3937 1064
3938 1063
3939 1062
3940 1061
3941 1060
3942 1059
3943 1058
3944 1057
3945 1056
3946 1055
3947 1054
3948 1053
3949 1052
3950 1051
3951 1050
3952 1049
3953 1048
3954 1047
3955 1046
3956 1045
3957 1044
3958 1043
3959 1042
3960 1041
3961 1040
3962 1039
3963 1038
3964 1037
3965 1036
3966 1035
3967 1034
3968 1033
3969 1032
3970 1031
3971 1030
3972 1029
3973 1028
3974 1027
3975 1026
3976 1025
3977 1024
3978 1023
3979 1022
3980 1021
3981 1020
3982 1019
3983 1018
3984 1017
3985 1016
3986 1015
3987 1014
3988 1013
3989 1012
3990 1011
3991 1010
3992 1009
3993 1008
3994 1007
3995 1006
3996 1005
3997 1004
3998 1003
3999 1002
4000 1001
4001 1000
4002 999
4003 998
4004 997
4005 996
4006 995
4007 994
4008 993
4009 992
4010 991
4011 990
4012 989
4013 988
4014 987
4015 986
4016 985
4017 984
4018 983
4019 982
4020 981
4021 980
4022 979
4023 978
4024 977
4025 976
4026 975
4027 974
4028 973
4029 972
4030 971
4031 970
4032 969
4033 968
4034 967
4035 966
4036 965
4037 964
4038 963
4039 962
4040 961
4041 960
4042 959
4043 958
4044 957
4045 956
4046 955
4047 954
4048 953
4049 952
4050 951
4051 950
4052 949
4053 948
4054 947
4055 946
4056 945
4057 944
4058 943
4059 942
4060 941
4061 940
4062 939
4063 938
4064 937
4065 936
4066 935
4067 934
4068 933
4069 932
4070 931
4071 930
4072 929
4073 928
4074 927
4075 926
4076 925
4077 924
4078 923
4079 922
4080 921
4081 920
4082 919
4083 918
4084 917
4085 916
4086 915
4087 914
4088 913
4089 912
4090 911
4091 910
4092 909
4093 908
4094 907
4095 906
4096 905
4097 904
4098 903
4099 902
4100 901
4101 900
4102 899
4103 898
4104 897
4105 896
4106 895
4107 894
4108 893
4109 892
4110 891
4111 890
4112 889
4113 888
4114 887
4115 886
4116 885
4117 884
4118 883
4119 882
4120 881
4121 880
4122 879
4123 878
4124 877
4125 876
4126 875
4127 874
4128 873
4129 872
4130 871
4131 870
4132 869
4133 868
4134 867
4135 866
4136 865
4137 864
4138 863
4139 862
4140 861
4141 860
4142 859
4143 858
4144 857
4145 856
4146 855
4147 854
4148 853
4149 852
4150 851
4151 850
4152 849
4153 848
4154 847
4155 846
4156 845
4157 844
4158 843
4159 842
4160 841
4161 840
4162 839
4163 838
4164 837
4165 836
4166 835
4167 834
4168 833
4169 832
4170 831
4171 830
4172 829
4173 828
4174 827
4175 826
4176 825
4177 824
4178 823
4179 822
4180 821
4181 820
4182 819
4183 818
4184 817
4185 816
4186 815
4187 814
4188 813
4189 812
4190 811
4191 810
4192 809
4193 808
4194 807
4195 806
4196 805
4197 804
4198 803
4199 802
4200 801
4201 800
4202 799
4203 798
4204 797
4205 796
4206 795
4207 794
4208 793
4209 792
4210 791
4211 790
4212 789
4213 788
4214 787
4215 786
4216 785
4217 784
4218 783
4219 782
4220 781
4221 780
4222 779
4223 778
4224 777
4225 776
4226 775
4227 774
4228 773
4229 772
4230 771
4231 770
4232 769
4233 768
4234 767
4235 766
4236 765
4237 764
4238 763
4239 762
4240 761
4241 760
4242 759
4243 758
4244 757
4245 756
4246 755
4247 754
4248 753
4249 752
4250 751
4251 750
4252 749
4253 748
4254 747
4255 746
4256 745
4257 744
4258 743
4259 742
4260 741
4261 740
4262 739
4263 738
4264 737
4265 736
4266 735
4267 734
4268 733
4269 732
4270 731
4271 730
4272 729
4273 728
4274 727
4275 726
4276 725
4277 724
4278 723
4279 722
4280 721
4281 720
4282 719
4283 718
4284 717
4285 716
4286 715
4287 714
4288 713
4289 712
4290 711
4291 710
4292 709
4293 708
4294 707
4295 706
4296 705
4297 704
4298 703
4299 702
4300 701
4301 700
4302 699
4303 698
4304 697
4305 696
4306 695
4307 694
4308 693
4309 692
4310 691
4311 690
4312 689
4313 688
4314 687
4315 686
4316 685
4317 684
4318 683
4319 682
4320 681
4321 680
4322 679
4323 678
4324 677
4325 676
4326 675
4327 674
4328 673
4329 672
4330 671
4331 670
4332 669
4333 668
4334 667
4335 666
4336 665
4337 664
4338 663
4339 662
4340 661
4341 660
4342 659
4343 658
4344 657
4345 656
4346 655
4347 654
4348 653
4349 652
4350 651
4351 650
4352 649
4353 648
4354 647
4355 646
4356 645
4357 644
4358 643
4359 642
4360 641
4361 640
4362 639
4363 638
4364 637
4365 636
4366 635
4367 634
4368 633
4369 632
4370 631
4371 630
4372 629
4373 628
4374 627
4375 626
4376 625
4377 624
4378 623
4379 622
4380 621
4381 620
4382 619
4383 618
4384 617
4385 616
4386 615
4387 614
4388 613
4389 612
4390 611
4391 610
4392 609
4393 608
4394 607
4395 606
4396 605
4397 604
4398 603
4399 602
4400 601
4401 600
4402 599
4403 598
4404 597
4405 596
4406 595
4407 594
4408 593
4409 592
4410 591
4411 590
4412 589
4413 588
4414 587
4415 586
4416 585
4417 584
4418 583
4419 582
4420 581
4421 580
4422 579
4423 578
4424 577
4425 576
4426 575
4427 574
4428 573
4429 572
4430 571
4431 570
4432 569
4433 568
4434 567
4435 566
4436 565
4437 564
4438 563
4439 562
4440 561
4441 560
4442 559
4443 558
4444 557
4445 556
4446 555
4447 554
4448 553
4449 552
4450 551
4451 550
4452 549
4453 548
4454 547
4455 546
4456 545
4457 544
4458 543
4459 542
4460 541
4461 540
4462 539
4463 538
4464 537
4465 536
4466 535
4467 534
4468 533
4469 532
4470 531
4471 530
4472 529
4473 528
4474 527
4475 526
4476 525
4477 524
4478 523
4479 522
4480 521
4481 520
4482 519
4483 518
4484 517
4485 516
4486 515
4487 514
4488 513
4489 512
4490 511
4491 510
4492 509
4493 508
4494 507
4495 506
4496 505
4497 504
4498 503
4499 502
4500 501
4501 500
4502 499
4503 498
4504 497
4505 496
4506 495
4507 494
4508 493
4509 492
4510 491
4511 490
4512 489
4513 488
4514 487
4515 486
4516 485
4517 484
4518 483
4519 482
4520 481
4521 480
4522 479
4523 478
4524 477
4525 476
4526 475
4527 474
4528 473
4529 472
4530 471
4531 470
4532 469
4533 468
4534 467
4535 466
4536 465
4537 464
4538 463
4539 462
4540 461
4541 460
4542 459
4543 458
4544 457
4545 456
4546 455
4547 454
4548 453
4549 452
4550 451
4551 450
4552 449
4553 448
4554 447
4555 446
4556 445
4557 444
4558 443
4559 442
4560 441
4561 440
4562 439
4563 438
4564 437
4565 436
4566 435
4567 434
4568 433
4569 432
4570 431
4571 430
4572 429
4573 428
4574 427
4575 426
4576 425
4577 424
4578 423
4579 422
4580 421
4581 420
4582 419
4583 418
4584 417
4585 416
4586 415
4587 414
4588 413
4589 412
4590 411
4591 410
4592 409
4593 408
4594 407
4595 406
4596 405
4597 404
4598 403
4599 402
4600 401
4601 400
4602 399
4603 398
4604 397
4605 396
4606 395
4607 394
4608 393
4609 392
4610 391
4611 390
4612 389
4613 388
4614 387
4615 386
4616 385
4617 384
4618 383
4619 382
4620 381
4621 380
4622 379
4623 378
4624 377
4625 376
4626 375
4627 374
4628 373
4629 372
4630 371
4631 370
4632 369
4633 368
4634 367
4635 366
4636 365
4637 364
4638 363
4639 362
4640 361
4641 360
4642 359
4643 358
4644 357
4645 356
4646 355
4647 354
4648 353
4649 352
4650 351
4651 350
4652 349
4653 348
4654 347
4655 346
4656 345
4657 344
4658 343
4659 342
4660 341
4661 340
4662 339
4663 338
4664 337
4665 336
4666 335
4667 334
4668 333
4669 332
4670 331
4671 330
4672 329
4673 328
4674 327
4675 326
4676 325
4677 324
4678 323
4679 322
4680 321
4681 320
4682 319
4683 318
4684 317
4685 316
4686 315
4687 314
4688 313
4689 312
4690 311
4691 310
4692 309
4693 308
4694 307
4695 306
4696 305
4697 304
4698 303
4699 302
4700 301
4701 300
4702 299
4703 298
4704 297
4705 296
4706 295
4707 294
4708 293
4709 292
4710 291
4711 290
4712 289
4713 288
4714 287
4715 286
4716 285
4717 284
4718 283
4719 282
4720 281
4721 280
4722 279
4723 278
4724 277
4725 276
4726 275
4727 274
4728 273
4729 272
4730 271
4731 270
4732 269
4733 268
4734 267
4735 266
4736 265
4737 264
4738 263
4739 262
4740 261
4741 260
4742 259
4743 258
4744 257
4745 256
4746 255
4747 254
4748 253
4749 252
4750 251
4751 250
4752 249
4753 248
4754 247
4755 246
4756 245
4757 244
4758 243
4759 242
4760 241
4761 240
4762 239
4763 238
4764 237
4765 236
4766 235
4767 234
4768 233
4769 232
4770 231
4771 230
4772 229
4773 228
4774 227
4775 226
4776 225
4777 224
4778 223
4779 222
4780 221
4781 220
4782 219
4783 218
4784 217
4785 216
4786 215
4787 214
4788 213
4789 212
4790 211
4791 210
4792 209
4793 208
4794 207
4795 206
4796 205
4797 204
4798 203
4799 202
4800 201
4801 200
4802 199
4803 198
4804 197
4805 196
4806 195
4807 194
4808 193
4809 192
4810 191
4811 190
4812 189
4813 188
4814 187
4815 186
4816 185
4817 184
4818 183
4819 182
4820 181
4821 180
4822 179
4823 178
4824 177
4825 176
4826 175
4827 174
4828 173
4829 172
4830 171
4831 170
4832 169
4833 168
4834 167
4835 166
4836 165
4837 164
4838 163
4839 162
4840 161
4841 160
4842 159
4843 158
4844 157
4845 156
4846 155
4847 154
4848 153
4849 152
4850 151
4851 150
4852 149
4853 148
4854 147
4855 146
4856 145
4857 144
4858 143
4859 142
4860 141
4861 140
4862 139
4863 138
4864 137
4865 136
4866 135
4867 134
4868 133
4869 132
4870 131
4871 130
4872 129
4873 128
4874 127
4875 126
4876 125
4877 124
4878 123
4879 122
4880 121
4881 120
4882 119
4883 118
4884 117
4885 116
4886 115
4887 114
4888 113
4889 112
4890 111
4891 110
4892 109
4893 108
4894 107
4895 106
4896 105
4897 104
4898 103
4899 102
4900 101
4901 100
4902 99
4903 98
4904 97
4905 96
4906 95
4907 94
4908 93
4909 92
4910 91
4911 90
4912 89
4913 88
4914 87
4915 86
4916 85
4917 84
4918 83
4919 82
4920 81
4921 80
4922 79
4923 78
4924 77
4925 76
4926 75
4927 74
4928 73
4929 72
4930 71
4931 70
4932 69
4933 68
4934 67
4935 66
4936 65
4937 64
4938 63
4939 62
4940 61
4941 60
4942 59
4943 58
4944 57
4945 56
4946 55
4947 54
4948 53
4949 52
4950 51
4951 50
4952 49
4953 48
4954 47
4955 46
4956 45
4957 44
4958 43
4959 42
4960 41
4961 40
4962 39
4963 38
4964 37
4965 36
4966 35
4967 34
4968 33
4969 32
4970 31
4971 30
4972 29
4973 28
4974 27
4975 26
4976 25
4977 24
4978 23
4979 22
4980 21
4981 20
4982 19
4983 18
4984 17
4985 16
4986 15
4987 14
4988 13
4989 12
4990 11
4991 10
4992 9
4993 8
4994 7
4995 6
4996 5
4997 4
4998 3
4999 2
5000 1
