5000 2000
5000 1
4999 3
4998 6
4997 9
4996 13
4995 18
4994 23
4993 29
4992 36
4991 43
4990 51
4989 60
4988 69
4987 79
4986 90
4985 101
4984 113
4983 126
4982 139
4981 153
4980 168
4979 183
4978 199
4977 216
4976 233
4975 251
4974 270
4973 289
4972 309
4971 330
4970 351
4969 373
4968 396
4967 419
4966 443
4965 468
4964 493
4963 519
4962 546
4961 573
4960 601
4959 630
4958 659
4957 689
4956 720
4955 751
4954 783
4953 816
4952 849
4951 883
4950 918
4949 953
4948 989
4947 1026
4946 1063
4945 1101
4944 1140
4943 1179
4942 1219
4941 1260
4940 1301
4939 1343
4938 1386
4937 1429
4936 1473
4935 1518
4934 1563
4933 1609
4932 1656
4931 1703
4930 1751
4929 1800
4928 1849
4927 1899
4926 1950
4925 2001
4924 2053
4923 2106
4922 2159
4921 2213
4920 2268
4919 2323
4918 2379
4917 2436
4916 2493
4915 2551
4914 2610
4913 2669
4912 2729
4911 2790
4910 2851
4909 2913
4908 2976
4907 3039
4906 3103
4905 3168
4904 3233
4903 3299
4902 3366
4901 3433
4900 3501
4899 3570
4898 3639
4897 3709
4896 3780
4895 3851
4894 3923
4893 3996
4892 4069
4891 4143
4890 4218
4889 4293
4888 4369
4887 4446
4886 4523
4885 4601
4884 4680
4883 4759
4882 4839
4881 4920
4880 5001
4879 5083
4878 5166
4877 5249
4876 5333
4875 5418
4874 5503
4873 5589
4872 5676
4871 5763
4870 5851
4869 5940
4868 6029
4867 6119
4866 6210
4865 6301
4864 6393
4863 6486
4862 6579
4861 6673
4860 6768
4859 6863
4858 6959
4857 7056
4856 7153
4855 7251
4854 7350
4853 7449
4852 7549
4851 7650
4850 7751
4849 7853
4848 7956
4847 8059
4846 8163
4845 8268
4844 8373
4843 8479
4842 8586
4841 8693
4840 8801
4839 8910
4838 9019
4837 9129
4836 9240
4835 9351
4834 9463
4833 9576
4832 9689
4831 9803
4830 9918
4829 10033
4828 10149
4827 10266
4826 10383
4825 10501
4824 10620
4823 10739
4822 10859
4821 10980
4820 11101
4819 11223
4818 11346
4817 11469
4816 11593
4815 11718
4814 11843
4813 11969
4812 12096
4811 12223
4810 12351
4809 12480
4808 12609
4807 12739
4806 12870
4805 13001
4804 13133
4803 13266
4802 13399
4801 13533
4800 13668
4799 13803
4798 13939
4797 14076
4796 14213
4795 14351
4794 14490
4793 14629
4792 14769
4791 14910
4790 15051
4789 15193
4788 15336
4787 15479
4786 15623
4785 15768
4784 15913
4783 16059
4782 16206
4781 16353
4780 16501
4779 16650
4778 16799
4777 16949
4776 17100
4775 17251
4774 17403
4773 17556
4772 17709
4771 17863
4770 18018
4769 18173
4768 18329
4767 18486
4766 18643
4765 18801
4764 18960
4763 19119
4762 19279
4761 19440
4760 19601
4759 19763
4758 19926
4757 20089
4756 20253
4755 20418
4754 20583
4753 20749
4752 20916
4751 21083
4750 21251
4749 21420
4748 21589
4747 21759
4746 21930
4745 22101
4744 22273
4743 22446
4742 22619
4741 22793
4740 22968
4739 23143
4738 23319
4737 23496
4736 23673
4735 23851
4734 24030
4733 24209
4732 24389
4731 24570
4730 24751
4729 24933
4728 25116
4727 25299
4726 25483
4725 25668
4724 25853
4723 26039
4722 26226
4721 26413
4720 26601
4719 26790
4718 26979
4717 27169
4716 27360
4715 27551
4714 27743
4713 27936
4712 28129
4711 28323
4710 28518
4709 28713
4708 28909
4707 29106
4706 29303
4705 29501
4704 29700
4703 29899
4702 30099
4701 30300
4700 30501
4699 30703
4698 30906
4697 31109
4696 31313
4695 31518
4694 31723
4693 31929
4692 32136
4691 32343
4690 32551
4689 32760
4688 32969
4687 33179
4686 33390
4685 33601
4684 33813
4683 34026
4682 34239
4681 34453
4680 34668
4679 34883
4678 35099
4677 35316
4676 35533
4675 35751
4674 35970
4673 36189
4672 36409
4671 36630
4670 36851
4669 37073
4668 37296
4667 37519
4666 37743
4665 37968
4664 38193
4663 38419
4662 38646
4661 38873
4660 39101
4659 39330
4658 39559
4657 39789
4656 40020
4655 40251
4654 40483
4653 40716
4652 40949
4651 41183
4650 41418
4649 41653
4648 41889
4647 42126
4646 42363
4645 42601
4644 42840
4643 43079
4642 43319
4641 43560
4640 43801
4639 44043
4638 44286
4637 44529
4636 44773
4635 45018
4634 45263
4633 45509
4632 45756
4631 46003
4630 46251
4629 46500
4628 46749
4627 46999
4626 47250
4625 47501
4624 47753
4623 48006
4622 48259
4621 48513
4620 48768
4619 49023
4618 49279
4617 49536
4616 49793
4615 50051
4614 50310
4613 50569
4612 50829
4611 51090
4610 51351
4609 51613
4608 51876
4607 52139
4606 52403
4605 52668
4604 52933
4603 53199
4602 53466
4601 53733
4600 54001
4599 54270
4598 54539
4597 54809
4596 55080
4595 55351
4594 55623
4593 55896
4592 56169
4591 56443
4590 56718
4589 56993
4588 57269
4587 57546
4586 57823
4585 58101
4584 58380
4583 58659
4582 58939
4581 59220
4580 59501
4579 59783
4578 60066
4577 60349
4576 60633
4575 60918
4574 61203
4573 61489
4572 61776
4571 62063
4570 62351
4569 62640
4568 62929
4567 63219
4566 63510
4565 63801
4564 64093
4563 64386
4562 64679
4561 64973
4560 65268
4559 65563
4558 65859
4557 66156
4556 66453
4555 66751
4554 67050
4553 67349
4552 67649
4551 67950
4550 68251
4549 68553
4548 68856
4547 69159
4546 69463
4545 69768
4544 70073
4543 70379
4542 70686
4541 70993
4540 71301
4539 71610
4538 71919
4537 72229
4536 72540
4535 72851
4534 73163
4533 73476
4532 73789
4531 74103
4530 74418
4529 74733
4528 75049
4527 75366
4526 75683
4525 76001
4524 76320
4523 76639
4522 76959
4521 77280
4520 77601
4519 77923
4518 78246
4517 78569
4516 78893
4515 79218
4514 79543
4513 79869
4512 80196
4511 80523
4510 80851
4509 81180
4508 81509
4507 81839
4506 82170
4505 82501
4504 82833
4503 83166
4502 83499
4501 83833
4500 84168
4499 84503
4498 84839
4497 85176
4496 85513
4495 85851
4494 86190
4493 86529
4492 86869
4491 87210
4490 87551
4489 87893
4488 88236
4487 88579
4486 88923
4485 89268
4484 89613
4483 89959
4482 90306
4481 90653
4480 91001
4479 91350
4478 91699
4477 92049
4476 92400
4475 92751
4474 93103
4473 93456
4472 93809
4471 94163
4470 94518
4469 94873
4468 95229
4467 95586
4466 95943
4465 96301
4464 96660
4463 97019
4462 97379
4461 97740
4460 98101
4459 98463
4458 98826
4457 99189
4456 99553
4455 99918
4454 100283
4453 100649
4452 101016
4451 101383
4450 101751
4449 102120
4448 102489
4447 102859
4446 103230
4445 103601
4444 103973
4443 104346
4442 104719
4441 105093
4440 105468
4439 105843
4438 106219
4437 106596
4436 106973
4435 107351
4434 107730
4433 108109
4432 108489
4431 108870
4430 109251
4429 109633
4428 110016
4427 110399
4426 110783
4425 111168
4424 111553
4423 111939
4422 112326
4421 112713
4420 113101
4419 113490
4418 113879
4417 114269
4416 114660
4415 115051
4414 115443
4413 115836
4412 116229
4411 116623
4410 117018
4409 117413
4408 117809
4407 118206
4406 118603
4405 119001
4404 119400
4403 119799
4402 120199
4401 120600
4400 121001
4399 121403
4398 121806
4397 122209
4396 122613
4395 123018
4394 123423
4393 123829
4392 124236
4391 124643
4390 125051
4389 125460
4388 125869
4387 126279
4386 126690
4385 127101
4384 127513
4383 127926
4382 128339
4381 128753
4380 129168
4379 129583
4378 129999
4377 130416
4376 130833
4375 131251
4374 131670
4373 132089
4372 132509
4371 132930
4370 133351
4369 133773
4368 134196
4367 134619
4366 135043
4365 135468
4364 135893
4363 136319
4362 136746
4361 137173
4360 137601
4359 138030
4358 138459
4357 138889
4356 139320
4355 139751
4354 140183
4353 140616
4352 141049
4351 141483
4350 141918
4349 142353
4348 142789
4347 143226
4346 143663
4345 144101
4344 144540
4343 144979
4342 145419
4341 145860
4340 146301
4339 146743
4338 147186
4337 147629
4336 148073
4335 148518
4334 148963
4333 149409
4332 149856
4331 150303
4330 150751
4329 151200
4328 151649
4327 152099
4326 152550
4325 153001
4324 153453
4323 153906
4322 154359
4321 154813
4320 155268
4319 155723
4318 156179
4317 156636
4316 157093
4315 157551
4314 158010
4313 158469
4312 158929
4311 159390
4310 159851
4309 160313
4308 160776
4307 161239
4306 161703
4305 162168
4304 162633
4303 163099
4302 163566
4301 164033
4300 164501
4299 164970
4298 165439
4297 165909
4296 166380
4295 166851
4294 167323
4293 167796
4292 168269
4291 168743
4290 169218
4289 169693
4288 170169
4287 170646
4286 171123
4285 171601
4284 172080
4283 172559
4282 173039
4281 173520
4280 174001
4279 174483
4278 174966
4277 175449
4276 175933
4275 176418
4274 176903
4273 177389
4272 177876
4271 178363
4270 178851
4269 179340
4268 179829
4267 180319
4266 180810
4265 181301
4264 181793
4263 182286
4262 182779
4261 183273
4260 183768
4259 184263
4258 184759
4257 185256
4256 185753
4255 186251
4254 186750
4253 187249
4252 187749
4251 188250
4250 188751
4249 189253
4248 189756
4247 190259
4246 190763
4245 191268
4244 191773
4243 192279
4242 192786
4241 193293
4240 193801
4239 194310
4238 194819
4237 195329
4236 195840
4235 196351
4234 196863
4233 197376
4232 197889
4231 198403
4230 198918
4229 199433
4228 199949
4227 200466
4226 200983
4225 201501
4224 202020
4223 202539
4222 203059
4221 203580
4220 204101
4219 204623
4218 205146
4217 205669
4216 206193
4215 206718
4214 207243
4213 207769
4212 208296
4211 208823
4210 209351
4209 209880
4208 210409
4207 210939
4206 211470
4205 212001
4204 212533
4203 213066
4202 213599
4201 214133
4200 214668
4199 215203
4198 215739
4197 216276
4196 216813
4195 217351
4194 217890
4193 218429
4192 218969
4191 219510
4190 220051
4189 220593
4188 221136
4187 221679
4186 222223
4185 222768
4184 223313
4183 223859
4182 224406
4181 224953
4180 225501
4179 226050
4178 226599
4177 227149
4176 227700
4175 228251
4174 228803
4173 229356
4172 229909
4171 230463
4170 231018
4169 231573
4168 232129
4167 232686
4166 233243
4165 233801
4164 234360
4163 234919
4162 235479
4161 236040
4160 236601
4159 237163
4158 237726
4157 238289
4156 238853
4155 239418
4154 239983
4153 240549
4152 241116
4151 241683
4150 242251
4149 242820
4148 243389
4147 243959
4146 244530
4145 245101
4144 245673
4143 246246
4142 246819
4141 247393
4140 247968
4139 248543
4138 249119
4137 249696
4136 250273
4135 250851
4134 251430
4133 252009
4132 252589
4131 253170
4130 253751
4129 254333
4128 254916
4127 255499
4126 256083
4125 256668
4124 257253
4123 257839
4122 258426
4121 259013
4120 259601
4119 260190
4118 260779
4117 261369
4116 261960
4115 262551
4114 263143
4113 263736
4112 264329
4111 264923
4110 265518
4109 266113
4108 266709
4107 267306
4106 267903
4105 268501
4104 269100
4103 269699
4102 270299
4101 270900
4100 271501
4099 272103
4098 272706
4097 273309
4096 273913
4095 274518
4094 275123
4093 275729
4092 276336
4091 276943
4090 277551
4089 278160
4088 278769
4087 279379
4086 279990
4085 280601
4084 281213
4083 281826
4082 282439
4081 283053
4080 283668
4079 284283
4078 284899
4077 285516
4076 286133
4075 286751
4074 287370
4073 287989
4072 288609
4071 289230
4070 289851
4069 290473
4068 291096
4067 291719
4066 292343
4065 292968
4064 293593
4063 294219
4062 294846
4061 295473
4060 296101
4059 296730
4058 297359
4057 297989
4056 298620
4055 299251
4054 299883
4053 300516
4052 301149
4051 301783
4050 302418
4049 303053
4048 303689
4047 304326
4046 304963
4045 305601
4044 306240
4043 306879
4042 307519
4041 308160
4040 308801
4039 309443
4038 310086
4037 310729
4036 311373
4035 312018
4034 312663
4033 313309
4032 313956
4031 314603
4030 315251
4029 315900
4028 316549
4027 317199
4026 317850
4025 318501
4024 319153
4023 319806
4022 320459
4021 321113
4020 321768
4019 322423
4018 323079
4017 323736
4016 324393
4015 325051
4014 325710
4013 326369
4012 327029
4011 327690
4010 328351
4009 329013
4008 329676
4007 330339
4006 331003
4005 331668
4004 332333
4003 332999
4002 333666
4001 334333
4000 335001
3999 335670
3998 336339
3997 337009
3996 337680
3995 338351
3994 339023
3993 339696
3992 340369
3991 341043
3990 341718
3989 342393
3988 343069
3987 343746
3986 344423
3985 345101
3984 345780
3983 346459
3982 347139
3981 347820
3980 348501
3979 349183
3978 349866
3977 350549
3976 351233
3975 351918
3974 352603
3973 353289
3972 353976
3971 354663
3970 355351
3969 356040
3968 356729
3967 357419
3966 358110
3965 358801
3964 359493
3963 360186
3962 360879
3961 361573
3960 362268
3959 362963
3958 363659
3957 364356
3956 365053
3955 365751
3954 366450
3953 367149
3952 367849
3951 368550
3950 369251
3949 369953
3948 370656
3947 371359
3946 372063
3945 372768
3944 373473
3943 374179
3942 374886
3941 375593
3940 376301
3939 377010
3938 377719
3937 378429
3936 379140
3935 379851
3934 380563
3933 381276
3932 381989
3931 382703
3930 383418
3929 384133
3928 384849
3927 385566
3926 386283
3925 387001
3924 387720
3923 388439
3922 389159
3921 389880
3920 390601
3919 391323
3918 392046
3917 392769
3916 393493
3915 394218
3914 394943
3913 395669
3912 396396
3911 397123
3910 397851
3909 398580
3908 399309
3907 400039
3906 400770
3905 401501
3904 402233
3903 402966
3902 403699
3901 404433
3900 405168
3899 405903
3898 406639
3897 407376
3896 408113
3895 408851
3894 409590
3893 410329
3892 411069
3891 411810
3890 412551
3889 413293
3888 414036
3887 414779
3886 415523
3885 416268
3884 417013
3883 417759
3882 418506
3881 419253
3880 420001
3879 420750
3878 421499
3877 422249
3876 423000
3875 423751
3874 424503
3873 425256
3872 426009
3871 426763
3870 427518
3869 428273
3868 429029
3867 429786
3866 430543
3865 431301
3864 432060
3863 432819
3862 433579
3861 434340
3860 435101
3859 435863
3858 436626
3857 437389
3856 438153
3855 438918
3854 439683
3853 440449
3852 441216
3851 441983
3850 442751
3849 443520
3848 444289
3847 445059
3846 445830
3845 446601
3844 447373
3843 448146
3842 448919
3841 449693
3840 450468
3839 451243
3838 452019
3837 452796
3836 453573
3835 454351
3834 455130
3833 455909
3832 456689
3831 457470
3830 458251
3829 459033
3828 459816
3827 460599
3826 461383
3825 462168
3824 462953
3823 463739
3822 464526
3821 465313
3820 466101
3819 466890
3818 467679
3817 468469
3816 469260
3815 470051
3814 470843
3813 471636
3812 472429
3811 473223
3810 474018
3809 474813
3808 475609
3807 476406
3806 477203
3805 478001
3804 478800
3803 479599
3802 480399
3801 481200
3800 482001
3799 482803
3798 483606
3797 484409
3796 485213
3795 486018
3794 486823
3793 487629
3792 488436
3791 489243
3790 490051
3789 490860
3788 491669
3787 492479
3786 493290
3785 494101
3784 494913
3783 495726
3782 496539
3781 497353
3780 498168
3779 498983
3778 499799
3777 500616
3776 501433
3775 502251
3774 503070
3773 503889
3772 504709
3771 505530
3770 506351
3769 507173
3768 507996
3767 508819
3766 509643
3765 510468
3764 511293
3763 512119
3762 512946
3761 513773
3760 514601
3759 515430
3758 516259
3757 517089
3756 517920
3755 518751
3754 519583
3753 520416
3752 521249
3751 522083
3750 522918
3749 523753
3748 524589
3747 525426
3746 526263
3745 527101
3744 527940
3743 528779
3742 529619
3741 530460
3740 531301
3739 532143
3738 532986
3737 533829
3736 534673
3735 535518
3734 536363
3733 537209
3732 538056
3731 538903
3730 539751
3729 540600
3728 541449
3727 542299
3726 543150
3725 544001
3724 544853
3723 545706
3722 546559
3721 547413
3720 548268
3719 549123
3718 549979
3717 550836
3716 551693
3715 552551
3714 553410
3713 554269
3712 555129
3711 555990
3710 556851
3709 557713
3708 558576
3707 559439
3706 560303
3705 561168
3704 562033
3703 562899
3702 563766
3701 564633
3700 565501
3699 566370
3698 567239
3697 568109
3696 568980
3695 569851
3694 570723
3693 571596
3692 572469
3691 573343
3690 574218
3689 575093
3688 575969
3687 576846
3686 577723
3685 578601
3684 579480
3683 580359
3682 581239
3681 582120
3680 583001
3679 583883
3678 584766
3677 585649
3676 586533
3675 587418
3674 588303
3673 589189
3672 590076
3671 590963
3670 591851
3669 592740
3668 593629
3667 594519
3666 595410
3665 596301
3664 597193
3663 598086
3662 598979
3661 599873
3660 600768
3659 601663
3658 602559
3657 603456
3656 604353
3655 605251
3654 606150
3653 607049
3652 607949
3651 608850
3650 609751
3649 610653
3648 611556
3647 612459
3646 613363
3645 614268
3644 615173
3643 616079
3642 616986
3641 617893
3640 618801
3639 619710
3638 620619
3637 621529
3636 622440
3635 623351
3634 624263
3633 625176
3632 626089
3631 627003
3630 627918
3629 628833
3628 629749
3627 630666
3626 631583
3625 632501
3624 633420
3623 634339
3622 635259
3621 636180
3620 637101
3619 638023
3618 638946
3617 639869
3616 640793
3615 641718
3614 642643
3613 643569
3612 644496
3611 645423
3610 646351
3609 647280
3608 648209
3607 649139
3606 650070
3605 651001
3604 651933
3603 652866
3602 653799
3601 654733
3600 655668
3599 656603
3598 657539
3597 658476
3596 659413
3595 660351
3594 661290
3593 662229
3592 663169
3591 664110
3590 665051
3589 665993
3588 666936
3587 667879
3586 668823
3585 669768
3584 670713
3583 671659
3582 672606
3581 673553
3580 674501
3579 675450
3578 676399
3577 677349
3576 678300
3575 679251
3574 680203
3573 681156
3572 682109
3571 683063
3570 684018
3569 684973
3568 685929
3567 686886
3566 687843
3565 688801
3564 689760
3563 690719
3562 691679
3561 692640
3560 693601
3559 694563
3558 695526
3557 696489
3556 697453
3555 698418
3554 699383
3553 700349
3552 701316
3551 702283
3550 703251
3549 704220
3548 705189
3547 706159
3546 707130
3545 708101
3544 709073
3543 710046
3542 711019
3541 711993
3540 712968
3539 713943
3538 714919
3537 715896
3536 716873
3535 717851
3534 718830
3533 719809
3532 720789
3531 721770
3530 722751
3529 723733
3528 724716
3527 725699
3526 726683
3525 727668
3524 728653
3523 729639
3522 730626
3521 731613
3520 732601
3519 733590
3518 734579
3517 735569
3516 736560
3515 737551
3514 738543
3513 739536
3512 740529
3511 741523
3510 742518
3509 743513
3508 744509
3507 745506
3506 746503
3505 747501
3504 748500
3503 749499
3502 750499
3501 751500
3500 752501
3499 753503
3498 754506
3497 755509
3496 756513
3495 757518
3494 758523
3493 759529
3492 760536
3491 761543
3490 762551
3489 763560
3488 764569
3487 765579
3486 766590
3485 767601
3484 768613
3483 769626
3482 770639
3481 771653
3480 772668
3479 773683
3478 774699
3477 775716
3476 776733
3475 777751
3474 778770
3473 779789
3472 780809
3471 781830
3470 782851
3469 783873
3468 784896
3467 785919
3466 786943
3465 787968
3464 788993
3463 790019
3462 791046
3461 792073
3460 793101
3459 794130
3458 795159
3457 796189
3456 797220
3455 798251
3454 799283
3453 800316
3452 801349
3451 802383
3450 803418
3449 804453
3448 805489
3447 806526
3446 807563
3445 808601
3444 809640
3443 810679
3442 811719
3441 812760
3440 813801
3439 814843
3438 815886
3437 816929
3436 817973
3435 819018
3434 820063
3433 821109
3432 822156
3431 823203
3430 824251
3429 825300
3428 826349
3427 827399
3426 828450
3425 829501
3424 830553
3423 831606
3422 832659
3421 833713
3420 834768
3419 835823
3418 836879
3417 837936
3416 838993
3415 840051
3414 841110
3413 842169
3412 843229
3411 844290
3410 845351
3409 846413
3408 847476
3407 848539
3406 849603
3405 850668
3404 851733
3403 852799
3402 853866
3401 854933
3400 856001
3399 857070
3398 858139
3397 859209
3396 860280
3395 861351
3394 862423
3393 863496
3392 864569
3391 865643
3390 866718
3389 867793
3388 868869
3387 869946
3386 871023
3385 872101
3384 873180
3383 874259
3382 875339
3381 876420
3380 877501
3379 878583
3378 879666
3377 880749
3376 881833
3375 882918
3374 884003
3373 885089
3372 886176
3371 887263
3370 888351
3369 889440
3368 890529
3367 891619
3366 892710
3365 893801
3364 894893
3363 895986
3362 897079
3361 898173
3360 899268
3359 900363
3358 901459
3357 902556
3356 903653
3355 904751
3354 905850
3353 906949
3352 908049
3351 909150
3350 910251
3349 911353
3348 912456
3347 913559
3346 914663
3345 915768
3344 916873
3343 917979
3342 919086
3341 920193
3340 921301
3339 922410
3338 923519
3337 924629
3336 925740
3335 926851
3334 927963
3333 929076
3332 930189
3331 931303
3330 932418
3329 933533
3328 934649
3327 935766
3326 936883
3325 938001
3324 939120
3323 940239
3322 941359
3321 942480
3320 943601
3319 944723
3318 945846
3317 946969
3316 948093
3315 949218
3314 950343
3313 951469
3312 952596
3311 953723
3310 954851
3309 955980
3308 957109
3307 958239
3306 959370
3305 960501
3304 961633
3303 962766
3302 963899
3301 965033
3300 966168
3299 967303
3298 968439
3297 969576
3296 970713
3295 971851
3294 972990
3293 974129
3292 975269
3291 976410
3290 977551
3289 978693
3288 979836
3287 980979
3286 982123
3285 983268
3284 984413
3283 985559
3282 986706
3281 987853
3280 989001
3279 990150
3278 991299
3277 992449
3276 993600
3275 994751
3274 995903
3273 997056
3272 998209
3271 999363
3270 1000518
3269 1001673
3268 1002829
3267 1003986
3266 1005143
3265 1006301
3264 1007460
3263 1008619
3262 1009779
3261 1010940
3260 1012101
3259 1013263
3258 1014426
3257 1015589
3256 1016753
3255 1017918
3254 1019083
3253 1020249
3252 1021416
3251 1022583
3250 1023751
3249 1024920
3248 1026089
3247 1027259
3246 1028430
3245 1029601
3244 1030773
3243 1031946
3242 1033119
3241 1034293
3240 1035468
3239 1036643
3238 1037819
3237 1038996
3236 1040173
3235 1041351
3234 1042530
3233 1043709
3232 1044889
3231 1046070
3230 1047251
3229 1048433
3228 1049616
3227 1050799
3226 1051983
3225 1053168
3224 1054353
3223 1055539
3222 1056726
3221 1057913
3220 1059101
3219 1060290
3218 1061479
3217 1062669
3216 1063860
3215 1065051
3214 1066243
3213 1067436
3212 1068629
3211 1069823
3210 1071018
3209 1072213
3208 1073409
3207 1074606
3206 1075803
3205 1077001
3204 1078200
3203 1079399
3202 1080599
3201 1081800
3200 1083001
3199 1084203
3198 1085406
3197 1086609
3196 1087813
3195 1089018
3194 1090223
3193 1091429
3192 1092636
3191 1093843
3190 1095051
3189 1096260
3188 1097469
3187 1098679
3186 1099890
3185 1101101
3184 1102313
3183 1103526
3182 1104739
3181 1105953
3180 1107168
3179 1108383
3178 1109599
3177 1110816
3176 1112033
3175 1113251
3174 1114470
3173 1115689
3172 1116909
3171 1118130
3170 1119351
3169 1120573
3168 1121796
3167 1123019
3166 1124243
3165 1125468
3164 1126693
3163 1127919
3162 1129146
3161 1130373
3160 1131601
3159 1132830
3158 1134059
3157 1135289
3156 1136520
3155 1137751
3154 1138983
3153 1140216
3152 1141449
3151 1142683
3150 1143918
3149 1145153
3148 1146389
3147 1147626
3146 1148863
3145 1150101
3144 1151340
3143 1152579
3142 1153819
3141 1155060
3140 1156301
3139 1157543
3138 1158786
3137 1160029
3136 1161273
3135 1162518
3134 1163763
3133 1165009
3132 1166256
3131 1167503
3130 1168751
3129 1170000
3128 1171249
3127 1172499
3126 1173750
3125 1175001
3124 1176253
3123 1177506
3122 1178759
3121 1180013
3120 1181268
3119 1182523
3118 1183779
3117 1185036
3116 1186293
3115 1187551
3114 1188810
3113 1190069
3112 1191329
3111 1192590
3110 1193851
3109 1195113
3108 1196376
3107 1197639
3106 1198903
3105 1200168
3104 1201433
3103 1202699
3102 1203966
3101 1205233
3100 1206501
3099 1207770
3098 1209039
3097 1210309
3096 1211580
3095 1212851
3094 1214123
3093 1215396
3092 1216669
3091 1217943
3090 1219218
3089 1220493
3088 1221769
3087 1223046
3086 1224323
3085 1225601
3084 1226880
3083 1228159
3082 1229439
3081 1230720
3080 1232001
3079 1233283
3078 1234566
3077 1235849
3076 1237133
3075 1238418
3074 1239703
3073 1240989
3072 1242276
3071 1243563
3070 1244851
3069 1246140
3068 1247429
3067 1248719
3066 1250010
3065 1251301
3064 1252593
3063 1253886
3062 1255179
3061 1256473
3060 1257768
3059 1259063
3058 1260359
3057 1261656
3056 1262953
3055 1264251
3054 1265550
3053 1266849
3052 1268149
3051 1269450
3050 1270751
3049 1272053
3048 1273356
3047 1274659
3046 1275963
3045 1277268
3044 1278573
3043 1279879
3042 1281186
3041 1282493
3040 1283801
3039 1285110
3038 1286419
3037 1287729
3036 1289040
3035 1290351
3034 1291663
3033 1292976
3032 1294289
3031 1295603
3030 1296918
3029 1298233
3028 1299549
3027 1300866
3026 1302183
3025 1303501
3024 1304820
3023 1306139
3022 1307459
3021 1308780
3020 1310101
3019 1311423
3018 1312746
3017 1314069
3016 1315393
3015 1316718
3014 1318043
3013 1319369
3012 1320696
3011 1322023
3010 1323351
3009 1324680
3008 1326009
3007 1327339
3006 1328670
3005 1330001
3004 1331333
3003 1332666
3002 1333999
3001 1335333
3000 1336668
2999 1338003
2998 1339339
2997 1340676
2996 1342013
2995 1343351
2994 1344690
2993 1346029
2992 1347369
2991 1348710
2990 1350051
2989 1351393
2988 1352736
2987 1354079
2986 1355423
2985 1356768
2984 1358113
2983 1359459
2982 1360806
2981 1362153
2980 1363501
2979 1364850
2978 1366199
2977 1367549
2976 1368900
2975 1370251
2974 1371603
2973 1372956
2972 1374309
2971 1375663
2970 1377018
2969 1378373
2968 1379729
2967 1381086
2966 1382443
2965 1383801
2964 1385160
2963 1386519
2962 1387879
2961 1389240
2960 1390601
2959 1391963
2958 1393326
2957 1394689
2956 1396053
2955 1397418
2954 1398783
2953 1400149
2952 1401516
2951 1402883
2950 1404251
2949 1405620
2948 1406989
2947 1408359
2946 1409730
2945 1411101
2944 1412473
2943 1413846
2942 1415219
2941 1416593
2940 1417968
2939 1419343
2938 1420719
2937 1422096
2936 1423473
2935 1424851
2934 1426230
2933 1427609
2932 1428989
2931 1430370
2930 1431751
2929 1433133
2928 1434516
2927 1435899
2926 1437283
2925 1438668
2924 1440053
2923 1441439
2922 1442826
2921 1444213
2920 1445601
2919 1446990
2918 1448379
2917 1449769
2916 1451160
2915 1452551
2914 1453943
2913 1455336
2912 1456729
2911 1458123
2910 1459518
2909 1460913
2908 1462309
2907 1463706
2906 1465103
2905 1466501
2904 1467900
2903 1469299
2902 1470699
2901 1472100
2900 1473501
2899 1474903
2898 1476306
2897 1477709
2896 1479113
2895 1480518
2894 1481923
2893 1483329
2892 1484736
2891 1486143
2890 1487551
2889 1488960
2888 1490369
2887 1491779
2886 1493190
2885 1494601
2884 1496013
2883 1497426
2882 1498839
2881 1500253
2880 1501668
2879 1503083
2878 1504499
2877 1505916
2876 1507333
2875 1508751
2874 1510170
2873 1511589
2872 1513009
2871 1514430
2870 1515851
2869 1517273
2868 1518696
2867 1520119
2866 1521543
2865 1522968
2864 1524393
2863 1525819
2862 1527246
2861 1528673
2860 1530101
2859 1531530
2858 1532959
2857 1534389
2856 1535820
2855 1537251
2854 1538683
2853 1540116
2852 1541549
2851 1542983
2850 1544418
2849 1545853
2848 1547289
2847 1548726
2846 1550163
2845 1551601
2844 1553040
2843 1554479
2842 1555919
2841 1557360
2840 1558801
2839 1560243
2838 1561686
2837 1563129
2836 1564573
2835 1566018
2834 1567463
2833 1568909
2832 1570356
2831 1571803
2830 1573251
2829 1574700
2828 1576149
2827 1577599
2826 1579050
2825 1580501
2824 1581953
2823 1583406
2822 1584859
2821 1586313
2820 1587768
2819 1589223
2818 1590679
2817 1592136
2816 1593593
2815 1595051
2814 1596510
2813 1597969
2812 1599429
2811 1600890
2810 1602351
2809 1603813
2808 1605276
2807 1606739
2806 1608203
2805 1609668
2804 1611133
2803 1612599
2802 1614066
2801 1615533
2800 1617001
2799 1618470
2798 1619939
2797 1621409
2796 1622880
2795 1624351
2794 1625823
2793 1627296
2792 1628769
2791 1630243
2790 1631718
2789 1633193
2788 1634669
2787 1636146
2786 1637623
2785 1639101
2784 1640580
2783 1642059
2782 1643539
2781 1645020
2780 1646501
2779 1647983
2778 1649466
2777 1650949
2776 1652433
2775 1653918
2774 1655403
2773 1656889
2772 1658376
2771 1659863
2770 1661351
2769 1662840
2768 1664329
2767 1665819
2766 1667310
2765 1668801
2764 1670293
2763 1671786
2762 1673279
2761 1674773
2760 1676268
2759 1677763
2758 1679259
2757 1680756
2756 1682253
2755 1683751
2754 1685250
2753 1686749
2752 1688249
2751 1689750
2750 1691251
2749 1692753
2748 1694256
2747 1695759
2746 1697263
2745 1698768
2744 1700273
2743 1701779
2742 1703286
2741 1704793
2740 1706301
2739 1707810
2738 1709319
2737 1710829
2736 1712340
2735 1713851
2734 1715363
2733 1716876
2732 1718389
2731 1719903
2730 1721418
2729 1722933
2728 1724449
2727 1725966
2726 1727483
2725 1729001
2724 1730520
2723 1732039
2722 1733559
2721 1735080
2720 1736601
2719 1738123
2718 1739646
2717 1741169
2716 1742693
2715 1744218
2714 1745743
2713 1747269
2712 1748796
2711 1750323
2710 1751851
2709 1753380
2708 1754909
2707 1756439
2706 1757970
2705 1759501
2704 1761033
2703 1762566
2702 1764099
2701 1765633
2700 1767168
2699 1768703
2698 1770239
2697 1771776
2696 1773313
2695 1774851
2694 1776390
2693 1777929
2692 1779469
2691 1781010
2690 1782551
2689 1784093
2688 1785636
2687 1787179
2686 1788723
2685 1790268
2684 1791813
2683 1793359
2682 1794906
2681 1796453
2680 1798001
2679 1799550
2678 1801099
2677 1802649
2676 1804200
2675 1805751
2674 1807303
2673 1808856
2672 1810409
2671 1811963
2670 1813518
2669 1815073
2668 1816629
2667 1818186
2666 1819743
2665 1821301
2664 1822860
2663 1824419
2662 1825979
2661 1827540
2660 1829101
2659 1830663
2658 1832226
2657 1833789
2656 1835353
2655 1836918
2654 1838483
2653 1840049
2652 1841616
2651 1843183
2650 1844751
2649 1846320
2648 1847889
2647 1849459
2646 1851030
2645 1852601
2644 1854173
2643 1855746
2642 1857319
2641 1858893
2640 1860468
2639 1862043
2638 1863619
2637 1865196
2636 1866773
2635 1868351
2634 1869930
2633 1871509
2632 1873089
2631 1874670
2630 1876251
2629 1877833
2628 1879416
2627 1880999
2626 1882583
2625 1884168
2624 1885753
2623 1887339
2622 1888926
2621 1890513
2620 1892101
2619 1893690
2618 1895279
2617 1896869
2616 1898460
2615 1900051
2614 1901643
2613 1903236
2612 1904829
2611 1906423
2610 1908018
2609 1909613
2608 1911209
2607 1912806
2606 1914403
2605 1916001
2604 1917600
2603 1919199
2602 1920799
2601 1922400
2600 1924001
2599 1925603
2598 1927206
2597 1928809
2596 1930413
2595 1932018
2594 1933623
2593 1935229
2592 1936836
2591 1938443
2590 1940051
2589 1941660
2588 1943269
2587 1944879
2586 1946490
2585 1948101
2584 1949713
2583 1951326
2582 1952939
2581 1954553
2580 1956168
2579 1957783
2578 1959399
2577 1961016
2576 1962633
2575 1964251
2574 1965870
2573 1967489
2572 1969109
2571 1970730
2570 1972351
2569 1973973
2568 1975596
2567 1977219
2566 1978843
2565 1980468
2564 1982093
2563 1983719
2562 1985346
2561 1986973
2560 1988601
2559 1990230
2558 1991859
2557 1993489
2556 1995120
2555 1996751
2554 1998383
2553 2000016
2552 2001649
2551 2003283
2550 2004918
2549 2006553
2548 2008189
2547 2009826
2546 2011463
2545 2013101
2544 2014740
2543 2016379
2542 2018019
2541 2019660
2540 2021301
2539 2022943
2538 2024586
2537 2026229
2536 2027873
2535 2029518
2534 2031163
2533 2032809
2532 2034456
2531 2036103
2530 2037751
2529 2039400
2528 2041049
2527 2042699
2526 2044350
2525 2046001
2524 2047653
2523 2049306
2522 2050959
2521 2052613
2520 2054268
2519 2055923
2518 2057579
2517 2059236
2516 2060893
2515 2062551
2514 2064210
2513 2065869
2512 2067529
2511 2069190
2510 2070851
2509 2072513
2508 2074176
2507 2075839
2506 2077503
2505 2079168
2504 2080833
2503 2082499
2502 2084166
2501 2085833
2500 2087501
2499 2089170
2498 2090839
2497 2092509
2496 2094180
2495 2095851
2494 2097523
2493 2099196
2492 2100869
2491 2102543
2490 2104218
2489 2105893
2488 2107569
2487 2109246
2486 2110923
2485 2112601
2484 2114280
2483 2115959
2482 2117639
2481 2119320
2480 2121001
2479 2122683
2478 2124366
2477 2126049
2476 2127733
2475 2129418
2474 2131103
2473 2132789
2472 2134476
2471 2136163
2470 2137851
2469 2139540
2468 2141229
2467 2142919
2466 2144610
2465 2146301
2464 2147993
2463 2149686
2462 2151379
2461 2153073
2460 2154768
2459 2156463
2458 2158159
2457 2159856
2456 2161553
2455 2163251
2454 2164950
2453 2166649
2452 2168349
2451 2170050
2450 2171751
2449 2173453
2448 2175156
2447 2176859
2446 2178563
2445 2180268
2444 2181973
2443 2183679
2442 2185386
2441 2187093
2440 2188801
2439 2190510
2438 2192219
2437 2193929
2436 2195640
2435 2197351
2434 2199063
2433 2200776
2432 2202489
2431 2204203
2430 2205918
2429 2207633
2428 2209349
2427 2211066
2426 2212783
2425 2214501
2424 2216220
2423 2217939
2422 2219659
2421 2221380
2420 2223101
2419 2224823
2418 2226546
2417 2228269
2416 2229993
2415 2231718
2414 2233443
2413 2235169
2412 2236896
2411 2238623
2410 2240351
2409 2242080
2408 2243809
2407 2245539
2406 2247270
2405 2249001
2404 2250733
2403 2252466
2402 2254199
2401 2255933
2400 2257668
2399 2259403
2398 2261139
2397 2262876
2396 2264613
2395 2266351
2394 2268090
2393 2269829
2392 2271569
2391 2273310
2390 2275051
2389 2276793
2388 2278536
2387 2280279
2386 2282023
2385 2283768
2384 2285513
2383 2287259
2382 2289006
2381 2290753
2380 2292501
2379 2294250
2378 2295999
2377 2297749
2376 2299500
2375 2301251
2374 2303003
2373 2304756
2372 2306509
2371 2308263
2370 2310018
2369 2311773
2368 2313529
2367 2315286
2366 2317043
2365 2318801
2364 2320560
2363 2322319
2362 2324079
2361 2325840
2360 2327601
2359 2329363
2358 2331126
2357 2332889
2356 2334653
2355 2336418
2354 2338183
2353 2339949
2352 2341716
2351 2343483
2350 2345251
2349 2347020
2348 2348789
2347 2350559
2346 2352330
2345 2354101
2344 2355873
2343 2357646
2342 2359419
2341 2361193
2340 2362968
2339 2364743
2338 2366519
2337 2368296
2336 2370073
2335 2371851
2334 2373630
2333 2375409
2332 2377189
2331 2378970
2330 2380751
2329 2382533
2328 2384316
2327 2386099
2326 2387883
2325 2389668
2324 2391453
2323 2393239
2322 2395026
2321 2396813
2320 2398601
2319 2400390
2318 2402179
2317 2403969
2316 2405760
2315 2407551
2314 2409343
2313 2411136
2312 2412929
2311 2414723
2310 2416518
2309 2418313
2308 2420109
2307 2421906
2306 2423703
2305 2425501
2304 2427300
2303 2429099
2302 2430899
2301 2432700
2300 2434501
2299 2436303
2298 2438106
2297 2439909
2296 2441713
2295 2443518
2294 2445323
2293 2447129
2292 2448936
2291 2450743
2290 2452551
2289 2454360
2288 2456169
2287 2457979
2286 2459790
2285 2461601
2284 2463413
2283 2465226
2282 2467039
2281 2468853
2280 2470668
2279 2472483
2278 2474299
2277 2476116
2276 2477933
2275 2479751
2274 2481570
2273 2483389
2272 2485209
2271 2487030
2270 2488851
2269 2490673
2268 2492496
2267 2494319
2266 2496143
2265 2497968
2264 2499793
2263 2501619
2262 2503446
2261 2505273
2260 2507101
2259 2508930
2258 2510759
2257 2512589
2256 2514420
2255 2516251
2254 2518083
2253 2519916
2252 2521749
2251 2523583
2250 2525418
2249 2527253
2248 2529089
2247 2530926
2246 2532763
2245 2534601
2244 2536440
2243 2538279
2242 2540119
2241 2541960
2240 2543801
2239 2545643
2238 2547486
2237 2549329
2236 2551173
2235 2553018
2234 2554863
2233 2556709
2232 2558556
2231 2560403
2230 2562251
2229 2564100
2228 2565949
2227 2567799
2226 2569650
2225 2571501
2224 2573353
2223 2575206
2222 2577059
2221 2578913
2220 2580768
2219 2582623
2218 2584479
2217 2586336
2216 2588193
2215 2590051
2214 2591910
2213 2593769
2212 2595629
2211 2597490
2210 2599351
2209 2601213
2208 2603076
2207 2604939
2206 2606803
2205 2608668
2204 2610533
2203 2612399
2202 2614266
2201 2616133
2200 2618001
2199 2619870
2198 2621739
2197 2623609
2196 2625480
2195 2627351
2194 2629223
2193 2631096
2192 2632969
2191 2634843
2190 2636718
2189 2638593
2188 2640469
2187 2642346
2186 2644223
2185 2646101
2184 2647980
2183 2649859
2182 2651739
2181 2653620
2180 2655501
2179 2657383
2178 2659266
2177 2661149
2176 2663033
2175 2664918
2174 2666803
2173 2668689
2172 2670576
2171 2672463
2170 2674351
2169 2676240
2168 2678129
2167 2680019
2166 2681910
2165 2683801
2164 2685693
2163 2687586
2162 2689479
2161 2691373
2160 2693268
2159 2695163
2158 2697059
2157 2698956
2156 2700853
2155 2702751
2154 2704650
2153 2706549
2152 2708449
2151 2710350
2150 2712251
2149 2714153
2148 2716056
2147 2717959
2146 2719863
2145 2721768
2144 2723673
2143 2725579
2142 2727486
2141 2729393
2140 2731301
2139 2733210
2138 2735119
2137 2737029
2136 2738940
2135 2740851
2134 2742763
2133 2744676
2132 2746589
2131 2748503
2130 2750418
2129 2752333
2128 2754249
2127 2756166
2126 2758083
2125 2760001
2124 2761920
2123 2763839
2122 2765759
2121 2767680
2120 2769601
2119 2771523
2118 2773446
2117 2775369
2116 2777293
2115 2779218
2114 2781143
2113 2783069
2112 2784996
2111 2786923
2110 2788851
2109 2790780
2108 2792709
2107 2794639
2106 2796570
2105 2798501
2104 2800433
2103 2802366
2102 2804299
2101 2806233
2100 2808168
2099 2810103
2098 2812039
2097 2813976
2096 2815913
2095 2817851
2094 2819790
2093 2821729
2092 2823669
2091 2825610
2090 2827551
2089 2829493
2088 2831436
2087 2833379
2086 2835323
2085 2837268
2084 2839213
2083 2841159
2082 2843106
2081 2845053
2080 2847001
2079 2848950
2078 2850899
2077 2852849
2076 2854800
2075 2856751
2074 2858703
2073 2860656
2072 2862609
2071 2864563
2070 2866518
2069 2868473
2068 2870429
2067 2872386
2066 2874343
2065 2876301
2064 2878260
2063 2880219
2062 2882179
2061 2884140
2060 2886101
2059 2888063
2058 2890026
2057 2891989
2056 2893953
2055 2895918
2054 2897883
2053 2899849
2052 2901816
2051 2903783
2050 2905751
2049 2907720
2048 2909689
2047 2911659
2046 2913630
2045 2915601
2044 2917573
2043 2919546
2042 2921519
2041 2923493
2040 2925468
2039 2927443
2038 2929419
2037 2931396
2036 2933373
2035 2935351
2034 2937330
2033 2939309
2032 2941289
2031 2943270
2030 2945251
2029 2947233
2028 2949216
2027 2951199
2026 2953183
2025 2955168
2024 2957153
2023 2959139
2022 2961126
2021 2963113
2020 2965101
2019 2967090
2018 2969079
2017 2971069
2016 2973060
2015 2975051
2014 2977043
2013 2979036
2012 2981029
2011 2983023
2010 2985018
2009 2987013
2008 2989009
2007 2991006
2006 2993003
2005 2995001
2004 2997000
2003 2998999
2002 3000999
2001 3003000
2000 3005001
1999 3007003
1998 3009006
1997 3011009
1996 3013013
1995 3015018
1994 3017023
1993 3019029
1992 3021036
1991 3023043
1990 3025051
1989 3027060
1988 3029069
1987 3031079
1986 3033090
1985 3035101
1984 3037113
1983 3039126
1982 3041139
1981 3043153
1980 3045168
1979 3047183
1978 3049199
1977 3051216
1976 3053233
1975 3055251
1974 3057270
1973 3059289
1972 3061309
1971 3063330
1970 3065351
1969 3067373
1968 3069396
1967 3071419
1966 3073443
1965 3075468
1964 3077493
1963 3079519
1962 3081546
1961 3083573
1960 3085601
1959 3087630
1958 3089659
1957 3091689
1956 3093720
1955 3095751
1954 3097783
1953 3099816
1952 3101849
1951 3103883
1950 3105918
1949 3107953
1948 3109989
1947 3112026
1946 3114063
1945 3116101
1944 3118140
1943 3120179
1942 3122219
1941 3124260
1940 3126301
1939 3128343
1938 3130386
1937 3132429
1936 3134473
1935 3136518
1934 3138563
1933 3140609
1932 3142656
1931 3144703
1930 3146751
1929 3148800
1928 3150849
1927 3152899
1926 3154950
1925 3157001
1924 3159053
1923 3161106
1922 3163159
1921 3165213
1920 3167268
1919 3169323
1918 3171379
1917 3173436
1916 3175493
1915 3177551
1914 3179610
1913 3181669
1912 3183729
1911 3185790
1910 3187851
1909 3189913
1908 3191976
1907 3194039
1906 3196103
1905 3198168
1904 3200233
1903 3202299
1902 3204366
1901 3206433
1900 3208501
1899 3210570
1898 3212639
1897 3214709
1896 3216780
1895 3218851
1894 3220923
1893 3222996
1892 3225069
1891 3227143
1890 3229218
1889 3231293
1888 3233369
1887 3235446
1886 3237523
1885 3239601
1884 3241680
1883 3243759
1882 3245839
1881 3247920
1880 3250001
1879 3252083
1878 3254166
1877 3256249
1876 3258333
1875 3260418
1874 3262503
1873 3264589
1872 3266676
1871 3268763
1870 3270851
1869 3272940
1868 3275029
1867 3277119
1866 3279210
1865 3281301
1864 3283393
1863 3285486
1862 3287579
1861 3289673
1860 3291768
1859 3293863
1858 3295959
1857 3298056
1856 3300153
1855 3302251
1854 3304350
1853 3306449
1852 3308549
1851 3310650
1850 3312751
1849 3314853
1848 3316956
1847 3319059
1846 3321163
1845 3323268
1844 3325373
1843 3327479
1842 3329586
1841 3331693
1840 3333801
1839 3335910
1838 3338019
1837 3340129
1836 3342240
1835 3344351
1834 3346463
1833 3348576
1832 3350689
1831 3352803
1830 3354918
1829 3357033
1828 3359149
1827 3361266
1826 3363383
1825 3365501
1824 3367620
1823 3369739
1822 3371859
1821 3373980
1820 3376101
1819 3378223
1818 3380346
1817 3382469
1816 3384593
1815 3386718
1814 3388843
1813 3390969
1812 3393096
1811 3395223
1810 3397351
1809 3399480
1808 3401609
1807 3403739
1806 3405870
1805 3408001
1804 3410133
1803 3412266
1802 3414399
1801 3416533
1800 3418668
1799 3420803
1798 3422939
1797 3425076
1796 3427213
1795 3429351
1794 3431490
1793 3433629
1792 3435769
1791 3437910
1790 3440051
1789 3442193
1788 3444336
1787 3446479
1786 3448623
1785 3450768
1784 3452913
1783 3455059
1782 3457206
1781 3459353
1780 3461501
1779 3463650
1778 3465799
1777 3467949
1776 3470100
1775 3472251
1774 3474403
1773 3476556
1772 3478709
1771 3480863
1770 3483018
1769 3485173
1768 3487329
1767 3489486
1766 3491643
1765 3493801
1764 3495960
1763 3498119
1762 3500279
1761 3502440
1760 3504601
1759 3506763
1758 3508926
1757 3511089
1756 3513253
1755 3515418
1754 3517583
1753 3519749
1752 3521916
1751 3524083
1750 3526251
1749 3528420
1748 3530589
1747 3532759
1746 3534930
1745 3537101
1744 3539273
1743 3541446
1742 3543619
1741 3545793
1740 3547968
1739 3550143
1738 3552319
1737 3554496
1736 3556673
1735 3558851
1734 3561030
1733 3563209
1732 3565389
1731 3567570
1730 3569751
1729 3571933
1728 3574116
1727 3576299
1726 3578483
1725 3580668
1724 3582853
1723 3585039
1722 3587226
1721 3589413
1720 3591601
1719 3593790
1718 3595979
1717 3598169
1716 3600360
1715 3602551
1714 3604743
1713 3606936
1712 3609129
1711 3611323
1710 3613518
1709 3615713
1708 3617909
1707 3620106
1706 3622303
1705 3624501
1704 3626700
1703 3628899
1702 3631099
1701 3633300
1700 3635501
1699 3637703
1698 3639906
1697 3642109
1696 3644313
1695 3646518
1694 3648723
1693 3650929
1692 3653136
1691 3655343
1690 3657551
1689 3659760
1688 3661969
1687 3664179
1686 3666390
1685 3668601
1684 3670813
1683 3673026
1682 3675239
1681 3677453
1680 3679668
1679 3681883
1678 3684099
1677 3686316
1676 3688533
1675 3690751
1674 3692970
1673 3695189
1672 3697409
1671 3699630
1670 3701851
1669 3704073
1668 3706296
1667 3708519
1666 3710743
1665 3712968
1664 3715193
1663 3717419
1662 3719646
1661 3721873
1660 3724101
1659 3726330
1658 3728559
1657 3730789
1656 3733020
1655 3735251
1654 3737483
1653 3739716
1652 3741949
1651 3744183
1650 3746418
1649 3748653
1648 3750889
1647 3753126
1646 3755363
1645 3757601
1644 3759840
1643 3762079
1642 3764319
1641 3766560
1640 3768801
1639 3771043
1638 3773286
1637 3775529
1636 3777773
1635 3780018
1634 3782263
1633 3784509
1632 3786756
1631 3789003
1630 3791251
1629 3793500
1628 3795749
1627 3797999
1626 3800250
1625 3802501
1624 3804753
1623 3807006
1622 3809259
1621 3811513
1620 3813768
1619 3816023
1618 3818279
1617 3820536
1616 3822793
1615 3825051
1614 3827310
1613 3829569
1612 3831829
1611 3834090
1610 3836351
1609 3838613
1608 3840876
1607 3843139
1606 3845403
1605 3847668
1604 3849933
1603 3852199
1602 3854466
1601 3856733
1600 3859001
1599 3861270
1598 3863539
1597 3865809
1596 3868080
1595 3870351
1594 3872623
1593 3874896
1592 3877169
1591 3879443
1590 3881718
1589 3883993
1588 3886269
1587 3888546
1586 3890823
1585 3893101
1584 3895380
1583 3897659
1582 3899939
1581 3902220
1580 3904501
1579 3906783
1578 3909066
1577 3911349
1576 3913633
1575 3915918
1574 3918203
1573 3920489
1572 3922776
1571 3925063
1570 3927351
1569 3929640
1568 3931929
1567 3934219
1566 3936510
1565 3938801
1564 3941093
1563 3943386
1562 3945679
1561 3947973
1560 3950268
1559 3952563
1558 3954859
1557 3957156
1556 3959453
1555 3961751
1554 3964050
1553 3966349
1552 3968649
1551 3970950
1550 3973251
1549 3975553
1548 3977856
1547 3980159
1546 3982463
1545 3984768
1544 3987073
1543 3989379
1542 3991686
1541 3993993
1540 3996301
1539 3998610
1538 4000919
1537 4003229
1536 4005540
1535 4007851
1534 4010163
1533 4012476
1532 4014789
1531 4017103
1530 4019418
1529 4021733
1528 4024049
1527 4026366
1526 4028683
1525 4031001
1524 4033320
1523 4035639
1522 4037959
1521 4040280
1520 4042601
1519 4044923
1518 4047246
1517 4049569
1516 4051893
1515 4054218
1514 4056543
1513 4058869
1512 4061196
1511 4063523
1510 4065851
1509 4068180
1508 4070509
1507 4072839
1506 4075170
1505 4077501
1504 4079833
1503 4082166
1502 4084499
1501 4086833
1500 4089168
1499 4091503
1498 4093839
1497 4096176
1496 4098513
1495 4100851
1494 4103190
1493 4105529
1492 4107869
1491 4110210
1490 4112551
1489 4114893
1488 4117236
1487 4119579
1486 4121923
1485 4124268
1484 4126613
1483 4128959
1482 4131306
1481 4133653
1480 4136001
1479 4138350
1478 4140699
1477 4143049
1476 4145400
1475 4147751
1474 4150103
1473 4152456
1472 4154809
1471 4157163
1470 4159518
1469 4161873
1468 4164229
1467 4166586
1466 4168943
1465 4171301
1464 4173660
1463 4176019
1462 4178379
1461 4180740
1460 4183101
1459 4185463
1458 4187826
1457 4190189
1456 4192553
1455 4194918
1454 4197283
1453 4199649
1452 4202016
1451 4204383
1450 4206751
1449 4209120
1448 4211489
1447 4213859
1446 4216230
1445 4218601
1444 4220973
1443 4223346
1442 4225719
1441 4228093
1440 4230468
1439 4232843
1438 4235219
1437 4237596
1436 4239973
1435 4242351
1434 4244730
1433 4247109
1432 4249489
1431 4251870
1430 4254251
1429 4256633
1428 4259016
1427 4261399
1426 4263783
1425 4266168
1424 4268553
1423 4270939
1422 4273326
1421 4275713
1420 4278101
1419 4280490
1418 4282879
1417 4285269
1416 4287660
1415 4290051
1414 4292443
1413 4294836
1412 4297229
1411 4299623
1410 4302018
1409 4304413
1408 4306809
1407 4309206
1406 4311603
1405 4314001
1404 4316400
1403 4318799
1402 4321199
1401 4323600
1400 4326001
1399 4328403
1398 4330806
1397 4333209
1396 4335613
1395 4338018
1394 4340423
1393 4342829
1392 4345236
1391 4347643
1390 4350051
1389 4352460
1388 4354869
1387 4357279
1386 4359690
1385 4362101
1384 4364513
1383 4366926
1382 4369339
1381 4371753
1380 4374168
1379 4376583
1378 4378999
1377 4381416
1376 4383833
1375 4386251
1374 4388670
1373 4391089
1372 4393509
1371 4395930
1370 4398351
1369 4400773
1368 4403196
1367 4405619
1366 4408043
1365 4410468
1364 4412893
1363 4415319
1362 4417746
1361 4420173
1360 4422601
1359 4425030
1358 4427459
1357 4429889
1356 4432320
1355 4434751
1354 4437183
1353 4439616
1352 4442049
1351 4444483
1350 4446918
1349 4449353
1348 4451789
1347 4454226
1346 4456663
1345 4459101
1344 4461540
1343 4463979
1342 4466419
1341 4468860
1340 4471301
1339 4473743
1338 4476186
1337 4478629
1336 4481073
1335 4483518
1334 4485963
1333 4488409
1332 4490856
1331 4493303
1330 4495751
1329 4498200
1328 4500649
1327 4503099
1326 4505550
1325 4508001
1324 4510453
1323 4512906
1322 4515359
1321 4517813
1320 4520268
1319 4522723
1318 4525179
1317 4527636
1316 4530093
1315 4532551
1314 4535010
1313 4537469
1312 4539929
1311 4542390
1310 4544851
1309 4547313
1308 4549776
1307 4552239
1306 4554703
1305 4557168
1304 4559633
1303 4562099
1302 4564566
1301 4567033
1300 4569501
1299 4571970
1298 4574439
1297 4576909
1296 4579380
1295 4581851
1294 4584323
1293 4586796
1292 4589269
1291 4591743
1290 4594218
1289 4596693
1288 4599169
1287 4601646
1286 4604123
1285 4606601
1284 4609080
1283 4611559
1282 4614039
1281 4616520
1280 4619001
1279 4621483
1278 4623966
1277 4626449
1276 4628933
1275 4631418
1274 4633903
1273 4636389
1272 4638876
1271 4641363
1270 4643851
1269 4646340
1268 4648829
1267 4651319
1266 4653810
1265 4656301
1264 4658793
1263 4661286
1262 4663779
1261 4666273
1260 4668768
1259 4671263
1258 4673759
1257 4676256
1256 4678753
1255 4681251
1254 4683750
1253 4686249
1252 4688749
1251 4691250
1250 4693751
1249 4696253
1248 4698756
1247 4701259
1246 4703763
1245 4706268
1244 4708773
1243 4711279
1242 4713786
1241 4716293
1240 4718801
1239 4721310
1238 4723819
1237 4726329
1236 4728840
1235 4731351
1234 4733863
1233 4736376
1232 4738889
1231 4741403
1230 4743918
1229 4746433
1228 4748949
1227 4751466
1226 4753983
1225 4756501
1224 4759020
1223 4761539
1222 4764059
1221 4766580
1220 4769101
1219 4771623
1218 4774146
1217 4776669
1216 4779193
1215 4781718
1214 4784243
1213 4786769
1212 4789296
1211 4791823
1210 4794351
1209 4796880
1208 4799409
1207 4801939
1206 4804470
1205 4807001
1204 4809533
1203 4812066
1202 4814599
1201 4817133
1200 4819668
1199 4822203
1198 4824739
1197 4827276
1196 4829813
1195 4832351
1194 4834890
1193 4837429
1192 4839969
1191 4842510
1190 4845051
1189 4847593
1188 4850136
1187 4852679
1186 4855223
1185 4857768
1184 4860313
1183 4862859
1182 4865406
1181 4867953
1180 4870501
1179 4873050
1178 4875599
1177 4878149
1176 4880700
1175 4883251
1174 4885803
1173 4888356
1172 4890909
1171 4893463
1170 4896018
1169 4898573
1168 4901129
1167 4903686
1166 4906243
1165 4908801
1164 4911360
1163 4913919
1162 4916479
1161 4919040
1160 4921601
1159 4924163
1158 4926726
1157 4929289
1156 4931853
1155 4934418
1154 4936983
1153 4939549
1152 4942116
1151 4944683
1150 4947251
1149 4949820
1148 4952389
1147 4954959
1146 4957530
1145 4960101
1144 4962673
1143 4965246
1142 4967819
1141 4970393
1140 4972968
1139 4975543
1138 4978119
1137 4980696
1136 4983273
1135 4985851
1134 4988430
1133 4991009
1132 4993589
1131 4996170
1130 4998751
1129 5001333
1128 5003916
1127 5006499
1126 5009083
1125 5011668
1124 5014253
1123 5016839
1122 5019426
1121 5022013
1120 5024601
1119 5027190
1118 5029779
1117 5032369
1116 5034960
1115 5037551
1114 5040143
1113 5042736
1112 5045329
1111 5047923
1110 5050518
1109 5053113
1108 5055709
1107 5058306
1106 5060903
1105 5063501
1104 5066100
1103 5068699
1102 5071299
1101 5073900
1100 5076501
1099 5079103
1098 5081706
1097 5084309
1096 5086913
1095 5089518
1094 5092123
1093 5094729
1092 5097336
1091 5099943
1090 5102551
1089 5105160
1088 5107769
1087 5110379
1086 5112990
1085 5115601
1084 5118213
1083 5120826
1082 5123439
1081 5126053
1080 5128668
1079 5131283
1078 5133899
1077 5136516
1076 5139133
1075 5141751
1074 5144370
1073 5146989
1072 5149609
1071 5152230
1070 5154851
1069 5157473
1068 5160096
1067 5162719
1066 5165343
1065 5167968
1064 5170593
1063 5173219
1062 5175846
1061 5178473
1060 5181101
1059 5183730
1058 5186359
1057 5188989
1056 5191620
1055 5194251
1054 5196883
1053 5199516
1052 5202149
1051 5204783
1050 5207418
1049 5210053
1048 5212689
1047 5215326
1046 5217963
1045 5220601
1044 5223240
1043 5225879
1042 5228519
1041 5231160
1040 5233801
1039 5236443
1038 5239086
1037 5241729
1036 5244373
1035 5247018
1034 5249663
1033 5252309
1032 5254956
1031 5257603
1030 5260251
1029 5262900
1028 5265549
1027 5268199
1026 5270850
1025 5273501
1024 5276153
1023 5278806
1022 5281459
1021 5284113
1020 5286768
1019 5289423
1018 5292079
1017 5294736
1016 5297393
1015 5300051
1014 5302710
1013 5305369
1012 5308029
1011 5310690
1010 5313351
1009 5316013
1008 5318676
1007 5321339
1006 5324003
1005 5326668
1004 5329333
1003 5331999
1002 5334666
1001 5337333
1000 5340001
999 5342670
998 5345339
997 5348009
996 5350680
995 5353351
994 5356023
993 5358696
992 5361369
991 5364043
990 5366718
989 5369393
988 5372069
987 5374746
986 5377423
985 5380101
984 5382780
983 5385459
982 5388139
981 5390820
980 5393501
979 5396183
978 5398866
977 5401549
976 5404233
975 5406918
974 5409603
973 5412289
972 5414976
971 5417663
970 5420351
969 5423040
968 5425729
967 5428419
966 5431110
965 5433801
964 5436493
963 5439186
962 5441879
961 5444573
960 5447268
959 5449963
958 5452659
957 5455356
956 5458053
955 5460751
954 5463450
953 5466149
952 5468849
951 5471550
950 5474251
949 5476953
948 5479656
947 5482359
946 5485063
945 5487768
944 5490473
943 5493179
942 5495886
941 5498593
940 5501301
939 5504010
938 5506719
937 5509429
936 5512140
935 5514851
934 5517563
933 5520276
932 5522989
931 5525703
930 5528418
929 5531133
928 5533849
927 5536566
926 5539283
925 5542001
924 5544720
923 5547439
922 5550159
921 5552880
920 5555601
919 5558323
918 5561046
917 5563769
916 5566493
915 5569218
914 5571943
913 5574669
912 5577396
911 5580123
910 5582851
909 5585580
908 5588309
907 5591039
906 5593770
905 5596501
904 5599233
903 5601966
902 5604699
901 5607433
900 5610168
899 5612903
898 5615639
897 5618376
896 5621113
895 5623851
894 5626590
893 5629329
892 5632069
891 5634810
890 5637551
889 5640293
888 5643036
887 5645779
886 5648523
885 5651268
884 5654013
883 5656759
882 5659506
881 5662253
880 5665001
879 5667750
878 5670499
877 5673249
876 5676000
875 5678751
874 5681503
873 5684256
872 5687009
871 5689763
870 5692518
869 5695273
868 5698029
867 5700786
866 5703543
865 5706301
864 5709060
863 5711819
862 5714579
861 5717340
860 5720101
859 5722863
858 5725626
857 5728389
856 5731153
855 5733918
854 5736683
853 5739449
852 5742216
851 5744983
850 5747751
849 5750520
848 5753289
847 5756059
846 5758830
845 5761601
844 5764373
843 5767146
842 5769919
841 5772693
840 5775468
839 5778243
838 5781019
837 5783796
836 5786573
835 5789351
834 5792130
833 5794909
832 5797689
831 5800470
830 5803251
829 5806033
828 5808816
827 5811599
826 5814383
825 5817168
824 5819953
823 5822739
822 5825526
821 5828313
820 5831101
819 5833890
818 5836679
817 5839469
816 5842260
815 5845051
814 5847843
813 5850636
812 5853429
811 5856223
810 5859018
809 5861813
808 5864609
807 5867406
806 5870203
805 5873001
804 5875800
803 5878599
802 5881399
801 5884200
800 5887001
799 5889803
798 5892606
797 5895409
796 5898213
795 5901018
794 5903823
793 5906629
792 5909436
791 5912243
790 5915051
789 5917860
788 5920669
787 5923479
786 5926290
785 5929101
784 5931913
783 5934726
782 5937539
781 5940353
780 5943168
779 5945983
778 5948799
777 5951616
776 5954433
775 5957251
774 5960070
773 5962889
772 5965709
771 5968530
770 5971351
769 5974173
768 5976996
767 5979819
766 5982643
765 5985468
764 5988293
763 5991119
762 5993946
761 5996773
760 5999601
759 6002430
758 6005259
757 6008089
756 6010920
755 6013751
754 6016583
753 6019416
752 6022249
751 6025083
750 6027918
749 6030753
748 6033589
747 6036426
746 6039263
745 6042101
744 6044940
743 6047779
742 6050619
741 6053460
740 6056301
739 6059143
738 6061986
737 6064829
736 6067673
735 6070518
734 6073363
733 6076209
732 6079056
731 6081903
730 6084751
729 6087600
728 6090449
727 6093299
726 6096150
725 6099001
724 6101853
723 6104706
722 6107559
721 6110413
720 6113268
719 6116123
718 6118979
717 6121836
716 6124693
715 6127551
714 6130410
713 6133269
712 6136129
711 6138990
710 6141851
709 6144713
708 6147576
707 6150439
706 6153303
705 6156168
704 6159033
703 6161899
702 6164766
701 6167633
700 6170501
699 6173370
698 6176239
697 6179109
696 6181980
695 6184851
694 6187723
693 6190596
692 6193469
691 6196343
690 6199218
689 6202093
688 6204969
687 6207846
686 6210723
685 6213601
684 6216480
683 6219359
682 6222239
681 6225120
680 6228001
679 6230883
678 6233766
677 6236649
676 6239533
675 6242418
674 6245303
673 6248189
672 6251076
671 6253963
670 6256851
669 6259740
668 6262629
667 6265519
666 6268410
665 6271301
664 6274193
663 6277086
662 6279979
661 6282873
660 6285768
659 6288663
658 6291559
657 6294456
656 6297353
655 6300251
654 6303150
653 6306049
652 6308949
651 6311850
650 6314751
649 6317653
648 6320556
647 6323459
646 6326363
645 6329268
644 6332173
643 6335079
642 6337986
641 6340893
640 6343801
639 6346710
638 6349619
637 6352529
636 6355440
635 6358351
634 6361263
633 6364176
632 6367089
631 6370003
630 6372918
629 6375833
628 6378749
627 6381666
626 6384583
625 6387501
624 6390420
623 6393339
622 6396259
621 6399180
620 6402101
619 6405023
618 6407946
617 6410869
616 6413793
615 6416718
614 6419643
613 6422569
612 6425496
611 6428423
610 6431351
609 6434280
608 6437209
607 6440139
606 6443070
605 6446001
604 6448933
603 6451866
602 6454799
601 6457733
600 6460668
599 6463603
598 6466539
597 6469476
596 6472413
595 6475351
594 6478290
593 6481229
592 6484169
591 6487110
590 6490051
589 6492993
588 6495936
587 6498879
586 6501823
585 6504768
584 6507713
583 6510659
582 6513606
581 6516553
580 6519501
579 6522450
578 6525399
577 6528349
576 6531300
575 6534251
574 6537203
573 6540156
572 6543109
571 6546063
570 6549018
569 6551973
568 6554929
567 6557886
566 6560843
565 6563801
564 6566760
563 6569719
562 6572679
561 6575640
560 6578601
559 6581563
558 6584526
557 6587489
556 6590453
555 6593418
554 6596383
553 6599349
552 6602316
551 6605283
550 6608251
549 6611220
548 6614189
547 6617159
546 6620130
545 6623101
544 6626073
543 6629046
542 6632019
541 6634993
540 6637968
539 6640943
538 6643919
537 6646896
536 6649873
535 6652851
534 6655830
533 6658809
532 6661789
531 6664770
530 6667751
529 6670733
528 6673716
527 6676699
526 6679683
525 6682668
524 6685653
523 6688639
522 6691626
521 6694613
520 6697601
519 6700590
518 6703579
517 6706569
516 6709560
515 6712551
514 6715543
513 6718536
512 6721529
511 6724523
510 6727518
509 6730513
508 6733509
507 6736506
506 6739503
505 6742501
504 6745500
503 6748499
502 6751499
501 6754500
500 6757501
499 6760503
498 6763506
497 6766509
496 6769513
495 6772518
494 6775523
493 6778529
492 6781536
491 6784543
490 6787551
489 6790560
488 6793569
487 6796579
486 6799590
485 6802601
484 6805613
483 6808626
482 6811639
481 6814653
480 6817668
479 6820683
478 6823699
477 6826716
476 6829733
475 6832751
474 6835770
473 6838789
472 6841809
471 6844830
470 6847851
469 6850873
468 6853896
467 6856919
466 6859943
465 6862968
464 6865993
463 6869019
462 6872046
461 6875073
460 6878101
459 6881130
458 6884159
457 6887189
456 6890220
455 6893251
454 6896283
453 6899316
452 6902349
451 6905383
450 6908418
449 6911453
448 6914489
447 6917526
446 6920563
445 6923601
444 6926640
443 6929679
442 6932719
441 6935760
440 6938801
439 6941843
438 6944886
437 6947929
436 6950973
435 6954018
434 6957063
433 6960109
432 6963156
431 6966203
430 6969251
429 6972300
428 6975349
427 6978399
426 6981450
425 6984501
424 6987553
423 6990606
422 6993659
421 6996713
420 6999768
419 7002823
418 7005879
417 7008936
416 7011993
415 7015051
414 7018110
413 7021169
412 7024229
411 7027290
410 7030351
409 7033413
408 7036476
407 7039539
406 7042603
405 7045668
404 7048733
403 7051799
402 7054866
401 7057933
400 7061001
399 7064070
398 7067139
397 7070209
396 7073280
395 7076351
394 7079423
393 7082496
392 7085569
391 7088643
390 7091718
389 7094793
388 7097869
387 7100946
386 7104023
385 7107101
384 7110180
383 7113259
382 7116339
381 7119420
380 7122501
379 7125583
378 7128666
377 7131749
376 7134833
375 7137918
374 7141003
373 7144089
372 7147176
371 7150263
370 7153351
369 7156440
368 7159529
367 7162619
366 7165710
365 7168801
364 7171893
363 7174986
362 7178079
361 7181173
360 7184268
359 7187363
358 7190459
357 7193556
356 7196653
355 7199751
354 7202850
353 7205949
352 7209049
351 7212150
350 7215251
349 7218353
348 7221456
347 7224559
346 7227663
345 7230768
344 7233873
343 7236979
342 7240086
341 7243193
340 7246301
339 7249410
338 7252519
337 7255629
336 7258740
335 7261851
334 7264963
333 7268076
332 7271189
331 7274303
330 7277418
329 7280533
328 7283649
327 7286766
326 7289883
325 7293001
324 7296120
323 7299239
322 7302359
321 7305480
320 7308601
319 7311723
318 7314846
317 7317969
316 7321093
315 7324218
314 7327343
313 7330469
312 7333596
311 7336723
310 7339851
309 7342980
308 7346109
307 7349239
306 7352370
305 7355501
304 7358633
303 7361766
302 7364899
301 7368033
300 7371168
299 7374303
298 7377439
297 7380576
296 7383713
295 7386851
294 7389990
293 7393129
292 7396269
291 7399410
290 7402551
289 7405693
288 7408836
287 7411979
286 7415123
285 7418268
284 7421413
283 7424559
282 7427706
281 7430853
280 7434001
279 7437150
278 7440299
277 7443449
276 7446600
275 7449751
274 7452903
273 7456056
272 7459209
271 7462363
270 7465518
269 7468673
268 7471829
267 7474986
266 7478143
265 7481301
264 7484460
263 7487619
262 7490779
261 7493940
260 7497101
259 7500263
258 7503426
257 7506589
256 7509753
255 7512918
254 7516083
253 7519249
252 7522416
251 7525583
250 7528751
249 7531920
248 7535089
247 7538259
246 7541430
245 7544601
244 7547773
243 7550946
242 7554119
241 7557293
240 7560468
239 7563643
238 7566819
237 7569996
236 7573173
235 7576351
234 7579530
233 7582709
232 7585889
231 7589070
230 7592251
229 7595433
228 7598616
227 7601799
226 7604983
225 7608168
224 7611353
223 7614539
222 7617726
221 7620913
220 7624101
219 7627290
218 7630479
217 7633669
216 7636860
215 7640051
214 7643243
213 7646436
212 7649629
211 7652823
210 7656018
209 7659213
208 7662409
207 7665606
206 7668803
205 7672001
204 7675200
203 7678399
202 7681599
201 7684800
200 7688001
199 7691203
198 7694406
197 7697609
196 7700813
195 7704018
194 7707223
193 7710429
192 7713636
191 7716843
190 7720051
189 7723260
188 7726469
187 7729679
186 7732890
185 7736101
184 7739313
183 7742526
182 7745739
181 7748953
180 7752168
179 7755383
178 7758599
177 7761816
176 7765033
175 7768251
174 7771470
173 7774689
172 7777909
171 7781130
170 7784351
169 7787573
168 7790796
167 7794019
166 7797243
165 7800468
164 7803693
163 7806919
162 7810146
161 7813373
160 7816601
159 7819830
158 7823059
157 7826289
156 7829520
155 7832751
154 7835983
153 7839216
152 7842449
151 7845683
150 7848918
149 7852153
148 7855389
147 7858626
146 7861863
145 7865101
144 7868340
143 7871579
142 7874819
141 7878060
140 7881301
139 7884543
138 7887786
137 7891029
136 7894273
135 7897518
134 7900763
133 7904009
132 7907256
131 7910503
130 7913751
129 7917000
128 7920249
127 7923499
126 7926750
125 7930001
124 7933253
123 7936506
122 7939759
121 7943013
120 7946268
119 7949523
118 7952779
117 7956036
116 7959293
115 7962551
114 7965810
113 7969069
112 7972329
111 7975590
110 7978851
109 7982113
108 7985376
107 7988639
106 7991903
105 7995168
104 7998433
103 8001699
102 8004966
101 8008233
100 8011501
99 8014770
98 8018039
97 8021309
96 8024580
95 8027851
94 8031123
93 8034396
92 8037669
91 8040943
90 8044218
89 8047493
88 8050769
87 8054046
86 8057323
85 8060601
84 8063880
83 8067159
82 8070439
81 8073720
80 8077001
79 8080283
78 8083566
77 8086849
76 8090133
75 8093418
74 8096703
73 8099989
72 8103276
71 8106563
70 8109851
69 8113140
68 8116429
67 8119719
66 8123010
65 8126301
64 8129593
63 8132886
62 8136179
61 8139473
60 8142768
59 8146063
58 8149359
57 8152656
56 8155953
55 8159251
54 8162550
53 8165849
52 8169149
51 8172450
50 8175751
49 8179053
48 8182356
47 8185659
46 8188963
45 8192268
44 8195573
43 8198879
42 8202186
41 8205493
40 8208801
39 8212110
38 8215419
37 8218729
36 8222040
35 8225351
34 8228663
33 8231976
32 8235289
31 8238603
30 8241918
29 8245233
28 8248549
27 8251866
26 8255183
25 8258501
24 8261820
23 8265139
22 8268459
21 8271780
20 8275101
19 8278423
18 8281746
17 8285069
16 8288393
15 8291718
14 8295043
13 8298369
12 8301696
11 8305023
10 8308351
9 8311680
8 8315009
7 8318339
6 8321670
5 8325001
4 8328333
3 8331666
2 8334999
1 8338333
