5000 500
5107879 5355800
2805505 9968068
5845053 1399515
8564691 8347752
6301721 8469906
3296842 5395503
5520586 187598
7997754 2515484
5624928 5829335
2148566 4119981
8142483 7519592
4685149 1241879
7875533 1517525
3937902 5616473
1363430 9128434
3450322 6205361
6990693 6702466
4844329 8575486
4849994 8982401
5645980 714403
3217587 5948903
6847479 4554657
5680202 3328024
3888234 3883177
4365325 2991034
2290784 4535571
2037859 3723778
1240046 2535693
6253788 9617710
9582022 9818689
5162482 2451389
1836852 6768759
9310319 6745243
4834263 6065415
2397087 7128351
5344371 2584328
9913372 3651211
2775014 8373581
5736071 2152104
5589416 9945325
3164544 1485339
2005571 9600080
2191425 1488023
5558255 3073136
3495420 2556189
6165827 1150349
826891 4095813
2667139 2024417
3273468 6206909
4952404 5343514
7895697 9533498
6712007 8867422
9785368 564517
8013131 8903457
7944176 9130649
1520507 7108596
2566007 7343342
9714380 6909924
5066021 6836292
3295355 1262904
4121625 4593045
7525415 5561843
1819506 8879260
548517 2302179
5993227 3477639
8663952 2317979
9243433 9773067
4230887 6957015
7157393 3486741
2089676 2933641
3357833 1918872
6102121 1247522
8817072 6729984
8030037 4989629
8760468 1875169
5738870 4778572
5340168 1827782
3999632 9257107
6584651 1433294
2434837 3618560
2100310 5272254
9256065 921607
6743164 8427373
6821615 3860806
6287550 4628678
7867233 5930702
3520122 7576100
1179013 5082479
1802833 4352466
3392948 6149879
2935213 257610
8485807 117022
3753674 3649795
9113089 7158285
2165814 6382384
156162 1152100
4715188 4286355
9598353 8742200
8368486 8821730
4967930 9153127
5269644 1037226
6040527 929748
6948266 9720503
2448254 9909456
1260913 1090278
8361414 2402338
569727 2376602
5249563 8006594
5402977 1815405
7903317 237936
5258941 3361756
1500966 5545752
2108495 6012053
2288803 2674074
8149815 2466109
5235693 2235031
6045812 43851
8631106 8913049
2223953 5000913
9655059 2165191
9332445 579455
4538119 1480509
7785623 3690058
7560250 9086769
57734 6492184
1648824 9831070
5200439 1558501
2540537 8355282
5369487 5290771
3021830 1420926
6129558 305245
9166603 6215208
8122320 7928306
4089140 3598525
955377 2657679
3346426 9683954
1151042 5879949
4928605 691186
318464 7855276
6202151 6573064
4349200 2842918
5801700 30381
8162110 9591569
4370022 6977472
6816667 4177689
8007312 6855796
7591308 8085212
3216606 8119176
6698757 6597065
6914045 9012237
2110807 4492368
5976996 1774979
4322407 8056018
5727497 4825129
7752443 1695686
4553859 545089
9517690 4620018
4125775 7990464
2616114 8629755
5649411 45943
9990536 7759832
3996043 1386006
9109445 1584083
5749277 8861006
9771348 7011045
389282 5088342
7645517 6427424
7290246 8275660
9256415 6830367
862462 1219896
4235163 1911780
1058793 1960187
8774773 5811535
8496461 6262103
3675472 2386839
2086983 6210276
442726 1532633
9440198 8859534
9839156 490360
9829192 9005803
1738481 6591767
8429967 6488565
8655283 4839090
9828238 7611197
231086 4237457
4349311 741275
4537419 2914343
3413079 7895604
8936313 8418221
843107 2817419
7013287 4925539
9528292 1685323
7688802 9891300
1138492 3186388
21613 4031547
3045405 3376816
8547617 885820
4004711 7757370
1488676 5309119
8173038 3488802
4698525 289585
655670 4684088
7840766 7387083
5050684 6943494
7957289 4906453
108773 4983521
8334182 2571791
3534257 9634964
4561761 9357480
1259612 2573398
3950361 2295061
5565266 882538
8573168 9777467
5367010 4564496
374840 8447312
7175677 2631873
4222571 7036487
266270 434813
9493006 138952
4191553 2017347
4055285 4747471
275149 1947036
6461296 6677084
6901763 42843
7561438 417397
5824137 1147562
7269262 6318060
1032048 3890316
7088442 5882243
292890 4430123
1424009 2586459
7234105 6016107
1845997 5143843
9979999 345237
4739973 2907891
5433909 7318855
1354267 777349
294958 7157833
6427029 1403905
8666917 1069102
9560730 1016215
7390500 6925240
6739625 6685835
963461 9604838
2333976 6128812
3686043 6079184
3705621 8235513
6779780 803951
2551801 9169433
6749743 2888573
5485205 2010715
4801626 6907624
9238662 7198114
448727 4074032
1002225 3439798
4541473 2536987
6508291 4280169
9153506 8265647
7601835 431832
7996787 8060622
7393405 7557934
9171457 7761610
9018614 7540924
7473625 4639077
8987979 1826439
1384094 6369785
7521684 5579754
8948770 4205254
7846415 5672559
5314476 9735785
4108317 7255398
6124268 5548638
728270 7203315
6934935 1464475
6662839 3098606
4413849 9183148
688401 9636561
7410348 1014571
6841687 4509495
9620884 4738004
4469674 7686325
4827786 2073488
9562251 6071208
3261835 4808183
4705987 5239319
5149401 6435137
8341162 3340171
2454111 2765830
8485378 5188852
9471327 2497128
913096 6079267
8021716 1538139
6557460 4508822
2040399 2563708
249246 8252826
7946461 8600471
7504516 9828424
3764308 7306025
1768447 4661219
4290360 1571049
9091746 1125835
7087919 6173047
9655531 7753658
8834263 558346
3144294 7829737
6879679 8723315
1841962 3352660
1907129 8149450
9732866 5181802
5020009 1033243
8258884 175924
6565173 2238513
2909259 164131
3216376 5937053
9830521 2721913
1750998 691255
7807759 2519770
9414524 743019
9105502 3379977
133436 2384752
4510181 672708
4535779 8395642
4113472 2144129
9738968 5059814
9507196 9462796
6065701 6660277
2779184 7063510
2974454 8851580
1256629 3282743
6175006 3453288
4106484 9140923
213263 9870639
7500754 4812838
1812543 1020786
2261758 2582818
1476394 4018129
8561776 5932135
3441515 4673772
2442575 37555
2727486 2873167
6421727 3080344
5006196 2443217
1761120 5304634
862443 6633955
2529667 7971052
3649649 289666
5897047 6570673
7779009 6632962
9945703 3369226
7425815 4439115
5774553 5197643
1538136 1063997
6406978 4428373
1124908 8205621
1396636 8766646
7986560 3396039
2906445 8037573
5959685 1833642
3115034 5905515
6766517 836083
67384 5584639
9957157 5667321
8279647 9044338
1980201 364261
3167880 6583349
4158257 7257730
2468883 4351916
1250023 5988156
5433376 1704366
7280233 7290581
7285224 8534800
6949961 4663521
93062 2278845
6248591 1019153
458392 6729463
346217 2026575
9202538 3940966
6650900 4105622
1076865 1823574
5385401 5347237
2565800 9812051
6744819 3980575
836966 9321763
6983847 659293
1429177 5775787
6358316 8537223
9386552 9113789
4256128 6072902
7138262 3543051
120324 1643678
3743937 4647701
9758545 2641933
314593 8713159
2595254 7084602
1194350 7508920
1057254 7393605
1310549 3990614
1411666 5585113
3984592 2557122
2360581 4540563
1889150 3888415
1877194 383672
2847041 2689706
7112615 6679903
2719416 4622134
1739761 4295371
1420779 5348061
4550795 435434
5972131 4916099
9574643 7375475
1071540 9596104
6776376 5876930
7631092 7270202
2240920 3188175
9413474 2129625
7778416 4948612
7650051 9639724
2525115 353523
3269471 789025
9425019 4811456
9260874 9995450
8371572 3019037
8474544 5700923
3759974 9732275
8114044 8362191
7263156 1238397
1479853 4408632
5345172 8797979
5729025 4113958
5468320 7112101
3937293 4549778
8197477 4736736
2144150 9322476
388266 8201246
1916765 4948350
1555576 2748654
4656339 6172099
745768 2794701
3615772 4582737
3764222 5088922
3929734 9161294
5579437 6379235
8927870 9898850
9928880 3782793
3462279 9871622
181888 2912646
403275 7732481
1722707 1646454
4971382 7157297
5696700 9951548
3697013 3986059
455303 1337973
3037993 1743634
2772770 536543
5311872 3982498
9419688 1197282
7138178 3313965
3284856 5929876
1918556 5891452
4699923 9773229
7838351 5948546
8016646 3989158
7064967 6418102
9914291 3980594
6677583 5448695
8773784 8465632
4395968 6314855
8842525 3663285
6832426 2936586
1897357 9331580
7394207 4290963
9015659 2102335
9178409 9298829
6360279 2239978
9126569 7094065
65137 6480150
3836042 7945138
4548039 1142829
9108969 4263045
3201060 2141715
777130 7361643
3329910 290703
1364393 4704700
7055675 6261198
4979835 6087627
2497491 2716465
6241504 1632990
6761402 5526117
3020794 7650731
691296 9141941
389016 5264928
4515232 7881423
835968 6723127
8435007 6571750
1128140 8254283
2789033 7514928
5289862 6837958
5393387 95123
5307380 7721517
7522385 2281666
1004962 8989652
4324823 4759781
4412179 1304089
5996680 5946800
7648425 6929138
2835997 3411082
9318979 5155943
8894728 8640262
2353786 8278837
4505717 6494140
2976320 5909908
9015202 1202422
8417568 7311557
5472038 218535
3830973 385291
9379332 5789037
7944043 5160797
220522 557338
5987153 7679722
6207576 2159046
7415967 7074402
2897835 1416985
6527202 6011440
3076284 353806
1813753 2280178
1520056 6085499
1935402 1705191
9418602 796069
9272548 5525984
759856 5821309
6406759 7147769
9562198 3099547
7489069 1023287
8248936 7336113
2448804 3087328
2433340 3941477
8673762 8376412
8767176 3732211
8621007 5406180
2000662 9933900
1130350 7525921
9634012 9790872
603656 4147699
7127162 7728642
5357736 6610388
7941347 2156451
6841064 3036343
6799522 6440486
6362103 7221975
8635943 2017950
3127131 7296054
991025 6120489
7940282 9851993
2466842 234812
8704675 9648766
6015913 3727027
8391602 6211980
2442109 662690
5688854 5410239
665660 2489052
2145578 8782125
1070750 4578375
4930909 1844393
3848456 942345
3526991 3438214
2857582 8202655
5917760 7464653
2903104 598818
8510167 180616
2241469 9859662
1396099 5003656
6595118 3896671
2502807 5219625
3691365 7604053
7518871 8769219
6256962 8428746
2156088 5501198
9036959 8154748
6717923 8307455
1922773 8253638
1112498 5287117
8335765 6195711
1505066 6293218
647569 8339808
4698610 373507
1634778 6545902
7029209 7653365
1277893 5790983
4531409 9338357
946526 8419591
4807547 1293874
4394884 5697339
3541847 9120456
5303174 2374939
5919846 2964480
4619525 8793607
9192048 195831
6583166 7109963
4760094 6194682
9369955 1612405
7713697 1799276
2132652 5447112
7601938 522526
8056390 6561731
8841386 2410653
6236776 5112942
7642801 1682355
2995834 7157094
9660794 2467360
8521719 765100
8916780 6302726
7580690 5025193
8065322 1014597
9781611 1259730
8185251 4637471
4881511 7737014
476762 8627464
3330472 5086551
6352991 5837554
2414295 2751996
7423588 8431536
7716190 7102540
4584801 5331947
1382947 7215408
6073279 5685532
5149245 166429
2339391 5658436
1883451 4530275
3039612 5224635
2044251 2609951
1502986 3291358
7346927 9004559
7670468 6868632
9513746 8352092
6309186 2018228
9856989 4198228
3209721 848529
9125695 959386
9741706 1447651
1658699 1861585
6262701 3798205
4925923 9053857
8806712 6696297
8614321 2808847
4276525 2228985
3636899 7181508
6649588 3722448
1772121 5051136
8212141 2747561
4367495 6589840
6806018 8483452
9060776 3861968
8938477 5644051
8011350 1460137
8476195 4290899
1180394 3771109
4559675 5794532
1884656 736691
6468187 3930304
9380806 4925796
1761455 4971283
6381282 2577401
1637280 8706209
1669627 2495859
9188214 4053164
222746 8622096
1762754 1719528
6953304 9930858
2754871 6268259
8425136 3251518
7507762 3647328
656764 5090080
7306644 2426819
3694797 4080753
2023253 2298677
3585413 6682938
7152516 1512190
1816742 6993871
1096321 7972110
2698093 7262253
5184780 9641241
8366925 9607650
3905468 3456178
3627704 7507930
5320224 9305443
4400045 7477047
4807772 4763696
3721582 4492980
3713789 3520813
8285094 926957
4515443 8575547
3804851 3484417
1862119 8394745
5238384 1397523
2224352 4140799
2008470 5794851
9219840 8690947
4623837 3888343
9629771 4573419
4903315 6765329
3800179 4272488
4690081 7195576
4120816 1724817
1940439 632297
2752215 6097825
4999213 3139157
9030053 3946300
5630020 3177624
6175772 209661
7310245 6572648
9300780 1544246
8220797 4981124
8072303 7846854
2428988 5901779
8095986 4487735
6110826 4521036
4697131 1817758
7164802 8815524
6108112 6809924
9057819 79700
2818623 9278115
4925717 8654775
4213267 6668860
105704 6465581
9319860 9460185
4389944 4756139
2950201 6060897
2991681 570553
4775138 8750296
9642944 7318551
7411591 3678152
7793041 8571305
7574256 4199408
7924983 2601683
1922897 8696296
6335050 5523581
7165288 3162956
2130994 139298
8452905 87225
5789539 2329375
6471115 3773451
4890923 4216254
917521 8309277
1693674 5768468
3861703 8093564
8400023 7415664
863958 4263889
7036047 2940211
3292262 7454391
6451902 3070749
7012638 105637
5091629 7367151
5803831 2001990
7236069 6299787
910034 3663694
4092601 3285797
3450517 1982139
2090658 7401113
9676251 6908764
182663 2523552
5626882 7510454
9023 3334774
9019184 8259967
7251900 4911218
5971602 2202439
2383477 6878930
2500812 474968
1198852 3427138
8892428 2952155
1057141 1840456
1178393 7967294
5181571 3516782
9200719 4468161
935658 7882465
7808499 9886336
1959040 3065111
7481608 586233
6734035 9748275
9416569 5934023
7410111 2386097
8753271 4972867
6792757 2232011
3370907 7261647
594340 9853360
3256132 1925746
8929589 950597
1634103 3302666
8821335 5314067
820551 2037973
6156418 7071014
1078191 6870808
725802 1829247
3654098 788738
4481625 379478
6634597 2780159
4560777 5263685
6052311 4514303
1535679 1530330
2107768 4628873
4970749 1295958
2740087 7000763
8909059 1190167
3604422 9867164
7496105 8044278
4715152 5268898
8767199 1322526
2234252 1070282
8695991 5618976
3384437 356293
9732039 2602329
1974587 6797909
5858044 9572736
5011381 8080051
4928906 4795639
1511220 3136341
8262986 2111028
4488889 5802277
1789876 6874530
856700 415395
2892218 4662173
8173923 9588527
1440924 3041012
958451 8981856
7547877 6402481
6584158 386368
4131069 7444973
9496002 619479
3096593 130497
3335211 499433
7733081 5865927
6167655 1344411
327636 7805385
8722789 525113
4244467 9114059
2814846 6097030
4510752 3309783
1633216 3554387
1032950 3197698
1089880 3929920
2242357 7037504
9703284 4763331
9285041 2285822
2856467 6886461
7765666 8454416
5062231 6476398
7844253 3327637
1109984 1993759
6234320 4171936
6657669 4682079
681950 5088543
3673453 9201611
933009 469779
465547 6648996
2500843 580274
5919419 4657031
9423191 5258322
2230408 246412
3967894 1460368
5960633 2932031
218184 9394994
7406022 5271264
78817 7219612
7752160 3025855
7501076 5950028
4784184 3135323
9734837 6916926
6946000 9439796
3474759 8165635
4239330 1600342
9702695 6132462
6119764 7184714
882130 8652045
5021736 8208579
5157980 1206881
6735231 9208201
5280849 1092065
1750159 6903893
6475319 7919819
9247412 8683016
3176368 9541206
6312130 766287
6731978 421677
9678374 3576279
7566643 6258663
2475322 5325830
701142 2079751
5503773 5202628
5677511 6076253
5580926 9219837
3218945 4474173
7660892 5541713
9299216 5539327
6766512 6915000
3679972 3981164
3718403 6621617
3410769 311926
7329499 7315229
4957356 7879211
6839664 7269413
5325793 983703
9387760 4470600
6957279 3717748
125270 3948914
8898865 2686559
3449835 324462
62366 9126707
5248935 4701799
1257909 8772032
1329773 8895598
2571653 8972295
5633096 7463713
9594083 243098
3035048 245323
5594224 9733895
4657150 4854408
586743 1013660
7448298 6720616
7620686 7224449
9074129 7282590
3503857 7287433
8888515 2168246
5383346 9957367
5227276 2142061
3677340 1500257
2175470 3843706
6311085 5525698
4366699 874759
8647745 5879361
3525271 8523249
5575779 8731842
5956031 6016734
6717605 3664504
7824255 5658870
7691184 2619760
6154720 5552611
7188167 6430135
8518640 1695093
5630555 1431061
6689529 6757505
1385126 4057277
1859528 8795349
6783703 1371958
5982649 7386246
7379559 6516132
9248165 9925517
2472907 3902201
9879258 855781
217687 7527494
8739906 5693452
1961045 1088852
3081756 7285980
1505802 5369837
4076990 2555182
4288267 2324181
5749803 5039332
5722574 3794216
1217709 3689653
1230059 1586420
7893784 4806499
4960943 6459320
6786867 3511718
7381259 7560969
3271169 6476323
1410295 4763568
3537474 7934249
8815317 2243334
2428145 8657045
7703066 2491137
6292184 6165899
8537037 2546588
1263523 2568417
2723238 756418
9678926 2032264
3069709 4466925
6607518 7970154
883211 5053818
9027399 6649586
8791004 9337529
232451 3783955
8819918 4626600
5907077 4080131
270572 9147739
5570833 8347413
4896173 7851199
558819 1783684
7673863 1602782
5246595 7802786
3801038 6994207
3682241 3636577
8633577 7383312
1779545 8715163
9874027 373550
3428740 439871
6720865 9619954
8347829 6890497
8101549 3365320
6864834 1761443
1929986 3173501
528628 2385110
6514470 1551713
3578628 1167541
347606 1525959
8163718 7684026
7332346 1088774
9006250 2568282
4959201 726588
5825029 4933345
1623640 1462774
4366209 3598503
8569282 8188506
3543083 1033112
5677362 8008737
4466017 2645611
1595486 6457256
5960860 2062336
2004866 6032098
32690 4702836
2211285 5962967
9978499 1404230
4345820 2417128
8104112 727592
2909033 7839216
7478404 140709
1421683 6811829
4543270 8810030
8502651 4931304
9200777 1940314
8397370 1988453
588409 3168985
8712 7620617
118402 9148888
1748017 7137447
2200105 6052180
9427123 9651493
140775 2845996
5826631 8766689
309638 9950946
9032555 7442339
888739 4511131
846955 8986733
5027282 8456188
892296 5212842
4421168 102807
2103720 2614360
2775638 7299606
9702315 4294632
2073787 9041517
4166947 8184062
3300526 3287711
4767768 3379422
4007050 1437431
3706960 4255571
1802435 5434218
4252083 9433619
2087316 6711441
9865631 1554919
2377199 693023
5989421 602975
8095884 8079921
2831502 4914225
7994657 3234631
4775896 6084722
4882720 3157684
3039153 3401897
9330772 9510500
2364344 781985
7259307 4419066
7182959 882038
6902358 7835829
6506893 1972966
5828621 2554559
792363 9035249
3144063 4064031
3590243 9536047
682235 4057339
5121845 4534340
6602028 109082
7630435 2151104
2140160 3199589
6784366 4483953
3071130 4467035
1117713 691054
8936516 2910363
3162001 2056154
7786356 2503996
7790693 5778681
7964647 2040004
9902876 564328
9006426 9900604
8158101 1750875
6959416 5658087
7648168 4358667
2539878 8546592
502063 2380183
1603468 4934535
99000 104739
7158533 7005699
4399433 4130211
1748867 4557613
2364535 1847209
5306287 5669018
3726225 3774027
9448012 9879058
2195163 7738768
9498474 5559559
9048365 1018040
2665313 2288676
7701126 9913151
1995626 6964275
2737791 6278971
4961345 8919248
5370011 915565
491689 1813280
4564427 8833524
4232728 3442325
1681059 1228377
771314 5673701
3550900 2441511
2233617 1299754
8717819 7872424
7709842 1079873
1793635 7958662
1139910 9499241
1823190 363
3873030 1276758
2515422 3247501
6222532 3640664
5760332 1535974
4867298 8627232
708274 2453496
3614889 5055042
1171584 5100005
1416018 9654266
8483564 80026
9693024 8877408
7155169 5629211
7389153 736504
6565502 2786735
3089824 3091299
3825341 7684078
9503479 4608553
3601186 8839357
672517 1196651
3004051 3301892
1426583 8517851
2701981 9415735
2167810 7469317
3654227 688529
5370020 7293787
5989233 3921027
1582178 9119511
9424044 1989899
8414912 6020926
1618624 7373064
6981084 115958
7925079 7008036
1650997 4805298
4836641 191000
9602966 4987626
4820421 9251482
9798006 5581381
747212 8289979
1823414 8061998
4333979 881582
3797298 4830376
6461352 6226723
8657865 7763
4458386 662186
6127424 2362196
6079758 5964916
8482003 8607655
5620052 2529915
1166309 5624430
796746 6782296
7888527 7813298
1782529 1478621
5938106 9433602
3756871 7000998
9823289 223836
7976569 3192374
7166067 4392737
2432276 8773884
8831446 7616082
3480077 2448237
7726220 3060660
1445708 6969088
3045109 7664343
2620459 9270907
7297942 3774693
9519320 9334285
4580207 6887243
4871635 8187045
3794779 7219848
5795904 9092260
1618142 7869693
9880975 6821527
7050237 96522
9826152 7824328
7866422 6764727
728419 4987175
1737713 9451686
6257957 6872375
7696358 11914
5432521 7142211
4455167 2343214
3276002 304369
9787673 172800
523199 1600475
3904559 755306
181755 3776933
109500 1590924
3041873 3094014
7039356 7716295
3269674 1517987
3437226 9290657
3802469 3358191
1622620 7416986
7416222 8705925
7355912 6017720
6663383 4243069
57565 3224301
8336596 5410330
1532471 4585158
9021470 6583067
9575023 7603514
4091780 1759504
5442212 5287896
4440164 5023302
7320630 9568898
5386463 4101334
8150129 656905
8278606 8155402
3875524 4927507
9736079 9452436
3198330 5784578
6308395 4785086
9853853 4812952
9381675 1258527
4251667 6174664
5625359 7847353
7371126 6691274
1666840 8293451
4401716 5261701
8246609 4879548
3660383 6005825
1886657 3868637
5610323 5383858
7446580 7734148
911859 1290878
3139802 1559434
427523 4855870
2971201 329401
8001684 8850380
7500344 5604952
8334983 8996916
4274701 918124
2539353 7434651
9047303 5943530
2796815 2274326
6033694 5972244
5269553 8675088
4935285 496479
1652631 7635123
3000563 5176529
8287889 8889778
6422713 5029957
1169307 4736497
2003231 8505926
7782044 1483146
7998376 9912446
1200539 1852903
9244303 893671
8997810 6853531
8374323 7002878
8775166 8091616
5507715 6262226
1186768 6725388
6349264 6973398
1561000 1038063
6010257 3723642
7951639 4749053
455589 6679844
9178396 6714108
945558 5206847
1177553 9373116
9337254 9132996
1829033 7613668
3736023 6970510
6717116 8321403
5880958 2718328
4917315 3309255
4557602 5878964
6200009 5088110
6513843 2314740
6765088 4030344
3284837 2117525
2032757 2854120
3370734 9503607
7033386 4147618
4912399 2638370
5663362 6277103
1647451 6217546
6820497 8970759
6112084 7368129
3147274 9667722
1529001 1899638
2424276 5913668
6350888 5279546
8959571 1838091
1862457 5854213
4896407 7168107
8960966 9898916
8497959 1256345
6179960 7410782
7339147 9640045
2979683 1410328
7298847 6428446
3541288 9735099
7172093 8277485
6061558 3603526
8135538 1206662
6363054 7374488
687683 8710683
3295758 8758581
9679794 4388759
8255093 4185779
2452320 9696936
2669704 7266437
5557292 3505269
415932 9709611
8958834 6045845
3737290 8276048
2734313 3960446
1741111 5995128
9145311 3034264
830370 2209902
449304 3206298
2110151 7579051
5949246 4644806
8193904 8874069
3220555 6672920
3061651 3117330
278749 6692214
2094014 3860008
8536917 7693219
4184765 1464471
6240726 8814819
2856072 8642066
2854739 477668
2324946 6152488
9718021 1925952
9410266 8234356
5625231 870642
422199 702085
7078680 9857158
1269880 1013228
5835148 7749898
8258043 4795660
5760011 5301961
9615108 4300110
6919576 4363305
8736993 3514498
2477223 729364
935653 9278789
2971057 7586971
8317139 2070033
1484704 4340881
5302550 9061422
907393 175656
8395357 7419444
7981889 337782
3840117 1197019
4533502 4758014
2552938 3388441
6566522 3830328
4803592 9518436
8262648 3925709
2652729 4457634
50592 310938
3474209 6669863
3466820 8448226
2409791 5647377
7171197 3348836
8715614 8941537
6039937 3968815
9255059 8457681
8305398 7224444
1572477 9732043
5872430 8140588
3238357 1771579
6434967 434874
3000476 9791068
1846177 6457195
5689398 1106261
4415435 958097
8219994 2859732
583250 709119
959731 8856062
750200 5960917
5715512 8226467
444522 3186805
787041 7887080
3804227 8608343
5172848 6423741
4122349 5855770
5745541 8503103
5178582 2042356
7477229 2302417
5150432 2445993
1663743 7093430
4486380 8004511
4146010 2225044
9041274 1704201
6754214 1615754
8330820 6953710
1478253 2788042
8413325 7742004
9484122 963612
2234956 9257789
4069527 3227928
7592745 7504037
3047772 9910215
364660 2842015
8207010 7544661
9476639 9991120
8291902 7094766
2816112 8152511
5752070 2354478
9110051 1952131
9335385 1541080
1835904 9030780
7312471 3929583
9944890 8999162
6807264 520643
3760177 8716849
9631687 8961790
8630306 9582595
1758369 74725
8076370 2551730
4373960 3061186
2357548 3702941
2849843 8924736
6224172 2232898
5659245 3809241
6968503 8009374
8338033 7120812
7989415 5916618
9775255 2418466
7514358 4238899
5308026 286497
2442448 7103056
5964857 8205118
8851467 5191145
7969164 7807055
8989978 552499
1478345 4142841
3689088 8376855
2453775 5315115
1741381 7639952
1061251 5198179
1511387 1062436
6482289 2723427
2187477 308319
2501557 8564516
211347 4666719
311638 2891837
216746 4175111
3661654 8272617
5962745 3251652
5669064 2658831
9077158 7512998
8747986 4042995
8977843 1343632
2875440 5697178
7617597 5427704
7090886 8674654
1458428 5709354
8027877 3594218
1347182 2443293
7704382 4931074
8451447 7043857
5353510 9806365
7132575 3544542
5117653 2225269
5499848 2200655
358927 1334971
5356970 851985
1509420 1135954
2141337 9224534
3938489 7058139
823092 5305101
8918845 3183440
1388635 2290651
572105 8743497
3497940 9038722
1926067 6651167
7491117 3432463
5366390 1519695
439998 2316035
2337127 6255211
7568047 8036297
4993988 4301545
1216824 5561658
8833650 3631639
8064763 572648
1683242 2961463
689055 3870936
1526491 930818
3886163 1788533
1999357 6409763
4535030 8544524
9406348 8155512
3850361 7051530
3631383 136041
5092686 6180255
2110961 7841997
8928324 2997134
1667247 4779074
4400594 3924395
9183351 2584810
9901065 6888622
4348088 2030424
2404148 9324667
2669281 3470261
8540190 3845456
3231126 3241204
235934 4788431
1441539 2616310
5916743 3859052
8285180 6878268
5256556 1583001
7780431 6174886
2274140 9292191
6594760 6682329
5680572 5240852
588042 2738762
1603544 7381915
9224544 7133449
5534355 2688670
1489756 4088385
7632861 1328130
181047 9469275
8584484 4143105
7113263 7104234
4906812 881950
8548403 1570099
5845848 9232633
7732699 475144
2642112 6489461
6623044 4266219
3663034 1927857
6200412 3952218
9640429 5953557
9428713 7442478
671583 7702049
2196258 8247813
4661291 6506381
1173733 9314185
4731555 7086909
8470159 9181915
767708 8031136
8883202 8105950
5319938 9533179
1420435 6208383
7342215 4998964
5778419 9274780
4279460 3174350
7241569 9406336
4635769 9071134
1991115 3204547
1518813 6408606
9755644 9010292
8352421 7415979
6700042 6752291
2178678 3437605
2571992 6272247
4676212 460831
1380818 4714440
6447409 2515614
7138337 6974421
6063513 1043558
8783058 8895844
7671841 628072
3458956 6965189
2568598 5603474
6469174 68419
743007 1460876
7760561 9988600
6602781 3290788
6463929 7479114
4310945 9398622
5839300 7364640
5690232 8948230
503750 7811523
5379554 8890266
2833811 7767690
3638412 1716093
1188873 6160010
7469858 7168872
2727384 6868088
585461 8862744
6771717 1915311
3186986 1413369
6307978 2048944
5850693 6684229
4203460 9205902
10466 8551946
6745566 1974599
3641494 9182975
3882373 6726945
4054724 7400866
6029306 6870903
9115656 9196069
1378230 4003935
5251930 9575757
8033007 8894098
6663238 9185778
9160372 9180458
8586222 6646980
7632264 9694357
6251243 3239119
450577 3094646
6436 1202052
3276413 5504979
14530 6506099
1364827 1591653
7104087 8277240
6737607 7460217
4332360 4435602
4818477 9939880
2346425 1321441
2919537 3414147
2152407 9514650
7994939 6711600
1802548 7539037
4276354 8542776
1202703 6897415
4170268 3306847
1933734 3860602
6164648 9630398
1461483 2145109
8209032 8907738
1849401 5446167
5977175 8730836
7313728 6542540
4690350 3808432
3968494 669136
9234830 2478735
3470909 9615008
8816729 4332790
1564013 1803281
1121476 7466577
990502 293569
6263956 8244111
4593704 3444605
7462106 7921391
8070048 2972074
693557 7234687
7730899 8084787
5414062 7885357
4227961 471428
4811907 1027390
3676879 831676
1364354 4022622
7127670 6461136
8445753 3827707
1121212 3716463
9101766 6789167
1755813 1935665
2247437 7902738
2517624 5068387
7233312 4237812
7581639 4896297
6611543 4830036
2719973 69338
3796352 2831804
320776 5610586
5045409 1981664
6386120 1727203
8418472 3983381
4639922 420208
8575528 4808914
7759087 660296
9081817 9384292
322963 3577438
4468943 2924310
3463400 7506236
5973256 1633977
4038753 1588128
6285345 5761433
4884557 3196524
9579430 2298291
3272298 9665064
1009426 4216218
35733 8309411
6289685 6215549
840179 9381301
2425598 5413586
4558683 3036187
6138252 4929349
2150408 8657136
983802 142945
4987406 810146
6494017 4387811
4734847 993161
1301637 2073168
4777456 4816229
4259659 782244
963368 3393188
244276 3052687
7629964 2132627
9006054 1471081
5462833 490076
8843009 7763055
1049748 4109281
6608542 8981102
8029840 9253826
2050719 1091385
183273 1129755
6151982 9208646
8223697 2392217
6479462 1462638
526455 4017
4113522 5396396
1109928 8701235
14969 1048441
4028897 5893262
4509254 592857
3306334 7264385
5644196 124758
8090303 5055498
9490763 5160220
378232 1269574
893923 718338
5659913 5887012
8432928 5834860
5640888 7250677
7259938 9026371
7450381 1273415
7113263 6821247
400474 3599278
348332 3539650
323180 1094492
3697303 9727867
9586097 1901924
2864379 6295129
3120532 7338012
4031432 5736273
3659846 9732073
4600105 6893488
7078547 9306062
9158007 7374316
3417386 5181321
1035800 9551384
3216859 6474756
2514149 633141
7309608 3717341
8118987 5432727
3467803 494076
9275310 3746523
8068403 9097993
1320040 9830235
3318476 388172
1269502 7289375
8430214 388414
2481615 5184611
6673684 4585773
3444485 5947995
4607530 6566221
5746531 2946084
2599838 3044478
9949007 5159936
3375686 435446
2214792 2920910
729025 6832420
1611558 9003089
3092996 8675011
959221 3692909
8802973 5659524
5732268 9464278
4967984 396631
7857253 4416796
7929598 6287625
9425725 7898919
8249713 5957629
6977819 9699704
3403521 2554570
2901694 6312798
2490129 7613792
4855997 7203847
2652837 5370835
2173011 2867537
5591923 4503718
9517855 701482
8235406 6069570
337869 6575781
8039157 4901463
49510 5233297
9400027 4037576
4670055 8484854
7600961 4277180
9781207 8213875
7595243 2103486
958156 5613427
9066277 8471763
7784062 8566918
7471372 8091369
34853 7842742
7949746 3104122
3698289 9319146
5323609 2582034
5337820 8727346
3916860 8814583
5561865 497606
3239285 3529385
6213479 2551492
877989 5336071
2477095 109354
7993069 8214036
9136507 7820380
956486 8690624
2649135 4750441
1293722 1952698
8758828 330945
1499261 8513412
832442 6325102
6541685 2925220
2581383 7504592
8415328 8774757
8726354 8176416
5419079 3965583
5217015 59318
1978492 6826995
868358 1178096
6025775 4107010
6517804 3996293
3548531 2409590
6172700 2053619
3059092 5774839
488030 8635426
6053642 7159894
9391321 656188
5149616 606694
9274260 6952779
8895981 8878160
5176204 6443126
3862509 8000746
3696270 8251760
2686373 5952331
5520171 7249864
8848768 6140006
2951914 3341807
9701939 3431202
9181028 2650840
3079550 3470957
2989307 1325413
2980637 8659280
4237115 5457916
5669430 1276740
5609271 4224607
3905387 4444126
394023 6125767
2799830 6800088
3686227 8390015
6214253 5381461
8843741 4346222
4847859 2421481
1199784 7115936
4511646 1563669
9611763 9605412
2667712 1087332
9672667 6513550
2985202 4782550
9593547 5524816
516514 6369748
6913109 5176040
9571665 1283014
9402037 914374
6269634 5851091
1397856 8264481
8973050 951219
4258910 5040964
6787516 6925752
5549468 4203341
6833225 1862626
6771066 4509909
7089561 8935557
4605149 2167836
9141914 1998258
708068 6262138
855546 3739076
8286938 1380640
1063610 6629877
6104532 392828
2069668 7476147
163559 4368691
687992 4718989
9498382 7025662
1289540 7426300
6136778 5223356
8670229 2794543
2052520 2291926
2513540 8204381
9410987 4159760
715735 9257152
557258 1995676
8555208 7062309
2375321 4681780
437665 5726380
1428098 3317201
992863 7520235
5778315 7405877
5102575 691520
9760909 9637105
7847854 9163000
3638911 9292794
3528944 1141612
468899 7598035
2457260 8687487
8255015 8667767
2375804 2123923
4802355 4740724
8827262 8752724
7486068 8123290
9620742 2429430
1776195 894287
6657203 6994738
4500064 7166524
8147452 4686374
8598600 9318148
6768664 6813834
3585109 4356230
8108708 9176732
1496019 9778107
5947036 6374886
7686166 7237691
8694955 3650186
8811699 4145712
6003584 5886750
9107321 1208656
3791416 9090185
1392795 500246
9544942 1396139
2383264 6316940
7194165 4714464
2340112 9603694
2132945 527222
1847556 745801
8384083 458856
3394646 3798222
9807607 548649
1092016 4371016
8703748 274380
5179667 386978
4586113 7638084
3921851 9295325
3281950 2987642
2764051 3632184
2219783 7198914
7168017 1210543
4819371 5246949
5068739 9718883
5910049 4572328
455851 4813483
527458 3851377
5698833 5750243
2663742 6722790
7920129 3660170
4285870 4717966
568501 2209266
5410599 8660355
1013507 5959088
7308305 2054488
4893717 5643772
1727494 5277464
6434592 7640564
5798633 8525375
8909578 1406592
1667415 4408365
8931133 5755917
6918673 3147929
5904263 9607544
342664 174960
124827 1538288
721473 1614789
6924160 8550087
4098150 7135952
2988837 2967848
2360046 8373508
2188159 7901578
6535638 2064379
5412257 1626972
7288367 6629892
9411157 1602139
3237827 8625936
8581138 4136573
1858890 9460539
2096852 9843845
4047179 4115980
5378505 7637901
9225945 441244
5902531 45289
5827529 8378561
3565697 3012372
5749614 8016599
971167 2468752
5670353 4299364
4738600 547834
816359 2466645
1843297 7318320
6847437 8810912
4354451 948043
9438734 4304509
6962086 9195553
1575600 2980722
1373128 8094675
3868014 4559080
2029278 4945495
7128651 3395126
9680225 8842021
7643003 6798547
2092636 2077434
1455352 597112
9008040 1665357
7090477 839250
1806515 4070844
5951793 4329046
2229110 4190646
3261245 3370216
2847259 1185538
5330186 7246878
7853596 4579583
1479692 4886056
9527280 8340360
7192684 4383049
7022975 6597716
3382360 1758785
929513 3182135
2445122 7414051
2022949 3129859
2768665 4308727
843783 8850719
233565 2028817
5922801 4383934
7479887 8406486
4742832 2288092
8157652 3563886
3228944 9424087
151530 4121719
836765 3618441
2181987 9299674
4625502 2164692
2955909 6401117
1814923 1150975
5729869 9841900
5088486 7342635
2963702 7897018
7293794 5431219
6065566 5860730
3992804 1206538
566593 9641079
2731382 977852
2417016 1532869
1863753 7080446
8512079 719472
9360115 9969008
2267126 479767
1253212 1046915
7454125 1359264
1077169 442731
1869003 913022
6669741 8108405
5340561 9540146
2089381 931640
3594086 7857063
5429284 137024
9915232 630461
5855277 1450439
6633386 3882118
1206478 4232009
3133100 5140050
6558604 1150081
968397 8440781
9336671 7354854
6126924 6981862
474789 2923926
1964363 7253678
4129645 6934269
5954442 8447720
4676511 4454889
3039984 3542146
8870627 4734236
8202072 3927227
7826434 2556399
6790522 4897704
28436 2398943
8300677 4948909
4894169 2503352
7323295 7981073
170955 1244160
6983763 3297334
2949998 5145269
4519953 6589804
8802095 9793312
4778362 3450351
849387 9944745
9807792 1625003
3775883 8632791
5066020 3683693
4990328 5740444
995142 1541183
6230589 4702671
8526497 5766072
5025512 6186789
3547668 1680322
3849450 86179
6989900 2369970
5335893 9817385
5309747 6290444
8691118 2071851
1664860 7171374
7367493 4755767
2688371 9084646
226873 960710
5868911 2765586
7567292 5016071
6308854 8658232
8347316 9038668
534502 1413931
2711850 8322074
1462953 6885819
3140208 4801825
9373212 8421711
7894304 2228380
2947129 5457805
6974410 4736771
5228162 2624953
5554923 3120608
592451 6383679
4339547 9071935
7319639 7071620
4559171 5378089
455999 6572333
3738856 4500353
4246036 7109136
3894801 5419097
8676836 7263145
4775714 8915064
5283780 1329495
9983540 4742413
1533196 3803733
2282631 1291019
5049665 8915645
8299289 7387693
7126898 3582381
3504579 2599121
5097817 1201655
8165942 7960416
7611125 3522903
9281417 9996869
4866530 7377463
6734367 7089685
8188396 6347660
4190734 4049131
8480479 1138427
9089441 6167584
693083 5449150
9007871 574466
6243096 8128308
960731 6776865
5851123 7559645
1382515 5929612
4732163 7989591
3511930 3314744
6587799 5413681
4553731 2141891
1769696 1607442
1142634 685783
7187468 4848578
8000002 1126654
3169900 8935781
4305462 2420759
1810100 7912146
1638064 605054
4905427 6025741
4084758 1363426
2119450 5128021
7925075 6726831
6653880 6330606
8751159 6947040
6829842 6459016
3017247 1237302
5623869 3088851
7121213 7870426
6195753 283993
6473139 8204275
9379593 5006699
9518527 5837440
6052328 31056
5091565 5014283
1735075 8498763
4714267 6870651
6217687 2000727
9062840 9023770
8460324 6748220
2798503 8427802
9389332 9086897
3071198 8739841
7962029 8868580
1220510 9620973
7218229 6528279
3022936 6746999
1605638 6167357
2561247 4094819
3586526 1614597
9562538 1926432
3933813 6021535
5420464 5335738
4316604 4130614
9239975 419270
3065653 9656906
1335112 2266758
6882852 7252861
7469445 8519575
5111891 6974149
8000597 5145168
9988844 6198853
9586816 4730215
8338927 8455054
7940391 8563107
9293359 1260792
1338253 6026911
6613511 1282924
9480633 1482817
928052 7773244
2636737 3454980
9486895 3801891
4335235 3119889
4766111 3312596
9263415 8539995
7210347 3589896
2238569 1412771
8291548 9089457
1831141 6193731
1231142 7380182
3321688 3913459
3045154 2632289
4095461 1540228
6107621 1642923
8598454 2817456
6587344 2975649
4904089 9348691
5512853 8117673
7196205 2991715
4062124 4251875
4974798 7174219
7149824 8629284
6919260 3954354
5397780 6635068
6033696 2116790
3890281 3275619
7987268 6443271
4123917 5275207
3076108 6376747
7967232 149039
9090683 1430273
281463 6554980
4366185 8604657
349133 9173542
3311109 5886907
2355997 3092370
4553581 3336938
927619 1843378
6352582 6944766
6086273 3066443
2175207 3192478
4996411 444583
6450339 6741202
8461872 1462351
9407991 8621366
3416804 5223172
8609515 2845731
799052 6869471
4375141 5024234
2180227 4539855
4802696 1195556
4728200 913810
2142387 5658988
5575474 8481078
5113443 3933031
1230240 3690464
8237349 2651658
8520284 7350857
7630638 6514219
4040490 5900490
33598 2062985
656526 9493531
9890367 2156684
3141890 6314592
4488609 1288019
8317643 6988122
5171332 5124775
2265011 6959836
8681512 1278102
7446020 9874887
2289112 598747
8796213 5055391
9961172 8251597
3974114 2416844
8978609 2682382
1240434 6363969
8037540 8444422
757475 2252251
2685181 3667829
2851324 5175718
6623352 1926949
2194793 3171599
3077861 8164261
3109146 5926836
1234913 9829365
8343351 4505196
4461140 9323146
4722704 9356246
5914891 4626195
1924681 4390412
3361964 2354641
1157425 6843594
4803903 5022294
7897919 8515644
2045920 835375
2428417 9503597
1453818 9873618
4919148 4179299
4628228 6143384
6017060 386053
894845 6230155
4355608 910817
2630989 358601
7961037 4723424
7957981 8794710
5457739 2854793
4725354 4160259
9909453 4762660
9461878 2680751
1384389 5883676
4234249 9610134
9749534 9847324
2284540 4463796
8089328 7494059
3976371 1677886
9095195 407086
3761653 3327729
1686520 212474
4741987 4364850
9179005 263483
5617285 5130537
7426470 5191349
1010476 3900763
9904294 3715290
9775838 3069380
3964409 4706412
7134296 3847570
733429 5292053
9053306 4201214
9784449 6789638
7544265 1907757
1814459 9507772
7393552 6196988
4902031 4312082
7821577 9648787
901470 4859081
4467101 6836001
3352141 5905635
9613790 5394161
5049214 8323258
5928925 8273437
1137117 2732863
7573551 3129253
9592604 9481767
7776994 2324071
6313132 6670803
9001501 7979669
4005653 3948685
332378 9523095
9222156 905456
3244561 8556029
9396574 9566498
2672877 7951810
2222194 8690689
4929863 2525151
2553965 3179886
3731035 5630065
869958 3888524
8428535 5362467
6626710 7770491
4467155 7079626
6833198 216069
1177240 172995
8760857 1159436
7675760 3483158
4474869 3705166
2215454 3286170
9532508 8117541
9220956 1140627
252347 2807682
2056673 8870133
3625531 7822754
7522413 1653648
6006997 2047907
7304517 1818003
1835789 4838239
8401264 2924823
3399908 4086577
8167698 9884071
4106494 1115634
7283669 4273671
6938843 792764
1447161 5725664
6275061 1035402
6224966 2104497
2726591 1151817
2837926 2355598
1797798 4337955
1425520 8115949
7589089 3920692
3275873 6524792
8306146 9743693
5349074 4723304
9605281 4899633
8065225 2999364
1175758 6027134
1433711 5168503
817169 1434012
7778960 6666337
910092 8088269
9121397 4997237
6901996 151607
4669784 4865400
9769582 3914228
6877191 9772468
3430793 5695038
4456830 8593215
6294387 8404409
1123835 7705256
1525467 9796233
5118791 5833428
8534488 1649828
3809178 2374771
8798602 308086
1519739 6227633
8779454 8843339
3223861 876389
176701 4312011
9955364 4853122
3397980 9735001
3026810 3232667
1353997 7670967
3936037 1193327
878952 9260367
4627938 55055
8019234 2791813
9418932 1370118
24261 2408538
9012516 3103210
2996559 2815745
2997772 5084272
9002549 1686659
6000968 8376276
3171634 6723929
7069345 6000417
8700369 1937778
3655290 6780947
407180 4066057
9699120 1361503
8811970 6926316
9286618 1799422
3241992 9355976
4897827 4953978
1756136 8294254
8439865 8685096
1465747 6203142
5069465 7366931
6311870 8983029
4058604 6538862
4704418 9613813
8051888 6082920
9758789 3935587
2054292 8339677
9236140 3818397
9675226 1922313
4251435 1548272
2295782 9337775
9449854 6005341
7194497 5240222
7354064 9374566
7723826 7878321
1022090 5688826
2783078 947719
9655520 7720612
1549660 3841890
4671918 563410
7331338 2652109
7838809 534740
1141316 4653973
8981479 6044114
5521588 2050941
2932936 926936
3797094 5685024
6175391 1450693
3377719 1110192
1198873 6956879
4257510 2383634
3702955 989761
6480648 2036752
1660440 8343128
7024964 7923904
1804721 2058685
222149 8459987
1071365 4338588
1817919 8660177
1290896 6458559
1689768 7549436
7334438 521860
6034968 9636250
1315254 2212712
7080308 4935382
6596814 5549944
4591528 7415356
3144429 4119908
7761776 3259398
9073461 8181176
8245360 4430785
2889385 5228624
1883399 7659434
5986921 4115989
90992 7470891
7884585 3381841
8173016 8900055
9708440 3617908
6370128 6828929
3720271 1583110
3732184 2083625
8616141 3062967
6555738 1399222
2671382 4148848
4876110 9305998
4752208 9789987
7336331 6502625
878943 1994022
906979 3321233
9605583 4662519
1970348 3827498
2387908 1739861
5419296 1733787
2911489 254358
7672805 5820616
7398926 8052764
8865662 1176295
2886018 3988022
3389407 9856172
9485997 6363916
5587422 7061882
595296 9991707
7143985 2612862
7387167 3707151
9237303 4943657
9038402 4181246
7592720 2922695
7638777 9093511
808224 8160250
1286759 1625514
889420 6253766
9595331 5248835
3973683 8174344
6032667 165967
5255651 9534004
4991251 4629428
4336002 772107
4815811 7160815
5443422 9549227
7270156 3451723
6833855 8456448
1912397 9813307
443246 6801605
3666549 4185271
3437713 2837869
5999254 5654906
8421216 3933018
5795010 8560288
7507481 8793438
3253945 5102632
5378743 6848288
1386566 804271
8264051 7932568
5720 8772218
7012147 19688
4716240 2811321
1513897 9232616
8354477 6048980
9414097 4591042
8155790 552187
8645097 564709
8893912 1628635
9426745 660745
32105 8547141
492489 3630225
9286549 9952408
5476018 1177038
6705024 3936135
4033574 4342379
436743 1280980
2216795 2529968
1061122 3700254
426844 8078905
7525683 7565982
5829045 7849835
6759770 9952688
1756092 2714170
6738203 4786124
1548913 3783945
1489418 9044801
2082005 3873817
3629254 3939172
2084508 1150844
3345250 2173873
9388660 2777742
3965509 6680247
8672020 2391957
4018202 8212663
9085358 6553657
1872500 1068034
5592338 7462083
6283935 9384976
1222327 1899107
3766118 6076054
6054943 7604188
7610900 161595
7814998 7101787
3606793 5257862
4241042 68343
9750220 9719029
5477370 6428078
7348964 3877147
1234431 3115195
7033081 4724126
8440005 9394947
5761192 1188671
5648713 8539056
2934200 301631
514728 1156136
5059668 8452565
9866025 6843013
1755984 6402249
9898746 2712879
5632030 5041053
5539310 5087032
2669858 6388527
4212735 9633163
4446067 5446147
7477018 8073647
9264332 7067153
7023898 9428604
2594357 7749080
8592884 5597774
3580595 759065
8901953 2661335
9712913 6950184
552339 5330745
8254100 6620745
9445833 6239728
4718830 3833871
8012133 7046343
8985734 2748084
872660 1006608
6499285 8842890
8919219 6302216
3103827 749156
9717251 9850705
2319290 7897271
4848872 7829050
166413 6943039
3337728 5157908
5579854 4930711
1236631 8319807
835400 2137231
4452821 1275508
3796957 1282749
7323009 8290176
2665203 9730904
4002955 8946309
4519925 7552355
779700 6544248
324757 9767659
2248325 2585693
4383080 9029707
9607321 7361788
8035331 403351
1565266 1792500
74433 9486920
3344531 2930540
9207449 3022232
7657078 9559992
1371688 3972676
8236034 6840654
420654 4305778
680707 6154929
6172500 179028
6871986 4854643
1976620 1276395
8021942 7688742
8422042 5351131
1171822 3735190
7744683 4403890
8990347 3212687
8231300 3555934
8085514 1823986
2229144 5822255
8148457 3864884
5710992 9900908
7769121 7948012
8563630 7333538
8661001 4029294
9299061 2041558
6922953 6691817
7314698 4271737
1056130 388259
4887530 1250616
5554054 8439106
6967698 9503319
3728176 7031486
9677065 283444
6543767 7871033
13717 1915720
1112947 1493496
9032039 7827341
6683076 7614973
7627949 2660213
8855846 5423176
5410631 4239170
5137735 4928601
9960805 8115603
2529423 6837936
1390568 2553381
2444060 4927112
5042680 6921952
5078342 8092911
168052 6398573
6697386 13317
8018590 4355156
5823021 8849669
9442999 881445
5141590 5108305
2171052 4403469
9795547 1607642
673451 2055945
6629115 8494947
6831444 2488759
540277 1135506
319149 2001257
9279546 1087276
1386697 743977
260734 9223959
6398325 7486390
108307 7992265
9250709 1474398
4104295 7011966
7576418 1203329
5562111 1686979
6565406 4773875
4685562 268384
2461246 2796117
952931 6022934
2299901 1310907
4721571 8442996
1184010 2335234
7082648 2318486
8564086 8356295
2339462 4192621
9233756 1171348
4448391 3117619
3250192 3360667
8784690 4039057
582026 837518
3295617 8745155
2177122 3501889
5058179 8449689
315226 5187685
4595690 9949434
5169390 4970339
9921132 3609003
1073747 1096134
4829119 420704
2866559 238284
2008352 6691322
5274839 885772
4806806 5180599
3196602 7084910
5415839 1109793
2097025 5861203
7996280 6028579
6396581 8928794
2908063 9936043
3029165 2835576
5744947 5004998
5735807 9090891
9527117 6989794
8510677 2656247
4825524 5208258
6466873 6361897
5928233 4723531
2318091 7935063
4020892 668393
106219 4192636
1459686 3242205
5860255 9901893
2106537 6248493
5033081 6484320
9560112 2290927
9178897 1841953
9221832 6026884
1664741 6254687
751582 411348
9636481 8643586
1108029 7251668
5895600 5337787
7984090 4123393
7108897 5847553
3454585 710272
6251907 5031131
2008884 2479549
2311950 6643337
3457983 5069927
2693605 5292308
1885880 4254723
4208640 5304986
7827393 4615726
3928505 2804658
2720675 7622511
4759723 8175323
4215761 7710855
5392486 312845
8227454 2062453
9636112 8587493
1399844 6095426
8303168 9213929
3630421 2669608
8133715 3547794
6160192 2567477
357889 7275257
6490173 6065067
7388696 4498117
3491653 4825850
6875029 4414260
7110466 2190726
8053955 6507842
5035739 7155925
161511 9047140
2712011 8475527
9354982 5622514
5113946 7554198
8417883 4852091
9937923 1780032
5754671 6078121
8516400 7140338
2002555 7738882
2872470 9446551
8697064 8969422
1208111 5050202
3674774 8343875
380545 3682339
4721968 9348453
8195840 3887142
9149238 3778457
1021762 523350
7513072 5515016
6138813 9922858
3581461 7189870
8713255 8998746
4256603 6780725
9085547 4397271
1771768 109867
7702668 4500485
3871872 6672266
4389881 2668404
3266308 8996579
8255268 7719344
8129990 1455696
9130827 884779
4149586 5341235
3190255 6203032
9815566 1469445
8106805 5452957
1204695 8095744
2678498 5856263
5538120 6742737
5381106 6752964
6446116 134915
6616854 3541580
6498679 7399179
4915098 6238973
2494903 9606047
1158336 1497075
4750137 3616230
8137113 9514684
8673021 1734429
4028199 8442497
6554038 4336983
6011604 5306688
2885385 4655570
3720447 3570792
8986910 9838178
6500618 7894724
9251455 826365
9149984 7065119
4532168 2714319
9222198 6051484
1195389 9219205
4831792 3810200
8561446 6701938
6562596 4191044
8603346 3461884
1330402 732490
536875 1370514
7527134 3180714
8038338 6470174
5939663 4860434
9071302 6813291
9271585 6652450
7842050 716789
5531369 8524605
6988673 7358253
6721644 449396
3223860 7152444
9296351 4449112
3779853 5932678
5829610 4384739
8733846 1015686
1459274 6724200
5636500 9299224
3154488 9624897
5847228 7711935
1503683 6488167
1387162 4872292
1821788 7996619
5761471 5125577
3207831 9556168
5905946 1432595
2703929 9113958
8738716 1908250
5217698 1608702
8229485 8638049
4547413 3707430
5110266 4361877
2456571 2002303
5511583 2822836
5664429 4751875
1365909 2651228
8838779 3709247
775273 2250417
4747951 7829168
8920951 7011826
1192515 814535
4376235 7354069
6890647 5424165
5783967 9590048
3620208 6004974
4015014 5646781
5132422 954212
3297313 8697943
7402306 8452556
6936935 8540055
9463267 3585137
4319319 3106627
2979447 4189800
2240927 3910295
1412148 6492788
2105724 7981207
9557610 548175
8490318 7428025
4201007 7951016
6844694 7274098
9290754 1410625
1529034 9343378
4119298 6494778
2918143 5572442
6243485 5678411
2991381 9706114
6122766 9335961
6336419 2231389
1039995 5688804
3832378 772882
1719946 182146
8556491 3641699
998354 1019314
2939402 2137575
4889561 1699412
8252058 4883318
107070 4580905
4250130 9309905
3999003 1770621
2141928 2033709
4688930 2320417
7651984 5969462
8790545 1679986
1716904 7575631
7774445 8034302
2835028 4994502
3371617 3472964
270699 1775193
1234338 4443683
5394025 3914435
3808473 9639793
8967642 2431416
1362129 6564015
194290 4074278
2129715 3394397
8954234 6455495
3442764 7354025
504198 9994015
5776894 5392563
4915913 1579053
7001279 1125912
8679895 3748510
3857062 7203477
8294088 376943
2643777 8199149
2972703 9585613
5512588 8230801
8269846 5786926
83322 2095091
7303665 6984627
3523343 4155593
3496198 3574
3016619 5810316
9077456 6100632
6206098 2533244
7598174 3884581
7756031 1978991
663468 161066
3497680 7324327
1584789 8696081
2744664 3079255
4486268 6937090
4695521 5320908
3449344 1257171
5626892 4122042
3677513 8900738
8760115 1205066
2859027 9973766
2680185 608610
8989715 2040560
1938991 1749182
8372185 7013431
5741689 7425977
6225444 7164455
9509093 7372613
9652989 2528019
2690768 9641773
6825918 1586443
6868716 8693400
3166557 6022034
1685960 1812989
6572480 3420627
8019574 7015002
7914194 4292935
1997167 9366126
5529808 6270446
6343980 1458685
7721835 5879862
5766282 1050625
1599515 56496
69709 6003856
3190152 1498165
8786298 6764231
2024001 4462501
3707575 4977620
3887910 4249017
310112 4731692
3399081 6718855
9694379 5712456
1965410 4457123
7433448 2054830
3807610 8278803
8962710 3398886
5988854 7561985
518163 1713739
2917757 4218550
4015597 5244167
9568864 7123256
3173928 6965701
9974940 4064542
5557452 7822104
8707365 2124515
1586567 215001
1388324 1742980
9399044 5557470
2815868 5854541
3445129 8310707
4723615 4012371
9208869 422753
1055208 8605373
3200939 5567271
9368911 9413881
5413399 1826523
6983326 4178646
6748209 7418865
9197294 2149107
9252763 7736144
5428367 4840493
1241956 4304139
4036127 377723
2968255 1828843
222622 9040630
5537527 8196532
6104888 9986216
1503473 5112548
8782523 1099472
4340431 600476
3113541 7231619
9051278 6714182
6242374 7611470
1702367 1207221
4020761 1139164
8956026 9985278
4787728 5118271
1196170 8468168
6296993 3930987
1592638 1892386
7169211 1104243
6254473 9164979
5814498 739323
479863 7923724
3856898 2803869
8967377 1646008
7355077 658234
7712678 9128895
3942725 478678
7682378 481475
4707368 3607315
8210270 9526298
6418054 3493233
6039264 9714765
9656314 8529076
7914474 7348122
8282935 5581122
6591003 2763681
1884083 9711479
8946549 6106678
5707158 7776194
4249594 3038462
1364943 3658607
339656 402734
6218221 4282983
5600014 3481913
2163231 1292795
8475226 4017688
7686833 4948927
6648777 5837738
7224152 1881656
4088509 3732245
4391195 597654
753560 436254
566907 9254776
7393766 5902196
7835833 2915468
6042689 9441862
3896024 9917019
4194689 8936389
7472035 8529400
4553078 9556729
9965866 5001946
563611 8835201
2122015 5154921
4768200 1443778
2586745 503021
6804249 2416520
7767094 4795972
6855353 7323827
4692337 2105430
8628163 4369837
2797864 8848202
6738730 6316282
9878326 9438093
2080733 3998581
4797842 5738524
477387 9793805
8116487 7583265
9853442 4079276
7617491 6322030
3479289 9516131
6644234 6280811
471867 7248272
5987505 1942818
7632092 4546682
3234779 5446916
8289279 7959657
4921903 4643078
1032751 4983459
7948751 9721580
1097022 2867685
6723150 9779220
4329012 1873504
5604354 373857
9558979 2759429
823125 9170214
8199291 3121425
2069804 3882122
6532013 813007
4143687 665687
7334127 9042134
1380156 6030958
8080177 6703364
908737 4355446
498330 9454280
6975317 3708222
5409456 9353288
5870957 8993755
5736021 8457078
4997108 910890
1467875 2421183
799079 1679465
1974870 8879958
7632448 2018709
882415 5117733
257156 3004965
9268918 8455053
9431508 6804587
6332148 4062392
2100745 4414639
7777974 3979195
7023123 5686826
3449486 2468390
868785 4125769
2529168 4869379
5776814 1156705
1621879 1155013
941649 2061437
4022178 180387
3701223 7099039
7067029 6903701
7155619 357172
3982929 3827890
4325372 3843427
8937040 8905233
105849 6934289
2998498 5065204
1304542 8861191
3578338 9262765
4186292 8519258
6526710 7318719
2215134 9538177
3042921 5014312
6150854 9230066
1766526 6879791
8686456 228290
5156683 5741743
6030135 3779689
7009381 6978124
3769903 2270382
2306679 8231453
5261842 3429768
6908965 668487
8004621 9374535
7044443 5643200
5141720 3110645
9876616 5838172
9917292 2101912
1668806 9741615
7340290 9583597
2025320 5739682
978404 4457743
1792532 2660035
2272328 8934111
3162414 3542250
3927193 2073930
9687017 5493779
3568137 769828
3851206 3642599
5519691 816431
7148418 8472074
2998345 5703329
6737846 4551083
6170864 2620028
2185054 1044497
8632412 8182312
4155388 9252280
9129481 5080686
2996025 3936867
2868341 1996931
1229333 3812957
966374 1753338
4881856 6667254
6186931 4049846
499116 4011638
638737 7037121
6994615 1342380
4777825 4716227
5671721 9387136
353240 7101474
1641471 2313744
8876382 8327314
1374692 656966
6537984 8373876
4617919 8743790
8234665 4684960
629144 7010592
7667568 6322822
3825719 7922923
1718829 2523095
9435674 6654394
1673244 6592635
1355814 1671762
2025052 9263237
9964387 2343202
5326512 3511299
3806705 832960
7431072 2287135
5748198 4316685
6067820 4531509
8313247 9698565
1608006 3816110
9262603 6354429
775619 7749284
6619876 3810262
8232733 4550667
333741 1914520
7969384 2667659
7511249 5820606
6421723 7769769
2669182 986070
7898493 3117097
9456669 8050897
2540595 186380
1239183 1371723
8030009 8057994
5734410 9182931
235268 7433450
1590808 3202086
3740198 7872553
6514444 8516865
6834464 193961
6374417 7704705
692380 9199459
8312825 2160187
9879630 8303812
3601167 5689639
9959728 263280
557405 4812624
9248867 3635110
8693524 4606041
5945518 9078690
5734013 8351403
6074635 6266361
5012786 2813287
7416426 6869703
5702824 6760798
2620537 4193033
8113633 4928591
6186981 6349302
4066060 1717683
8976734 3100223
3128797 181265
7227143 7444592
3591211 6383294
7723340 9535262
507637 9401735
1924539 3933864
3538635 1686458
3091077 9406282
389467 8324332
6429330 1142187
4134395 3041936
7636826 8117981
6964655 4435000
8573681 5847323
5034865 8876816
6817534 8652119
3189675 3724625
7534326 386686
6876830 3894982
9533232 6776694
455819 2816372
2093772 5412213
6916073 5696455
9585257 6146934
3136344 3247170
6998103 2796110
6032801 184605
3445505 6538025
9208778 3578368
7062672 5471260
2287236 2500239
6957615 4281781
4753538 8055530
5375699 5043438
3316588 8263347
9407340 5903343
2654331 5656011
283745 3252956
9124642 9956363
4497884 661411
5411577 7110768
2859053 2705210
1817396 8572065
2233947 5063236
7442340 5182688
9613207 3680215
8570345 1508222
7067476 2440560
2917465 6998747
652285 9381250
6276575 8120361
2839372 2834342
9885875 1726750
7020535 9150484
8980235 7468819
8141261 1989548
9922879 5363143
6128002 1571253
8158018 3718267
8070265 5976793
9776351 3080534
6045714 9405493
6120203 3001743
4823903 2261100
8107419 3216226
59337 1593804
4614652 5427064
8336 1939970
9583180 4236543
2612839 7442850
946851 7194877
8045043 918312
634275 7686249
8939030 2522976
2785983 1436270
5595543 1072073
117307 4643303
7390722 3359737
2211965 1294370
1044693 4003377
7188085 1159733
5970532 8837032
3805694 3458791
8811311 7342047
2519329 873529
636267 3355740
4634462 633091
7315836 4071536
7183012 425089
4278340 379595
5153147 3227366
7743891 3066143
5571 4565403
3019633 1634685
2822240 8599233
2819474 9777114
1367568 7474868
6068502 7977
9876576 1835157
5968188 9690354
4609552 7346701
2698418 6192751
2564919 7628133
7594706 9198412
9975197 3728936
8958455 9885111
8150715 4654258
4952736 6694306
8311786 5942091
973017 5114880
7369771 3218668
7170409 2506214
5212242 1465890
1149079 6309616
5275144 4651836
4789760 8202774
1046096 1481840
2440872 4569683
628110 9021673
583137 6371867
234565 9252603
7651940 7454443
9314933 9526937
8395251 3318190
7572854 8089523
6924366 9412284
1627733 9222372
4414645 9013514
2519903 5841948
9046830 8440910
2527226 7445295
6854816 8915606
4011151 1206278
3157023 9837370
3128634 9748765
2203244 9080624
7459670 4674047
1256424 5911692
7801089 294994
9634246 7168071
1528958 8416631
2551134 3587352
7189762 339686
1016323 532817
4379812 3586244
2685618 8098649
8889145 9451167
9807831 7707329
4233428 868137
5681222 4175932
2854565 3702529
7843197 2980342
4493476 8419168
961838 1784978
7216285 7516270
8649156 9262906
7893378 1258511
3747822 5584504
6003546 5270975
5537103 9325281
2859485 7616200
640783 2345609
6177852 295488
982080 5000992
8563763 3275999
6778185 8055207
9450908 5091473
4931126 9104906
7578499 4676207
2342661 4660040
1809773 4436258
8285997 2129087
9180621 7627581
1624150 1163993
5674835 3152248
744514 8504063
2637517 6531418
3239394 7750940
6672807 7442113
8647451 2150867
7885032 361231
9280955 5193772
5465051 9410460
2599754 1799626
1169292 5294658
9369417 1392062
2231251 8869753
1037926 3175369
3185234 8194914
7167903 2504282
5555938 8387121
109362 8060158
5858039 4046989
3041128 991074
1326436 2779523
7047682 8626312
8188352 6014381
606512 6345925
515680 8637757
1673868 8439461
934600 6334967
3138684 152888
1336461 7270771
917544 5504148
6558059 502982
9629615 8853620
828978 4087630
6928262 566887
836355 7735143
1294730 8841072
1548938 3602013
6753769 8396762
3394556 6754737
6312570 717340
2371809 5373312
9021069 7635505
2245954 3678811
731133 5450062
8919105 929187
2027156 2287058
5935054 7343795
7141315 2045141
7333747 8523300
6190055 4732124
5835673 3826838
9670599 3581338
688983 4751409
9084929 6414821
1341373 4832957
907092 8873139
8549113 6286185
7689662 3945999
6819539 8152506
4770920 9218782
9054759 3878875
8355959 7590887
139998 9946503
3139287 1532473
3982152 840951
119357 5395640
1100718 6601288
5448276 3023647
7723142 5662486
4835014 1952132
5981908 5535346
7299693 2886323
2091621 1000501
7058776 3082550
6631352 5887357
9573 2194549
1522002 2655376
4777382 4866760
6844443 8595033
5826259 7132247
4220090 1655222
4902463 1662558
9752115 7782895
4648952 9601206
1501722 490620
2431553 1070046
8823272 6408909
7407323 6437770
1742919 8806034
5664126 2995356
8455129 8443424
214199 7165670
1784826 3730817
9584367 934149
7360575 46425
2184364 2332117
1830056 3503069
5426257 3431114
5081989 5783025
9286746 7389568
9725935 5297897
1723285 2456072
7047924 7044261
8574057 6402669
2829542 2788834
2420632 454241
8836276 2302404
8046289 3914187
3559718 8718985
7274728 502911
5429252 402172
2249351 7811527
7399799 8384973
1973515 1675127
712440 874792
8942542 751685
7092455 7980847
8346865 652323
8923571 3645577
2402704 864309
2807425 2040265
107179 616547
113891 7792371
25648 5450124
4229123 2969947
7105597 7170405
3718751 945666
2586793 5487534
1020306 8048935
7543970 379866
5661971 8157929
2547756 8333312
645018 2692624
9370301 5386726
9873820 371015
4782255 5236663
2253365 6664592
9815565 884847
6823553 7630134
8239274 7829935
8066443 5759770
8727772 2512628
3228532 1740803
364450 5236512
880741 7516114
9873557 1177044
3512598 8015308
120376 3904289
3404975 6402883
5759917 6892285
4083348 4113750
8009694 7470609
4556769 1589615
7209158 3267458
5034139 1551664
9614070 2064587
7594734 4150387
2933360 7181812
4590839 2960677
2014460 9506750
2187842 3719234
7771307 9071348
5645201 1472740
8953305 1044151
9884769 8216544
3445328 4824902
7083888 4724032
4569331 2134201
3263728 9177489
8531292 1769128
5157710 7247115
7982275 7755074
5715887 5122863
2123999 846730
1726921 8302293
7556739 1601353
8588743 6290372
5522680 7270624
7016295 299330
8498340 8699421
3204144 124918
2926039 8719056
170259 1152147
9569265 1406114
2461556 9909219
8766286 8734396
8202194 3467580
7511454 8921693
7814868 2886688
4128228 7579636
9513542 3756022
4199789 4913826
3759842 4164304
757314 2041578
5579947 9166407
2357007 1883319
769508 5699835
5309260 6315008
7198261 21401
1988496 8016884
3137645 4969441
3594388 9638705
3355358 1054680
8007223 2561959
5120491 779979
9281773 3447355
5437671 8571263
4398580 1837026
4005576 1528477
2784854 5753730
7636213 9095456
7934942 4111668
3565471 3725293
1274087 839945
6556147 6182893
2368793 2299988
9058145 2681046
6764852 4004710
3176265 9562211
9753694 1950675
5355811 4661505
364860 5499448
1344413 3505577
7318069 8609296
4190086 9648161
5650725 9605517
9358133 381709
8082857 2299826
7204943 5412649
6274386 5566823
1329893 7086304
8356688 3741310
3282857 4776761
4083305 5949784
2215513 4181037
7994291 2848320
7715322 9649428
2280157 9919864
7231286 9479848
3814641 4592011
1548405 4495225
262846 9219334
2507503 3884905
8726063 5663208
4621276 5734271
3666485 4508237
3729094 3203000
7683112 6407034
9449992 7235482
9536328 2441501
5926010 7306010
4412579 6956032
7846086 7306130
6460180 1188837
7841642 7134336
3776241 5463849
9997025 5743238
6311638 288634
5921309 8842240
9172388 241419
745601 3782613
9589541 772707
8135937 767234
5594150 6170531
1248964 8056212
4859412 6339267
6575120 9049743
6401594 2070025
6437647 73256
1691931 4230416
5654489 5792479
8322631 840187
2303582 5767534
8103237 9090336
8343508 595359
5584684 3834476
9723488 3921463
2596212 6064276
1316767 8803900
5150495 2715717
8230329 3386444
3303113 3600929
7681377 7486451
7634332 9446712
136721 8762819
1905126 6669304
3380553 3676958
2974853 2558782
7440965 4982224
8877818 3076451
681092 8039136
3962309 8263530
7072513 8768959
6236237 812058
1940851 4371443
7500735 4064286
8849293 3584049
9915314 8371785
9308434 5226744
7921584 6100446
5386983 8581698
4218702 779485
7267680 3099942
288147 4398691
9256187 1048637
5541948 6880152
8241530 2644502
7680449 5333792
8660161 3113017
3108259 7800214
2023774 4160863
5375215 7166238
4065786 3495150
7658073 2142716
6564840 8275978
1557837 1856969
5770364 8631412
9242344 6871289
27690 4692669
9579103 9764317
2299645 2571624
1633328 1914749
2007149 1498737
2887996 5010355
4756273 1952866
8764001 1099744
6323891 9792787
5364001 4928991
5373163 4864561
876993 7090644
7384907 4530264
4866533 6700736
5049901 814371
3738814 870617
1128170 98006
1645164 4675112
8210075 1803000
2734134 9436447
3156732 7067856
9401175 4898321
5690746 3717372
3318185 2519359
5340593 4754411
9119415 2061406
7077778 4318446
5376424 2603740
8101936 4541223
2015887 1599060
8667699 7800053
7453125 1009623
2218734 1047129
2200837 5047114
1447547 7364857
9050104 8300222
7482302 3969415
6561730 7765433
3196792 2593986
2109764 7685959
3919280 7877583
1032392 71212
7636545 953637
7964231 8838810
1433792 3545413
450580 3753289
5355996 9080055
2661355 7187537
5138657 4920271
5698618 2754687
2300289 7692815
5808780 4784878
4846476 4577352
4137204 8917115
8389669 4057866
148661 2901551
6697507 2673920
8378173 8138694
7454700 9350222
8632437 7991932
377021 9185704
6040034 3714234
7711420 9220026
2706497 7820491
585183 6118181
911804 2552457
3059515 2504247
9206875 9470767
5739460 5375463
5509595 894445
6348198 5901000
1569285 7544391
9044347 7925423
6415702 2613278
4805489 9052911
9709348 6693653
4545764 3880587
8252669 1211656
3818066 2164039
6740309 761469
289333 387588
3579960 2005774
8296338 5271809
7224275 1228031
6370223 5345460
6377534 7719072
2093909 2940199
5443545 3745357
2146738 5910122
6125064 4371268
9117774 5021092
9559449 9424460
6612493 532485
8036814 2646748
6708602 4941047
9450638 4690189
7837732 5744004
7055814 6823508
3775695 1647508
7917413 532717
1463898 5151939
3366991 9436459
3037219 6747584
7378760 2992443
8794932 3493310
4242208 620617
9914354 1749040
7254048 1869050
2322123 4182009
6065471 5492902
5906894 6160090
4239938 3315602
5545070 6626406
2810442 3905338
122495 4733456
6362895 2194938
1503403 5551347
331048 3717076
3585624 398295
9461132 4583472
4223729 8139562
2233330 2520399
6614155 8276598
5120102 253819
319150 7614965
5031532 4501502
3816013 5349083
7006107 4686311
6996298 4962057
9594983 2075880
3746001 4564008
559453 3028533
3058867 8866078
2822421 6063579
9468105 1630504
465481 4290202
4193058 7931668
9327000 4065777
2778651 8948966
3046764 1899383
1103801 9244821
1710377 5183177
628426 3387774
9369926 2041648
1051621 7285922
1837232 6786403
6289999 839355
3846941 5255725
3724718 731367
3892172 1331029
202421 868929
243428 4945774
148309 5430688
7387919 5216691
2243449 1438139
555657 6952517
4729785 6067728
4424413 5226551
4403657 8837069
8781453 7015337
1662255 300503
9468431 860331
5189126 2356405
7961385 7311498
551900 9371952
5374052 3044700
1485963 9959850
3952083 1030389
186311 8606234
5786984 1528914
5634813 6976313
4044253 8236884
1219717 8577988
5192156 436739
76354 2493674
9199213 776646
788853 1918035
6521509 3488556
4945939 8621005
5085922 8441242
5606680 6393959
1914632 4558079
1024795 8126949
3534191 2537430
3321866 5356061
8913980 7606710
2763900 8673240
8788290 348559
1545930 6925753
8487852 9022963
5983648 6018336
1929648 7342958
4792730 1499377
8383354 9256306
3907684 3266203
9522458 1589653
4907728 1305105
8099729 3920245
8451603 3266128
2098907 1085277
9568199 1425099
7239552 3190263
446194 6153608
2368191 9728671
9323671 829425
251588 1938055
7587409 2143216
2116371 8910625
9192514 2117200
2621135 5791680
3404833 1016737
3670306 8680497
2981894 4720961
4984033 7087906
8242002 5522475
7157071 7381590
6519955 7363258
6072368 7409422
7279966 870441
3662056 2793026
5281805 9182940
2777461 1085824
8530355 6106353
4621257 1948573
9411732 194373
3247857 3126217
1256731 5641578
7307093 7998279
729184 4162740
4692241 8647861
2277709 8058051
2840283 9910307
38765 6524788
7420316 1535386
3479599 3235917
4923035 4926019
2005457 7363361
3435211 2479810
9409009 9305615
3660164 2739064
3589650 1297726
8466196 8951706
9872927 7418271
7477666 6613166
3771862 5678119
3219776 5392794
2589347 5595045
5308576 1919275
121818 9304244
5190519 209207
4732772 2995976
9837025 1112112
2415902 7670766
902867 8202161
1904575 5579404
4366129 1714982
5991770 8026064
3990730 8426592
3201053 8795241
3599611 8731512
4831554 8631473
524154 4407952
8958264 2813671
5113294 1053699
5678181 9206492
6844848 863208
6550303 7998382
6213154 7742134
9452687 8877730
234696 1086259
8240556 3302718
8744335 8660665
3601517 4049875
3586387 858187
5200115 659893
1682873 61333
1371756 7848380
3675179 8236482
7627534 3506860
3251741 2633487
797683 9251562
5953012 9756692
6788617 5617433
3872427 4184037
81723 5634044
3152454 9371338
2502570 5693701
7305930 6264792
9529038 9660272
8426646 9735496
2094277 2846112
7360143 1647849
8645928 937851
7825151 8762622
7226094 7591728
4349297 4727685
8780670 1079099
6299088 4350925
6030044 2281058
8310570 6755544
8919011 6913913
8178179 7694784
2730443 5987876
7127418 7138811
5883353 1987533
4475872 33043
7515119 3545484
3674005 7936261
7871636 5692740
6404367 7551859
758745 8034535
6974293 6659425
26681 8878500
1194029 385628
5731497 7152696
435474 2077288
5919841 5173438
8731296 1824768
6544349 5899621
9063048 8843324
4218372 2052143
9266522 7846022
1640567 4021228
5485156 47953
7401128 9426816
2767012 5491946
1530116 9125863
7964010 2692998
1852209 7454396
1561392 4949792
926852 9774943
1804963 9683202
4233422 9362056
7916317 9098382
8252812 3212249
3152575 3502946
1203593 8846441
9589454 6347738
8035884 4285257
6009733 3278679
9946576 2568499
1987552 5981155
2143855 9569706
9342838 575605
2197726 3771975
4783963 1029273
6172694 1183704
1310243 1981114
6751462 14941
6799813 6826405
5273270 8070584
4030610 2051469
3602848 4096562
8865576 7476093
7757995 284495
848021 5263089
3903966 372762
879595 5030430
8360642 1324244
8169617 2284762
310950 4503775
1978899 3617557
3114643 6713347
2105155 8379693
9603933 2133205
7187638 8070010
3441074 9432675
2862472 8701290
6078541 2743801
6035208 8835444
5804898 3454864
7901485 6177135
9298506 2217082
6104195 8887866
577593 2345589
4731508 5281519
71105 7278155
60529 5678668
5587510 652467
5462551 4037585
5273294 1582690
219007 1844051
955780 3589993
3138512 8946650
1696813 8869887
3446302 3410792
5301780 8684286
2632349 874728
9863958 5269098
7563129 6594328
2874008 7486427
3507565 3510547
185099 9510849
8846998 1141515
1309387 8414332
5504256 1780282
2422119 4457957
4005694 4774275
4800151 8416921
6656473 2327574
7249452 3895955
4092402 2430443
9015173 289843
6512388 7971539
5644614 7268017
3111686 4446462
7414640 5935596
4716707 2716145
672751 652001
5021783 5493352
7552230 6520062
8463340 5310253
1826860 366002
3147114 9977618
9479860 3268962
2817566 4651786
1101036 9512257
5846855 6377693
8502196 4168640
8985807 6647922
412622 9239118
3254804 6322033
5136431 2149161
6331142 2676560
4483502 7129452
1563619 5324828
5662376 6337165
4036082 9472976
2965561 6536634
6330453 2759412
794956 7860436
7412414 5647307
9099777 8261924
274248 7285843
6373094 3035909
1285096 8756490
7176162 2104430
3679321 8314731
9612956 8317428
6827104 9108639
3759025 9706352
4198690 8453281
7188997 2370409
1653596 5552924
1380668 6983004
2436432 2415532
6874439 286641
256008 2072956
9987162 8208276
2086205 2088445
2404988 1852726
9548971 4585223
9564481 9111857
374703 1898284
3979521 9078806
9151056 4285891
8810633 8571922
8943629 502141
4519795 2185196
8723672 4308046
31971 2247487
3016389 5428965
965847 389330
7265196 485643
6475227 1541224
1747176 3876073
243625 6866012
1383845 6063290
8302285 8267937
8698559 7834756
2076420 1454029
4496640 1990212
6791529 1448115
4387168 4113443
8551749 9807238
3565100 6904719
7605179 127735
1208877 356434
3130931 1052905
3330542 6397911
7959804 5125192
5472945 3780385
5956172 1393395
9405127 8056809
2159867 7983551
3378108 8901084
3126639 1074133
4000824 7276994
7913921 985410
1410889 6594338
594461 3103248
2792876 2207763
2765479 7572849
5117859 9102788
285670 3831621
4901687 8573095
6152643 7160275
8558281 5817201
1542764 9952418
1282791 2686553
8181490 7902872
3802485 6037430
4610146 908864
7497559 7585577
6087118 5868647
1976433 103571
755384 6372178
140679 1167396
6138862 2806057
9539763 9283208
1502848 6612821
4285194 6359238
4600402 7406318
1403435 890410
8899599 7658174
9965855 3954829
5786679 2931530
4250331 7201188
5759050 9066232
6000866 2922198
1116518 6649924
7210503 9588769
4990765 3264132
7417282 8938649
71329 9729132
1136495 6555683
2749048 4134255
6895942 9809752
682387 3368740
2760756 8951406
5893936 9590154
6756252 5262656
8777297 429158
8051877 2780275
7227786 6299198
526414 1229677
1799982 2813682
7826325 8196250
5855859 3486060
378652 9466909
4716131 4745191
4425677 2293400
9338097 7927835
4574594 4283526
1434742 9169176
5240352 4348350
7008119 7127547
4221410 6725056
977865 729397
7592040 3258164
294163 4319964
8366944 749529
9599108 4718121
4944168 2530969
4279091 6312983
3215157 2081219
1458656 4173443
2363671 4288897
7702391 6816042
9067432 4993513
3393683 4822454
1642890 6320592
8514982 4677519
5903168 1631684
3329700 488822
5369361 2331941
596712 6413987
8771476 8980886
8993895 9251692
4310031 7331665
7911643 5868106
4416066 9054691
682241 6334800
9328725 3552764
5053128 6606334
501800 8769956
3241151 7650975
6991825 7207465
8008180 5246436
1883858 3742868
5191049 787883
3749353 5413939
5054767 2029514
2826362 3247519
8345595 8255155
5144306 2007961
3391594 7891108
3363602 2421341
2322478 5832628
1906169 180521
5772100 9502938
6088779 3752288
2781766 6422555
2350492 7327257
4588968 4433181
1690844 3813945
8088389 172715
3984656 7779374
3115320 6200481
6131381 688451
8696964 6125495
7479930 9746270
137824 5103016
6006041 279572
4198403 9785306
767780 7974211
814941 5468763
2861201 1732920
188945 5647272
3236011 7394931
3783560 603852
4209664 3089269
7341728 4047182
1791600 6789510
1018774 5777405
2986293 9373203
5314545 8670486
8231887 7250789
952163 2863366
4673121 2442747
4193292 8612770
2882938 9953053
8017912 4014224
2734651 101463
5269856 2631859
9750588 5138802
9564957 2666848
6052240 5387915
4891702 435986
8567212 6531503
7975786 4424490
1866984 7801621
1743965 8508013
1641893 252015
7089281 5840770
2847574 3015738
5893000 8264924
3866680 1077819
2034680 5212211
6337313 7910406
9997512 5982261
6964512 9318260
3799640 8938709
8416038 7424044
3836503 2835643
8335857 9012126
894849 5247446
8686121 6947666
8308475 1003176
7216952 3115226
4885447 1853141
8628601 198051
6034850 8871614
8740475 1115399
2849061 9352376
7944017 1987653
9467053 6252359
9717275 5297175
964563 2050131
6287605 9685273
3147736 7438705
5545729 4409137
9572538 5299606
6094503 20469
5548917 6112077
5656341 7035112
4506340 3385488
3552849 6238334
9723736 8705407
2516965 7266088
7999277 6798545
6825229 5388763
6618492 9565535
9782882 9245828
1807794 3765605
3302309 5281186
3878722 4364647
499018 3285180
8021563 5550024
1914482 362061
9643141 8651831
2486597 3895055
432699 1785695
1698710 3887517
9670228 3527985
1546605 8662538
8024010 9297058
1451158 2028923
1557488 7588136
9144651 6870882
4041988 8153428
2845359 3629468
1922257 3227047
6361385 6988052
4421112 8911334
9223744 9811887
6151629 3674614
3360217 976139
7088192 6972502
3381292 4094886
2969045 5165327
1089448 7375738
4998974 1810087
6445022 2765801
1012052 2587461
7265292 26186
3470074 3687372
5473883 6329587
8568581 5417572
2563045 8444229
9444859 5779512
8891189 2735523
4132406 803800
6872864 5556187
2939274 8416108
6542433 7400120
5809195 3431690
8682977 2316174
4098200 7537046
8412346 4496605
3205929 7210573
8346663 3988551
8144966 7654643
9466359 5684356
1311003 451523
1341725 2044417
7626717 2484394
8524097 4527209
2940224 36365
8378568 22605
9417123 4690832
9956237 8053475
9338514 4335211
8980362 321376
8200848 7705085
7133600 2159353
986668 3657650
7787801 448345
272964 9511316
1463743 2437602
3420445 4101314
9269014 3316872
9805244 1999901
8196909 2768893
2987291 5222589
1476308 1629450
43853 41282
6238562 2313086
2363597 972845
5151878 1067601
4569316 7028508
8866906 2421325
7757844 5594880
6370870 3922228
6934661 7011356
3713034 1409241
2987054 1279891
7907898 466749
3404859 4812896
7396472 7772747
5292487 8014656
8459855 1132367
2283690 9522257
700723 3677859
1908023 9970715
7475354 901120
6229769 8617412
5413316 4523394
5721178 4946744
1640430 1068277
1098857 4529729
6205077 8237845
7075238 8876608
6996717 5911303
6286694 504689
7708929 5725485
542623 974888
3220578 9770936
1730374 5774115
8363193 4392897
8125482 4950076
9822608 9745748
8279961 6715790
2134958 8573214
1334621 4771089
7019151 4777168
790972 3558801
5963185 4623272
9169420 8252175
9568363 9494530
8228154 4011474
9045410 4582442
1584682 9133624
910048 5987513
9810989 9629834
311736 2934773
7484388 98382
8929562 3287102
6548234 2426438
8103596 5256809
8459066 9013542
3311355 8186490
5849841 7957326
4498488 4023396
3915884 1432384
5478004 1036708
9847652 1372641
9349721 2021683
3503386 7487572
9017871 4578024
7422807 6086252
2317169 6621208
1665044 3303416
3558619 6843724
9958326 5613868
3060302 9265676
414422 3805026
9455019 8841930
3475764 3291589
905529 3160409
6608548 55033
51723 4560532
2849095 56035
8025621 1650807
9822242 5355872
138792 8868913
9617051 6259750
916899 31391
6871777 9315586
5862479 6561247
3815099 2573081
2016521 9907549
1610313 7101679
7784650 9784849
6440942 7993403
4416392 8263607
8085717 4180689
6957886 2579237
8331712 7255313
6083144 6192846
6914909 1940050
4767450 7369144
3717160 5026695
8437436 7488166
4586062 9780810
6572957 7408179
9175041 9129721
1992838 6664022
6920191 9171661
4008854 7480767
9937315 2907064
8192430 335010
4571680 8597364
2859197 9660456
4768899 6142107
4889500 4242086
5331419 1542652
6376666 1342448
6470538 1818154
4642498 5483501
5453520 7982159
5827031 6728990
492281 9914738
2484038 9900243
6327243 4236881
8266667 2293227
5512768 6089268
6332869 6826576
2338548 2938128
295278 999402
3201536 323235
1274132 2816458
2246177 7920826
451839 8396682
748153 428749
5417087 1413119
5888783 5596972
5359827 9555346
5034859 6104374
46177 1389966
8280245 8522143
4108606 1611381
8003399 8323637
4084433 3993322
7139479 9613257
6184636 8113673
9059562 8934677
471688 6090873
9898068 3524468
3549777 3152111
7976337 3504010
7980248 3939433
3745627 893457
406132 4946006
3677631 9595384
5344598 6812813
5076467 9847472
3716319 3456589
57268 996393
9435592 7008122
608452 8268260
6341846 5908301
9922210 426994
8737671 3090409
5989458 5621793
1193176 3488137
5043430 3752640
2273597 7138601
4368108 8301801
4801667 4134202
3848699 5435410
6244815 3010664
6406268 1507234
5369127 7036110
3643239 6840584
6051246 2843515
6903128 4783082
3992892 5446465
9044096 4857268
4443561 4172858
9935600 6586301
573506 6585903
5842372 2385508
3206023 3728832
6775844 460376
2021775 4118525
8334238 7849247
1753342 136110
2154167 7494982
2858743 346561
3465171 547583
9567009 5101962
690487 211192
6621589 2441901
6512865 4201325
9879903 6050454
7071230 2640544
1847588 9728074
7224566 5035607
2415795 283699
9102885 4056465
3964625 9627580
3442410 4348295
2751749 5082830
6235746 1566389
6040404 202682
3228788 9458478
2381996 1649727
7979743 7181224
4207548 5534516
3275741 9324331
6092728 9312936
7036764 2517115
3331835 682016
1258354 9525911
7536224 7367952
2711710 7226599
9074635 1103469
5652653 7955753
9856415 1612498
5815790 8866603
3346410 169880
4872548 4144091
3521827 1075996
118781 4599419
8830077 2904069
2818718 7569287
1443698 4976080
4707912 6359464
4154896 398960
1373258 5044595
4472968 7755790
5016267 9651397
3839872 1691809
6605193 9469713
7011239 2603487
1403283 5102582
9501760 5308623
9921667 2348463
1174525 6629476
1613479 407054
1940319 7663470
4017067 7944444
1708807 3922864
6875083 5283248
1172829 525194
9823445 1161460
1153482 4253982
4521299 7496856
2973006 9096052
5939366 8773174
907002 7097201
3822803 9689277
4119780 2373264
4184179 4167647
5496695 3897298
4618081 8530272
6307363 153688
7609591 2792431
1545845 9287904
7029454 9443085
8350334 7331974
3813725 1538371
9262742 9873977
5191950 6300350
6442026 8843185
7560444 9755004
311118 8412561
9386401 8825134
8324466 70505
2093194 6917704
5920896 6484041
4356230 7244665
4775566 2892502
7606506 5618956
3024939 3323806
286950 898537
3011880 9109844
9377763 2998576
4329556 3062776
480291 2608587
7423143 479871
1010307 7963608
3214456 7408367
3483603 8251072
4381209 9508205
3846806 6705364
7500472 3763362
6875389 5178648
9847253 5859742
2077110 9926857
3965137 2983210
9099072 6880661
9355813 6505588
6010009 7047015
2967816 6436458
6854030 3942021
9909057 8887507
7515730 5294099
2720545 6995601
393202 6079580
4073034 5958472
2734035 3489269
7986272 333208
334839 3049243
5789942 5694858
141683 251111
447895 9865025
6360364 5358159
8222125 8864093
1248715 2855251
7289534 3843589
3561318 4023385
5040785 4827755
8130556 5602298
1226219 7891386
8409559 9124977
9202447 4603838
4396448 155534
2206120 6807000
9435025 5645115
7173487 9034287
6396986 2563416
8180289 2222253
6834381 1104234
3301246 9661223
4789283 1935334
8355439 4708030
370415 4004227
950406 1303821
3302599 3751307
147765 7664204
5803603 4974440
1312136 5996949
6299306 5855701
620118 4471342
6793757 2502288
4491014 283886
2419152 497948
6792042 3708226
8201886 4817700
1594009 5155220
8444691 2909963
7594926 3777132
445917 7674411
3041563 2097734
8595171 6859174
2562642 815603
9256935 514132
7877986 5671760
6789594 3378231
6404919 5316542
7680159 92174
6272476 963849
1377489 6882798
3823617 5240728
9601531 2698238
7619994 4449235
3165219 5681550
5297558 7518821
4014929 6791695
6586393 8431462
8567630 9021030
217401 3420034
970752 8668801
6168447 9955291
7446199 7845532
3393384 4204344
5146771 5982904
4182831 4463409
799925 6665399
7721343 9445111
8441407 2496955
6612756 932408
6110716 8043087
2876705 7252664
1054742 8221959
7752583 1356909
4937847 6995812
3401121 2808299
7684031 216692
7096506 3826801
1345054 2946920
9050305 801918
529205 5663581
1112697 2932175
6447748 9496597
5274321 8678835
6006215 9264926
3779864 6857464
2455599 9645859
6938529 7317878
6218223 54290
4793555 7922054
5565815 3047722
8229086 9432304
8684324 3413811
221346 5845124
5197163 3766483
3771356 1062853
4921121 4813140
626433 557728
2073448 6967759
7719076 3545881
5720151 7278765
9736728 4066479
7317498 6534885
