5000
77853 37524 47678
19398 17132 17623
42913 14486 19975
59826 20356 43511
60740 44530 56771
82178 41067 42538
47706 11729 33185
88073 62089 80259
99968 38231 95306
62599 31685 50722
46314 40596 41467
56898 28055 52186
4679 1873 2886
91406 14841 71999
51460 35651 38102
772 673 772
80903 42311 60524
4557 3405 4440
71449 59490 66807
98057 97412 97668
64134 8148 33654
56893 23513 30144
10 2 3
88904 33666 70990
93908 66902 91357
77705 8035 61648
12429 10280 12315
73941 41677 46516
12768 1807 9590
91436 7529 37148
31413 23668 28162
90881 34369 46992
51038 50349 50654
54308 36785 52783
58502 57982 58250
60816 17567 27435
8315 4451 5739
68125 35755 62046
3 1 3
27215 3630 18154
24356 10178 11405
40143 7261 23604
58775 51673 55578
36319 31029 35241
55039 39947 45906
32133 8232 27760
59002 53111 53908
42274 7685 39691
24454 22001 24381
71620 54976 60850
6887 4142 6640
76857 37799 63264
72881 62347 70253
41263 1 23400
27763 1 7887
94490 43369 55221
60312 885 35964
79926 34228 76022
12057 1224 10873
6942 2865 4059
24847 3952 5750
12766 5629 11476
74660 2361 35739
8 1 2
15348 3073 7360
67728 31233 61276
76953 33957 39279
12483 1356 5319
93911 1 29047
57036 35931 55605
19318 7368 11319
35677 28104 29226
91864 60883 65348
89410 75063 77975
81723 76338 76476
60917 36082 54390
64909 64527 64797
32368 11460 16193
13605 6480 10169
66300 62000 64755
4072 579 3403
54754 9115 34573
9283 8410 8438
88553 9575 47781
72405 53646 70711
2116 637 947
84772 84428 84541
20983 8068 9053
49784 45063 47575
49007 36885 46491
44265 16067 29191
30611 5426 14030
60064 5793 20423
37714 2781 35357
44316 35978 38086
75428 13803 41374
980 744 856
23480 13039 19649
20165 3031 4508
2579 1211 2075
28852 15339 20748
57442 54483 55873
59794 29024 52679
55251 37186 53056
79194 14776 33136
37125 10134 11996
18785 12955 15326
57166 2986 41210
96082 2344 52150
50494 26745 38984
39378 31938 33097
25127 452 12862
67093 42172 62327
35174 10298 33574
17234 4805 9597
96099 9139 78997
60907 25989 27537
10204 5842 7606
83515 64037 76012
17300 3960 13617
54812 18392 43662
11457 4681 10002
40124 31758 38751
25436 21617 22328
95486 29635 62736
61105 57133 58574
99377 93129 94460
2169 1158 1538
58958 53394 53759
76844 51253 58612
31960 15846 30701
11035 9620 10748
60783 8170 40077
19155 14926 17519
30559 18266 30408
61011 2615 60573
28286 20240 25815
10772 1730 8435
60565 12771 27059
99342 22826 69265
48765 10527 31486
7 5 6
55877 35910 45974
65172 63164 63676
7501 6696 7264
44140 9945 41870
87425 60330 86398
7686 5866 6839
73753 55906 60515
25473 21637 23260
70662 58275 69579
83378 31767 73147
2187 423 2182
98328 79970 85228
62951 12254 40985
56111 51051 55540
31234 30931 31143
22860 9721 19063
20256 19752 19832
89677 654 54246
94191 8038 9145
86937 37041 74175
31795 22705 26564
10 2 5
78824 1 27670
61449 24870 32124
80377 18882 75090
60914 26383 59632
68379 58071 65132
89583 7345 57527
83928 78961 81539
17159 15021 16225
87938 48882 85991
48930 34486 45997
24547 7240 22604
37033 3023 34860
99010 36385 81294
54821 49234 52608
95853 21765 40383
15520 12839 15496
30034 1917 17176
66095 1 31444
24903 5716 17960
81005 79835 80948
66951 40046 50841
47739 35630 37230
46916 22632 38380
5 3 5
93918 70992 83335
31073 19393 28539
91183 67599 88202
22669 5303 13015
81593 1 19308
36489 12328 18839
58662 56242 58191
47758 33223 44433
61650 57407 57999
78717 16084 60505
57145 53146 56959
60953 1 19205
30649 29382 30391
97937 20824 96105
23647 20728 21376
67007 63889 65149
94116 1 15882
88615 75824 88615
30903 1 8590
42381 12587 20186
19261 15216 16791
81420 58804 76545
49682 18850 33236
3427 939 1746
64163 48992 50219
96200 31290 87668
24676 439 1086
22570 14684 15035
98698 85710 88699
73017 57381 60721
32235 20580 31603
43050 30040 42540
90509 9752 11925
19845 12870 14958
51677 36786 50260
42954 38888 41472
8 5 6
86505 79484 80322
70751 58412 62990
24498 3212 6900
22801 15700 17270
17028 2605 4200
737 1 548
88925 88864 88868
64272 46401 61093
10 6 7
15624 4048 5900
76822 25233 49476
99456 53798 75228
10 4 6
60035 51182 58257
53313 45183 49679
75261 12173 56296
6552 2023 5672
63320 49525 61068
68307 1 46458
5712 1083 4311
31165 21076 21758
74514 8669 60292
28174 16039 23926
79410 34955 56530
53563 27450 41180
3447 1561 2693
46788 35270 45140
3 2 3
92724 36623 69919
27335 23823 24851
76451 59751 66339
10059 2267 6152
81672 69808 74631
35539 26787 31353
49867 22198 37726
97375 55011 87666
87970 15679 71749
782 592 657
22321 15204 19406
9 2 3
39982 1 16564
20926 9636 10306
42627 4348 16493
69897 51103 57603
9405 4804 8584
94327 48734 66212
35592 10467 12866
44869 41849 44327
75035 51013 55125
69644 20353 69644
41763 21049 32567
24766 20694 22340
76752 63473 69445
35259 2695 8419
47752 21510 39094
99358 52497 94240
64635 22040 35114
37430 14529 36794
81009 60996 74959
87328 12719 47595
16510 62 2375
20139 15676 16701
24230 4918 6946
12958 10448 12397
23872 12164 17415
7 1 3
62043 46999 56039
52575 20816 33518
30560 22131 24191
18938 17267 18286
96271 37509 72388
67218 50596 62236
2352 131 186
86 76 80
39341 33489 35870
98511 80205 82107
81075 29892 47000
97679 44096 47289
46941 4657 16643
27041 25198 26069
30654 6036 30633
25771 8788 23933
34952 8415 30643
20786 2414 12944
60006 32503 41413
82802 16902 43535
60941 9824 20578
53469 4771 38837
77109 51543 57034
34883 19581 23037
10 1 10
45557 42949 44439
59062 14866 25513
58076 14117 18382
37017 35584 36335
7497 5955 7114
71684 26999 53606
25610 24775 25158
46972 40014 41752
75628 9791 68327
56237 21665 36970
93891 21353 73545
95976 20239 39727
15230 3277 14042
39441 31814 33481
36840 30508 36455
54456 19529 33798
20109 6702 19522
53689 51803 52320
82441 20682 25380
43493 7338 38469
48517 42129 44241
27272 12832 26823
71959 1281 5024
14474 13707 13839
53559 25353 44412
30307 19121 28495
13975 3674 4707
79371 68057 69872
56284 29492 32540
74243 40489 66506
2760 708 2346
7333 1219 5732
95490 15911 31343
42711 1003 6826
297 87 218
51938 36681 41679
10 1 3
68293 53614 58750
9000 8750 8945
93640 88022 92981
6711 2505 6640
93711 89494 93242
33730 20313 21712
35305 20118 32045
72489 32079 42807
29395 28235 28367
18428 1904 10794
10633 1569 7887
13033 3455 10945
56182 47130 55641
12542 1322 5868
87782 74882 83275
22978 3519 9630
34294 16101 20958
81157 44090 69038
43995 31320 41050
63752 17552 35352
78716 18391 63968
39048 6872 30733
37379 18366 27361
41068 18346 30245
18358 2552 18242
34396 19764 22907
5167 4883 5092
45601 21882 43966
25004 1883 17530
97535 46956 84875
25281 16257 20895
19866 11469 16597
99658 92244 99193
92061 22662 53670
40249 29862 38824
40862 40797 40844
65786 65416 65501
89088 42671 72039
9 1 5
37798 26010 32283
87256 42213 80864
4557 3558 3922
67740 62852 64720
61475 50240 52117
27375 25710 26505
69296 17810 44700
63379 34132 46960
80555 63204 64409
67641 37142 41430
99405 45059 89376
98031 94109 97294
13784 11492 11993
97273 81721 93275
23709 22820 23167
87926 4121 64730
69266 38611 64045
52246 28841 34180
42296 42256 42268
6853 2236 5447
36971 18387 32491
61392 147 22008
33967 13967 30627
18058 4088 5612
56800 9972 41258
25598 11644 14047
26855 20054 22221
47877 18819 33361
93515 15321 84571
10388 8111 8766
66643 49703 63236
59892 34552 39059
78476 8647 69355
53731 52668 52989
10339 6530 8366
83794 66192 72691
83905 41429 52121
58309 1807 37342
59291 44637 59291
41742 1 18271
73740 51378 73208
8 7 8
71309 6749 14930
10 3 5
86026 45372 48882
43891 1287 40188
36914 30585 32212
45765 15093 33830
73723 1 50074
17180 13898 15331
67996 27521 34461
39111 35414 37640
54125 21935 50705
61045 53280 53499
68262 51222 55097
22939 22113 22539
28136 17863 19393
95985 35059 82693
11575 274 4012
92187 3932 81361
53918 5113 29652
38785 4812 37997
60765 47275 49744
8674 4829 8674
50364 16148 48221
5688 2459 3774
27864 27215 27492
87712 67954 74673
81150 23809 53599
58680 21801 24847
61324 54679 54994
12018 8723 11708
24332 12612 17421
54943 15417 48880
63918 60632 61084
43203 42495 42865
96730 29962 36968
31753 13739 21932
14451 3313 3985
32115 20101 30471
85085 64397 65430
119 54 110
9241 1319 3835
98588 61192 75054
67327 2717 42032
32710 5962 6114
82582 49592 50005
227 46 121
63492 1 50741
51978 18513 19392
88069 1654 18542
96324 28080 53505
33616 32322 32439
89687 46217 84303
5400 3155 4274
62748 34298 37601
86558 51970 84521
52854 12799 41238
42762 32910 40063
9684 6244 9367
82545 16374 76442
67706 17519 43917
37529 18014 18226
78671 22947 72882
45747 5500 39563
36939 23791 27643
63051 34289 36269
54752 1291 49160
64282 57728 59221
45828 31972 37532
67137 25012 39162
57016 36340 37826
84269 26847 32871
64483 42956 43033
67003 37561 65825
55508 8011 32584
99618 83139 96003
43925 28740 31868
99799 68922 69471
58386 20462 31634
49409 21867 43505
16096 7986 8271
1526 1363 1507
63802 3212 19374
39076 27239 31225
66810 48405 57101
28890 27362 28279
94364 83977 86686
43860 19817 43110
28921 22025 25942
12564 6502 11799
17640 11980 12026
92175 81220 81924
69423 11325 11562
46907 23369 46509
66788 30426 64626
4489 4410 4414
48669 1133 9627
77104 28880 45083
73295 25604 39391
12693 2768 6238
75325 985 23212
74966 67809 73958
80321 12647 56172
83453 63395 75849
21756 19017 21030
17911 8136 13911
69491 41547 62591
66427 13607 21601
28921 3239 15323
5232 846 4579
80583 2752 25616
11533 5670 11533
89648 73050 86210
88214 45207 88214
28512 15348 24679
1172 106 1005
18579 12099 12559
16766 9882 13752
98537 17027 35066
43482 15217 43482
47869 3516 9122
99119 8998 34587
13822 7357 11401
54296 35198 45828
58362 27466 44812
73256 24601 25629
74395 6471 52408
16967 4838 15728
63056 33063 51012
81572 67686 77288
78301 62877 71916
80032 16819 65774
33596 1629 4493
64679 38566 47762
57915 31902 57655
71342 30584 59938
75786 3954 52364
3092 6 1121
78067 12589 14643
41085 13492 38295
56661 38559 38753
17446 5050 6461
98396 1 50377
58370 20808 57122
24311 3836 24196
36758 10662 33642
84421 61929 83632
28528 21637 24181
86369 9383 30718
13932 13205 13312
63619 46438 62667
6800 5548 5851
18422 9728 11569
18145 13399 17685
21908 21906 21907
239 19 139
22987 7491 22397
8500 1383 4119
85157 65177 68830
8 2 3
97484 9538 59269
78924 9302 60218
20298 6696 12260
42962 15842 37100
50958 46767 48282
52363 25827 37466
8998 2734 5044
3004 2988 3004
5259 4831 5180
95712 29494 62613
78519 72482 77585
57984 39997 42616
72786 4524 71454
31077 20704 26733
13486 8008 12941
91346 78038 80225
51470 9560 14484
60202 32669 40030
12264 1426 1798
21780 2433 8257
69138 645 65919
76866 41 61993
74481 10030 16745
57420 10693 30411
53276 25896 40338
23078 18418 18593
38178 17211 38178
9186 1451 5248
61441 28560 53758
76013 38871 76013
2691 207 311
47817 45473 46168
51052 28598 30531
82509 38996 43895
43390 34593 41925
37281 14278 37281
82968 68564 71209
66982 49160 65400
29076 23017 23890
15186 4255 5038
18493 18238 18431
17829 13258 16491
32825 16447 20863
7 4 6
50726 18123 27197
9 4 8
10 1 6
47293 1414 30033
78664 64325 74371
96861 62161 93711
4770 2364 2845
80081 54278 71543
84759 12267 67137
95791 57073 95791
11202 8276 10342
94357 56138 59146
46392 37330 41621
43196 16019 33557
57581 27971 35620
44904 20022 42678
13911 11777 12367
44147 14522 30565
55442 19068 22141
41120 12939 41120
2026 1 1432
21788 9144 15104
77213 32388 64592
95480 28740 81191
79857 24493 73664
69539 17670 33310
82104 40503 80200
69309 35097 38697
71174 38057 47778
82277 8138 64608
65533 11554 41444
91073 21485 66562
7011 1414 5244
96461 87861 90288
79756 22341 34028
32266 9908 28227
6226 4509 4780
7875 1568 6113
22139 13152 17479
96156 82851 83474
94358 32201 86610
66778 3079 31980
94537 33928 34626
4464 663 4170
93658 8014 44351
33401 19983 25434
97482 27613 52581
13042 9703 11599
36062 6084 25301
10549 3786 6575
50574 1 1370
18224 4492 12479
694 217 237
93918 10646 52582
74583 56343 74583
72037 53034 54523
5839 3489 5399
16703 16601 16664
88922 16892 26360
83941 54682 71008
56039 37746 51765
67185 2661 50774
58474 14929 58093
43167 30899 37762
91312 19416 74840
96542 91668 95277
26990 19701 26712
74579 62973 71784
62844 18602 51292
50667 24345 44025
9563 5611 7162
20363 19521 19952
24909 8732 14514
48451 9061 19772
42889 23990 41604
54126 27476 52558
81707 21346 22205
96512 4515 56003
17088 2880 12584
86078 68383 69270
40455 21559 33387
76790 64456 76565
61722 29696 41349
32760 28969 32178
66566 1629 37964
52958 33941 49058
10750 1287 3575
32515 25699 30499
30647 1 23562
98161 7724 97094
89674 27373 60871
60274 25804 49927
4981 1031 2808
81438 26427 58569
62357 4874 49259
53096 14275 38421
57977 22982 56511
30642 4432 29860
57320 43788 50293
55454 52129 52245
3631 1 2578
44269 40256 42710
89273 43175 62527
91012 14858 56020
69629 47208 47786
4011 2267 3517
27589 9659 21983
31535 8219 18154
60364 39706 57628
93603 76483 77086
40177 17825 23798
93291 5552 91162
9 2 7
36466 12640 28087
97236 24939 73972
58328 307 7796
67098 19501 65199
94755 17910 27221
74510 6548 46142
72620 38030 72136
13639 941 13639
29658 398 852
299 243 287
92643 81072 91764
47999 3222 19750
31432 16817 19860
50721 5928 27633
7715 1114 4525
85627 1 9392
58575 34680 53487
9 3 9
87357 45932 60495
19557 17609 18455
18611 1037 2955
52666 16764 31114
70895 7517 22664
10280 2690 3686
95662 74979 75250
17398 16881 16887
29715 3174 16110
72326 53063 53967
47169 16834 31095
68368 12979 57796
47826 21765 37397
51924 23850 50057
44339 8828 39067
41782 12173 12841
4 1 4
55039 16447 27398
43579 15398 22895
23643 1566 20432
95786 17177 95786
30198 3992 8097
26459 10526 20137
10 3 10
33848 26802 29027
6678 4127 4172
19164 10289 19164
67864 21134 48667
57698 26850 51891
38011 33118 35451
20518 1191 8803
88927 36987 47709
99457 46728 74580
54334 35858 50521
19430 4393 7370
48623 2763 24312
9 3 8
84011 26087 41661
70033 47984 57657
20581 9968 10862
60990 19644 55025
44041 31370 37062
69790 49593 49639
48070 9465 47962
2673 1058 1570
84176 54991 74316
10 7 10
85984 76518 81170
56006 44988 54204
16104 14929 15245
82553 45203 78301
27798 9612 25049
47220 1 19058
60025 39362 58341
25290 18301 22980
47781 3864 6544
91232 42050 47697
2349 175 226
38909 6467 28679
62301 35098 46488
13238 5391 6639
5628 2516 4480
38860 36050 38416
48995 47123 48569
96529 86788 95435
79548 68873 73612
93497 83819 84021
31637 1 11912
66883 23888 31408
50028 47579 48318
24937 10816 21353
98007 49511 95988
299 256 289
10140 8252 8269
50014 31858 44545
3631 3403 3606
1930 771 1903
99090 61956 85780
29497 4335 15715
67905 12468 33652
19618 17156 18344
98605 79136 91351
60732 33903 43358
74375 21942 68106
49447 13764 22495
88810 13502 19384
32363 27708 30023
80262 75550 76533
38914 21561 32645
21116 1413 5709
84441 72857 78525
42802 16025 25097
92741 68356 80651
50661 13883 18890
1282 381 448
24146 6903 17748
70728 63777 64880
93497 76990 83385
73451 59603 71468
9 2 8
15469 4 6183
28902 25479 27952
63141 58284 59317
88233 80839 86704
99608 35759 46450
5225 3254 3785
36125 1305 9665
64645 54870 64645
9 2 6
56726 3681 42021
42798 21252 22029
91074 43303 86453
79085 59508 79023
44676 43091 44665
97317 79109 92446
85698 42639 65873
93969 6526 65040
57082 49328 56193
35697 18614 23064
32155 24860 28943
537 496 529
42592 40392 42407
26513 19366 20765
79739 1 74525
83399 1 61929
67467 6811 63816
84376 81552 84286
96673 78258 85116
32710 5659 9597
9014 8797 8847
19738 54 8594
70268 46897 49255
24670 7960 15877
93312 32691 86510
9230 6743 6803
70648 7971 65653
82358 35644 79781
35974 32531 34550
76325 51780 54625
87078 86812 86994
45903 16068 41685
70428 8130 30713
11154 7101 7171
68865 29989 60084
68239 39313 43251
57951 92 26021
49350 24816 38637
42315 38276 39346
5154 1592 4334
97318 21489 97318
7 3 6
94959 5683 62873
59487 53108 57312
51288 17627 29161
69184 42179 48293
71101 67144 69566
33235 21240 25678
56584 51913 55232
15355 4336 13499
92044 2353 61543
89341 51266 89341
28919 5186 19146
21006 4782 12645
58087 15791 40766
30812 26804 29766
40555 3892 38394
89471 18028 27653
92046 20286 83635
87590 26680 28582
57204 4597 17377
88759 60372 70333
27933 10797 13593
46103 21912 37619
23178 15238 23023
50942 38432 38567
45359 4691 10219
6 3 5
30213 23080 25010
92495 10910 62508
37561 28696 31004
25326 18534 18629
90555 52090 63162
92377 56815 69599
87107 41586 48791
12942 1542 7911
38288 20047 26431
78380 7397 58839
83969 80969 83418
93650 14082 51865
54572 37533 48093
68247 3820 61347
1159 198 387
4434 329 1521
68855 1 41028
16615 1951 12734
58997 22826 29796
65929 15958 41409
54523 36640 46745
33754 7852 26032
19963 7397 7935
51852 9058 20987
43832 24177 43832
36857 4752 24546
55173 32406 39476
49299 9838 34583
75427 28805 67369
50963 24159 28845
28875 23721 25448
46984 2913 23653
28836 20409 23046
80405 11607 21417
85384 12308 77380
77978 61368 64936
49609 30452 30652
5131 4314 5106
56886 37399 49804
59499 18316 24521
91661 70555 88781
30773 2505 24934
69297 46222 49444
10223 9270 10014
14697 6140 14306
51868 5547 46806
83907 76247 78309
20870 15045 20338
51145 26623 45253
32770 5973 21221
62243 21193 53507
26623 7827 11504
28221 28080 28144
55131 17811 32924
33866 23802 28915
24475 11083 22576
37143 6419 30183
24417 18568 21235
87500 76566 81735
59655 19937 36030
89935 44241 56445
51027 44820 44961
69481 47270 57519
71686 36497 39302
3215 3002 3072
98219 94370 95918
22189 8817 12794
80767 55693 80458
21682 20166 21509
94299 59242 81449
79210 77089 78305
66225 53511 56524
96856 79241 82456
76402 34108 67794
70247 34319 41484
6741 1089 5235
61396 9812 50267
2905 2073 2876
60471 57755 60471
92627 73403 91564
22798 6572 8152
16489 9659 11601
87622 46852 55851
12264 1287 3215
71006 24558 39257
73226 27007 58304
81953 31494 75538
6633 1788 2051
26567 22976 24346
44140 23381 43805
64059 39155 44237
11812 7557 10159
72448 67556 69314
65236 28078 61699
91285 55815 88646
37663 16697 34737
34831 13140 27927
90951 74521 75951
16043 8060 13019
62739 55057 62739
59935 28959 58078
44711 11735 37446
11870 9845 10492
98874 41288 48891
73440 66839 68320
5547 1432 3652
12925 11574 12393
14940 3287 11458
74103 43637 62684
57601 3940 39932
41705 15818 26970
9 6 7
14028 5431 11269
9 6 8
55099 6492 16613
20455 3671 6996
61867 34322 46281
69436 21320 58338
66956 45344 62971
58733 12520 34149
54500 51914 52051
24416 3353 7730
10 4 5
75248 71074 74955
19112 10991 14432
21492 4976 7312
41768 27687 38502
84215 41678 43750
54743 5806 50288
82597 34449 72325
8 6 8
24724 3594 18071
3379 2008 3127
89377 16072 48953
78491 73571 73617
14824 8336 12581
54522 54109 54405
12179 7117 9426
47517 18877 19385
62809 62142 62728
30562 21271 26664
8 3 7
76418 49397 52166
39786 22153 30967
59527 6835 30082
77801 64522 67111
20985 16966 19159
95383 45970 62093
6 1 3
73113 61747 71238
22795 17809 20122
52815 2997 15636
53330 8410 16969
5617 1553 2248
13429 4340 10936
3442 3387 3389
56022 16681 39435
74393 17306 38600
80796 58280 65008
41418 8955 9591
36568 27596 31438
12445 4364 11512
67299 12328 67299
99133 5867 73730
27417 2746 15718
46426 17117 28732
57267 49926 50973
57970 52238 55918
74054 7575 9743
55548 19895 47564
74327 13334 26872
15650 7637 9732
14410 7305 11640
281 255 281
66760 4238 16759
51022 35751 37616
36492 21258 29600
19314 8508 12199
57736 34383 34987
80862 23006 55372
97058 34196 72106
66272 25082 38175
32350 14984 31160
58781 43766 54539
40662 22279 36397
8 3 5
73869 11024 66633
89422 67308 79458
25222 19406 20354
8272 1986 3074
46060 3096 34566
94596 90709 94269
88065 43513 79747
16522 781 2996
59539 21744 50172
62145 57780 58080
64265 10930 60475
74000 27952 54380
4377 1872 2514
84024 2781 13301
62139 3357 55553
7798 2576 6008
32685 24592 25052
92607 7460 36557
54902 54875 54899
84822 39194 58233
88311 45438 67449
91764 42910 85924
6314 4554 5611
70266 66124 67370
23048 11400 14771
88187 85713 87486
14359 1 2900
76458 46184 75629
82714 5348 41293
7482 1 546
26501 559 26501
20812 1217 3476
4862 3054 3681
59918 24315 48198
42279 29555 36032
55662 5187 9908
68240 61110 66255
21458 9883 21252
15552 6720 9756
65216 1 6143
79472 13459 25330
14509 8009 8958
53708 14250 25848
86802 81918 85982
49966 42069 42376
72690 16059 33537
81697 4121 44547
43847 17123 34105
89050 52505 57357
29814 7052 10380
15557 914 11464
44970 25515 36789
96692 27032 30095
49434 1341 12835
99433 80109 83005
25476 19634 23244
83574 45930 56202
8357 1655 4853
26076 19600 20159
86048 79254 84594
77001 59602 69272
35072 791 22233
73468 34105 59783
7101 523 767
15743 76 12793
64082 6406 24978
10 3 6
74707 1 62717
85198 1 42195
25328 23198 24351
97246 86923 90362
15287 999 7925
41905 11867 12220
82593 71429 80202
6506 1607 4046
57752 17944 56449
37755 11923 23034
87883 48816 72920
54622 40090 47119
56824 3536 26965
36322 21709 25588
92651 59608 65028
60118 29484 33414
33726 23157 27660
28531 11080 22861
20754 1366 20183
42444 32233 36113
78897 36340 46690
66989 7640 52120
2979 12 1614
12123 9463 11003
36070 34526 34825
270 221 270
56556 18818 31044
33075 18746 26710
8 1 5
50680 30638 43790
77395 40414 55878
87084 200 23285
5345 4859 4869
54507 19810 37907
78146 36144 48365
26118 18792 22487
7957 3424 3866
88936 23346 27998
67845 16304 35422
94331 59595 82359
35915 11312 15339
88370 1 24696
87518 12272 52884
29781 19523 29781
90528 84111 86277
60243 35808 38472
94352 65718 93003
64373 59704 62446
82339 191 50730
85577 20429 26969
629 129 249
81825 24980 81598
86614 81601 81802
56400 44861 53833
86101 10110 69236
33237 18984 21253
11861 4937 9959
7987 6652 7054
79710 4898 42010
99594 58643 60061
55086 42243 55086
44152 1 34428
72128 50309 53310
48789 5647 22993
75547 1 15616
70474 45275 63517
66212 5744 8988
40579 24923 32114
19085 1008 8559
24883 1470 22502
40694 36014 36109
15660 5242 7763
56271 33932 39409
41796 3058 29685
32664 4021 12573
10801 4960 5260
75659 6210 61181
92036 51230 60041
16983 8929 9310
66373 29371 58808
37519 15181 28329
96388 21104 27262
4900 4546 4664
56597 53869 54604
24702 19853 22675
87583 75308 86895
22420 18103 21237
71324 58802 66382
76654 44340 72342
47939 32013 32675
34958 4168 30622
42300 27274 40369
18627 3384 6481
33986 9518 16031
56700 48293 53994
7 1 4
14933 1897 6400
10437 6205 9504
8715 425 5408
71815 26245 71613
30628 2370 11922
68748 65158 68236
51966 41186 41461
75666 29046 73612
51785 25517 31700
12932 9409 11363
50196 43559 44138
5416 1992 4249
47942 15666 31103
94235 77423 81039
46406 44357 44662
15646 2102 7619
91280 34766 66633
61000 4917 31487
29149 12164 25182
91080 10232 70748
88615 58991 64301
69425 44443 56050
95710 37254 66689
87854 11698 22433
89799 9241 40149
3272 705 1804
71125 60694 63831
23054 72 13314
98018 89328 91733
35487 5688 19129
25570 7301 21471
89540 14232 83038
77142 2091 6976
95689 68751 82136
83215 61655 67478
94573 7634 50186
26466 24592 26046
95568 50740 77948
5506 4178 4992
59653 19476 34173
44645 42110 42495
62863 23465 58608
43264 7821 23684
51519 40011 40550
87069 11176 11434
21669 331 14048
44930 15021 17011
26986 5264 21242
95704 87125 91851
59464 7724 58170
58772 47707 48766
42074 21617 42074
80010 4206 33646
16222 12570 14950
46037 32443 33424
45963 25713 42118
45966 20327 24822
5913 3535 5591
50748 44103 46142
16590 3554 13845
81526 45469 71200
70990 69818 70218
76798 18383 75665
51340 39484 42259
76139 42913 67763
43870 27620 36680
67646 44689 62263
26517 2985 17724
63867 25679 39699
87754 48830 83984
29805 2368 29805
59848 8712 27506
26906 26498 26550
58488 40535 50917
38656 4802 29079
62796 19091 37707
67281 47077 54304
9 1 8
58111 305 20407
23271 183 10000
50347 26073 35578
49837 37474 49837
19958 17911 18210
44366 3559 4060
2508 284 1063
35463 27396 34389
94110 52998 63137
6275 6002 6012
59050 8320 26539
84611 19476 63659
86288 23075 80946
58378 40251 42670
35817 18650 23454
67967 45287 64947
59890 26165 38935
59645 48362 54110
5375 815 5299
83125 63227 74045
32934 17507 26744
47109 30016 30541
4892 1127 1700
10334 6627 8489
8 2 8
91562 72586 77950
96623 28492 89449
71408 28557 48987
84096 146 24307
80364 59666 66293
29298 21420 22401
11922 2550 5785
14628 9333 13694
62765 3377 61513
6619 4698 5861
56554 20195 51977
60905 57915 60022
8816 1246 5522
84472 5175 38362
36550 10062 14921
65326 58608 58833
55547 34660 43465
77892 5779 9520
46581 19984 38284
91901 62119 79448
73267 59505 69861
2043 403 1156
23301 17237 20057
96744 95844 96045
52009 15901 23257
63950 32968 50306
63298 25076 47159
58307 40893 47702
74682 50871 69782
67712 59547 67254
31114 29875 30432
80761 14112 63383
11235 6576 6678
11600 8709 10785
45355 9539 22916
81345 46950 51019
53663 38282 44283
98075 88475 90059
47095 19582 43970
10442 7314 8753
38659 5401 13002
36025 29417 32785
12559 6961 7975
54508 17659 37274
77285 34433 60057
27549 27315 27388
40734 16177 29152
91286 8920 53984
98015 11305 62995
78373 75349 76414
67851 33763 39951
64095 1 54329
84881 82032 83898
3992 1243 2087
90563 1267 36275
80721 56178 73374
54104 19886 31633
49162 25866 28504
72453 34615 38692
38486 32505 36040
84955 20566 74973
32130 6009 27665
11931 88 10551
68714 15858 35768
17596 9953 13516
10497 5019 5927
77354 44111 77354
65104 51834 54189
66519 61196 62531
9903 8512 9568
25898 6030 9749
65095 44996 62916
59383 21393 35192
859 169 554
7319 862 4327
89836 53818 81666
76006 64220 72993
22714 11896 21850
83024 36629 52324
2572 432 634
16592 8161 9830
92061 58921 59130
48237 31526 36906
1310 530 732
42780 42774 42777
36789 22821 36789
17833 14643 17703
55893 36018 45245
4171 1725 3686
36830 22265 31170
86410 53107 64316
5911 3112 3637
14795 11961 14795
68611 19230 43115
13271 11743 13026
82632 26462 51531
72519 33416 50953
13288 7218 11224
22756 18969 19374
90749 83937 90749
89941 65666 84896
32626 21981 26327
17552 9543 15583
71038 20720 40925
45605 7938 13293
134 48 76
15826 4366 15407
21264 6038 18105
19982 3003 14968
92836 88972 92433
10 2 9
56246 37274 48001
7092 4495 4842
88238 45555 45668
89264 64346 77354
48716 6791 16935
61671 46935 52946
95794 45683 55489
65090 51758 55810
37830 30628 35133
16634 11417 16226
30142 26649 29455
15037 8066 11089
83945 15961 31503
56584 34880 49378
23123 12731 20610
89278 68901 81534
16510 5224 7310
3100 1942 2194
70302 34335 67817
22853 21001 21419
99477 28181 71771
69089 1 40385
32476 17929 19215
79753 14072 32093
78971 33903 73146
87489 10516 21806
18631 9177 14161
17378 4629 13479
88724 30424 64578
46573 43771 46573
52465 4426 26019
8993 6667 6879
98740 52167 78492
76648 73222 74503
77355 71542 73545
67230 51060 52518
86286 68451 75736
31534 3614 28968
25086 24329 24732
70199 53530 63815
19944 8801 10220
66568 16989 19505
47401 36981 41727
51150 49094 49512
5 1 5
91498 87198 87574
9 7 9
41819 36127 41004
86190 31974 48242
83427 74479 80063
70724 42827 67712
61637 56131 56809
16401 1 5869
2475 2332 2475
22 6 9
62363 51742 55539
60113 31729 46198
18325 11262 17562
76404 5783 62703
85834 3147 65112
41416 3247 40930
22610 1305 15342
95334 84251 95334
88797 2715 77770
20923 5795 14924
97014 39675 82406
58217 44777 50556
71559 33365 65084
35056 9044 13523
61750 24317 52939
35436 2924 33105
39502 6264 9772
42495 42067 42151
49248 36802 37098
3512 1749 2447
1207 1138 1171
13675 4672 9832
73904 51404 63414
76127 15654 76127
73458 35759 58598
50633 46074 47567
65882 25542 38579
12769 12661 12724
8 2 6
88102 70004 74134
8056 4063 4207
46458 27120 29514
52476 19933 23246
97768 55049 97246
6 5 6
24481 8469 10062
44394 23383 41525
47077 35467 45072
10 1 4
10609 4474 5516
63872 5376 27251
69642 13197 69619
13363 9899 10117
11267 2015 7720
47567 9338 43843
38127 36974 37374
71732 56569 67857
73445 68547 71029
37687 29061 35921
34714 9313 12233
4621 211 409
36987 36795 36832
44383 34507 43714
679 299 405
32896 3427 32132
29952 9491 19042
25102 19529 24420
66959 34362 62109
18467 18278 18301
21940 5017 17212
78575 74856 76008
96261 35425 75968
97603 34512 88883
75089 1 21341
88154 7308 65986
17898 16909 17621
1425 706 1153
5455 1925 2537
48483 34719 46761
60786 36130 53936
23379 4200 18533
80389 4512 35238
61377 32796 44968
62510 25257 33321
40882 385 16611
24357 18387 19625
56207 52752 54310
36304 25696 33284
34321 26897 32382
44737 29207 34754
23908 12109 13002
92623 3142 80238
54388 21090 42497
38414 2242 33566
26435 18455 26435
66050 50722 51029
74502 50155 59841
56283 36417 44870
42474 9027 29140
4761 3247 4485
93972 13980 79565
92562 28283 70100
17745 1107 9197
86799 1 81387
18655 14324 16365
34183 19305 27308
11304 4 10546
68470 48241 64920
51883 31086 44527
66023 12429 39410
94631 85921 91944
57912 18854 32418
1419 1261 1388
57508 31180 49482
93308 32303 64210
24909 9780 21452
29923 10075 29923
12009 524 1313
36056 27158 31734
68292 55726 64428
63054 45554 57499
44156 14909 39313
80397 52816 65393
92397 86948 89848
86274 24447 40493
38795 36820 38749
28309 2467 5179
73630 30893 33472
72585 28337 55077
5947 1714 5920
52832 10123 33500
26073 14037 15477
15975 10839 13243
85077 36687 64529
21582 12585 21376
91471 13503 76044
78670 58256 65295
76495 68218 72915
31002 28569 30398
32458 1 21306
47100 13809 22151
29319 18325 24654
97335 91432 95597
81072 66522 81002
38681 31478 32642
88765 38364 57770
50321 28256 47537
85810 1 47561
80105 41443 61478
9328 5851 7652
21878 20443 21404
20608 20219 20493
7 3 5
55026 17089 27121
1953 168 1698
38968 3842 34416
52348 10051 30000
66919 46122 47708
69924 69880 69888
34267 342 29592
50903 10401 49424
11220 10334 10974
42456 8906 13700
96125 69056 93576
58611 18417 31109
82576 4751 33580
84478 82943 83609
50747 14443 18526
82321 59240 78940
51587 10625 47778
16207 15632 16074
75114 26481 44835
32444 27544 31533
56191 5187 9862
79686 22011 74529
524 25 278
98275 54548 89806
53950 21337 33293
94973 79612 83559
21289 10481 11917
92097 88344 90665
58647 51003 53425
63946 32789 46965
47734 284 19361
43298 34894 38489
16907 7305 8934
75303 59349 75303
14266 13792 14141
53701 41947 50527
28759 1 23499
62650 27387 42958
1460 243 757
37301 3378 3535
11468 5361 7019
8792 2588 4182
76968 69107 76860
88785 21206 79313
43881 42657 43520
27115 21403 25534
82345 17992 28527
68356 8525 51877
14095 6811 9703
92240 2971 53840
24106 17258 22061
4933 3924 4922
18100 3397 11566
14389 10971 11023
52284 27893 36992
61879 33868 35937
12119 10329 11250
75865 48167 71773
78062 56414 73080
87190 50493 61851
8086 6757 7026
54346 28071 41646
39454 19766 39070
9 5 6
32837 7231 9200
81434 13875 76757
4378 3568 3785
28022 14824 20431
36362 21380 24351
14488 2354 7536
36525 2702 29167
73616 45963 62879
53390 25708 41017
57237 12371 43492
82897 36762 67965
8 3 8
51288 31912 34471
43686 13434 32578
80626 4326 11301
49701 2697 24666
38346 1 12417
82403 82194 82296
92436 37611 46507
60948 58206 60497
27627 26749 26989
8805 8119 8399
41732 2888 26168
27006 26723 26911
38854 14293 33882
1250 1179 1202
89148 87924 88461
36791 12265 35823
11053 5158 5703
69109 53212 53251
41119 3586 32656
45803 40099 45717
9707 6059 8571
76008 58200 75289
21801 10256 11049
77315 61350 74800
92197 23012 34191
92850 90067 92197
60569 15916 27869
54680 13483 34785
69949 35910 45835
21682 8171 14831
42266 7942 24543
76565 64232 65988
36948 1806 34286
36415 32364 35686
52834 47290 51582
16009 2865 7734
65668 36812 63628
88210 56570 78043
41117 23167 35432
93480 21262 47492
65323 13978 24961
43082 23126 24840
54494 17811 51232
94018 23828 86237
98291 16520 72030
28173 22979 24217
10783 6262 7580
74835 71289 74382
12968 933 2846
4833 2802 4802
77326 18451 30061
63049 14056 40751
48516 18255 19260
63084 59114 59771
97219 20383 84171
48708 16686 20360
52692 12611 16807
27256 14256 21948
48159 909 12421
26677 15988 20951
70119 46623 64843
28842 23527 27137
18950 15578 18950
2571 2201 2383
10 4 8
39219 34123 34996
41786 27891 36202
57258 22760 52444
2314 1565 2203
571 98 571
12723 77 10616
32103 10903 11824
95469 25161 75427
11089 3276 8521
2004 1185 1346
9 1 6
87416 84739 86461
76144 10073 44986
14885 1739 12741
873 754 766
98030 8880 76682
51980 1 33109
54399 2140 45803
97564 10811 17581
18425 15996 17306
34448 3821 30031
96299 62185 69351
58338 29780 46276
75152 36655 39951
7 1 5
91965 78858 87919
37372 25593 27136
31710 1222 18483
21342 10391 21158
72933 16357 67721
91759 27586 72017
42772 17482 21114
8602 7327 7643
22011 3207 20226
49005 5781 6509
44876 44131 44774
8 4 7
97730 8942 46611
27543 18536 27131
22727 1 5593
16319 14915 16238
73369 32164 63345
10 5 8
72702 62417 66152
67924 61077 65796
38624 24706 27947
33583 21272 30957
50781 37517 41774
6 1 4
19606 16829 19606
90591 59223 77661
24061 11127 16186
20831 19093 19950
64489 59738 60253
8457 4972 5209
95892 71246 81257
2427 2086 2267
71833 54381 67172
2802 260 1951
95600 68022 94937
94592 10545 94592
11684 4356 7951
2290 1152 2140
74638 33523 71968
8 1 6
90124 3380 25203
84047 83095 83180
86621 14018 36891
96850 74426 91197
4249 2175 3312
2895 999 2300
71259 17656 65147
20537 8968 14816
32514 12862 21063
16979 8271 15062
43661 19701 39975
83756 27995 28461
58974 616 25080
48918 1 31157
80897 7621 73582
94791 90906 91434
10 7 9
68019 20155 44393
71351 35300 63504
48946 34140 43428
32359 2732 6087
27234 880 3686
13737 9610 10255
72070 1 25051
21047 2312 11745
67501 23933 64179
73609 44600 54897
97297 50923 84266
17653 7361 13047
26512 15326 20143
70888 35036 62593
1772 275 770
93793 32190 69789
55335 47435 49204
21961 18373 19688
8416 3359 5190
25713 19022 21119
12195 3153 9149
87340 66775 75490
27095 23359 25045
28394 7469 26069
9816 9140 9528
54702 44341 53293
81033 35429 70643
19578 408 16297
25520 21758 23182
61866 6084 15215
48951 26696 42872
13826 4146 12709
71373 22545 34054
49534 34279 43241
62703 30076 60402
83780 56923 78497
74022 71519 72245
89123 42066 87377
7 6 7
28141 8727 26197
12467 247 7577
58865 41287 52563
30880 5652 30276
23048 545 19855
16415 7701 11681
76807 37189 46782
11623 2005 10695
9466 9360 9362
63856 5721 33643
50584 24904 44234
23310 22386 22944
76360 71526 72256
44790 28320 33339
42825 16034 36100
51954 20400 21671
11787 9303 9784
62527 1 34711
63409 30085 59422
53648 25385 42233
16342 13748 15715
45016 27841 37661
43247 29110 29249
68605 19747 25091
95884 1 9751
60729 48715 54944
80699 30825 56066
22672 17040 20625
23750 13637 23060
93792 44320 82550
34187 16476 24343
68216 10212 45550
93668 65674 77722
22009 3106 11805
78027 7624 32131
98730 43253 48772
8637 2089 8637
11489 5030 11403
20858 1791 6476
43726 24753 25779
7487 4409 4844
66383 36398 55055
84113 55741 61114
60703 9515 46836
89370 43490 81254
84053 71996 79958
63030 14935 63030
96381 4755 94184
7009 6006 6262
58804 48329 48646
83768 720 56753
15955 6400 11785
65593 39874 42461
47990 1130 1494
99360 34470 99360
62215 34419 47488
97091 80069 97091
6 2 6
71674 6599 32517
14418 13802 14055
8442 5373 5619
5470 3970 4060
7 5 7
34120 5386 31454
59966 32410 53517
62269 42576 60362
70562 53633 62217
51856 29980 51149
63405 28623 31623
14959 8259 10084
65395 42259 54064
21780 6787 9328
87738 55465 87365
34874 16597 31789
97070 57709 63128
3760 103 3751
64949 6780 45302
10 2 6
69776 60661 62858
43943 21923 41088
19012 1393 14535
21640 20723 21104
27418 22442 26155
9816 7714 9816
31090 27592 29036
70500 15854 48394
45655 35023 38950
36387 1195 28437
61425 13108 55377
46325 10117 46150
58771 31712 43853
52523 4648 6859
10161 1382 2125
50723 2784 2906
31623 746 3369
98903 94715 97985
46995 43851 44550
47413 30906 33267
98468 56869 93895
34219 12176 18522
87230 14180 77172
84730 71994 74139
52699 22068 32972
42183 10207 40998
44124 28306 40386
79817 78068 78118
54445 6863 25853
45634 32282 34214
42066 37783 41620
85003 73497 76409
25320 10808 20749
18643 875 15527
15658 1 5673
97639 63209 96305
34888 29460 33217
29798 20284 27465
91354 3008 83058
89813 63999 70726
37947 27894 29566
52558 7950 19165
94543 14160 43747
19837 8967 10103
7 3 4
5 1 4
48922 1 41664
58046 28577 58046
99579 63638 86733
7266 3376 6201
36177 36151 36157
93288 67780 78295
55525 46431 49951
8299 7409 7458
61437 43076 61437
80284 67829 71416
19959 3614 19930
18382 6381 15691
49640 17265 44353
12465 2694 3974
37855 1 5093
24819 16957 24730
40406 7303 32755
50310 3606 50310
17160 2142 11436
34263 15082 27826
73800 38516 62197
47079 5354 42128
66362 60470 61815
81314 1 5752
6108 4274 5116
18085 11757 16341
8 1 3
77513 24092 59635
97060 73834 81593
47788 4239 23540
97974 71806 89488
57844 12372 57844
27788 19049 21128
56417 46725 53223
36717 12219 14065
65817 114 41762
93906 29053 43477
48876 12850 17115
13420 4742 12486
52950 23287 28991
10375 6952 9362
5678 4123 4151
34010 15329 18068
40186 16342 39243
7345 1081 2350
39241 4068 14389
85412 34658 68596
80505 18219 39863
81095 63231 77161
70164 61874 63402
76559 38299 60883
70745 28656 63771
88351 24668 39976
20527 13230 13503
60509 1 30486
54907 48864 54627
57947 23056 37469
9173 1747 8311
15179 10912 13635
78905 1 78263
8 3 6
46134 27853 41766
10 9 10
24219 5902 12474
40859 25229 38345
17169 1306 7764
89426 13160 26150
10 3 7
14382 13637 14063
19036 14971 16572
68153 9298 59508
40817 12434 30127
10 5 10
9 7 8
75548 1 59984
7320 3865 5369
5377 3592 4973
54853 1709 50763
90844 72773 72833
74470 43001 51660
48317 14833 43206
97700 41380 50729
27675 17001 25374
82406 70106 72659
5415 3010 3767
23446 20968 22308
84290 63603 77466
56412 53641 54209
26126 7327 12250
92585 70493 90391
19080 12465 16355
52325 6710 46414
66012 4747 5430
71298 7625 40433
69413 60863 68280
11558 8455 9662
65864 13153 56147
65937 53504 65105
91769 27497 91590
93476 21795 60553
24779 16396 23267
49871 4682 33395
16713 5993 6591
93027 76430 79809
77632 61688 67288
63434 1109 27020
5765 5180 5425
50865 10917 35695
5195 2301 3404
37283 14817 19166
10405 3569 9664
8789 8336 8343
3546 2522 3024
66901 53491 61171
16770 6350 15247
5030 3567 3700
47322 12100 12717
57837 29883 45281
33243 1916 19884
1556 1170 1517
23761 17742 17845
89854 63789 82296
40471 14760 36359
58874 1 43328
85197 53951 59601
54301 3892 30247
32291 809 29087
8 5 7
80551 68649 73498
14021 8422 13844
982 848 927
41351 37943 40122
96956 66297 96872
44034 36313 38181
3731 2878 3719
7282 6078 7205
21472 19257 19842
57254 26376 55161
43105 2156 26162
52265 39906 49614
49927 2482 30564
70266 57709 62829
52447 1 15366
20602 14382 14839
45692 2822 32476
67225 14785 49149
83735 7768 46059
26036 2174 17899
52634 9472 19234
76677 30277 39766
79345 14725 32894
72365 29313 38725
39587 1 13420
14640 13406 13622
77821 3222 58105
59359 1 27633
14659 13317 13562
8212 7468 7530
35064 34091 34765
51778 49760 51576
39311 15006 39243
44948 27188 33368
6582 2441 3561
98416 49030 66523
7247 6589 7009
9311 6163 7494
17989 6139 12151
18066 7854 11633
33256 19514 25054
80770 67165 68301
27988 22015 26059
35469 10833 18405
24295 20284 21900
34708 30916 34071
8813 8602 8702
79133 40031 54895
74190 14332 41461
28193 5194 28193
57183 45623 50989
50755 26085 36182
50034 21217 47639
78636 64566 76219
64039 26196 36366
16823 3018 3136
81930 17595 34010
5264 873 2966
59704 40415 45768
51831 39331 42457
98178 82313 85740
53322 13987 16144
10 5 6
65398 31160 35014
71567 50719 59657
66360 55807 58805
11059 4664 9829
47544 25507 37110
53499 40354 46970
19107 5143 5227
3009 2275 2286
82523 7126 61180
4345 3431 3478
97726 18700 36266
61672 45569 56236
32670 27827 29609
95700 49935 64618
26339 16475 18032
5212 1454 3571
98238 57654 98238
73769 1096 59242
84180 57994 61287
69658 64311 67611
31392 15217 17163
89361 83711 86728
14547 4485 8896
58636 15811 23442
24289 5979 20017
28176 3816 23980
57262 17331 31444
22234 5026 17367
51896 31938 48697
97163 28061 67855
24388 10764 23652
10406 252 7535
61303 37439 46392
52351 33744 35788
4136 2498 2695
10161 8153 10037
1949 1638 1709
62545 18040 27859
68071 5184 10685
23165 20493 22916
7202 2892 5184
3080 657 1979
28789 15510 23167
66084 38545 49078
9704 870 8649
70036 67307 69178
85502 2154 53407
27741 10932 17731
31097 5377 6432
149 126 141
611 574 580
27921 19965 20673
17430 13047 16449
50261 41128 45746
16220 2992 9305
11341 1733 9355
37427 16115 21874
7 2 6
28530 4356 28506
13687 13470 13635
97789 7085 21238
43283 24331 38805
74531 34541 69391
40246 360 33761
9 5 8
41167 2387 10082
87475 13841 73139
85051 84482 85046
6567 3473 4015
72504 49149 68795
21499 18443 19421
60653 30938 47102
90422 39845 40365
28393 8197 28393
29415 9700 13045
40795 4684 21488
70414 58835 67917
97018 85478 93233
74178 68255 68769
28030 10505 20457
47020 34473 46614
9 6 9
7 2 5
5 1 2
4410 1183 4074
49039 25089 37572
30381 26987 29218
41759 6469 21042
13663 820 9689
78695 67341 72123
40789 15646 18654
30838 30700 30709
75057 31595 50256
62795 26585 35651
75395 51436 72664
72209 15353 28961
18403 2963 10104
72799 11236 47094
76746 66605 67905
52689 32029 33239
8302 1464 3906
73102 72143 72254
28029 3285 10318
12124 9935 11402
77342 63657 65960
59335 52830 58320
6747 1519 6288
9752 4713 6455
71643 53063 57533
56102 19158 22576
73963 21580 53461
32130 14882 30439
19345 10209 12696
47443 41185 46665
21613 14786 21414
99431 95240 96797
45210 43964 44918
44669 37176 43192
75840 24477 38743
22138 10786 21081
35339 16130 28612
55483 26731 30024
45800 18492 32113
55349 38033 48148
70987 40786 68830
3657 1834 2235
88177 59391 77915
52294 45710 48381
82705 77102 80436
62411 37717 43044
31656 20966 29700
3046 2727 3026
46604 42785 44265
79749 18760 38792
50912 7501 9150
47546 69 9946
11444 8869 9520
5 2 3
98957 22471 80432
26943 8401 17329
10100 1183 8275
49203 1 12256
61214 37222 54953
5220 4440 4714
53236 15170 43504
49757 10489 26093
85830 54922 74547
96205 6547 33043
76259 2880 32965
78338 63851 75262
47367 465 47098
13576 1798 12342
82012 81687 81914
10 1 2
38768 34151 38458
97324 26147 29554
10692 1298 7967
64263 21341 43036
12647 8357 9942
5345 388 2160
10677 7998 10666
47919 39646 43731
39576 1 23716
88725 21558 50768
35656 172 4495
22130 9492 17234
96524 20751 95125
5416 1946 4637
30570 8071 15659
91711 23623 33185
36800 18098 29406
87987 79384 82519
30667 24392 25133
66558 38996 45020
59143 28239 58505
1949 1466 1506
56041 47534 55762
78721 10368 21982
18990 4590 17476
60690 5980 6218
89323 76098 87499
651 1 563
30860 6444 17177
93407 59427 87853
36502 3239 12383
46508 13407 23285
27586 18557 18984
11649 5257 10572
96304 30714 32461
53311 18846 48457
88040 82486 84713
91384 13201 43269
24459 2336 14139
50851 32107 44515
14586 12436 13503
3061 2843 2988
9530 5865 7314
79025 5854 78250
74685 25519 39665
7 4 5
10 6 8
36992 31583 31957
62277 24599 32074
10 3 4
78263 42566 43966
73700 16412 49082
48314 10346 45452
59636 14760 44197
20557 9328 11131
15664 3444 13174
43241 16724 28787
10607 1209 4352
71852 30961 38881
7 1 2
61887 31051 57145
78147 51199 62977
31184 21838 26129
94059 77980 90342
11699 1753 8344
54885 51355 53779
14271 6551 8745
88662 52783 55380
68130 41694 51174
37009 35033 35335
98897 7054 25277
10 2 4
39757 27056 39073
50720 50714 50716
55754 4666 5941
7107 2163 6063
54727 1 36536
62593 38083 44879
81944 712 62601
18414 15788 18001
77363 2138 24629
53483 23670 43035
69969 63738 65606
58221 54399 56361
13634 8970 13510
79151 30805 52463
75054 52938 53307
5021 426 3117
48670 44176 44424
61095 13017 20350
53439 3584 44668
68067 28268 67073
42926 22140 22286
81694 21889 44251
35504 2633 21709
93804 37892 78681
53527 20166 23840
1406 636 1029
65746 27514 47648
55894 1 36649
21995 8185 17220
73721 32064 39562
59987 58548 58590
56074 52445 54160
30497 3008 28243
90633 67935 89884
60143 43678 52446
52850 1032 16739
36196 25265 35434
549 393 457
12034 5473 10065
30021 22151 26309
59991 13376 41592
97449 7191 87163
36685 21570 32118
79979 21969 63102
96910 55379 55748
10 5 7
56381 42112 44360
46190 44267 44628
59261 50196 52871
31843 16102 27199
44722 9259 43853
49399 26866 32057
12359 6320 7143
32903 14385 29061
56466 20806 39525
65788 14926 36965
73585 30937 51850
45855 42361 43155
76773 67816 73367
63336 50899 61393
72042 14889 36422
27169 6123 20884
70217 8691 50989
52828 10928 11779
43538 36177 38490
7489 7304 7479
96160 58209 61168
46437 33920 44544
97383 88850 89135
63851 43840 44378
59637 19956 52987
1147 696 1043
66344 13950 47019
53896 40189 53084
40715 35979 40365
72526 28870 71294
96135 23836 36690
34327 12988 32605
807 129 718
8746 7270 7472
75122 40054 43054
19695 4967 12232
36370 17132 24275
18921 13946 14822
60817 52883 55733
46740 41179 45036
53503 259 872
10482 2825 9134
13749 5172 11392
70094 67408 68260
60959 38934 40352
98739 51607 67215
23400 11629 22084
59905 37837 51342
53695 44540 46997
16527 2467 6494
92580 11554 15600
83703 20778 38380
52854 13358 48279
70802 23408 32068
99744 79615 88284
92262 65462 77279
92151 3239 18254
36679 4951 20981
14795 8691 9690
30116 1349 17141
75676 1 73991
24160 21563 21988
91837 42023 76465
67462 6489 13247
15374 7034 10362
78948 54163 69272
2349 1 1518
89663 127 13450
21321 4483 8806
85302 58820 77429
36462 23582 32624
95601 34319 44984
36517 3263 27747
84689 5744 7413
79156 45726 67917
3188 2569 3178
91103 27441 38384
77829 77614 77726
69565 54690 56771
58982 37150 41246
10 2 8
69110 8538 27972
92946 80196 91686
93552 83436 93552
4068 2670 2838
91137 30566 83945
51251 43417 47576
15260 4791 9298
30172 1084 16030
11671 8537 10423
78636 28895 77551
94351 1 41266
54228 44572 54228
24817 4844 9023
10699 3443 5065
14772 3459 3696
10018 1437 2623
97782 8371 24636
30042 3699 22989
40889 30369 31460
60321 58342 58984
57748 51239 51325
11088 1271 4106
21627 789 8264
10 1 5
9770 322 5378
68928 24180 58086
84757 62825 73340
39095 32055 34843
15844 12560 13355
39514 38970 39278
38798 14471 15447
97949 55133 76153
27619 19083 20712
33597 2282 18581
39480 27434 29788
3052 1399 2330
73341 16796 63488
62597 30252 43268
45313 18062 18924
50107 7346 33222
42846 5101 6650
13302 2494 5510
33953 5228 11963
72886 23517 68467
83579 44647 76628
26687 23947 26297
16916 2226 10547
86832 72923 73943
95005 61025 85397
71922 4098 28684
18615 5128 14994
20888 6327 16772
13753 1462 10375
70725 61287 64237
73301 51372 59361
53394 52567 52977
95630 56343 72350
94707 54163 74263
44941 1 15298
31195 5311 26719
4521 592 4432
96693 19124 63165
90884 5476 64674
39983 2559 39448
23801 9567 20616
14363 10073 11233
10401 3587 6451
93270 87080 90795
49837 49355 49645
21037 5595 12739
61323 13245 37246
41183 17615 26055
26424 1975 4575
46851 36037 46595
42300 41203 41477
80702 61671 64393
16261 12085 15622
40655 40638 40641
77189 63226 67067
56313 19979 34631
78401 72430 73536
26408 24771 25531
20819 19624 20752
41469 34341 40690
52299 24731 50427
99763 77457 89523
85232 5285 41364
20238 989 1695
53400 895 48525
78378 33879 69661
77383 35104 63259
67521 20284 63416
65818 14716 52185
68324 18434 28940
7 3 7
83552 56828 74076
80948 70931 80090
16355 2726 7680
29297 8176 13843
79248 10471 67661
40906 7075 12115
6988 1901 5418
87594 67729 78799
21452 9476 18366
99075 38988 44210
53077 50985 52202
3848 3759 3786
48149 1 36198
51930 17788 51930
70148 58263 59529
93075 91600 91928
53763 25052 37025
56768 37561 41940
3181 71 2783
42685 13131 38881
8161 4427 6103
2598 1125 2214
42216 37449 39616
90785 34724 50433
1589 144 1197
58236 23072 45591
35254 7991 21508
13363 11778 13247
12426 7789 12319
19182 14733 16861
14763 10914 11705
13116 3014 3961
18331 479 4958
89752 56458 65398
34685 23775 27320
60932 36401 47073
18010 1 15933
66453 24594 51906
34781 13347 25965
4 2 3
30004 6231 7126
79421 50076 54270
61078 21453 37299
19982 9942 15379
8675 6709 7781
56477 43736 54972
94113 69540 76756
34422 15046 26157
28801 10923 20929
76942 34885 68637
92402 88782 91446
2726 1105 2508
87603 16313 75874
12441 4499 10894
60752 983 1375
67233 48438 59349
27231 8562 12517
36706 4018 25987
730 638 721
37485 11394 35508
12228 4458 4711
75312 18350 43328
67767 9150 20575
17903 15681 16677
24165 5096 19062
8113 1 5781
56344 15261 20351
87459 56104 66329
67902 61125 64787
62248 32535 39964
18823 10514 16595
88430 38903 62914
20596 19796 20469
44304 9053 35776
9 2 9
9984 3971 4161
47355 28651 34578
11227 7522 9292
23320 1967 13813
29747 27806 28196
95012 80764 90701
99383 49629 94205
39005 21804 30261
69240 36677 60595
48193 2842 45721
67651 27210 45688
4 1 2
32417 26449 31209
62758 41325 49935
19465 18974 19407
98115 17096 37011
63843 62371 62958
89019 18730 57150
18611 1290 7969
43800 23411 36411
56726 22186 54068
46651 3584 42713
21784 11272 20070
98357 58517 67931
29935 29196 29354
79664 366 62702
49776 4755 48259
35759 31509 34001
9604 1122 3820
10 4 7
3937 2591 3536
9 5 7
24779 10349 23069
91598 11586 30604
8 2 5
11660 1534 5743
84976 67745 74039
13307 10516 11338
1067 461 956
71124 20749 53122
9002 2508 6295
63200 5657 23533
59314 17829 28976
12463 1249 9083
33685 7009 9667
87382 57167 73592
18301 8433 8946
82148 33980 54016
16682 7779 16682
24361 13727 21259
20128 3480 12079
73430 41831 49288
40907 12623 18865
34711 31297 34416
76741 8493 76741
81268 7618 66823
88417 2237 16955
29261 14260 22120
29232 15469 18924
32518 31177 32303
44626 26029 27007
48929 31290 39670
8613 4852 5906
9 2 5
65051 56166 56813
82635 14802 32814
31378 19346 21839
67611 50504 66356
6649 4050 5968
4291 3475 4027
9401 3443 3998
2604 75 885
42040 25362 27650
90920 1 84196
17885 5483 17236
38039 9436 37887
313 99 104
99269 91485 93617
12877 8705 10615
46965 33272 41939
68619 2811 17985
23713 20107 21119
90641 59092 84399
75330 28083 65822
35005 25183 26533
65435 62358 65142
72169 18342 25291
16363 13154 15347
35665 24387 35231
22113 4230 20104
86562 42095 83291
92794 31193 73649
21064 19015 19811
75968 55683 74427
11386 9327 10726
16131 5567 14961
20255 10019 18059
7025 1726 1916
79852 29635 32562
31805 14069 17237
6 2 4
1059 564 1005
58814 28563 51957
97027 57659 72906
32590 14371 29663
30008 581 21589
76093 18058 61537
42569 31147 37572
22341 10296 16483
36955 901 33000
45053 35898 43667
51955 24843 50244
8957 6319 7055
50499 5794 42520
96457 53676 94243
39482 20078 22998
37207 21801 26544
24728 21273 21296
77649 3967 6699
59884 28500 38493
75930 68967 73688
52445 40468 51053
68803 57195 60267
30837 22414 23411
94829 85606 90174
93971 83921 89149
57362 34427 37402
73136 37676 63044
17960 12178 15135
15953 43 6081
70701 68022 68985
87220 2610 5781
18473 7742 14762
56522 12666 23207
32055 21485 23262
41813 38767 40278
69149 25974 37114
19721 12099 17276
87813 8113 84040
79471 5596 49665
81420 43619 44111
73465 49126 61070
22480 20646 20870
12533 1 6384
37965 34637 35557
49066 18094 25401
77484 35303 39818
97565 69686 94984
56153 7034 48211
97707 62066 87862
58220 33371 37801
62975 13517 21632
74616 62520 66022
59586 47904 55211
97815 44756 50644
41647 5143 30500
36439 14095 34493
62657 15677 47897
91554 37669 91554
69633 30837 55729
26922 1 5793
98752 76254 86398
8897 8507 8508
51296 981 27005
15923 1084 14043
11686 6039 7353
33255 31588 33192
43231 24083 42147
22048 6382 11667
97968 26649 36843
8190 1989 4079
52495 1 3152
23915 22964 23095
14426 6949 8900
78660 19816 29266
56773 30695 49068
70455 59727 69946
33293 32394 32472
44871 24985 31424
58765 1557 8992
81444 35625 79700
12920 2886 7488
1807 1 327
33093 32619 32851
32683 32521 32550
75900 61721 72079
55539 11216 34723
36798 36494 36544
73146 17984 19488
13768 903 6962
82919 4646 34727
17006 10912 13131
86338 81802 86300
86883 51282 51521
31554 24734 30116
33387 14410 33006
83872 38657 59925
31375 6804 20975
4285 1877 1884
84063 36323 42345
36262 15025 22740
96189 92828 93889
3414 2038 3359
12053 6766 8813
9608 3108 3399
63581 40921 53297
41132 3487 7754
1560 787 811
63434 25529 38638
52987 35778 50001
38434 32069 33701
75627 50121 55971
2675 946 2471
92721 57203 64143
50454 1 5428
14133 12573 13940
35408 1839 19789
79634 40866 59088
62052 46079 56617
93526 4741 36405
38674 33335 36336
13405 2694 6909
87154 17691 56533
3825 2508 3781
83996 36138 79956
87656 37381 61191
22018 11423 12874
59286 6566 30243
28400 12627 19116
22208 20566 21371
22148 8268 21865
10 5 9
2548 391 1325
15467 4458 8131
9 2 4
5 2 4
57769 1 40502
9 1 3
9921 432 3995
21367 2559 16614
15442 14370 14645
14764 13005 13350
27979 13905 27455
46753 7789 18712
9122 5648 7699
34323 11531 13532
90187 34841 39152
1791 381 924
89229 77194 86170
40706 2864 15684
97402 2888 4942
20780 11133 11581
20181 4753 19360
37191 1902 8332
66591 33002 33073
65295 42610 63352
82635 3547 55729
36989 25400 26323
2606 1644 2090
59475 44133 56138
28683 19366 27892
4733 3562 4529
82363 49829 60076
62945 23811 61733
13740 1415 3875
45088 31802 43211
66945 25797 44783
68607 41113 62363
37902 21486 30397
44534 15964 41722
30111 2936 10962
37417 27535 35402
87131 78735 80757
23250 3878 19671
25607 6241 22125
95189 54377 77044
83295 46805 71286
92341 44512 91179
8839 5667 8839
48781 30222 33755
49936 35588 36545
77715 1899 75916
37660 36049 37660
71533 49743 69004
9424 8657 9416
46572 2304 46572
59273 21644 47698
54698 38928 45210
87936 85365 85959
55087 7771 11684
43410 19602 30903
93010 59036 66140
66377 50766 61461
44188 13762 43521
61793 3915 61420
78547 42842 56526
40634 38430 39717
82057 3889 79917
66148 51711 52727
25386 11066 21107
64298 60182 60193
23928 7997 16301
57958 53162 55732
53355 40054 41992
6604 4267 4685
93592 49433 56074
90191 27281 60649
1872 1 1731
3531 1278 2666
23218 1704 14780
43095 31768 38666
76397 34247 42718
23845 19434 23262
97153 15477 43197
78096 18666 70462
42784 21535 42035
79993 54948 79993
24307 3057 22273
12083 5795 5963
55628 43717 54978
12527 5909 12499
56907 52153 55762
25229 17816 22219
8112 2942 6982
68660 2451 60969
41243 6240 27222
28352 21449 22810
86996 1262 53144
53444 17395 51083
93817 68437 90574
3 1 2
14089 397 6360
55075 47895 49679
77836 61717 70711
23029 11472 15661
18336 4956 14072
23717 15344 16607
52298 13031 26597
32789 29204 31743
1206 620 938
71303 69587 69698
22813 20902 21376
40029 10134 11374
55490 32617 50922
92528 49298 65626
28512 25425 26870
86956 28972 85456
48251 43996 45908
40266 17775 39067
42054 30836 41215
7653 1995 2871
98850 34111 91822
74734 60125 61776
58042 55479 56867
74621 15989 59597
12711 9213 11826
70425 13766 36388
64373 45290 59314
67407 34352 59388
91530 11991 54253
80660 30305 72711
72734 55369 66130
62274 32519 35191
13425 4079 5448
68469 4434 45151
4628 4464 4555
88454 32473 55639
2785 454 2613
66014 32414 62203
50228 17912 35959
34991 31717 32212
29519 3440 15706
58572 30869 47084
67824 48224 62488
64198 37876 44435
32149 8063 8398
98478 23477 36628
80290 40529 52642
36293 7694 19835
57794 16804 51289
30497 18851 20350
77837 12071 15550
31585 23236 26952
93115 54366 61071
51900 41894 41953
77497 76752 77101
10 8 10
64530 3676 6502
52609 36862 50069
90509 36548 45476
65042 34113 48918
28324 1247 24063
86654 83768 86654
20183 11085 14736
42037 15399 24325
32137 12479 29697
79977 71879 72891
10133 9492 10021
31677 22629 31291
96102 77101 84295
38863 2312 32657
72540 53314 61711
35007 6170 6744
73979 32680 48510
5 4 5
33085 1932 13528
4748 3262 4036
55722 23943 40461
72676 35410 46787
17976 15443 17144
13020 10921 12840
21168 9519 16877
67112 44963 59136
91388 29822 84234
4262 1109 3106
48600 24721 28004
34177 223 15851
10 2 10
9 1 2
38582 7940 38582
9720 6690 7071
28433 27369 28433
2681 286 2230
74756 6410 18537
76710 1252 7517
48427 46286 48427
85188 11846 63173
82275 31772 37094
32104 7840 28390
8891 486 2273
37155 18717 26976
88642 10241 27921
28460 1691 22882
93421 44878 73702
3019 83 661
47618 34715 41162
91809 9478 86193
9 4 6
5 2 5
2940 1430 2485
33650 14838 16999
98263 41388 82490
6075 1872 2670
19804 8861 10899
33353 30393 32399
20851 12608 20049
3742 1044 3161
55256 30521 34753
70048 12857 19893
99738 87400 93662
21910 11500 15747
94648 28837 94648
67764 40136 63645
1563 1216 1238
71572 47036 55299
44962 775 22380
55015 39758 40882
22624 14469 17390
46333 43965 44589
32715 2486 20324
32471 27525 29524
6 1 2
83216 79974 81770
21869 4392 10819
16604 4359 10789
57351 47935 53603
64994 29823 62140
49226 9627 36521
40202 2142 36015
31326 29489 30560
13872 3392 11130
90869 59813 74257
85325 7786 19466
3430 3245 3340
71210 6649 60804
35575 34052 35506
68207 1426 9978
46597 11230 44998
69913 30359 53034
99508 98821 98943
8 2 7
1147 387 865
81038 19503 46906
14842 2613 9901
29627 3121 9706
61342 36693 58032
22665 4554 16458
38742 37366 38525
24105 11623 16031
73243 55119 72313
21286 1566 18834
61303 13995 19050
82758 67698 77741
11371 179 10795
54275 21147 53533
68196 53003 60102
46511 32848 42031
92225 11485 80094
31267 11687 17289
61915 252 3723
65588 15972 50952
32843 9149 19415
17756 15910 17756
55297 17284 55297
23346 17681 20360
70666 34108 55400
10 6 10
64100 5978 55286
82609 53982 80035
70256 60559 61907
37999 23510 37999
78174 57474 62455
477 99 233
27889 2438 21717
82296 52660 71619
67130 20997 55401
82550 67240 69231
5596 2345 4532
89691 24091 88054
50468 12369 42562
14128 4334 10031
2534 2044 2220
23462 7698 9173
6761 5664 6286
89381 16480 81238
50028 5774 11822
29411 121 20514
74264 29256 51230
67256 32303 64472
32298 19059 30805
64205 15146 61668
58064 13796 16691
17643 11210 13366
49946 30261 44401
36666 3767 14215
52783 32573 49678
34750 11128 25644
17655 13010 17215
55238 32230 55238
10325 514 10325
20734 3048 6487
6210 4628 6170
8 4 8
56625 9540 33260
21830 5747 7905
80512 16917 26375
8592 5935 6931
73053 69599 72767
66058 40178 55774
19012 13954 18160
67898 39511 55244
44188 19466 41874
78851 44589 44792
31941 11202 15341
18995 4460 7606
30565 2764 25309
96920 80645 93226
58221 56886 56911
1888 1722 1763
46906 30434 32985
38277 10882 33015
23084 198 721
95981 6770 12578
90312 1 79844
93801 86806 92730
14931 1904 14179
45674 8179 14018
36203 14175 21473
95455 85076 93993
94542 8811 83861
42678 23700 30510
78228 13943 20216
50327 4122 23903
27890 18042 26838
13302 5791 8934
20704 4816 15261
3282 910 2313
97435 25466 26027
63798 23505 53064
21903 11246 16057
28361 18928 26559
62106 47024 58313
55143 49444 50066
8 4 5
51172 2889 9921
81605 73361 80295
56337 26808 32268
12570 5066 12570
28638 22412 22522
46697 7884 19146
97792 1 82593
18305 7626 18305
28104 27551 27962
77660 77378 77610
90586 58156 78240
87269 51493 75818
76254 9357 25379
91716 83687 85493
28285 5814 28285
76487 3840 55356
85028 47128 79194
17373 15852 16989
50944 41124 43889
57884 32351 49165
38419 10885 16870
10185 4921 6079
97617 46211 86155
48187 42106 45710
6021 1833 5539
32430 23646 28518
31602 24851 25951
30763 15927 17747
49656 40405 45943
40276 30902 33024
53771 19021 43764
15416 14766 15268
87240 62363 76789
61918 30317 43031
23750 16036 16414
66567 65050 66556
40473 28951 37421
43293 1 31713
72807 56215 56374
3684 1650 2152
32250 9155 27561
94633 9705 75245
6 2 3
7241 102 4105
72178 59512 63068
9 3 7
52753 39635 50381
59043 1609 3221
10 3 9
69262 48885 59185
9 5 9
90214 1 59150
45855 8599 30179
68250 29836 41044
75247 45933 55388
78548 4252 54679
17568 8617 11013
13380 11979 13380
60016 56648 57350
16589 1225 3215
48190 1 10939
90840 3334 67067
4 2 4
30903 15360 22573
34470 2310 27345
46795 17987 28975
22301 20542 22157
76909 45113 50582
79286 13345 26573
11300 7599 10913
5697 3378 4627
58462 8010 10787
11560 8111 8243
57459 42525 48586
96752 55581 83682
10737 1230 2290
46642 25788 35436
48339 27411 38400
23219 9647 10304
8 3 4
10800 10390 10460
75279 26371 32508
84157 81490 83509
62814 19415 44783
92708 16900 63218
82389 82176 82220
24248 20741 22754
6852 1219 2110
82815 10348 76414
22857 1 15341
43395 24291 31639
91636 3854 74620
31572 1120 14978
16471 12966 14347
13976 1251 5602
70047 59651 61123
47276 45974 46122
29233 1549 23375
94382 44508 60547
28516 9157 10297
58076 31540 43279
3028 2794 2951
65199 62579 63693
39920 12464 16200
76428 25590 61915
93336 4568 78981
17287 7271 9106
18523 16203 18514
99304 58926 62190
7 4 7
29987 8438 29193
93913 20577 67661
42968 31667 42320
61000 25956 43623
34692 30819 34592
48892 41889 46671
4158 3267 3538
97039 56578 75570
73908 44879 68551
15430 2130 10660
74694 39880 55089
28290 386 6449
9988 8452 9919
5466 1713 4940
54284 33506 52688
25583 336 3084
65568 13197 20051
35381 3574 34352
76354 21182 76354
90327 69244 84322
85357 29893 52071
46579 14188 41923
34024 21129 29155
67509 40606 46828
12348 1 4132
6479 536 718
20608 1494 10283
26947 2288 15237
93671 77765 84095
18922 15005 18256
65103 60383 62152
67862 30998 63871
81271 5807 51680
12371 2738 2837
43239 14188 37384
28738 16904 19898
73976 10297 72494
74806 18802 20823
10760 7185 7415
49348 6730 36009
70985 68238 68895
19572 13582 16982
42071 19094 31872
6422 3263 4307
65761 13847 32401
71265 32746 45551
19106 12942 16792
84375 14883 40501
19338 532 17522
14692 8535 9300
93050 85666 89771
22116 15993 17158
9671 7387 7410
67642 7971 34772
35483 16608 16665
93905 79474 81983
6530 2112 5345
71620 49469 53235
39721 13926 39721
10526 8814 9361
30240 26746 28191
58218 43080 43512
98148 33867 38457
36649 3814 27108
78379 53401 66317
71781 50355 56995
89310 37067 60400
6 4 5
40074 2620 28731
9914 9852 9905
37621 2791 4194
31925 20444 21738
86042 84884 85321
63038 1 62796
53873 32120 44183
43584 10439 33941
80821 36184 80582
42933 9203 40945
33975 5607 18564
79567 19683 20627
98842 26920 89307
51212 50048 50162
81522 53115 64875
74704 47948 74704
656 471 622
39362 1972 37096
49663 25378 28598
42297 17045 27270
31227 7934 23643
97747 35200 86260
34326 8250 30704
83400 3617 34903
98084 77236 96566
83458 49778 72151
67684 62883 64109
91002 30059 45703
70003 18499 58079
64037 12837 23699
80739 19138 53112
24641 2429 16658
36878 28965 34804
55307 4339 43669
91526 782 12229
96486 62279 72002
9329 2210 9329
57698 3068 47613
84462 67103 80046
89851 1 48424
64325 31186 35069
92041 62274 75649
47462 20797 35804
58803 35039 48760
52429 1206 32263
31244 21539 29938
69114 19095 22840
61280 9354 52528
74618 15343 65580
2065 2038 2051
19203 3874 15016
93385 53853 56494
42257 89 40569
94530 9151 94530
75462 35639 50843
19255 16630 18487
73300 70027 70578
21086 19016 19931
62748 60207 62724
1148 167 494
68875 47949 62703
50497 33437 38948
29201 705 4273
58018 52893 54200
14208 6295 10316
48583 13616 27687
33283 25814 27744
8 5 8
95033 32183 58167
36980 15128 33714
82769 35267 35921
75052 22858 28584
38518 27221 38334
65124 4251 5929
43458 10977 42477
65979 8092 11897
13226 6729 11958
25158 5269 20652
18402 2702 16645
34647 14033 33980
57385 40956 54571
62481 10334 11981
5420 4074 4771
2 1 2
67229 11194 38198
4 3 4
62604 41982 56567
61267 60812 60895
53515 1505 23681
83133 47326 82694
63267 43327 53833
26628 16130 16438
61643 1 10131
4655 708 2222
50377 46414 46783
32362 24279 24488
21789 16582 19354
73178 56084 64360
6245 342 953
13841 9776 10528
90143 77242 88666
12472 8284 11262
46286 22207 27959
40823 6617 17616
41229 19534 25558
97559 52334 91199
26602 1225 17189
14056 11229 12901
92773 21054 60502
98065 58328 95084
99995 21786 53500
18562 13905 17851
93460 46360 48275
82816 62050 69635
87740 22594 74586
6842 517 1106
59627 2813 47080
4487 1753 2460
22561 17932 19254
15888 13294 15366
41533 1775 17561
4591 4405 4478
80017 7534 64421
28469 23378 23847
23594 1 19423
18396 3953 12120
22610 10434 20213
76717 33386 62263
34020 5478 32331
64636 18155 50754
99845 3582 61768
2693 1 1415
98494 77530 95698
7616 4742 5773
58955 53351 57354
2097 849 1086
50368 37884 40317
72901 37872 57732
12836 4319 9265
62410 12222 28016
57007 32164 51627
27496 5928 6641
5107 4838 4992
88248 45705 69601
78617 41121 52466
92507 30561 83273
10 1 7
9580 1889 5409
3341 2853 3036
57356 257 52303
53575 46465 52651
94224 69271 89967
91331 1 70089
8731 6707 7532
61584 57542 61113
91777 15850 21200
93936 27103 33506
27636 25366 26434
69445 60386 63343
20108 2057 6034
50037 39975 49658
24723 2862 18645
21772 21356 21488
34133 32719 33942
38482 31550 34344
29075 22517 22535
23278 21693 22955
39052 17376 37198
80319 25410 71083
78165 57692 71994
9730 3125 7873
37572 10652 21137
73616 12897 14170
68505 8604 18876
71982 20974 33101
92532 36364 66839
41250 5995 7484
47400 1 39906
3991 1679 1819
21480 5750 16336
74660 25524 65766
41226 34956 34982
5 1 3
32587 26491 27723
27574 2830 13242
20164 4668 9643
12691 9696 11941
65401 36979 46264
34964 1233 14704
21787 19615 21178
98761 84728 96080
88074 7874 48255
21567 4057 13051
8 1 8
85055 76430 79385
42775 15096 25576
58449 43078 53214
28093 19767 20511
18653 5482 7160
60763 16544 53056
61782 19155 37930
53573 33177 42876
10 3 8
9050 3649 4570
54386 35726 44914
10 4 10
66236 21091 48529
63222 44681 51314
70035 655 37977
86867 50453 65285
84104 53098 75979
13355 9476 11671
42009 25805 30369
2387 1228 2204
64495 59067 61385
65657 61274 65341
76511 74328 75327
51240 16271 43755
10 7 8
21061 8620 15934
15172 2690 8943
9140 11 5336
11014 1276 5589
49338 3121 44947
37018 6122 17502
55334 53817 53974
38813 31065 36621
18086 17602 17633
69917 41278 50623
94737 45328 92409
14908 74 14445
9981 4835 5345
4692 1517 4692
15277 14585 14863
58127 40037 41511
36421 546 3304
24725 19393 19943
30792 14474 30582
59745 20661 47593
47273 24554 37933
72694 17461 72148
65443 59827 60753
78964 65610 69553
44943 11929 26980
14082 10681 12821
28330 6003 22193
9 1 4
10332 5839 6057
96824 63828 89370
8 1 4
40811 9263 14110
3622 2650 2999
73854 63348 66343
60445 26982 29674
46486 996 39625
4871 2616 3049
86638 84081 85602
98569 48193 86292
56714 4934 44874
20681 19268 20097
25877 25132 25508
31014 1926 12134
98265 4501 30291
5163 2373 4501
74016 66527 72486
7 1 6
48149 36254 44689
20555 7051 16774
70469 11854 67291
98716 63369 94335
29043 15330 28893
39662 14644 32688
60654 22391 54962
8506 5523 6928
49404 20081 26207
75187 27812 67997
35138 26983 32785
68058 24321 24411
75505 11120 22986
9 8 9
9430 5224 7650
39520 3598 39520
21109 11802 20094
74985 13124 43834
43490 9 917
42183 20497 42183
8744 8001 8548
18374 4190 7670
4929 908 2332
5585 4097 4450
63966 59393 60223
22483 6130 12703
1712 1451 1651
83482 1003 18536
13572 4532 8369
66002 53079 57204
6690 682 1703
16268 13691 15502
31293 20638 26292
79011 64398 64965
51032 1 5322
53958 25557 35458
2973 2308 2940
17244 1 12728
31109 4646 9780
80124 50528 71826
8575 2090 6077
91191 31059 87232
44573 34104 37797
160 108 146
71990 56826 60988
31232 24718 29775
52012 17351 31257
9914 5891 6843
97285 81671 96733
46261 21583 44297
24562 22622 22950
80490 79544 79875
58169 1 429
48564 29824 35116
75743 23076 68793
5802 665 5200
72263 32029 71104
27595 6754 17950
13068 3404 4553
61422 55681 57396
57634 56843 57051
75446 49083 69742
12590 3565 8341
37353 10412 13424
5242 936 2548
85944 77074 84357
58005 20445 26869
90914 78684 90712
33859 10119 17175
91323 58433 61517
33814 10885 24966
60909 10354 19797
41081 25237 28988
42406 39076 41665
33798 23017 26869
24103 5930 13495
65588 49932 65469
70099 31880 59715
36786 26955 30941
11360 6123 6952
7 2 3
59964 44188 50045
999 521 610
71050 36835 60698
89694 30810 74971
33033 14455 28040
307 19 95
94405 62978 72251
46467 31808 45758
8 6 7
16585 14086 16004
34518 91 20668
37706 20250 20436
38903 8013 31236
52291 538 11707
73573 60258 68647
9479 6605 6773
27451 20928 23998
32569 27246 31113
26209 8042 14241
61534 42025 47469
14965 8449 14881
90747 42571 85878
72952 71835 72829
57239 48964 53105
80730 33309 65085
61129 37231 45107
94075 40095 50901
10338 8616 9809
81123 48802 77923
65314 47136 47748
10533 5440 6470
20666 19344 20091
46418 30494 32202
68482 24452 60750
58616 38718 52560
22603 11370 20495
88072 62508 85187
65283 40444 53698
66793 39985 43538
23315 3128 22633
53858 27365 43146
10 4 9
47775 15628 25893
62463 3544 24003
38051 20306 27117
41207 30121 39372
47214 19686 44566
77593 58729 72660
30425 2995 11442
17169 2132 13176
36356 17752 25381
91473 87001 90663
31807 1 4799
61509 10393 19117
10 1 8
65057 45450 54673
54460 45404 52339
72213 70320 71031
52944 49892 51793
77922 49888 51643
75004 68036 69246
10 6 9
64917 27873 29490
29593 25720 26400
42965 10032 28405
73570 8790 41407
9 3 6
91496 19948 49503
11618 1437 5652
48246 2324 13780
51720 42348 45251
31203 22903 28151
68761 26274 53544
63723 2600 54624
38739 36213 37561
69735 29727 53009
77447 66670 74364
37835 14167 30525
26552 3999 23206
46396 31671 40758
6050 4958 6050
8 1 7
75100 1 61560
96961 85979 96710
26411 1 13364
34985 27888 33342
74526 57942 74526
22928 7770 22425
56171 52386 55316
29877 28500 29374
23292 20828 20833
28728 12032 13633
9938 8187 9120
8268 7970 8226
36940 16902 32401
74961 59534 68354
4963 62 1831
29767 25039 26066
5296 3544 4694
28809 9140 15495
63509 15635 21598
13719 1325 6700
57412 53977 55655
97778 13047 46374
23706 22092 22623
46823 30267 30594
45535 29494 38524
11189 6735 9032
55478 31368 42898
20185 19822 19904
96865 69603 76808
7 2 4
96914 70612 85952
77068 58893 63331
62736 42305 56841
6036 4497 5626
19832 14083 19806
18182 3762 12026
27286 2987 25612
17482 15787 17243
84510 1 61034
46650 2679 5194
80725 18266 69402
10553 4599 5011
13180 1861 4501
85808 67947 75591
23077 15121 20593
98480 88308 95714
77410 73511 76162
13877 13759 13776
33423 9812 31641
280 195 207
3910 3102 3428
50680 50634 50665
81383 59398 74062
7004 5302 5688
96664 48444 78898
6808 3521 5839
96526 42200 72352
61655 19201 52876
13948 11705 13516
42715 32124 40288
99801 75331 88550
68608 26913 40520
91561 26433 88118
73114 10041 27519
92830 52350 60545
61335 36299 54456
56273 24852 43218
55939 26004 33218
55839 40112 42967
17497 4985 14397
5823 5080 5638
4465 3960 4033
47885 17330 41658
86104 37533 43467
58489 58050 58213
96183 73125 87298
5235 4038 5235
87178 7985 23519
67767 67704 67713
45786 2358 36728
35241 34708 35155
45235 1283 2708
13121 935 2756
51434 33139 46684
77654 14305 42106
24246 14277 23543
62258 42973 50087
65590 10049 26574
44213 15265 44213
69337 13532 54235
92101 90120 90833
54213 34937 50708
42096 37981 38466
51117 48481 48984
65193 6755 34585
70036 36832 57651
91954 29897 73172
51097 42784 44332
80496 23547 77888
84411 19996 78598
23556 13167 19968
72876 6087 42554
31279 1751 12574
79040 13006 54925
6298 5089 6088
98775 97072 97961
37863 422 32108
29568 6090 11614
79850 61477 66413
44397 8422 11170
97209 89744 94031
92342 1 45613
46253 9990 12746
49921 49915 49917
75242 56866 69519
80207 46793 79427
93752 33924 43174
90851 41655 77642
38409 22949 30928
57418 38636 57140
11011 3427 11011
4970 2776 4674
56732 30002 55716
85332 18552 28678
91907 55959 55978
18566 10076 17001
12514 8193 8321
94065 30084 63981
24106 21995 23923
20063 1726 10940
10158 4438 4704
34531 2264 20268
97595 7415 15991
57506 14736 24029
52152 51024 51937
7 1 7
15660 4367 14194
33544 22218 26932
59366 44468 47267
51707 4580 25251
92364 46435 59224
16614 9446 12127
99526 6368 91293
26223 14971 18433
33756 15164 23693
36178 9287 19930
21887 13034 21170
33532 27880 29570
65384 41466 42798
86568 67096 80449
26126 795 18931
77941 63978 70584
22785 16147 20072
91749 85968 89790
29796 24438 28128
55536 46168 53559
47876 10329 28310
601 209 524
44053 7102 24460
67698 55801 59185
68052 9755 18810
36745 9974 31987
83126 67121 69490
48751 38775 47231
58156 49285 57945
86138 77076 77126
71684 53611 56642
31394 22776 25794
86119 22723 84197
63869 2446 16991
19312 768 3169
96450 96324 96330
81015 54427 67456
20025 15007 16202
66021 27948 59628
41553 1 36306
59238 19913 53180
52755 15162 48904
55024 41283 49937
92066 36020 60495
64671 1 23494
8820 7180 8492
26727 10086 11972
6271 3382 5624
55215 51330 52918
74447 12450 44660
67496 37033 42670
23628 1 15152
39289 16426 30131
2376 1561 2200
86955 45561 86219
76862 71403 73996
7 2 7
17405 9000 13202
20573 15037 18495
26832 4356 12407
69972 23648 29671
8467 3428 4328
47755 37433 42422
52545 39618 51087
30812 28907 30494
9983 4273 8116
54963 35656 53839
76556 40190 76132
86903 5145 59361
47460 4819 14367
79719 73053 78764
41824 4630 39584
75139 57644 73165
99155 67101 87996
2913 2662 2848
62947 17247 27283
14985 10010 10794
24241 1386 7191
59042 16922 21689
74313 54866 57171
84218 73363 83362
97649 58202 72920
93983 70452 77088
75890 24309 33410
50817 49368 49669
33885 29257 32312
11786 11751 11769
67706 64193 67145
57739 40950 48386
30399 3726 24622
14098 677 8333
45053 30427 45044
73113 71656 71755
21965 12047 15517
6773 2659 4050
48898 1 15288
49841 17532 23308
3084 183 2564
73960 16558 59794
20630 11150 13642
33214 9407 18876
73973 70633 70645
99575 72871 99575
44569 27947 41924
52129 19387 20271
66851 51924 54500
81450 76377 77452
81186 13162 21144
34058 32546 32871
88151 72717 86047
62713 57350 58215
77825 51122 76441
94729 63681 77905
38784 20583 32655
38237 2043 24449
79759 2335 44113
71997 29932 30251
20095 8811 18062
89623 32342 64167
76850 22913 74293
73399 61280 63323
93881 2636 40888
53222 10243 14463
90029 26570 50402
88899 19152 76288
17808 11699 13791
21303 5494 16677
58012 39387 42309
32722 20080 24697
6786 6009 6576
43632 28773 29330
62255 26288 61315
4518 928 4146
99835 69524 98251
83611 67078 73606
44900 37625 40926
62524 26211 61816
40484 31869 35923
78276 74721 77053
52502 43261 51342
54544 48540 49367
30044 17585 23280
20753 16999 18079
26056 14830 24637
84488 9283 10815
93393 11170 32286
75966 2987 47632
66201 63358 63543
35326 33016 34301
33921 29122 33168
28449 1713 14909
68433 68352 68410
9 3 4
64641 21609 46276
16789 1342 3693
60651 5799 46319
59840 21560 31428
63176 1 26093
96319 74405 96211
55142 32846 36301
26090 21673 22180
70298 1 58349
26320 10202 17346
7130 5097 5618
91107 88823 90472
54805 46101 54402
39434 20373 35249
52446 13832 50015
10205 5133 5545
95997 17643 30535
75385 51764 66397
30413 28203 30192
1420 84 658
90335 27122 64512
14860 1293 5081
41060 9169 22775
96421 45586 76451
73025 48360 57971
56775 53505 56403
9 4 7
38675 28973 36538
36030 33796 35234
71635 59741 66621
6 3 4
4879 1704 4483
15837 1179 13079
21045 10327 14549
3614 2830 3418
87045 50853 86558
30065 13620 22740
1746 1432 1524
13409 10317 12730
91236 17135 88197
61943 49494 50461
63426 62629 62814
6663 4701 5575
92587 69703 79576
16066 7634 10546
6 1 5
23371 12888 17487
93950 13193 38988
92145 42172 59703
56546 4386 23339
4837 530 4068
2512 964 1192
59901 39707 40931
44399 27921 31434
28324 13722 20835
11683 706 11298
32457 16375 29740
93065 81511 83416
81619 31716 71286
70765 70066 70702
71863 49372 70375
55662 14942 50486
52348 22206 40095
93616 9685 34663
14805 14101 14629
74312 45087 49627
21445 8751 21120
71472 67348 71472
93090 10325 76034
33250 17097 17409
25490 19185 24851
87445 26170 82525
4 1 3
99976 67559 89415
11042 5088 6483
98698 51633 82530
10 1 9
32559 14182 25919
65020 18042 52565
67751 10447 66458
18766 14551 18169
19998 3220 18197
32300 21427 31009
3659 3298 3434
86532 54635 58582
86296 81251 83984
94518 24219 40849
87666 419 18976
80199 66756 69742
19417 14862 17393
6463 767 2785
75751 72160 74244
99566 27344 61464
39845 8453 31693
62491 16810 33516
87161 70543 77693
3923 3102 3879
19578 9476 17327
99675 51810 81527
18580 1119 16054
6 3 6
45752 12481 27829
82246 2907 4792
53338 19726 29279
95810 17438 40147
69762 47400 56540
93931 57718 68688
22870 10423 12710
6763 2051 4687
31979 3747 5956
4206 1869 2984
61115 44917 46504
91892 69261 88594
49726 11413 24633
97612 70005 75521
22443 11144 18998
72273 70036 71993
83755 23052 81261
97004 93413 94141
59937 1117 28175
86168 49594 53832
64591 18475 29422
18973 16914 17616
99766 95736 96513
66713 60222 60993
58698 37913 40676
32002 11938 14234
21734 3561 11267
5780 568 3494
16629 14277 14327
73352 21517 31642
68587 59255 65133
9631 3348 5121
57593 47514 55127
45229 2764 15815
30854 7908 8573
56714 34406 38346
35987 28468 34247
91800 40719 77672
46229 9933 41901
37291 34541 36842
90908 44855 50913
72052 49890 53531
73409 36364 51582
14608 14235 14314
58859 50847 57164
24726 15852 20858
29638 24565 29033
36889 34377 36055
85355 64114 84598
65457 1 23235
29977 25397 28241
21756 11064 19576
9012 8046 8207
69297 2554 50589
80904 14487 53667
61043 34841 57044
99749 42861 45952
19877 3176 7346
69021 26755 39618
87251 67653 77867
64164 28232 35987
57194 21057 53477
52653 29090 33179
59047 46219 57805
11596 4430 5397
62074 55803 61122
5778 5128 5688
6 2 5
36050 14240 14773
83924 76833 80517
39713 20843 33359
21810 17305 18121
20530 6191 6718
68361 2853 49553
37359 17872 29524
8733 5720 7150
10850 3995 8837
83792 28430 77957
79213 6941 35081
52060 10330 23073
69846 66998 68397
54582 24 15788
96770 71976 80832
87183 4465 57925
68550 26990 54675
59063 5767 49504
36419 22818 34674
70694 24688 61556
98512 2401 43222
12019 10631 11386
73629 28301 61501
72051 45549 61253
7071 5431 6516
62823 42243 58102
19414 18931 19145
9 4 9
24361 11598 22671
4736 2028 3884
33002 18971 22400
22841 16338 21151
89202 56141 74450
76474 22513 70608
55537 47258 55045
77986 6270 58311
66754 65173 65545
86468 74337 76546
13681 11586 13681
34478 9938 11640
42014 1 32338
38622 1389 38469
3993 2762 2777
86359 77557 84710
57611 54400 54711
13943 3268 8735
46339 21885 37205
20713 14496 20230
83750 25171 65510
82373 30768 30820
12933 3114 8711
13296 8104 10673
6106 5954 6103
4372 1191 1445
34157 32781 33686
65601 20214 27477
41931 31949 41931
35267 18073 18187
21544 4851 8599
54174 52368 54155
19087 3014 12708
54726 821 32415
24182 15090 17918
76351 64286 75512
94687 79063 88967
34402 173 28238
57876 43636 49878
35299 20485 28405
9383 7287 7939
10 8 9
83522 57092 67492
31060 5133 15360
25950 11722 13564
91816 56754 80648
75995 42506 47534
82968 21267 65817
21673 20854 21420
49057 41495 45155
18279 189 4392
73909 26362 66557
99637 71562 85289
79584 5968 10134
46507 33020 37032
34149 11744 23489
17441 17395 17424
99103 94853 98388
56801 55573 56792
45106 2310 26823
82135 30664 53631
7124 6099 6925
70211 61438 70211
74424 53439 60123
24585 6287 17373
84196 44295 45165
85390 50711 84889
16347 15429 15943
81475 35436 78198
61515 37750 42871
61479 9841 41543
77546 73946 77024
13036 12074 12562
50192 4374 11163
22460 17447 20621
39575 1244 34228
85502 73439 77665
83707 20436 51516
95351 22999 41361
10950 6207 9283
52669 36616 52609
57311 39524 55404
80777 2312 43475
47425 43871 47139
15656 2593 7467
93678 43523 60338
72325 53652 62761
88238 69290 85939
17716 6189 12128
70179 63922 64828
24562 5182 16652
92474 65896 82821
50069 19236 34138
83196 72869 74152
76799 21226 66734
27063 4615 11438
39373 18893 31276
72985 59744 70369
8 4 6
20847 7790 15128
33243 1049 19696
59654 52812 54818
96600 42635 48128
91173 63598 90982
59353 54238 59339
63803 61733 62490
3366 3155 3362
16076 9792 11090
40016 493 22000
21889 11166 20467
37196 1 32358
96768 19338 52485
37712 33601 35940
87196 87100 87152
16414 14326 14942
16556 16063 16419
50833 8454 19409
2119 1700 1856
96214 69914 85174
57467 25084 49680
97168 65962 88173
48141 38083 40954
74305 7467 13649
3138 118 902
61536 30139 51872
72476 11681 26811
93038 84698 89699
57889 46600 57697
81556 63518 81178
80138 3288 14728
77009 27535 35016
80632 24637 72108
20792 13630 15091
56894 11111 51635
80709 44921 58521
68799 60943 67232
37089 4905 25549
38304 3837 17270
187 102 149
92037 58728 71154
83777 25556 79953
40359 23136 39748
2645 240 1447
14755 13306 13436
99491 88299 99491
26931 23563 26156
72771 11553 26809
54424 4746 54024
4240 40 3849
66962 25743 40642
39270 13738 22249
6705 2019 3393
4414 1505 3100
73607 54820 65176
15347 11599 12806
33860 8959 31595
99213 40112 57322
14221 2849 7714
5099 4976 5093
40598 6190 36950
37089 8845 16487
99034 21290 64514
58810 23640 38312
51472 30955 33464
56679 9332 17993
54922 5096 19947
69415 23768 31335
55983 45682 50622
77784 61201 77745
65240 12766 26535
75821 10123 52932
13255 8432 10655
9 4 5
62121 1 6111
99834 22082 30299
11728 6717 7171
25052 13942 24970
79153 33053 34526
25484 1451 3600
26258 8114 22914
59057 21757 53029
28567 15758 23430
6864 4369 4504
20216 19506 19557
27658 23331 27158
57060 35897 56554
42274 26073 39819
2996 2000 2850
53549 50081 50542
7553 355 6617
76585 68142 68257
51950 33408 48704
6637 3989 4402
45035 44994 45009
86941 24741 26093
29279 18388 25774
22375 18200 18873
51644 25489 42700
46688 5764 28723
63034 18233 41712
39174 13558 30264
38083 5451 17205
79180 68705 72001
49734 23671 38945
90461 82732 84154
98742 32944 53458
11848 10503 10595
70932 27920 43074
73773 61715 70595
46712 12360 12487
41381 30140 40754
54609 53822 54123
7708 6302 7542
21956 17638 21263
21212 1615 3105
68011 33364 46695
59906 6018 29938
16352 15629 16107
47823 31585 36331
30518 20477 26493
85643 17039 37955
13627 12336 13197
59188 57918 58845
97913 47109 84235
33808 24535 30497
75716 3356 24869
59471 58621 59285
65037 19218 31149
79566 19440 36316
41844 16703 33721
22748 21297 22532
57085 54520 56082
5581 4574 5040
57197 16441 45620
70037 43216 53498
35364 473 30696
29626 22669 23919
6589 4683 5899
26547 5154 25656
44275 22269 36058
721 254 567
68824 1 48964
87434 26106 45220
4469 1305 3944
99753 74655 81225
20733 9389 10324
6757 1157 3445
37565 22028 35124
91604 36425 74204
50920 24530 32987
85554 37893 56655
83300 66541 74108
74297 62791 66013
67825 50147 67825
3252 1085 1960
85931 2295 71410
42326 19661 27699
62598 28657 34180
69912 35121 49988
9 1 9
75325 49167 56048
26668 6469 8758
10964 6744 8034
10065 9250 9642
16550 8199 10595
6 1 6
11669 3595 5572
35992 14256 34244
53888 43065 51430
79551 31928 40706
99419 61989 97250
38285 9921 37758
9 3 5
52968 1 34442
49368 36813 46857
44207 41805 44020
15619 1584 5526
76809 25241 65147
99128 64433 88415
69437 45429 48486
32389 11815 24780
82632 55690 64327
90785 75608 84279
56040 47369 49664
6314 1761 2136
16882 2720 7242
37216 591 3407
48860 10430 18908
89362 50913 63339
125 63 86
62231 15689 29052
21383 17619 17979
97334 61264 63269
6654 4858 6045
33981 8188 13020
21315 20643 20953
28260 12832 21487
98993 38254 49684
73452 536 2745
28799 17562 28139
96055 53992 65728
21253 20541 20748
4013 2122 2576
44725 17307 17396
58102 41314 47838
5000 4949 4955
94484 48416 87894
25944 21307 24108
86338 26812 27173
36810 4004 19625
3545 2756 3105
28128 668 8287
83852 23101 51138
41314 19124 20665
18259 12438 13343
75029 45343 72867
95426 9054 53542
56701 30364 33115
11852 1915 9053
27283 20537 25250
50049 49789 50049
43555 33929 38370
96682 58871 95138
17260 9267 14627
43242 5062 6328
83550 42317 57269
5301 5298 5301
9356 2801 4255
77213 42824 67226
10774 10343 10547
94434 92398 93523
5 3 4
68331 29551 66423
66455 53004 54419
84936 62876 63470
35184 24088 33069
76229 30088 34949
96978 65169 68414
79349 5218 51901
43890 35253 37017
62497 17962 51387
1572 266 729
63368 56869 61226
58415 19789 53928
56946 33043 56127
42606 38617 41788
9847 9050 9324
84681 12291 35315
92485 71024 80529
92339 45317 56303
89040 34650 43246
99423 55428 99423
97656 25851 81429
84121 63628 71711
58051 16947 43429
92382 77106 77962
23706 20558 20864
92143 77229 87638
61485 46136 47111
21575 19569 20259
84510 17556 18511
61185 45208 46449
22977 7215 7534
68907 9821 12371
17336 9012 9589
58243 20428 29006
9704 984 2242
78874 15763 53325
21829 9901 17910
72112 67183 69154
6501 1602 4521
87356 32408 74753
92430 83573 86200
88070 9143 51425
2749 46 764
68687 19922 44992
91923 5065 46956
76918 16254 31592
30290 13542 22256
25291 4726 23679
20347 12625 18451
86435 56524 67574
83244 56048 76090
62805 62559 62581
71438 40794 50233
17335 274 8460
18805 6874 16442
78989 59912 68116
38520 841 7813
32175 27327 30398
60808 32210 52418
53725 45044 52576
85050 20117 45019
49940 14538 31976
98597 53605 70509
40757 6471 29510
62641 14484 49746
54564 28306 43730
84740 24528 53209
73282 7223 63079
61875 43983 48615
2741 841 2364
57673 37587 49788
11374 7701 10218
43797 22433 33348
12603 1426 2958
48708 24649 26422
22796 1 20977
98517 12840 69630
25874 25357 25874
99696 19855 43515
90095 78305 90095
72206 59192 60077
46419 22609 27672
1008 849 1008
91625 84209 86764
7198 786 4916
5647 195 1764
24909 12221 12599
4459 4412 4451
49621 23370 42799
72250 58019 68750
64558 2772 26170
26878 21007 21190
80113 50597 72755
43304 40395 42796
8011 898 4055
6 4 6
38899 34290 38317
50507 49367 49428
92213 58414 65238
59291 19944 56626
37420 15869 23555
45625 1 15792
49727 41 47716
44971 13378 26644
41295 39129 39754
46631 39830 40819
90899 49758 87323
38391 1199 2824
72440 33647 51785
58505 57731 58392
8 2 4
35451 34094 35051
66206 21335 41573
86256 74069 85443
1929 972 1490
53598 49883 52321
51017 1 13365
86052 49628 69197
22488 20598 21700
84579 9343 28731
26634 4880 13928
45236 33584 38094
96540 8658 45533
31843 25359 27462
73783 71571 72240
32276 12583 21367
21809 15698 17902
4092 1 2515
69207 4456 41344
447 35 227
72915 65621 70222
11841 2901 2953
77871 9639 32992
69792 64785 69792
48670 28137 30673
98805 76918 82152
20161 2461 8084
42456 35652 38528
83818 12584 42360
46630 36953 42356
10 2 7
24912 17549 23986
72965 39399 55094
62988 50700 51741
41410 11095 30895
10679 8469 9882
10010 2949 9704
42749 32836 42749
66891 46788 47448
35551 3239 4113
3860 3182 3719
9 1 7
39994 20505 38056
10898 9462 10376
78940 69576 78940
91782 81674 81896
67384 64142 67374
84126 71974 79530
45708 2971 20259
43852 700 40757
74887 33461 63454
53658 15777 32672
52458 25689 37611
73915 1 6905
26026 22801 26026
95477 69237 69376
19762 16864 18518
57454 9471 45803
90577 80225 81544
7722 5262 7370
594 21 222
45039 2110 11645
15641 15228 15285
41725 39710 40433
62210 11391 14420
73407 39168 54356
64849 17024 48901
46657 18575 29522
25946 21238 22978
66054 65758 65867
85468 57787 84505
58412 37126 42309
58634 40022 56928
5437 1373 3662
22395 13926 19862
