5000 2000
8031961 6859769
8459071 6187032
5108745 3493200
6356389 417876
7888222 5368719
676434 8427117
6935749 7016900
5159845 9845072
2576020 6231476
1239410 2244434
8763285 13794
5255711 1590227
6064350 847332
1312601 3665601
9986564 9295438
2616368 8442803
6553618 7181175
440527 2445346
6796580 8027993
9975853 2920020
8355135 9780361
5593947 6166094
5637282 4593650
1275251 2525400
3784492 193603
9203597 2626278
4550303 6317157
4720237 8645646
8112733 7765192
2820942 1015124
1787690 7193473
6298313 4355618
5226424 595238
9412101 9343586
3330284 3968161
7188553 4205699
6347567 5499084
9226138 9268460
880214 9230383
188796 3479500
1584323 3891327
8666656 6865071
1017587 606865
8880281 8274465
9642191 4398372
3403097 3193965
2951660 4582364
8808882 8492391
3772757 6735013
2981695 2033088
3357975 2977336
4607058 2292340
2292938 2925859
9586573 1820396
1659521 1100228
9597496 535949
3611174 7535147
9378912 5776551
3509172 2948623
2164667 339322
8667906 7781245
4654291 88480
5410757 9268262
922344 491609
3428337 8868857
2344503 2859531
8605627 6750692
5228987 7691761
6043128 4934517
8610042 6735920
3381599 9987198
1081932 6167744
5727631 6538415
9988900 2980821
1597991 420940
2164909 574670
4863589 7803833
1459488 9314887
3919710 5243685
8877001 6094472
9885636 6981225
9106797 5033712
8578973 1143312
1714758 8745129
6156068 1047094
3615382 1758288
7909464 2377033
5167777 6663356
6436841 1394795
5293654 1285730
4398683 9327591
8862044 52869
554177 1244167
1461661 2950983
7316266 6799201
9088053 188315
4399003 6116088
7208787 5742558
2954503 5969454
559855 7161822
2598722 4504669
1479862 5927548
4185816 6715552
4886733 2861552
6842773 1931107
8652560 1594669
4337511 84795
2938914 9652723
737640 3856036
8136196 3647435
6593129 6186677
3529669 4210723
1714033 1438088
4027210 754244
7345245 3676362
8543748 4010757
5941272 5482772
1138024 4230747
1697604 1075666
6771269 2785944
4204400 3571281
2785296 6697419
4477037 583036
1328962 3839504
1532907 1663924
2014575 9414299
3470206 9090066
9412967 3540354
8874072 205832
57323 84939
5171105 9823511
4290851 2069945
4360146 7833490
4892999 6034095
9520783 2295180
4576838 7135685
2271120 8722199
4292710 1312983
9541939 9603739
3941033 4260480
1046730 6429359
3616041 7289644
7671604 6048978
3680728 7759623
2718487 5370594
1189454 844619
2400704 6829305
7671712 7364796
9757854 3438308
1595999 7218732
429113 7520621
8789662 3169817
9592192 3526353
4566365 8846059
1130528 1492305
2509844 9568438
6297327 7276795
5146583 2638498
3226895 7036656
1838210 6661236
3576681 8992413
7047595 40868
9113446 9474687
7720373 2096599
9893992 9943541
9884730 3171761
376017 8175259
6429670 9045637
7713314 5496458
2612553 6693217
5984265 7889211
7907663 3463995
783098 9663850
8660883 6372117
928914 2706637
7255079 6291823
6608619 5535868
5442055 9450173
6029156 4714372
330005 4158535
8204551 9303624
5368250 7075724
1328939 9463805
1996047 3049365
5271995 9516268
6614092 2084235
4915413 7450842
7932605 5498182
7020408 2013947
1891793 9052318
4911711 3813386
9740777 636819
1327986 4169399
1731108 9622197
1629378 8565956
2354141 1287071
7668777 6712912
6494519 1633670
2231732 930946
5951953 9943367
2479164 8445366
467846 1966551
6083335 4592317
1576184 7436258
9480504 8539548
6363008 3293333
2864859 3083915
1241375 2190040
3013440 8322948
2761453 3339747
9162344 8192948
2126349 6015871
624299 8282042
1677077 5653028
9776270 5841137
4461116 9724325
6429041 3169195
3844110 3335809
9924492 8965586
5749406 4632476
1606520 5430080
2219011 1998205
5544190 5989749
7826367 1653734
3235030 957236
9710703 6109851
1531438 1423114
1477251 9261536
6497137 3435011
1115817 2188405
4155614 896447
7100008 2441026
5945232 686173
1823371 1904539
6479969 6049508
6672049 5305436
7656180 2809078
576590 4023937
1435496 2769628
4054545 2542121
5745450 330445
7518965 9420283
7121547 4708336
1231887 6491821
8537377 4477885
6036637 6986342
9953328 7838144
8582942 5931965
6611858 7358001
3892394 342738
9124915 1425603
1360937 5454603
8421630 9337252
3266346 722645
8845792 3174573
4433188 5298175
5312773 4622741
9489138 6292727
231123 7177027
8444653 4864346
1053653 9544371
1307000 4258554
3577387 7742810
7857361 9985028
6488839 5498588
2588644 2930550
9558027 7200792
3940065 8905596
6147327 2627616
9958221 4810461
8463290 7624792
9722416 8012868
3988735 9103156
7951931 7769722
8481868 847623
939326 457980
8822895 4003137
1724474 1144327
1877755 8226053
5664723 6876434
2481673 3390638
4145955 8326438
6428841 9411496
5803869 5116914
1424491 8612200
3462533 9035381
3055207 1709722
8311593 8280505
8106815 7445723
8368974 2140150
3534865 7409708
8948570 504913
5543677 3890424
663073 4880807
6344682 4629187
9767913 5816760
4181713 801310
6977355 3491697
8990098 9532354
9582634 3690053
8332428 4524044
8086496 5482606
4842262 3816353
2086563 2963924
4956654 4034748
3871459 1655845
7483982 2636360
6123837 7243793
2217010 8862736
7200736 6938965
4529987 8092839
9630732 798444
7769432 3189321
3327780 5630370
6032844 135613
4274346 3100558
2601508 5951811
3036856 1275675
6468922 4100457
9506743 2307620
5540677 66346
8825806 6121568
9199569 2807093
6044321 6419649
4345778 7892894
9184646 4530643
4013123 7654912
746600 400318
5292826 1541371
7224037 8166442
9033287 1478034
3621473 4246992
5253213 4711795
5991785 905951
7263893 7474391
5275004 9818064
2604327 3116902
7928160 6323564
336197 6297378
8300020 7314716
4465213 8052285
6726320 782111
5251517 3983646
374383 7891269
8511492 7422846
3382846 2250410
8259085 3740084
4333383 2270648
2963686 6465710
7195223 1990444
6630999 1569732
2092181 2336955
8416047 4100636
6901187 150032
2599755 1042673
1585474 4986372
7585096 464272
5504979 2675597
6002664 9518182
5775082 1372886
4358068 9659087
3445721 9514625
2780626 6860539
9172563 6400825
3318391 9633840
8189013 4701680
5188767 8335909
7932094 7246827
3525385 131864
7407076 8116021
193272 4240074
3049171 393925
4342992 3044727
4947830 300153
6974126 2043605
8717392 4985223
4953822 4561766
520234 1744866
1398380 3874407
9370914 7711742
6583816 8797085
6575511 5284495
9770949 6893514
1765052 775958
1873007 3941528
5942976 2192023
8584113 4632463
1703804 869667
725507 8906554
3339309 1864359
485037 9375186
4121095 7551023
7844944 7247516
335192 3609037
127799 20768
424235 6573351
4424986 9012918
270120 9078203
2107482 9553695
9977292 1129731
4695685 9359603
259398 3359400
7591265 3295939
3739661 8287621
3544467 9096265
2915431 6127503
8729742 7602766
2647227 9559380
1711890 2769922
580835 2423465
7793712 6896989
8403993 8873097
311800 777517
7067677 1429077
7510436 1102393
9267328 6897920
8547683 8656734
1973256 1625207
3156572 7350696
3054883 1692766
4691672 6666026
5660749 132497
3326144 8035048
7990302 9163705
201185 6293537
4322127 9563262
2505576 9722482
3062468 9464859
9462332 5352325
421627 5807079
6565718 5967277
1000236 641056
676076 9888577
6856012 561706
3153598 9400954
8373591 3969833
1373468 6237521
8606451 8067722
8330829 8748836
907487 1204864
4632142 7738743
2745247 4146568
4935310 5289467
1916661 2314917
587891 9214620
4630975 4009223
3372014 3440340
1208639 4637656
7644023 9899362
7503028 1690847
3784821 9003271
5038536 5235615
4173562 3885137
9424955 6142495
4865060 1256852
4395589 8333232
3143397 6057918
2024513 1510787
7375967 1948031
702880 4997531
2765673 8390055
7007103 3002825
3776057 9787592
1807312 6950452
2580935 1322294
1976670 3015032
9083198 8734661
2479175 6272045
8894304 196571
8717110 1553906
1456178 1751777
7773917 8058436
165575 8743872
5885443 2853499
3076611 3011056
16580 5096584
6289373 1230745
6521630 7514057
8558483 5592119
3706121 1232805
5171980 6976580
5409007 54075
457962 3539738
5866897 1085255
181037 3139451
6370611 6632187
2584604 8621688
1493739 4875006
7142625 6626750
9578015 985172
2417286 1530655
7470478 2783878
7810699 8773982
1052212 5965988
8199949 7365091
4325084 310477
4048936 491781
9463569 4370124
571306 449336
5964692 6151953
2288762 2384737
9505060 9715098
435640 6910669
1010595 1413292
7073102 5685121
8526789 7858099
7675269 5051670
7972585 6876440
6758551 5076543
3524126 824010
378217 7411388
8089601 4543320
7418925 8506082
8281379 6839295
7054564 583354
4559430 7411016
9183063 9681814
2910118 2150809
2149972 4011510
6826607 924070
1270068 6364351
6583263 558137
7990847 9869791
204817 2479040
9996658 2428589
6418200 5527257
2153562 5129967
5635561 3246400
8800762 7043873
5770316 1217037
9214706 4257272
1124833 9525509
5322333 4378367
557785 6648972
3066791 1821003
3551198 7347390
5925025 3155493
695734 2099529
5812835 1239813
6062476 6345225
3416911 997977
9412923 9760570
9191171 8883817
8106231 9296518
8525519 5761710
8949682 4063860
7595952 8126636
6909138 4584582
8679264 1748997
6173682 2504320
1192329 7743968
2369460 3060971
7298619 2108575
6695958 8967133
9370042 4296365
2529642 1742350
4647240 2281606
1605333 6367373
2708860 8635703
6914524 6973291
4137742 819690
1197746 9878431
1137422 680841
3648071 2929354
990030 135366
8752059 7171000
8269640 6537781
3520371 6173041
8244916 1360776
9162707 8993698
3097924 8754586
2837291 8839410
8951196 3385482
1558057 7324041
6059311 9970252
3142192 4569787
4341960 3924540
180772 3380495
8975356 4076954
8413551 6148824
9015071 7625575
747527 1888743
2430699 2795088
8790071 1773761
5159701 25811
1611488 7975670
9509228 5330424
1777529 2230930
5012401 5992466
5378112 3609654
4204576 8811606
7299328 8008001
6989924 5205140
2319375 9602594
8814418 5909268
5613941 170856
1039336 4800437
8691252 2604607
9089393 6828246
8948235 6984711
6246807 376646
5477601 7935202
8505372 5102830
1928756 935740
286808 8602409
519185 1354023
4929950 4984127
9105770 199814
5237126 9941419
2621836 9462483
9849941 232533
2408183 6365571
8567061 3665609
3045272 2276718
940654 344456
5059018 1571989
798867 4733532
1015782 9468318
2677016 9332114
3810281 7565718
5894651 6468394
5997577 9405847
8692430 3806995
8686773 8241267
2027868 1451396
5482849 4218976
4182039 5238544
729710 1977026
1904173 8417664
1380413 3711258
2840223 5087027
7253253 2681022
4707679 4650730
6176584 1356220
1082718 2921360
9163478 9593475
6710399 792510
7717707 2514712
4672505 8996565
6474667 5900379
2255202 9781416
7631660 6754502
3805332 2993242
6195300 7373070
2369835 8609724
1196694 5549436
4679339 1660679
5170336 4294078
1600415 6273228
607747 7450790
4161466 3669629
9683104 2660233
1032925 5464018
1513459 6921496
6708785 7509453
7230013 5498188
3309223 8476646
4708683 9510369
7241470 414246
6053232 3958072
5873304 9793975
9670009 469775
4581906 826861
1106915 1492939
8080007 7051151
6181327 1489554
8726578 6575518
1926490 3184017
4876689 2163251
3356408 8633160
9487615 2803309
6027554 2416426
2257682 3750802
9436297 7040896
7580186 9159424
4075503 9208884
8061727 1273017
7001501 6571117
2895877 1300644
7041931 5296001
2491806 2636613
9863928 8850598
171945 5094107
9389377 4620137
4398587 9674278
6801411 7176083
8595473 2387678
9599461 8628861
9452385 8545475
9655495 2593560
6003559 8904696
2874038 8076752
1773809 1903763
6366063 1017489
1678241 8382244
154390 5052539
150029 304463
1147292 8367530
7467961 6689148
7660259 9870624
4288674 1424047
2079824 633599
4572693 6049638
7842227 1459384
9551836 6387553
8092532 5139469
8010513 159313
3425013 4897642
2467887 1426723
9281306 9815017
3326514 6177239
5481162 5473796
507757 8812616
8060292 5159877
6366888 8863302
7546775 1811177
7099516 9714673
464969 4472543
7923530 7645924
4599565 4825808
6398075 407796
8995687 1152697
4846379 7912118
5060178 1828597
6254538 1559969
5878945 3015509
3209463 9108176
6814327 5395400
2613538 3285915
8010242 5764806
8771084 3412872
1148803 6212867
9203444 3666804
3823941 8828641
2742789 1483743
9996289 9777776
7963630 6190666
2976751 4311356
7138482 7055887
6285042 8544241
7064579 8583160
7862785 7803243
5267566 857505
377593 5119476
5259590 9241616
5148570 849255
8386406 8901453
9404573 4723125
4672539 7229500
1413628 1158382
4105501 4927849
2144003 5044830
1508924 6969393
5620200 5947780
9883689 6791434
5768282 8690035
403404 652053
226805 931293
5145043 9728571
1503130 4105561
7415941 224194
5492720 3585050
2318977 3635189
6417616 477477
9041410 8688499
1125199 7422510
6023450 3975469
771406 3375813
2345289 7227156
9533420 9348666
5821825 6128143
625981 887083
2377754 9442409
3540465 2889372
5581500 3870844
3315843 5909389
5396027 6399290
582818 3561168
694172 953406
8299447 7589730
2932543 1777941
8754478 6691424
3998775 3617833
3754860 4886464
998747 508915
3054730 7538833
8273876 5916564
6946764 9438298
2510978 1560860
2663334 8900604
8619055 8176851
651553 3693615
4671944 5244781
5461392 9570029
110185 3387457
4022927 466467
1672427 4857527
4539739 744937
6295101 9122414
1879921 3041427
6651276 8286177
9446041 5107691
1529070 9712527
453097 7673259
2967861 6170504
6607170 627995
7191120 2283124
543064 9741767
8417724 8094400
6421978 3662330
1905316 369704
1667419 3940782
6075975 1826158
943355 2374634
2608656 6119217
4566313 8412576
9114021 7810450
7939905 1998123
6707473 9577930
1304541 9074565
9151198 1170696
9850891 700791
7841960 2775502
5463252 7457371
4899148 7972106
4555779 4509701
7644971 8044221
3238731 7465685
1162315 3071645
4525160 7730125
1860363 1005371
1045189 3259566
7506689 3118051
3042081 6829848
3066658 9344581
3326562 843086
1142094 4588892
7621892 456985
9104675 7661518
7165249 7330488
5501161 9902276
3558973 7856964
6804220 2393178
536746 6712752
4325950 3410915
6160936 2933227
5611418 9119293
5973671 1681008
4694443 2619764
3184176 7386068
202104 409681
1621893 5790132
9914955 4971314
5195076 9648614
7310372 7447189
7888108 7212252
431605 4696003
2601813 6043066
6088363 1145011
1594744 5591148
5639439 3700601
976634 6084713
5840416 733001
222555 6522207
4631211 5952377
4608705 6655421
2621546 3452324
2947020 9077146
5233458 4652647
2166389 8160323
1537436 2389565
6845512 75673
5658421 1473587
9830214 9089358
692544 7510057
3086100 9054009
616540 8201325
2513548 8333038
6189973 3294113
8182190 7105314
7887137 3598422
9816447 2359299
4644680 5127060
6134535 9996191
4252970 9921911
9391980 6819336
3450163 8555652
8244788 8232677
8790703 3785796
4080536 3228262
192827 2690396
2748351 2786802
2398116 9006486
3624489 5338921
824601 3709386
502659 1980775
3499680 6934035
5753641 9535355
4957185 7088972
8198794 5955642
9032177 8421040
488460 551870
8480297 3654641
974009 1965245
6611802 9097403
2834904 7692863
9706887 3871246
3285899 8313253
7031 3827073
922952 4874719
671869 1575394
9033325 89831
1047342 4104329
8113775 9531003
7658004 5315671
417698 2381107
4264887 3262226
4259746 711612
7748486 941985
469808 6157110
7241916 2969439
7798029 5844858
1436337 7084548
5636220 8450375
584690 3736425
6341716 5957869
744578 2577431
2391467 6829323
9536214 2455232
4998118 2977456
2749949 4420484
4128686 1886353
7661697 6117243
3994581 7462375
5572208 6153296
479176 9119104
546895 2037624
3371481 1844347
6343114 3282909
1973983 7804923
8047460 2147101
9162946 6651433
1046001 1271546
2304463 4980204
6661937 1928578
1794721 5979794
4528643 8037007
5280903 5622712
443605 2774057
6016515 1147832
7768721 3415021
7357518 1589147
8320239 2990901
6865215 6119425
8026345 7815178
9304876 8437669
8000357 7279244
9080818 9152503
8947211 8597502
2566471 7677940
3488248 2295359
5330633 7367703
2058700 4181149
1298866 3705536
3112956 4634295
1281230 596459
4831202 1194752
1057240 3265612
8363918 8165746
9522283 3762160
2914479 3453124
9421763 7090984
9134780 8949621
7704621 2661825
6014384 1971317
7671904 6086840
2822587 9723829
8665926 9504356
915043 8950414
6986583 743395
4464896 3070514
1885357 2569657
5697488 6797915
4781386 4770205
9434664 154478
6297391 7399045
9604782 9029292
5381982 2950695
8488059 3244485
4294088 8334336
1190827 1575912
5740483 5910929
63267 772854
1158349 2490845
4502053 6142553
7469282 6768957
4225010 6944068
3242329 905855
9993135 6970460
4638864 7453350
7871628 1446149
9315592 1261544
5310980 133582
3951387 2621433
6097980 3771080
6236708 5583617
936883 7413516
7634304 3890769
2048271 8098205
5862826 9487096
7872630 6334731
2459957 3479332
4546895 9981934
8655543 3933003
3356970 7778037
5511826 7272302
3544058 9868921
7691933 8905968
5144255 1874892
2655545 3241962
9005546 9454839
1653772 4494353
3376935 4487680
2359525 9660674
6779414 607928
1442392 4365197
5539394 9081771
7540789 2452405
5372405 5928893
4588983 3221813
950053 4754574
3708690 5380391
2454738 885235
1943787 9454433
2315559 1858499
1124202 1981591
8864491 7347159
3288331 1766763
6662664 9409766
2772868 6731993
6379615 5811028
7498424 1259570
619299 133026
4029541 872345
7148629 3422528
9423348 2854164
2660315 5149484
2216062 7946682
648351 8957854
7348790 8547897
1957720 1656672
5346083 292443
5240755 1242830
1446988 3706603
1716004 456594
769744 4294262
8295892 2968313
5064896 2543310
9787875 7162809
561611 8313482
199582 7879015
2003 7044850
6770016 4409424
3012750 4865584
7766837 341137
1440078 2558950
1794047 2929186
243493 870651
4836951 5506421
3147923 9687022
4234725 681421
5565837 440799
5410124 9098569
3203566 7302333
8683293 4516555
5192319 9479438
6438915 9198009
1246966 6630691
5212488 3877029
3637826 625844
8725773 5972877
5501780 484629
3031121 7216095
1600047 1059902
3981379 5358054
7850234 9556209
5709767 4509480
1431186 6639146
7657942 4861458
1353622 3488737
4967152 134151
1945394 7215328
5396700 2850058
180378 9698991
3937917 7645155
3062851 2166778
5921595 5573229
8059150 7297804
5958467 7336814
5220566 6853528
1517934 1484250
3720677 3426790
6206031 5286420
7911260 5730060
3479789 677997
3744583 4579627
6707578 8418635
9996803 6530959
5373020 2876243
1037217 2740050
7993367 6154041
6206356 3658721
9181221 8908892
3757635 9314692
6985562 6575727
7668274 2251075
941875 6007539
896292 85634
662466 478649
8526104 9335981
843400 5700646
7167536 4650992
8956453 293434
3282096 4472403
2911845 9052962
3628565 1944707
5790359 3154242
9242288 7455358
7252170 1243898
9001263 3629394
526953 8963941
3631608 2371414
6794962 4872278
8334511 5055421
2458830 2794197
6563795 4920442
2890133 4201823
4256247 6512925
7405473 9934877
3392618 8196064
6416592 1593724
9107508 8646137
888882 7567605
97522 3287760
3686381 2081399
5677056 8813609
7946235 2536035
560637 1714414
6467298 7514159
3527631 5237292
9866510 6022699
1734688 2499940
2792032 5012737
5295347 7839431
8857309 4730899
590488 1922536
2893087 3391099
5688072 2978030
5531594 4308232
9082965 284296
9366877 5851813
5148708 4991289
1981119 7022598
8210173 7607783
5704180 4664955
7721132 7217845
6690643 7183504
1496432 1035763
5819906 7748399
5804042 1448316
3190004 4539055
6041129 9754317
3121853 3018498
6241119 7005372
7250599 7952665
836743 4270905
6325449 583717
2120158 7939849
4135729 5243714
9516261 6657697
3452311 6353409
4659718 8973156
8096984 3095292
5277402 9423037
7904892 5425619
5836972 1880160
4118413 1255567
9688468 5505295
7344834 9740415
2899684 9264325
8849645 1178845
7182335 8478137
7580369 5015024
627625 8932259
2965476 3872999
9619561 5333146
115744 6264222
2065919 3830291
9002201 5589648
2411175 5445859
4872931 2905302
4163400 3724066
3607482 1004407
9685364 5024424
2639825 8775553
4343592 1183073
5640779 9118607
3720499 3131671
8525353 9219112
4620631 3350859
5600468 8272190
5624929 9838468
2565448 3176256
93322 1148934
8847444 5254080
2676548 3972778
1146247 823771
3821695 9858834
5394449 9379968
5112238 2478714
4249331 271278
9691491 5698108
8141041 5727651
9625807 4042290
4546076 5847239
9464068 1286964
4646192 3736552
1851024 7375962
9275430 224003
789532 9872140
6888586 5135840
1897302 4724834
5251696 3043749
8683393 2568484
4579969 764877
3551550 9645844
1320652 4127825
6616893 5854013
8980368 8055218
6193816 4182195
4719248 6689897
1131988 617626
233012 1793633
1862874 2511485
2087412 7743735
6157251 1890038
6993919 1263575
601565 5884554
2896139 8056982
766037 3511943
2144610 1670694
5785234 4006319
1216324 3302242
5846383 5214938
6132333 5482988
3167799 818200
861192 5089205
4745939 9297032
744206 2437134
3789401 9277760
919447 4005015
7664446 5578516
9161397 9880537
1243953 747261
6573653 9887158
7588225 4651112
6564754 97105
442293 5954553
4893023 5144194
8098199 7802402
2265482 8792942
3322417 1843420
7327292 2089662
7078309 4735432
607637 4461348
3550698 987499
4210084 7496457
2996255 6272023
2405397 4479558
7156521 8227066
8164720 4922989
3563958 3914905
8536064 4547725
1053983 9447180
9168931 247769
7322786 5795341
9350049 9441672
8925325 9610223
464613 4459757
1026912 331070
4976905 504135
4917115 5410281
4426458 8380697
8527695 6739494
3293522 6371704
8209951 3470933
8327586 7788855
5821808 1774672
3744756 5059035
1733010 8522036
7870677 4711004
41907 5199778
474894 9400338
278084 1554228
1143053 6315985
5020513 6501558
9527285 7662962
5911750 192546
7586750 4227932
3235950 8470573
571281 3644433
1547351 8993424
1986159 9309008
2436028 2884974
8736586 376950
6151052 6876584
7772417 5774445
7953899 6938134
6715160 7424668
3957026 8236352
7508958 7717092
4316 7933906
1305231 1660181
2701911 1598036
9378457 5541212
9388541 1022983
4714420 2244048
4738933 722613
6394586 6465473
4294500 5279144
187988 1070609
997249 4801609
1035788 6571633
6720964 9189497
8276933 9627798
4856180 193494
839964 4688258
8424047 5526762
2125562 709921
3534468 7817424
7222446 2946894
6130947 2909167
153344 2325219
4294489 7362231
464647 5835792
2185992 1200279
5792733 1607801
6303156 389032
5946518 4278019
6468215 7930815
7097064 1410226
529943 5479851
1891268 2316972
7965874 4837562
146319 6356554
7456692 4832742
5091120 3973874
2667049 5073167
3522839 9663259
656517 5152932
5167359 3398612
8780710 1953577
8456637 5755448
6991938 5879271
3876246 3523881
9348427 9987982
1505861 7431517
9590 4053886
2702243 5808538
1454099 7567974
4898741 4158265
9250416 6814407
2753043 6969311
2981991 2827729
2752217 2707832
4458376 1804031
4221475 7548183
8145763 2520240
6472020 2938600
2491025 5771985
2176913 719037
4725427 2229899
9510692 1228364
6527091 432618
5516002 5020386
7059145 9738852
3100493 5092043
287633 1682433
2445142 4297657
9340388 6769403
1519086 4843011
6094383 7134205
2564137 3630044
657209 491150
7691826 7895923
2601531 9538521
6950639 7662715
3784847 7770102
3676009 7553108
1645467 6368544
458848 6634727
4339230 185710
9543240 2816348
3537555 9471925
9122365 1725738
8966458 374223
8423263 7639639
8635706 194902
8221735 1034129
475869 6265207
6017484 3750916
749345 7940281
9613681 5143569
2949374 5360363
9163306 6557360
7151208 9737464
8671689 832808
620815 206090
552413 165724
1540179 103550
7715737 4337475
4562501 8712821
8771101 2746846
4029388 7673577
4892295 6195537
4016081 1266833
7431097 4439358
9912718 1542932
9694726 9265706
8041152 6182666
1177253 2682451
7164555 776074
9380215 8265027
2174687 8976276
3293437 676372
1980457 5569004
1820638 2138819
7008780 5307469
288191 6432217
2335654 4559381
7521197 353081
169607 3808512
1512102 6455744
170341 8688627
5275198 9564081
3746533 3780120
4512443 1445957
1455587 5177667
1916066 8254493
6299246 1079245
2947648 2539765
1224356 6090740
7460980 2806134
1774810 4948609
3803868 6372538
8195385 7455118
8891799 9735253
3386624 5872876
3868307 7119098
9986909 6788534
4403896 7785823
1083263 8246591
2702777 433714
8390213 5315319
3458639 4089916
6103807 8142581
8053586 4751231
538572 6857843
7800476 8773536
2372469 8167205
7624095 5597213
4772244 8263558
9374072 8747651
5731000 2705029
1197002 1281462
6614805 1614455
2377253 5333346
1133752 1969552
9506579 8895776
3090347 70344
1890700 5963048
8963986 6039476
4015678 3840833
3921583 8510909
4939970 3138698
4392906 4325442
3581698 2458916
6323717 4816965
3526286 5262947
1049856 5916185
7319849 5628116
7872235 380803
52687 9354248
5939531 1376421
703895 9730118
5494655 3071845
8665634 7892944
2078481 6095985
6385781 1068648
2415996 2026024
7454510 4392666
5129622 7723774
6555374 2553408
2708705 7402180
1997205 4040612
134930 8140187
3695996 4551535
7140274 4682680
8413806 757695
5296807 3142622
3780702 1922211
7516416 5726537
9293749 120949
6755740 521727
5000345 6912338
4517218 8926131
9383094 4252659
6660984 7189039
1629181 2036791
6811195 5128802
6915306 1115062
8353986 509388
5244566 1434522
7890693 6807561
9261556 7268365
697737 7148515
1004532 1364863
8309714 7563744
1454664 3986119
2948785 7080627
8913146 2236781
9327362 9925078
1759146 1287713
114445 4286290
6197979 3600522
2150174 5741019
6651246 178841
7653277 7319756
5383973 5415083
1030391 5170859
9576670 8067394
63870 9237878
6067182 3023340
9910673 6871519
148546 805725
411453 6308285
47025 4875577
1897959 800333
6915144 9110511
9221340 2940920
2191257 7898835
4358250 2563166
7186754 6186774
3256245 2799843
8989472 3370353
1768099 3429779
6614156 9132872
3659764 8308654
432384 8462599
1257130 339808
6910255 3986219
2366073 9506380
6369431 9980413
8272465 3984891
3451881 7765079
2281320 9628398
8234898 7295801
9277817 5264218
3747692 5184961
3477849 8015306
4418218 3094844
9203425 1815675
7221636 144333
4951859 274409
9541775 3232896
3827084 8460745
7722520 3145970
4316672 3136237
5360416 7833383
727220 3351575
9675468 8732789
7060152 1834460
5998861 8429064
6810764 1030911
24714 9935574
6090756 4130825
4957177 6091278
6574618 3671257
9485304 5555701
6144693 7143211
8112805 4659168
3574071 5722478
7716578 5891112
8362812 5192482
6591088 2708616
4308459 9578587
1478601 3677151
2763018 3492218
5020343 5462062
2939846 2225262
8673862 2836157
1800931 3892280
4412061 6238183
5901718 6500133
1965671 329452
7437460 9181361
7837921 4308515
5508003 5965578
9828996 2287119
9320756 9945666
1226721 1553161
2931195 8576332
9239204 2948392
8924720 7629093
7593448 5847535
6843360 839498
641180 3172773
7896021 6887704
8398220 6695136
1392342 1447218
8536243 9856596
3858537 604692
4843694 2021624
2540312 686362
14654 1918810
5140310 8595440
2044361 1093479
4480771 220592
5572499 728105
7916966 8302501
9249727 7804719
5911861 7794035
341488 320047
8818735 654131
3094172 9441789
7701391 3758287
6316805 7741476
169324 7959828
5139366 3369591
1722499 672786
9309411 4653880
9701649 4413256
2178915 4759150
2011073 6571602
4609771 3509186
8934975 6006881
4989401 7301242
8573658 1139386
7165320 6289528
9452820 8766038
9243634 7607501
6626182 8556782
1091159 7277647
6899274 8803988
7739729 7853920
4384110 6668014
3133672 6478316
5376645 3369835
5465315 5894132
632886 8822115
8793662 4725150
4997065 1689702
2620939 275665
4699507 8269243
7040709 2482986
2870440 4927906
241476 4541384
6208044 1706812
3982269 4539001
6905932 619501
9669453 5369764
633736 3893362
4816674 2586892
5652876 8617802
1023283 4602401
4179791 1841673
791678 6332445
4191611 2940450
3613482 8231128
2696299 7974805
7364068 7785258
7110001 8309591
3024999 7479969
3620003 7772769
2015886 3704273
854998 564522
1086152 3165932
9170271 9952601
2067260 4303313
1993836 1756042
3262848 8146874
1337994 3072324
4578347 9014192
8560202 1747413
461173 8252735
246406 5031451
3617662 2883204
2967196 5304432
4695493 6273504
5367091 177322
7750899 4866639
174183 2317938
175090 8338681
6505450 3631273
317230 3317621
5165089 6625825
8635874 7669833
2132482 7994026
8992931 4414819
8162336 3521494
3452839 8370132
6678711 7075464
3319602 8119858
4921487 4702040
1609804 8873292
5746729 6127252
7277661 7337512
7524706 6448349
3181812 339037
1468743 3032704
7944869 247029
2272877 8907979
9720268 2544230
3356753 4542270
7245757 8769328
7285519 1849720
3987172 1728471
8487059 7038248
9471936 3785352
5629723 2201199
5033441 1121421
6414029 7897938
9988846 1449315
9240915 521580
3419490 1994969
8671685 9480260
5112887 3463939
9522291 519145
2827029 4527447
988864 4930798
231944 2678551
8218724 3171820
1741527 316265
5668985 4385739
7875403 1879887
2335919 6174961
9599909 4897882
3745407 5401374
803177 4523932
9383305 1356441
6921701 6742733
2915023 7392762
8188775 9435321
8844466 3803623
2064124 2416241
3865899 619663
6888307 7693361
7641367 6802374
7684159 3524520
6443310 4406892
8721467 8561429
5976756 9969903
2618616 2910900
4692064 3168976
1984390 2268181
8414139 2356736
782700 9708993
6957849 5101854
3203193 121851
3853391 7235295
8955794 7331951
8476855 290149
7578786 8452544
6415124 3581348
9482662 9893365
7486775 7399796
3618390 2176825
2684546 2098730
839746 1093158
7633872 6018926
7203155 9075712
3503752 4627876
5342147 7369232
2297396 6951306
1018646 295566
5132795 8402040
4364540 1367483
2049504 638026
1208075 8787327
9755268 1550958
7927681 2905398
7891501 9410020
6022391 1444395
3545817 1500093
2566925 9472019
6860880 9505179
9605642 442283
4635489 7160823
2073396 959017
8416335 6206312
7450755 9269428
43241 7813613
3875265 9354919
3491033 6790777
6206354 1505072
1504820 9147195
9491729 712074
3950690 6356268
1203749 1245690
122508 5124587
4023022 2078288
6710428 242742
5293148 8909761
9875920 6157575
9109530 7626130
2753775 4940662
5142854 4502515
3336314 7953965
4995366 9931060
5156037 6896012
3879859 7577559
6148681 1102553
8381554 6710251
7290580 7327663
2934570 8133661
9395310 8403049
4632310 9622210
6487950 8216851
292003 4969696
7000592 9862595
3909521 8178303
2871563 5394274
2193161 8978742
4751140 7261442
7043124 3033110
662448 1143252
5769088 5142603
6332193 919226
961296 1608302
5443384 3922770
3492764 5251597
3716854 7845539
9437276 8867924
2842857 3630889
8472172 6177426
5404440 6538803
2979953 5169883
1462362 788661
2970313 9414293
6795347 1005584
1754928 9729909
1960857 3658151
2234732 6077774
8397947 8329170
4141007 6115392
5487547 5670592
6024796 2323107
4068546 2468841
1763227 5495967
5205839 6350577
4198297 7220380
1942048 4112899
6340638 4735394
7232255 4309262
4630760 7756325
9127105 9682273
6506339 5819178
8444076 9783959
2753532 7453058
7436036 1118191
8600491 4262529
3467311 5118743
5402511 7279545
5758046 414287
364635 3717676
5275996 5884475
362817 4297730
4323274 1584798
7291632 9462611
6693196 6319004
8727309 9061343
9191868 7108667
3753749 9826548
347993 8047269
5374313 1721688
4202817 7437702
7712828 8040414
7606628 5439305
8444659 5895141
9387389 9699099
8422832 5232425
1356368 5767250
1600157 3662640
4670952 8875480
4970606 6995212
7223706 766034
7370698 7081115
4241071 8687742
3905481 2833048
8211271 4346973
6028770 9545590
9028553 2843662
9822812 9206856
1802360 729628
2241393 7217765
4345093 3369595
3801375 6176419
4578603 6237984
1133433 8678522
8401722 2754957
9049480 8975890
6706837 9365475
3363320 2464231
5434253 3298612
7476840 8220537
6809139 4896570
1485766 2645925
9200199 4689712
8855903 1849888
553206 2934503
678756 2315681
899725 4998426
9295806 613057
9365360 7516400
1917112 5360553
4351937 6864692
6129533 2847638
449610 1895485
6212846 1075803
7897095 5710420
3393053 5939461
3417533 3058954
9681239 369437
7440683 279311
7056493 5027422
5171707 3827245
1198990 3865091
5394480 6138145
3590148 4162469
2993999 5504420
9810435 1912068
3677840 8441822
7177774 3197522
9319988 1719248
9273239 8135589
9741105 7374880
7501627 1573395
2584303 943923
1777595 4535837
833447 7683223
4910470 831548
5250362 9743394
1199384 3402719
7916376 5550685
5078693 9969571
4450919 6553346
4624422 9154780
3131347 1314160
206231 5684983
4153831 3464826
7292560 6512232
1480264 447044
9726480 7886340
8587210 8861068
6933524 4080270
1367569 5613592
3684371 2135859
7288598 5577014
5660264 3129977
7982365 298333
1396720 5445910
5677158 6585134
2025618 2796170
985550 2283148
6772249 500649
1384411 2401936
232205 834246
8383052 5584088
2353663 5111192
8823475 2547190
7317195 5541946
6455537 2406179
730617 7436385
8598476 8494344
4206948 7363483
6248746 7295683
9254248 3667824
8996813 3050940
752940 9439398
2144890 1589173
4636864 7414089
1294486 6427678
6257969 5925793
1992949 8813270
9998900 6971030
2172215 5403731
2324444 2113658
4235500 5551237
3572656 4868594
4340645 3544889
1109971 4808053
6454446 3585054
2381111 6067938
353259 2790238
3911530 7373571
7571308 8515124
5287678 8105711
5351996 5098731
6631907 2084323
5232388 7812730
2910943 2904392
5809731 6026696
5309879 6493612
8612574 1899959
7246612 5548179
9491416 9433894
8700880 7025745
9027750 2291401
4220768 9096699
6909890 326914
6847828 7151201
1504498 686491
1176905 1767290
5178818 5739587
6987493 7541960
2831303 2154100
3797241 6530732
6552356 9604845
4620476 65354
5479353 298622
3827919 7382222
2678589 4224507
5326752 5334688
1753212 4510155
6955720 4183177
3462674 3929404
7812800 1650375
464526 8050818
9791154 9215973
9021893 6978773
177876 8358014
4933232 6966801
9879647 5860072
812891 3104289
6328775 4577367
1386207 2611258
3235433 3051623
5296580 8456046
8206132 8077595
5155116 8194676
7045918 2216052
6723594 6347245
2680544 8357029
2143458 1235123
7867582 4403425
7548266 1174538
556239 6283472
3201273 350273
268210 8705083
2437964 5551048
7304362 8402384
7736554 520655
502102 6656623
4285276 9630640
7389952 2508995
6310509 9107879
1732423 512670
544637 3245091
8591589 3129634
5823345 1766836
1712913 1158317
1745254 6713625
2067066 7038077
2496604 4936523
7688483 9073642
4508844 6369829
2534904 4556261
2692265 258130
5067482 7727457
1255109 753281
5999187 234046
2274926 3782925
5611385 49160
3050965 5928307
7094408 7343065
8480102 7052465
5704899 9122860
3407175 3530220
2398842 7737225
2217757 2246291
271799 1556906
7277954 2165010
9836557 3126792
1068516 6018207
184123 7993288
5765613 4771883
8002897 933575
4914939 3516456
1117632 2922262
4887905 2442476
6349931 8051583
4647746 1062140
7076666 2633981
7230205 3182060
5900124 8209613
387806 8890963
8149943 439517
9788399 3196833
3308235 4978956
2118279 2638741
693110 3905198
9043181 8885913
8361235 2105341
7275151 1559395
5499713 5643768
1609933 10746
8196737 240435
2020931 1449918
2233493 6354919
5705939 3512809
4971353 8003800
6286210 7299438
4783179 7623848
2601403 3182482
843770 5094422
3954608 6281827
204207 929029
7222053 4480328
9765041 6496595
4015818 1453822
6369238 3491724
476736 7174306
9013384 9091235
5029828 9535141
3393658 5809763
3084005 7429122
4998424 7816772
6909658 1002482
5695753 1607536
4483865 7979325
5814564 9096506
2296390 6462950
8316912 5638342
2939364 2899812
2431745 2755074
3461121 1157988
8188947 2291112
1888036 2581703
8650251 5733058
5863434 7527248
173478 2242194
4909435 725434
9873911 9829899
2710163 528666
7505980 6922912
4313349 8865108
4526661 7637184
5524487 427611
8525137 4419105
6429390 217345
198741 1920737
3873978 5777388
7505480 7731314
284300 8322947
3921100 404726
3930236 3596918
681171 2490238
3031256 6560690
1849351 4999180
8127784 5161077
5415703 8836716
4456529 393809
7571754 4547081
7232301 6936197
9430418 3298819
6346719 2251784
5435104 7199111
6035338 2840059
8722898 2971262
2593594 5315020
9313265 7194024
5548809 2406832
6858069 2654949
8088423 1101113
669440 9521277
2239154 6736058
3113717 3363239
7885639 4486347
119249 6941203
7430154 774040
2587415 2034518
5137375 5198588
3471045 7496246
7881029 8658393
7116051 5579058
7365197 9229640
4185971 8083315
4308806 3431806
2613541 1018866
7769438 4542094
9509512 9330656
9258006 6307392
9791865 1742862
61127 5870828
9061037 382694
7185472 6040465
1240321 7112270
2042018 4439180
181484 5649584
5936490 9810294
4664000 7253836
7977541 1702324
3814535 5186210
892042 3193042
9485261 9363324
1518618 3280304
3933350 621204
1897895 8102530
7900182 654873
5952509 574742
6838147 584370
1283109 1097483
2064875 6810158
5529479 4694771
2760959 3393593
7024422 6882738
2012218 2009518
7732967 1810047
5188598 2481853
9500363 8519245
6237036 3498283
7476804 81250
4782022 4917276
6614381 8195700
8022823 2025120
7560510 9201488
98442 3553689
6092929 8726255
133581 774201
2361432 3073070
4291366 5160599
9810849 315165
9888444 4536289
9433390 7881359
5357385 7281865
5495728 5070362
3815132 4242518
3011337 7298222
8750156 7651438
6715814 4982946
2063691 9024800
2728880 1946369
7972706 845941
420181 4498542
6920943 6799384
3109053 3037237
4244045 3028738
6327784 7940931
785967 4261146
1391101 3963892
6600784 4230410
1395381 8134516
7099615 7270761
8303164 1158053
2335962 8890288
2325144 3924357
3972036 6986514
5275086 3222067
3078873 3032958
3533435 6844885
4340205 9305034
1333300 7138595
2452536 2702540
8540108 1998084
1692327 7875217
736269 2490806
5712081 5634553
1415502 7022675
1391222 9363359
5609669 5822900
4680361 7793588
1484279 421913
2483217 2887104
7511206 5380367
8057811 6642533
1744261 8471008
7765088 1884806
5283640 2337450
6719757 795548
8768553 6868785
8575851 7420136
5888935 7077461
8916203 4225851
5548038 2482201
4411378 1186596
9965397 8359063
3016624 2027177
430019 3949667
8595644 9741834
2406906 9690469
3465474 7867317
3859254 5858985
1166085 7718078
2506824 1575226
5318915 258301
8966411 9767922
9614487 6500082
3468538 7532334
5136144 3026669
2475825 882053
3404360 3424539
3692628 5074651
2926363 639040
2485088 9856331
9721542 4068364
891746 1968141
5357658 5834838
7435439 7040921
3939078 8052575
7054601 945845
9353536 1697575
1248200 1586274
1741544 1006336
5111980 9499509
7814539 3232985
611753 9327335
195815 69920
2244813 1206157
4284503 1440119
8365443 8354595
8466169 7200596
771188 5692654
48716 3613145
9537106 7542882
4568628 1860705
704741 7505950
8790961 9961777
5995448 3818325
4056213 182195
4202201 1564942
102320 8707097
6086539 9286060
6344906 9698952
7861650 1989885
4544617 6290138
1944790 3986081
4344519 5389390
847781 552144
5505987 3533934
9737690 2905349
2393315 8550168
1176571 4851234
7868529 6148988
8908380 7442335
921323 5124829
3434737 8041716
4692778 4700003
1366602 2552521
8649862 5933829
492673 4192846
428482 939999
40467 1870290
1669928 7285000
277397 5927602
3704909 3573106
7878105 5608069
2166167 3896216
7914056 8859101
1478818 7865520
2917309 5037976
6283363 8296669
2669224 6580846
3169859 1468276
3230639 132370
2356081 8568364
1053197 7408097
3890406 4815221
4555690 7168342
5395750 7335281
1527696 7822215
4245327 2549058
3036330 6889337
4292774 9875476
3904954 6272964
8663528 7257331
8485190 3237214
7059932 7081902
6852583 3761008
5605773 2275565
5470908 8959604
3039287 1457290
2125742 5218925
1098555 3702095
7687625 3417404
7680828 8676797
5973359 567232
53875 869455
7863636 2912010
763633 6026816
8286167 9688460
9516876 5681391
6113714 808326
1339023 2779666
6626844 2648311
1169970 6295170
6554868 6313524
2299839 4170420
9266993 9638781
5750778 7684651
8923679 7918003
6260716 6895417
2244804 4118947
154233 6429642
4664142 3057249
421033 7791262
8649149 5802077
7490286 5623917
7422405 4068662
4253934 3444391
5992201 7952242
4651414 4164570
5833036 7138362
46738 7860020
1462356 1067218
4534791 9035590
1618496 542193
5652214 1541509
8341962 486333
8566342 3700976
3773571 325017
388715 476091
2644497 7111093
431599 5244617
8217759 3111264
25292 7871018
7804507 7648348
4077780 7932929
5794688 8840944
7637566 2701900
8051277 6408806
4262884 9041009
8079054 8627099
1918214 8400698
2517166 4670985
3639443 4637048
9130483 4922180
9232616 5000163
2943714 3069803
3121321 8482271
2912971 988834
9836865 3357646
9150754 8688883
2683325 523595
2190019 3668622
2432129 1101125
1723352 2295094
9712622 115171
6918597 7989908
6213079 5986630
786654 1009054
9153049 116678
2496637 8130670
5463983 9755628
3286127 3480527
1269589 9668150
3160704 6105065
9969853 4229734
8360673 2613035
6536262 424649
1848582 3850613
8242010 2449968
6557285 256893
1453270 7856962
4115151 3670305
6653588 1209667
7998294 6157133
5006978 9870685
8826046 5369652
9096873 5755673
9599089 3641300
7023227 8990028
304350 4084258
3019504 8069817
9460598 1582042
2011194 2865320
8867146 4707060
4689629 2869102
6414813 9396591
9244137 7656338
9036072 1932289
5116916 856917
2775176 7361807
5549626 7818413
2969104 1165067
2755982 7550905
4257972 3787618
2317695 6082858
5966526 9169930
139203 5364957
929685 9702842
9481625 2214545
6674790 6833171
1122084 343376
8589655 4987248
2702901 5336174
1448768 1826937
7917291 2753271
4049384 8692453
1084001 2885273
4151393 9163574
9484006 5779362
9926654 6892213
6121991 6241521
8446062 9980690
7406634 8595424
5218396 6937882
7091435 8533147
9281501 4765459
4309007 8411334
8106251 9440924
4116442 9124066
9628565 108538
8108859 2353737
1754081 5552955
4793467 8341200
7072632 4150197
7231410 9096681
828821 1214628
3106446 3398851
8341257 1787188
1008338 4688163
2136936 4464268
6660723 5836917
1911298 1485036
3994086 8062060
6544655 4254728
4415791 7674488
9301961 4023655
6302083 9826157
4173101 4155662
1309688 992349
1383633 8436189
8509603 8150358
7327986 2670731
3605142 6280268
4391594 9698737
6221080 5706459
2081699 4420257
8714323 2270288
4910597 286587
3132274 7326996
4017006 5465224
6348590 1472812
7188209 7018834
4852956 4770836
5993933 5134636
6287233 7621981
4676674 8749494
8603450 9193011
6305946 4428090
9876270 6537285
5662485 3554125
1629025 1305286
1542023 7145618
7926277 1798278
7696807 293464
685882 8075359
4323202 7702276
4585047 3773386
2655534 4461613
7455338 3907263
6323705 3413357
2210022 4738398
5089961 3210762
4725923 2438740
6152338 3234805
7974886 8622097
9510520 1351986
9298225 1978956
3348861 1504276
898182 5564041
131757 6731286
2152442 6860369
1558089 225339
8049922 6636774
3252552 9865990
4996467 6461601
8585265 4804148
3283401 8049344
7901703 9545600
7079990 1788273
5389395 3311678
2834003 2803035
8283110 1842698
3781327 8276629
1218093 7158068
9859719 4488645
9467661 853013
9346285 9282428
5650594 4468707
2184235 5830869
4441035 4718909
906048 1995547
4306120 9619967
7737305 529993
7797283 4003737
9880063 2289941
8258343 1751441
4239310 2082751
3960401 6610999
7340706 3417624
6929097 8397771
2609590 3589762
8107078 6384666
6784715 3803928
7057275 4325714
9274121 6979707
6848656 3626011
9530504 6951382
8717096 8033642
3157182 4135770
4894456 9500169
2395809 1084941
7793267 8724778
8178050 9836313
8567664 5160538
7097127 5739100
4870852 6063381
9239608 358900
1344866 9259932
2469137 227981
6664220 9914690
2783572 5683130
7352510 9914995
753672 4928677
6744323 6452513
1002630 727170
8598633 1585907
1106967 8319296
3484896 7470816
9034294 8517611
2278939 3875901
7020519 5265207
3192610 7328663
8807175 9730564
9758746 3601791
9646473 9615156
2671535 8626565
5424016 1649253
3622962 7823123
1526133 6279894
5160893 4253205
3061816 521506
398956 7591273
4697180 9296136
8627072 7242766
6724048 3013241
8862623 157732
566151 8912820
2925371 5761172
3653759 6444626
1334322 1793442
370339 2519600
2769643 855631
8203343 3006772
3434037 5531908
6841217 6197796
7938613 572848
2031978 6184009
6507811 3313910
4230039 8992975
8338919 2656851
3155967 4690364
7376824 920815
9110845 6011140
1610920 7497833
3952204 1012186
6255230 6819213
5917984 2951710
8309257 3856358
9435270 2079159
4256268 9501852
5849524 711562
714592 7352445
6622392 4177780
152634 6508638
1269137 5840386
4208899 9613325
7312038 8068348
4194951 5828225
3906043 2864487
7189610 1141921
6319561 9116535
5169976 8203578
4274165 5059685
7050778 2847060
3150309 4919470
6628517 572533
3936024 5337189
7733520 1425047
3967825 5617352
3629075 2933315
63219 6284695
7739127 8019671
4628882 3950867
5826952 3909252
9683582 6126938
498753 6054289
8164465 8205993
3279494 6803492
4463248 2156173
9700469 225146
1888698 4822410
9005958 8435155
1299541 1275582
2571471 3644292
1352968 2792766
3095936 4198954
6817536 7053081
8155386 6376180
2956940 9112048
7396751 3015888
8300934 2334688
1336041 9535244
1750586 43425
8449495 8030794
5977445 2772439
8425309 1536128
8848262 8071560
8435631 1718416
3679742 4301101
6843373 526852
1540432 7458459
3872277 2485650
2773170 9164364
9101602 3143263
9701281 5597997
6611272 3343141
1731105 5419188
1391132 2072222
556350 953489
630811 4530506
3015900 5777429
9758377 4030686
5300328 758656
9203771 7390963
1002162 345797
9285695 8368409
347954 4549859
562526 6225633
958038 4059853
412190 9031208
2421479 788571
5576901 3807494
6846691 625387
6504222 3625156
4545818 8350121
4869132 4034765
8636803 1977909
2612599 4912683
3400541 2377389
7191324 8018760
7488378 9175956
2873021 745610
1300778 6150181
6661154 2346709
4901423 9346383
6538195 9675661
5608147 5761405
8476618 7921402
4923160 8946573
1457194 5003844
9091178 970668
3639882 3599464
5618375 7380719
637485 2295663
2600895 2986382
6091474 9253484
4656350 9936078
3330299 2483786
411776 7001585
5787981 5920348
3887810 1431019
2422327 1716687
2407821 7759728
6260793 8638329
551323 1543130
4805637 4939042
660986 5751289
7972439 2732118
2966256 1474154
7052927 7295090
2019694 8269804
5865563 4699931
4888409 3826044
4900657 5975917
1562671 6267311
1670119 5098980
6416074 7088199
7235046 1848176
6255938 3043255
3124738 2216651
4350693 4297068
9939244 7442796
1112411 3386381
5269511 8356168
227290 4541871
4770726 6457151
7765130 2601710
9169236 7795170
880098 1333714
5299934 6818173
3301343 8612983
3311540 2616535
3086478 2236563
7063698 3255684
6885378 4503160
3105292 8595177
3495649 1872468
9612531 1074086
9300925 7362994
4751947 9357524
3077102 413810
7710250 933115
5921001 8991684
634476 25864
8756244 6755710
2145631 7428943
1630039 549926
7236085 5305413
6056289 8289437
3668444 6289612
1536705 996129
7665320 626504
7741606 4210983
975126 6626339
37335 8878466
5239995 1758363
3041515 7655706
1490742 2531805
7901557 2606924
3729859 6185569
5497989 3016091
9175985 2329481
9373730 4917891
1646970 4811464
2198153 8517860
9828566 5069167
3896872 3528242
4221916 6700024
4445733 7325342
5624395 7045494
9954018 7821611
8756514 6540234
578479 1503862
4516329 8031593
9116271 1443350
3436837 4331146
93118 6670490
6428499 5267401
8052546 8383276
29273 7426963
5656446 7287881
1071670 5699827
7607164 4419931
6533753 1196810
242569 5348311
6769211 7341612
5718674 6842997
3082083 2806942
1346961 593781
9407029 5877292
32516 6969057
8215816 2658982
2693174 464031
7323040 6943391
8975148 9036009
9980699 2631977
1960118 8380760
9138667 6821969
2875451 177852
7106295 2197832
8532990 555299
3531987 6339513
1041949 3562606
4811260 1812879
4612999 3448410
6612046 3031959
2144556 951196
1174591 5393370
4907391 2243767
7061871 2132612
7939115 8576864
4501296 5786165
6539924 1390289
4482503 9015607
5116936 6252537
7471833 7032609
3187286 7834531
3193493 9964310
1466922 4485331
5400910 445711
8867619 3996392
7408072 6740301
8173183 9536456
9425141 8586687
7620282 1000876
1531251 6484640
5330059 6577652
4935335 2830497
3203482 2189673
8939615 5537505
2188011 3473983
4660775 3548262
8775616 657310
3792463 4681774
3984316 5859887
3012582 3793517
7090203 4719408
8112130 1524877
4062117 8204138
8330073 9943753
686827 8860269
9474760 1756228
5419720 1101755
7820342 7843254
5155806 1114865
1742791 1276007
5283235 9319670
1105606 7491272
2058195 1023573
2330153 4949477
5378587 1112329
7800374 9165346
8134767 9506650
9980894 8871272
8984155 3015562
9314065 1504525
2293999 641882
3863103 6031655
9038259 3554910
3179363 2911834
9778033 6278879
2831555 7849065
1497340 3593029
5272400 3673668
6963951 7730609
7955891 7515726
5179675 8155913
4975036 7634801
1349572 9734341
8848776 9302392
5353344 9297920
8369572 644826
1827728 693939
4475794 290927
6296523 9700741
7456964 7202403
6815366 4622092
475912 944555
3955673 7526193
5541033 3860730
2960168 9949921
2831199 674475
2822818 1019679
5917066 4627803
4927755 4679378
9467058 5190599
8855050 8234375
7603056 673611
8485800 7971108
2010314 4310928
3637271 5715320
6349327 3249598
6046210 2818725
3288942 9113927
1160646 9289312
6790256 7981933
7114294 9730693
7167513 5398252
5219547 5049148
9025076 2253140
9357989 5440016
3400946 5790893
5410945 869668
2585903 9877590
5559552 5536306
8520308 3611630
2438096 3846657
972645 5980652
5106875 5140609
5188219 2417364
203808 7709673
454002 1948443
5981052 5933549
6954912 5705906
7103470 1012338
9176974 5350532
5001328 6259910
1615081 340222
5188292 7773734
9014194 8028545
6098143 3230354
3504167 4324110
6118933 2326695
8255694 2983688
8016246 7531039
4448853 840608
2895345 610906
3088761 9897086
6007464 9269394
1040272 6456856
2700410 7489207
5239397 8090586
6406282 4894300
3565123 4846120
6613545 7246930
3989320 1853971
1858926 9286450
2746393 7805693
1584732 3586410
2438178 3289790
2702607 2616622
8608317 4012895
7725878 8809389
6291538 3946368
74958 1325691
1403310 6888941
5678709 5963178
8718570 3146754
9707734 1234401
6668349 7594591
5740603 971123
1047671 2877725
1308423 3971479
5331553 9565566
9831141 7022093
4634013 3079903
6020065 5541795
3252128 3445147
8865963 5438439
1469209 639746
3058279 2115528
1289030 8282659
8278820 7914589
2340432 1009580
4519180 6757752
9713808 3466972
8731433 9236929
784930 4745878
3199203 401714
5969057 4226144
9724769 3500710
4401164 9025650
9384063 4618614
7845946 4231860
2670610 5543566
909665 4490795
2341815 4189059
2523139 5661158
3333374 9383328
3520385 3566450
3546079 6344424
5905548 7024376
4750060 3180672
3724204 3268783
4667821 6336100
5492318 546795
7510603 3661620
3115024 1369711
5648502 1592939
4567258 8017059
496879 1260136
1473863 82559
435927 9267438
8895570 4541466
6234317 9022799
3186444 7898298
8754501 5555147
2022826 5963720
3244508 4874258
2144218 5240270
353418 7939653
499540 2335595
7878327 5185352
6116739 3405623
7402644 6299938
6648872 7926581
4441015 4951313
3570875 3246847
5842229 5801785
2519031 695491
1293695 3386339
5074783 7007770
4122768 9215364
83948 920653
5342466 5080489
7834047 6347491
6816578 9075562
6567453 7619280
2957676 7749514
9793711 4360655
1054402 5497421
7141162 1295596
6477055 5290551
1559129 3515207
9892059 8503013
9311000 2379766
4617674 1222969
1167789 3384165
1543603 7540669
327580 8821755
7702094 8760439
1267891 9705014
4046632 8835881
187183 9448868
8101994 1737894
9673453 7704950
606550 5875146
109033 9606767
7754755 2025291
3695727 5540600
9222907 2347246
1144268 297778
3963554 8334316
530197 4998215
1030391 4195656
4353262 7508888
7106100 972762
7162237 2713493
8901395 5406566
6926016 1645639
9317697 5052068
3719727 8766450
7693053 4040597
6350639 7745598
1387886 3620914
2231641 5992917
3918887 2815577
7290766 9922288
7945215 7131776
425546 1574643
642752 2230317
5441188 9619598
1475924 4778268
4994805 8372576
3731430 9910178
7619411 8801951
1230777 3857892
9540602 5691755
321293 4806405
3217926 1256603
7809385 3276770
4410965 5902717
575250 6358644
6105276 9489658
9132883 1465145
1912663 1800853
1461573 3190441
3613269 4797646
85231 5812341
8489577 8805036
8842162 7261681
7490384 1050561
297443 5758247
7683193 2184040
2193125 8329318
598358 4946223
782754 1215129
1690156 1837330
5265419 5739803
4301889 8414595
2478494 7261148
1738675 9287665
7199920 9381224
4717753 6366941
3087265 5967772
4563714 2043276
5947208 9407981
2370213 9317753
9988115 3470992
7007097 6928092
4988070 5682735
6469251 7084865
8617485 6649793
758419 1559401
7883304 8591564
7942578 7569915
3117090 6296371
6859311 9219329
7471712 284944
9544002 8768808
133317 7717339
6552806 6640340
9703790 8049536
7171262 7320975
218749 6421658
9760532 1484407
3153733 5411991
6499235 585317
5690418 6069139
1332431 6265870
7700993 2641900
9848282 1137565
8931479 4251687
2045996 4450228
2102006 234127
8575132 2495650
9555994 3594928
1000701 7088500
5889425 6326604
2294888 414516
5586739 1867147
4759460 3958823
9718416 2064409
5980812 980091
3498498 9295713
7182976 878285
2863663 800498
9524933 6122109
3784704 179134
4951428 9460952
123844 3617566
4262018 9297613
458631 9619655
8382339 312102
4842246 3528890
4564049 7221579
6268699 4066007
9801114 65133
9973116 4184554
6590874 9585945
6905920 781704
2504826 6925639
6982609 2068250
652029 2661165
4276639 4174894
2824004 7837293
1723890 4623201
8468007 8073530
909109 6411452
940309 8923373
8386716 3170994
4414495 5728072
8448276 5918305
7028807 1768360
2715412 2010528
9465518 1693382
9800872 7210614
9824847 937807
4266378 4367690
5863633 7909649
7662206 9558384
7315764 6058207
3640699 2675701
6069413 8074473
8320497 952782
2667081 9514439
4345060 540666
7941066 5386480
854724 3329467
7817839 369142
2742990 7002004
4628947 9690064
1771846 1539538
4532192 8493466
2793554 3609481
7703688 2557650
2786450 447175
110471 4484392
6002662 5687684
428050 7290971
5259095 9572714
5297817 3414688
893409 946124
5275334 5648995
4262842 2277658
9217595 855971
9371460 8823782
738228 9424583
6316143 6111543
7759486 2361436
8942200 640600
1357540 5516347
4195905 8327073
5898629 1618657
5160037 6593433
4993113 2800111
450475 2962256
5925900 3446579
3179398 9044485
5136950 2268377
6686241 4929708
2265004 3678530
9395256 4443680
3304726 631989
9858897 6942761
7269510 2894160
5050919 4157943
5944903 2792118
3925289 9053143
1135596 9500480
5549848 3252934
4787930 6852872
4487636 5857905
457762 821105
1216154 6157238
6998287 9754190
5197699 1989551
4229294 1139325
7194374 297707
5932914 3437643
7170675 2109341
9153883 5934575
1013879 6428397
6680808 1515014
9219325 6865087
4950257 6077019
4920165 312181
960137 9207564
9471218 2373722
7643155 8046075
3002212 3814661
7001956 8679768
2080366 40617
5163564 5714547
9570464 5088574
2909034 8785843
5683731 7058189
209205 899495
672794 226221
8120972 1728001
7877789 8743622
8184548 9979279
493498 2659248
4523355 2041947
5741988 6268948
9095826 1565499
8487220 6809853
6422432 8906738
9551869 9191374
7439864 989878
1009607 1794944
1668731 4333350
7736451 4034400
9921173 7747045
8192908 2019985
9942926 1293087
6848778 7646676
1344169 1137033
1030341 3022874
5633002 6305492
6823413 2070527
8241273 1378994
1331286 582059
6774774 7985098
2328175 4160974
4354860 9474436
1582587 998271
581705 6634415
5675437 3332535
3416026 9719033
9000072 3115544
4019519 2006399
7716467 1638773
9693332 5736965
6747354 9441009
5926392 5797659
8889369 296403
683480 2590604
3849131 2627533
7782243 3282349
1661328 6941459
7030070 2365971
3263558 7988330
2931072 8611588
7603679 364947
4455250 5633557
6027599 9217428
2496905 1228991
1263694 6932301
3564287 7858844
373273 7803943
3384945 5957035
3440193 7757833
3491323 2898274
3052915 9513528
7834196 4361274
7030190 4004587
1468421 2754319
8318665 5668768
8307450 3692768
1124019 2049388
5380111 9598572
8213206 742993
7147406 9099543
7524779 8160296
3203406 9464926
144224 6272404
389251 6566159
3503984 9497407
3926578 4155634
1687866 5711537
4246802 8559871
4649843 4120963
6172627 7658240
4078396 1126245
1833107 3557248
5705281 8565250
1370189 8010269
8249355 1730747
1165248 9773634
1752889 9452216
9058558 5464092
3538578 1006687
9887295 900881
3203374 2693267
8732140 5051490
5243585 605895
1316521 9256714
7935021 1305935
1825093 9873610
5088421 134805
8961831 4622598
4955867 5238942
6910431 4726496
9900247 588751
991962 8927077
6501230 5394281
3434847 8115668
1489476 6440484
9303849 7209638
5531271 7730203
1606292 1368127
6145651 4921268
704017 877630
5418605 6407567
7737342 9619594
8826245 1943229
6824151 9456865
9610165 5451404
1024254 528111
1823411 9315106
3517665 5482995
3631064 7079187
7084371 6025767
6488606 6794323
6209009 9053637
7198695 4677067
5104093 9168365
2665522 7905324
4017042 9155807
9738179 1184891
2193250 3770253
9611620 1795709
6660354 3822703
6192363 4206507
5606238 7145543
9263035 8100291
7593246 2443645
5728152 6953615
3305528 9260729
3679009 3026093
6783419 3779121
2965216 3237630
9028770 8013498
2960572 4572885
2227646 2976443
7474520 4290570
7219579 7915255
587608 4678556
6293795 6041142
3468122 9402880
4243662 8556740
5715166 7129176
312347 5205701
6802251 1460444
34208 7467434
2977298 4141399
6731744 7255268
7291802 3326263
203003 2408282
1946457 7007806
2398524 9646124
1850735 4997
8561854 3750530
5728637 1422913
9347438 9690676
4037004 4114981
1735522 1408498
6826441 6414926
390489 2494890
2480376 2080807
8781832 5821366
8448309 4534008
99388 2887571
4801451 1558802
6058565 2245476
9356888 7587167
5708720 7049699
1375140 8553465
782998 7273974
910561 753454
8754656 1365084
1184038 5701898
2407035 6648949
9633130 9521331
8404775 5467750
5543978 5655562
3869932 9386204
5884375 2010707
8150397 2738473
8469072 9051101
5076201 2696258
7671133 2812507
9785833 8746666
2287755 9670458
2836091 3188227
2785286 2813022
7857377 2316996
4138655 8793276
3959168 9994899
9324447 8390083
3213212 2004143
5995105 4530281
5581295 7452688
127487 6044475
5905834 5325955
7908494 9423011
5092169 7309192
6322510 330456
902785 6790025
8969698 8676717
4495920 1497339
1933945 7882461
8655177 9059383
8151406 7497907
4748520 396848
7275434 7640509
6477966 6081225
542604 6054365
8775871 509397
3349559 2912169
6054388 1443040
6291032 6870246
3457614 4052473
8245772 929753
5861514 6394195
3207392 8665502
1870948 5676720
3600952 9830760
4567703 6651850
8995869 8559498
846403 6239761
5164659 3259877
2496497 2370540
9684127 5448780
6888483 9434439
84315 3995102
8440479 1248615
3892284 697625
6974132 820333
6988214 9606912
384333 2626803
8476282 9139535
8535940 785702
530325 8896056
4095002 6294354
3529366 7427440
5325833 4841354
9947122 426153
1203937 1832870
9851247 9945589
2693509 6924259
5052787 1072743
2920843 9282056
9341627 5752236
2189475 3870991
9493426 1489828
4957787 593255
1612346 4126739
8972397 6910673
2721149 4895783
7174978 7900588
9327796 7208887
6267797 7078339
5233161 9480955
7858042 7053315
4961597 6233495
6804906 8001559
2557910 8073895
9998162 3856776
9082763 9711271
2185255 6858822
2357513 9376860
1022930 664446
2106240 8206040
7179469 2466212
2417580 5152367
9536273 9669982
7255718 4496095
8065732 789089
1779109 9094149
3717830 9033920
2798957 5285696
7982769 1325961
1332406 8740831
8305949 8661633
1121417 9328603
5421764 9680380
5150554 7100231
2712401 6751354
9133871 2506336
2788736 1852811
1120953 6286896
8742270 4151976
1978812 7915441
6498505 5572868
3763205 2442440
8702182 3502647
2540498 2719060
7754634 5709772
124278 2339112
2701751 986868
3646231 4421414
7176096 8013586
7976281 3432699
1208230 2777152
4129264 4306501
4258364 5730669
5582412 8693884
3380004 9991983
2446169 8861061
9395931 4705105
4385650 9099655
9325323 2078958
6804683 3844018
6285070 461253
9599131 785764
8823244 6989285
5229440 100715
5670629 4236282
378186 3817498
381553 6728565
3085468 2955619
6937426 5158854
7470552 5403652
152417 3557956
6328224 5522507
4536105 3094111
8352792 2460276
893913 365901
6929113 9731294
3860873 9801533
2213142 3240965
5158201 5198965
6777025 5407181
4667222 7149996
4993386 7363065
2205668 6668645
7863965 7649822
6709261 6597301
1885285 5612073
2100752 1132526
1738052 719439
2144201 1942990
5674350 214455
1407442 1958024
1112318 4395266
4030636 7777372
9334313 4422938
5440561 5989234
2585112 5132260
6366342 1748701
1351737 5893008
4026752 2420006
5563455 6773438
607107 2495968
1655619 8581112
2029283 8431816
2763584 6915843
1145765 612287
7719312 9358674
1849988 9959614
2909223 2055101
9284775 4324846
2169470 1961695
8863906 8211781
148121 6062291
6737926 5490282
7708513 9206722
8024296 3486726
6129861 6562785
4209176 3304169
576953 2300934
6924796 8108189
4053368 6244217
3157446 2581478
1620512 1838077
9970105 9188233
6776143 2050974
2187930 6593780
4463657 2158279
8922258 3318788
7334356 2149476
1805972 8964695
3524277 7637047
6602333 7125633
2874314 6594214
3091623 5727699
9462927 8675596
7731143 9269122
7078405 1415071
2939609 1385617
2277347 7041011
3624526 6959944
5767512 1012547
5380853 6908545
9530706 1351186
9825192 53107
2461749 3697562
6480224 6726201
7244533 7896179
6814619 4726443
5638926 7378545
9236279 6994629
6243431 7059288
8993443 6640285
5862754 3206717
3097865 5147005
6352314 79539
9325896 1154510
7927632 7648298
7104948 8227929
1918019 5581481
7758062 9647926
6946842 1836201
6151513 3052083
3063764 8176328
3160727 1602238
2264163 7722437
3112524 1807490
4667602 3991238
4822109 6694381
9373984 4357683
593760 2783425
961485 7614041
7717031 6659618
732145 6776227
8780545 9721696
5810405 431296
1801715 7540831
4036226 148749
4321190 990170
6979746 1549597
1960242 7133599
6964292 9683298
5474451 7156776
1096520 431044
1539880 3265483
4382989 9663320
983817 6368311
5533757 4080889
7165973 5694672
3830142 1882739
6337378 8594554
3886681 7711019
9118776 8691779
7317467 7033044
6859013 9608260
9682051 7398328
7137119 2667117
6598448 6290165
6129334 1151824
8741368 4833726
1924979 4267053
4102745 4951339
186623 7613604
2340984 5544369
400977 1297508
5743249 7399207
3141302 9223363
485661 7905824
8682371 9289921
2997373 8085566
3888282 8237514
2767881 2315442
5312833 1514845
5855131 5901276
9036902 6827380
1247912 5346496
8645890 2007749
9698608 9107389
7908110 2972360
1759193 3318139
7804977 3882923
3830466 5334979
1884188 3479915
1628436 9657054
1865688 7727745
1554916 3835779
9630222 5896976
5572225 2856384
772489 7869775
4584452 3844035
1482916 4419
1088173 353143
1769501 4640029
1881043 3961132
8250607 7241640
6693858 4437115
5984024 6827938
3260490 7012841
2551423 9252576
4881972 8559078
187125 418774
4726374 1536555
5398761 360259
2792386 7798321
1355891 5069669
7784575 3738341
948201 6860172
8389339 9565303
1417670 9955371
2212809 625517
3378782 9118149
5474276 3330280
2281424 4764565
5060380 2980280
2554148 5617947
4986890 4803700
1810889 5841046
3897638 4075522
3114760 4685018
8725847 9395184
236931 7479803
4590148 4381949
3173677 9806186
6812365 2672208
1732872 2520691
4256933 7009643
5188942 7889738
2533677 3590468
386206 603695
1014893 3663386
6082944 8241316
5694908 427386
4347506 5943577
3190071 9973568
4681470 404014
6473883 1574036
629848 3909606
1657507 3102651
66096 3379230
7523857 1626839
3379038 3896557
7886004 2617231
142805 6362321
2334572 129368
7635829 8694496
5309384 3845274
5073521 9136012
5036709 7861840
7619625 3838230
948210 2013444
7986740 5852166
1039449 5306201
397577 4850984
5088660 4175986
5321165 3485794
8811371 6303710
9112720 3963200
1322606 7116756
6056721 2850149
7417600 6472333
385467 5027214
5897762 8610339
5409478 8513484
4769822 3989957
9862850 8038044
3138019 7992299
3347021 1258285
5035046 9611274
3451417 6018765
8045920 687862
8112129 3591198
9339173 7802069
4570234 5442880
8198370 2281489
9297340 8093388
564789 1192097
6290550 1175109
4468851 1275726
4531437 8002533
9025871 6123513
5035006 141787
8499926 2878587
4553821 2794229
8329013 5400253
5272204 3975234
2797586 4502754
1033316 2671119
2122379 7710615
9614962 533744
363245 9127080
5395772 8843276
3180354 2337962
2139600 5646932
1211283 3822873
2922245 90593
9591786 9542032
9022383 1212661
7061505 1597460
2267173 262443
239855 8045025
221821 824930
93194 502800
6469099 2583375
7909440 9176934
281198 2081563
4464255 7508351
820043 3577329
2228652 1856798
7352819 8349185
9248593 1968698
7790166 1777793
4234709 217404
1257409 6425365
7488773 7984891
4035060 4889360
10161 8069113
2489483 9082117
9799179 3501130
9150078 5840016
8093225 3096038
2111590 6309655
6669832 8024557
3336689 1550955
6558365 9599128
8057429 8494457
241744 7420664
321994 6081638
1665132 6814635
213956 3325581
8777977 509582
3323786 6177235
8525658 2881164
5602553 5326913
3659383 5945805
2618750 9141461
2140717 7116111
4358636 6302563
2430625 516290
6807529 4831884
4905286 223800
8727483 258152
8783256 7996466
8829711 5305525
7634727 6078733
5571800 9184731
904256 3306345
4785847 578937
3264812 2900732
3834305 6824654
6921036 2978096
7923287 1795599
444714 6599064
4231450 8016808
8962848 5622121
4171904 6447732
5761227 677599
7296982 1690689
95010 7924543
2177256 1074859
6936660 7800336
3721337 6795886
9923917 4766200
1902321 4366484
7780071 4623140
6840039 2292648
1092322 1349804
1826529 602023
919682 7942317
8965570 8193217
6157771 1590948
6924260 4197948
7246756 7739942
77557 9578075
2215799 2856119
4778139 1126668
8667412 9804690
1422576 9526877
7358451 1584967
5755750 5942982
6390237 9063360
2455804 2253798
4809814 9584197
7475901 7034696
417936 944986
6099638 206254
7503591 6377204
9241637 7333928
8844927 563498
6876134 737885
4028805 9422293
1845532 3239722
7595890 1157632
535002 3585752
1888568 7341357
3524145 7935083
498179 2091089
5873601 2860564
2625486 3432678
586645 1579596
573043 7302201
5039069 6294298
2079167 7247353
2337028 4772333
8736342 2646989
6110680 6825167
9525844 6117007
6538493 9946042
2426990 1332451
2986058 3152708
2673681 6734849
9360090 6783316
4216535 6444045
4489448 1142548
4770016 6496498
4231449 4766903
6526737 8238219
724715 7970939
6656364 6073537
9880366 8206312
9482098 7304501
116119 3974025
8725217 882819
2976532 7621533
7393962 921907
6382331 8930036
8768401 1439828
6361406 8176401
3663583 9641427
9460606 2458570
2726477 8943119
1493687 8875135
9032340 3669437
8472291 6862898
3144572 7825181
9373961 7278908
4971788 1692748
5015282 4667063
5648346 5328476
6903451 1600681
1972317 6715206
4050854 8340600
5842330 4347445
8989816 3391902
7108175 7331380
680603 5140375
390176 5305161
553072 937912
7277871 1036127
3147957 1230896
9044434 4865152
6167434 9505106
8919211 6795573
617079 7221788
8703807 4336249
2914537 2782673
815755 4533752
5244132 4400377
9083850 5091046
2900031 5675060
1206520 8874287
9939360 2884424
4482818 4806703
6820608 1826578
8291195 1665088
1988329 3671320
3810760 4553906
8638575 7628516
1456901 8215101
2632561 624101
7104851 339288
3270337 9395571
6277584 8432888
7429336 7158265
2149312 7099162
2933620 3902701
2566091 3993446
4701499 5709512
4695763 870689
4573598 2410473
4600667 1080043
2007705 3292864
7095930 1921716
2261344 6366348
3944234 880811
4787297 8425309
1155661 8946679
4629798 5304072
2178795 6243097
4731869 1265742
8676049 1345117
6619551 3525156
8370775 1148791
2952091 1417113
6482150 8512033
9644757 2678006
9935641 1605122
4667484 5343950
697183 9914626
6843883 3580427
6275795 8699876
8513670 4667817
4668485 9968109
6610583 2239831
9834593 3987101
4599294 6176128
2410484 3079398
9237727 1654490
2979420 3940759
1731808 2029793
3452938 9680505
987754 8917254
9404626 4604148
7573460 5830748
5674305 8079692
501725 9146728
7438452 3658800
1593339 7508449
7460449 9046654
1531361 6207210
962503 8987016
2925870 4595891
5819584 971332
7754109 9063876
8638852 70927
8959993 9769017
9722300 9684388
4458144 6632378
8188214 2218942
8894736 8346093
3879472 4983499
8749677 4327314
6286979 2271760
4915643 6019594
4535349 8293810
5556289 5687132
9685272 6188644
8791585 6122523
1698932 613766
5129610 7915071
5385811 233719
6724829 314438
4254438 2713266
5664337 8005489
2905290 8883906
7915142 5967030
7994122 5016214
8420029 7375018
4318022 1958504
1999833 941880
728479 6672769
4336633 8754801
9257782 4951805
1892533 7414289
9361549 266356
1739481 1722112
2969911 2952999
3342322 4927169
1944934 9691806
1247936 3054340
224667 4883674
9206555 6633810
564318 2567613
3457815 7966502
2423696 5145126
5026767 7827445
1676543 7467172
6021645 8328439
971104 6841099
9043724 6764364
4135158 6997027
2377424 6674775
4256608 8371091
1791186 8111268
3451735 6752534
4630078 1423354
7804817 7777382
5332432 1586509
4102758 1760746
9641608 2545016
1524498 5062655
4784263 3729379
4472907 4826967
9719650 6158307
5347919 4065275
7977499 8117095
862712 8348839
4138208 5005394
2354793 5911798
2043372 8883973
5526158 537521
8109070 9903712
1209547 1246111
4290469 4984348
1321094 8496736
4241985 456750
8152473 1263014
6083100 8594858
978279 3746748
204412 5967371
6604369 3363489
9785108 7856131
361366 3964683
633070 8660352
1193592 2019590
166365 3872570
8039813 4783455
2322746 3489337
4715572 5338354
4281712 277830
9961302 5235087
1807716 3618431
3442110 9309726
7602170 6151687
4354728 7348905
1665311 4124746
6921354 471697
7246701 5025878
9407047 8086977
5890633 4278745
1759957 1061133
7875809 5501576
4982671 6122513
8960377 2849368
711048 7560738
7064189 1917272
1438195 6124220
992496 3131033
4038407 4445878
225289 4252504
3422061 8268625
9957675 2493684
5857454 9649755
5822474 6185441
5921097 9982723
4328109 9316308
3158207 185990
8915180 4908201
2499369 7125814
7458958 9557685
5111173 7052004
3609341 2977443
8290677 5382651
9944605 2767523
1294737 8951243
3649891 1395444
6361623 364181
8599602 4448552
6520786 6351218
2055820 1999299
8851411 2909134
4490237 6085038
6530351 8757692
2917470 7370798
897885 7405528
1768559 4865129
4078868 1445800
5755938 1526805
2774718 7288110
2370217 9047334
452868 8014859
7072317 5481419
9605109 4462490
498319 9823840
8393259 7835906
4131493 8217195
411792 625689
8419790 4201631
5549058 9570651
4221058 7467247
3586482 3509348
9268014 6201320
6339448 2410607
9777212 5203018
2036600 42330
9918573 695654
807158 832269
7978788 4579446
8766066 9697942
3865092 5229347
9894621 5874794
9766366 6205249
9159447 5657559
2789029 6306316
8448931 8408246
1878440 9347026
7966791 6012348
3142909 3912761
8188473 4622200
3981266 72409
1761701 2044991
7623752 5613732
5018232 2380952
7843080 6547798
2799725 4685577
3295398 6876866
1663413 2416912
8772374 9534184
9632454 9171621
3295934 6553113
9957903 4379070
6452542 4779251
3655486 3511897
659754 7313521
96298 5487
3009753 292522
3645301 6702014
4924393 4854588
5792417 7840255
7140550 2747981
2305126 5374569
1538268 2198103
6585001 5658807
4034265 7213163
2779958 3147305
1288281 6157665
1846754 6064981
2495616 3365250
3462879 8435713
1129304 2551304
3546305 1082238
6544977 2588715
8503498 8048363
1131528 8233673
5701185 428472
9238456 4221052
7522047 1076804
165831 8812629
2743536 750367
7929248 5858093
4596823 6967781
9381740 7617606
8180185 6344528
6295948 107024
1254175 5142419
3631909 5919084
9601821 6812397
4800514 2520382
218766 885373
5527807 6652499
3549582 6357618
9443320 8080441
8486299 5207906
2586549 6294773
9896930 4418059
553843 9063526
330141 8303947
6278337 6984403
2446186 446579
1435004 1138872
3385973 8887145
7706225 6725055
8181651 455100
2126152 8259673
2746922 1136874
9173019 206031
472791 976413
854421 9473582
4516888 3701256
5710547 6490215
1751730 1735411
4557020 7432010
220514 4920952
9210973 11305
9728644 9294403
4699843 9187930
7608362 2824490
5505942 3930401
7302096 4033023
2623420 2269895
3464639 4387302
9196201 4833981
3953103 9735781
8173758 2936174
5275257 5958559
572596 8602375
3204626 856775
8055094 8370340
7202675 4062586
6725577 3902251
1716696 8176123
9618291 9023559
7104693 2281691
3577121 7136242
8261923 3965007
4095850 6206296
3697954 5972528
6761135 3690086
4730527 8632222
1407567 9312853
1649982 3500714
5315160 3575416
9122156 5429354
6632900 5492300
9991310 6972805
2142491 4583018
256378 1081268
1521093 1689862
6164003 4512406
3391760 7543272
6583811 5747696
7422028 4686526
776561 7148409
7011325 5890370
6114749 4410066
358256 5688613
5283228 1600864
9686940 2156579
2047495 4435769
6930867 8654888
5067957 2259446
8062914 1523477
673584 4105713
8678121 6896444
8298058 7694464
407710 2393520
929061 7960216
5024418 3485198
2240825 1030231
5934298 6566405
4643503 6332468
6295911 4154858
9087639 7268954
5307934 4189390
2833792 5236219
8813059 9434346
7266925 9954346
8218325 862938
9455992 4586358
9675427 2700892
5359715 2081283
8278121 2611027
3233930 4520094
4294720 2408266
2569729 9576976
9287568 6919385
7766131 6951012
6193348 1925031
2959862 1004545
6411480 7087504
9809626 6506246
149341 7352987
9424151 6204476
7321859 7639739
4957540 5267902
5491663 2620727
1905994 335432
7122322 2962661
1964729 1710456
6620060 3468448
3536044 9041690
7939141 5371367
8577907 7473592
7995183 8894928
8046379 1074664
3326253 7937285
5341633 3662810
4305605 265027
9209192 4762929
2274766 1743316
1791849 2377030
4314381 5846696
5880040 5317293
9998226 13457
590852 1408782
7454842 8586576
7065011 4579482
3945422 7673679
2949135 4375671
3531190 9587871
7665666 4709398
2395220 3858422
5412922 3991140
1268911 1145993
8624727 20941
5943591 7170449
1887151 8107265
8261808 7648345
5320318 3119809
1185903 486375
3798931 9064568
9400335 5821464
3700666 5490457
3478254 7673988
4941548 9950617
7501261 7098460
9123138 1693047
8743390 9910661
9659 3947903
8072412 1793043
7193877 6086048
4650375 1785495
1710308 6239806
5565798 9347778
5412421 6318372
8445026 7033583
7531577 7850565
3972879 5375433
6152125 8633527
2136573 9876147
1207585 778944
1611651 4213477
7032753 641726
4067382 7961856
2444558 7242010
2140895 1698554
4876741 4697212
1435920 9402393
6502491 1021282
5785282 8235095
7562053 2433702
9661022 4395335
9373083 3989839
9428396 1035778
7432707 2999805
324177 8986265
3759783 5151247
1047338 3047262
9746862 9430189
8775343 6312607
2560796 5604395
292193 1352461
3485744 1592991
1687722 793712
9826454 5253252
9454428 3897359
8483837 6520818
7597420 4389487
5509444 4276291
2152754 6336788
7306007 2633685
803813 3991758
6166742 8815155
1042660 5020415
7828566 6759659
9931466 8038728
4987862 4672450
9060422 6198991
6480660 4719034
7924583 4580864
9937283 7825705
3857854 1089530
9760210 2702409
8658609 685319
5996234 5265451
380912 9074861
3418848 1680184
8857526 4735223
3537934 8617320
2427410 8743586
7884120 7319205
8324945 4957625
6201189 3001022
5683075 702325
4764103 1538825
6848149 6292268
3673085 3257882
7769173 186739
2399084 2050869
7170379 3904412
5071585 5388528
4736512 450514
2600888 8102939
9533901 4168300
8519679 5690286
2287934 26443
9230621 6629404
836060 4913489
502844 3748114
6937152 2081723
5905298 9113090
8158898 1391346
5420069 8908923
4172159 4933374
7713583 156599
2577475 9512740
8070470 4417642
8808369 1371132
1870229 4223291
8167700 5475023
4759839 6459928
9025143 3695754
2322781 6295491
8737138 3193411
6538766 8003475
9440270 2276564
4595304 456985
2721432 3472297
8108725 8438156
5370958 4597545
3523772 1404255
6604840 3162009
2563934 7287133
6929442 3270675
4603727 4108991
533709 467202
194586 5065856
7328800 7364439
3625849 3094241
6979498 8604253
5688194 2048604
4601334 3288537
151860 2166626
9056210 6002848
20718 5487063
1811721 9524848
8768679 2313435
6019300 2294610
3585697 3648430
9840471 2504540
2636158 3571271
7300413 799589
1919010 9011056
2180467 4535053
8964005 2141380
6567838 1639090
9782881 2298524
8996246 976422
326509 8304086
3280094 8911826
6034659 5430765
2518112 7214782
8634085 2487986
5684216 3652040
8111397 4129776
1679697 4291604
2972189 5493130
2157924 8450169
1991020 7788414
8714517 5075491
8447875 7945284
9355881 3968957
8676192 601156
2771073 8494133
3529734 6322394
8497704 7922717
9103261 5731828
4572715 7258186
1656263 3754962
9550069 9088924
249724 3376621
3754589 8842936
9166145 6539565
6321632 8162091
9597803 5220404
9417729 6147997
1545351 9085927
569595 1417371
6727435 1222778
4035992 1650295
7083967 8457069
2631332 8849874
7109809 6259567
5771595 4763138
4469618 8079602
5546789 7896299
528349 154196
6562743 9433336
8145946 8646670
243684 5682972
9599456 6027143
8233165 9841888
3053343 4588003
6331137 4601629
3094278 2231043
7330304 638303
5114463 2087244
3128323 2520994
9857363 25037
6539194 7716936
3228713 7435708
7910601 4807425
9903638 1550419
6950502 7316614
9613792 7652828
5707895 4640738
9276202 8425255
1670533 6838651
7048339 7773468
5957631 9789280
8005306 5404995
9934633 2878542
2882047 6619798
6612603 7457805
1310075 6908268
1545904 7738927
451463 8363025
3852031 7436578
6461963 4061943
2598835 9402409
4645814 2720775
6430743 5535187
879329 40930
2932780 8148075
7445239 4592186
1699674 8842988
6263583 4655606
3694760 7293911
4383966 1306293
7285615 8294160
1640586 3668025
2275040 4263901
532943 4250710
4529132 519605
2635164 5727527
6447971 3904873
5346303 7762350
8370067 2989758
7589848 2760291
493876 7907200
9713299 8805621
682694 1405050
9831974 2513959
3559541 912858
4463126 4859057
801976 1141593
5089790 9802243
7019375 9257759
2026045 5472752
704949 4138808
7863758 6277937
6648168 744725
9053245 6049860
6111741 3186045
8761525 3034273
3529184 2444558
230626 3662988
8576704 8614506
4225118 9022206
7505946 3153796
8227704 7658137
5854191 4307807
9700617 5990167
9533974 1725642
251436 2122793
1447766 1569801
141770 2946050
8023003 2494638
7773247 2960457
1796720 2231660
3764641 525059
2893916 2014203
126064 2721299
1630655 9540450
7809795 7564779
486156 5546710
4949152 3130865
3181295 6218875
9415124 8900018
2320488 282088
4042395 8629354
9237118 506394
9815622 6154164
182518 116468
6792078 9385891
1554881 7817286
8258075 761234
195196 7815129
7390316 1174980
1453045 8677503
7171842 6498654
5739440 2357928
4634766 6040851
1558520 5582336
5609603 9796607
1007505 5895333
4102015 4009207
4337177 6794987
3408267 1836908
8091478 5516202
2468429 8320604
1839123 5292591
7379125 9300581
783803 7113716
3024261 844443
9735722 9651955
2299135 599381
88504 997885
4981168 8303030
4975658 1713074
7232410 833401
6227367 8103029
3266066 7959105
392522 9634986
286195 2214460
9340254 5978070
5518034 4906746
216080 810804
2377058 2984744
8490711 5345589
4700797 4913176
1014831 4224548
2030063 4246754
1171191 7295560
4304980 4729610
7134202 5854494
4398265 3382180
7609321 9855693
6731260 8043013
5478211 1902268
6171051 1079275
3011211 9077450
4505803 7698937
1490405 1447856
6610 9300737
5587435 7289776
4387734 3607222
5182562 6286222
1877191 4744799
4000487 6245911
6731707 2360453
5317956 214469
6332961 1924462
1407874 9494741
8678253 6894378
4341824 8001316
4205393 5109119
8307510 3695237
980903 3863689
5001858 2058389
4088347 2758852
4986663 240794
3627993 7430929
4163090 5040261
4240164 1741175
5871815 3158273
7045240 801071
7760656 1355899
9051429 3640807
161477 3507321
2683030 2070891
3964625 4582936
5766926 5413610
9660868 6892609
3490651 1418597
1312083 2771646
5203081 9795384
1658278 3679786
9375516 7229067
4938144 5222012
379309 2238371
1505738 5724868
4195151 625532
2377470 5890962
4952941 3235918
3088277 3920939
2753084 4719239
8300274 1071026
3178902 4449998
4643234 7176180
3990529 3196375
7053868 3675179
1217709 1807156
503336 7875780
2644043 6900809
6337687 8974418
999219 5549478
7341667 7580481
2300983 6622700
4220122 9469061
6830611 2090562
7135907 7027158
2357691 5337333
3140480 8681765
8240168 8549484
2275057 3819965
4221406 8129860
6259902 3619920
3159769 219933
4750726 6119423
141975 8263243
2281061 4719785
1890660 7087264
7355767 144739
7132773 7673747
3468572 6274672
862669 8846525
2360510 2518860
8631479 9598954
7945043 4882953
5614808 6398606
9283890 1600241
2623311 2175442
7272564 640982
592486 2476614
3080971 8225354
626519 7075148
6323832 7237369
317293 4772155
2898270 4748383
8283742 4319910
4830766 5210341
2165969 2569306
9353432 8093477
171975 87644
2666397 8252570
8852044 5669288
7142447 3326634
9823982 9153943
3057719 7016485
7555235 7244779
179176 7760988
8917170 5809167
6570571 7143745
2191894 2126875
3037879 2511265
3279335 6849672
214269 1305939
9276534 3162087
9981526 6060917
1826244 2378830
5282578 4172866
6505146 8438910
3391696 2013618
5845770 4868199
4186213 8731635
9568250 6306178
6248446 6312658
9243520 7204400
6040521 6197564
260787 9942456
9400071 7789677
673964 3329501
9316431 1191872
3627024 4900983
1687812 6948699
6763783 8522445
8100523 5288247
9338762 2765411
4044239 6802705
2967915 5993883
9179843 6067068
4533581 4992810
5778139 8009090
4412342 6990344
403646 96874
1783310 6075756
7558256 9525796
2658476 1786901
4757124 7115691
3819083 965011
7462101 6551023
5732930 7045441
4970052 5617732
4978283 3177806
4514647 766640
9751154 9593407
9239306 8251867
6660809 2484091
4690563 507788
4925500 5179294
4152615 695289
3296054 1619041
4889806 3992433
5063807 8762702
8883842 4213122
9620609 440138
9148365 9444865
4070224 9767308
4656555 4070579
5024657 5122820
3955963 2020632
7816732 1709832
8217962 9776126
7574056 3300041
5465422 2016916
499852 7176224
3795174 9240753
9857006 6451687
7279196 9847888
4948851 351289
5733607 5878942
6007511 7655752
1990798 7299310
1884081 2404631
2514547 3404349
2865998 9201413
8153892 305589
4442328 2744895
1835667 5509051
1652369 381211
2098754 8675630
82507 3059995
9968918 1537462
5706872 7589870
4617433 2861824
