5000 5
6573999 2903408
9858487 1984917
8519771 7724969
2369495 4838885
4596448 2098042
6803315 52682
5823917 7479045
1621541 1140761
6604827 7422864
565705 1874708
8590219 4679894
6667698 3126591
508364 9064529
7021775 5740061
3209058 8405095
3777302 4945831
3481841 9747904
9783802 9978692
271412 3436944
4574045 1756042
4034485 804144
4200035 7355359
4232657 6799926
999828 5442829
4286366 1567713
8276647 2906279
8804873 5196943
4883147 3271089
8666004 2438210
5483928 7166907
2218276 9262818
1841572 4765843
1598928 5162451
4314978 5056264
64033 1256660
232629 8774823
1881640 9808922
2898218 5564610
4711852 1097689
4519037 3761982
9691375 7164912
6846231 6718349
4740063 4016522
7492145 3969126
3432201 5638634
4515925 1359350
3601855 7158799
2688945 3130388
3044122 4295125
8214448 6662612
8208332 7451724
975018 4265094
8189155 4775164
5236078 4057184
2270443 4166361
5141604 7738388
6064351 2049077
4379276 6123687
8321130 8239705
1019843 9539474
9533754 2034674
7005122 4789567
9686275 293760
3910769 8598920
9237160 2194923
4175109 8685516
3732714 6369154
6077285 4091765
6276006 382214
8551848 2842418
59802 3127731
8924832 3448950
4840413 9819929
3108510 7287601
6375961 2978874
3085608 2033663
1113507 1403847
9379219 249677
5641977 996989
1860776 802336
9063947 7411609
3072437 3124972
2245239 9290518
2956218 7753135
2962375 3266828
1183427 998175
6420047 2316131
5375627 4694662
9904604 1593479
4377314 1423845
164268 1834519
5271631 3498488
542050 9797146
1586769 9568682
9045328 6353949
7864362 8945267
8069618 9701972
7360666 9182314
9620368 7195344
1559619 2530844
4932258 5093959
921510 5467271
1071687 4300895
7650366 6953606
8523591 6782049
4232866 9599569
9683404 8561288
3057225 2894603
4778688 8766683
1408757 4618883
6742299 5825780
8251163 3256626
7440548 3195752
967163 944409
8720119 2741784
2318370 6777633
9948837 3925535
5331360 6167726
8409112 7661846
9141805 1079290
7780814 9367897
8253698 1460313
3125164 3830989
2062028 5089480
9727519 5751912
4406761 1626964
1676980 9676208
2144822 6316157
4534603 7539841
3886705 8376405
1861310 1084993
5347435 6769504
8027058 392498
5023590 1556767
4918920 7637693
1457553 967380
9800570 1716524
1321304 1428095
5772878 4919733
7058304 1254967
3586483 4694401
7571517 744193
9671356 2868393
6537865 223717
8084425 6216948
5073803 203156
4365726 4592554
6226474 2404555
3865312 6461909
6562564 8750675
2707825 7833400
3987106 5693401
2886141 3063554
1089259 767778
6691272 3286338
4764506 7421865
1936155 6085329
2669385 499463
9035813 4205957
2625569 9091020
4181199 751830
1644746 2006780
1161257 2803251
941157 7767392
1601978 619682
4354756 7143785
3137846 2792713
6272977 8923938
6784927 5747200
4616624 4850043
7123062 4893543
9866913 6024499
5641432 8034393
8054630 5826490
8248263 4428226
9590543 2129439
3546911 1154278
3578822 6993445
4945730 4687089
2971170 3630661
73583 8590113
6899014 8008360
1045036 9162432
9025053 2321364
3074498 3287825
2901749 5351596
3189813 6224394
2048864 7985276
6821993 7120892
620526 5803993
3318400 4194744
604015 3479360
4874875 4040703
1633166 1103938
7852677 2679031
6563305 5777192
2564683 7638727
911701 5579061
7575395 2552445
5446399 7616809
8576544 6386000
2852074 615999
8337317 9723090
1627573 6617940
4917586 2502987
4252325 7054171
8413686 5095364
3548988 9937246
1615479 6137972
8983596 7212372
4384078 8186246
7342559 2157763
9384900 7484004
6699219 3048963
8434666 7867771
4891082 7100089
1279760 9374170
339946 3937591
1799034 2691099
6524848 6532951
8950971 4494399
7510882 1591410
4324863 8827749
9641072 702397
2084618 2628556
4539195 6829779
9380491 9329638
9875430 5665134
6437258 5331182
5687107 9095004
9159094 390693
1718089 5385234
4350828 325097
4841961 1746785
5111984 9689141
9824307 4844911
908191 8669488
193102 2602652
6972960 5207466
3381152 2995224
907305 8575398
7128256 4721978
8404736 5549201
2727794 4015527
9417841 5405417
7981052 7935963
5064474 442366
6161466 5080665
7861971 4646523
1117088 9689578
7264396 6495344
4281082 3307512
9084085 2865548
6190245 7230298
4137772 28328
7730606 3506071
1349756 2173216
4217045 1270433
1132852 3631764
383200 2406688
6727451 4901587
10162 5449947
2328368 5094441
5596783 84128
7696441 5229884
4401063 7298372
6113665 9146689
892406 1630537
4319030 8646400
4435200 7082983
2864590 6069804
1835275 4355
98682 2859554
206722 9191262
9473039 7029044
1828440 6758343
1210183 4100801
5367624 8874645
7095282 8699421
4826435 9147092
5887583 4931275
4320367 4828112
6207085 6136204
4589928 9290032
8151476 4839518
862685 8417342
8648922 1801016
5668261 1853121
6011648 1554707
6715725 6828264
4407050 7821892
1079851 8715703
1155776 7496052
2891045 3139791
9850571 6143207
4692477 1702915
3439513 4968597
3830914 7535473
740415 4217540
5118714 5609247
9216594 5047392
6405283 6390531
7098958 3837425
4752773 9984640
6514842 4146065
8227448 2349239
1379693 9927553
8743754 8029636
7778963 4967747
1870484 5689129
3491176 3687193
6707703 5611963
1396114 994655
6863826 4677625
5927333 7558709
5102681 402262
4055019 2947375
7232293 5228575
1698479 4147827
4063815 5195108
9153807 7114871
4930969 4797444
9745600 3752185
9579874 9845915
688873 9687319
1138781 4706254
3312207 6463548
3805168 7239771
8144809 5930342
8300613 1794726
3022189 8555513
9426920 8689936
481553 7866429
5329983 6927001
1405468 9034163
4891620 2644902
4953865 9424413
4957469 4725224
1924124 6679106
4547468 7139025
1503645 6321880
8706874 8363895
2059620 9260586
9452300 8153942
4361121 6754214
41234 4166374
6681787 8557358
8920053 7697082
9208824 1301974
8182134 6441752
6644782 449171
2600519 6095187
6483499 8207984
9596834 1315157
7736056 5424738
93411 1850225
761159 2821876
2723587 6394554
6910328 196828
9196281 5929212
8344547 2976646
8078838 4051721
8848337 2893377
4896241 3479859
7217306 3508713
4575088 2381996
9001577 20829
3350417 6797018
5549727 2492549
9564287 1339852
7510136 3035583
7674090 8805007
4103589 3282733
1090596 9805753
5127894 587681
2404003 3163162
7548143 4812625
8995190 1137569
3338332 6877351
3246813 9978885
1308545 3664277
399772 8016084
956388 9259044
9859397 5662604
1363579 6557791
2760472 8774270
6653703 59995
2410673 2244291
5544901 9435892
3876123 5307646
341131 1830574
9179925 6892813
9594558 4746511
8422051 5650566
1902890 3291559
6383292 1733642
3718877 8135799
5856647 5657285
7469003 175173
9832440 3765998
7481048 3700778
3221492 1405278
8058912 7523144
5296327 873649
6784584 8015796
5333890 8841328
9760709 1808250
5858675 2276247
4537167 1713017
1927477 2790289
91805 603692
8441150 3896588
6117876 5786619
9335266 3330756
2333702 3826910
9605213 9703095
9377287 6266831
9111816 9026450
1787368 1472237
1065178 3454798
6284550 2084685
8625999 9623971
5717279 1676837
6791368 2781802
2592556 960646
7354782 5484836
9619879 3033730
8122980 7681847
9844569 5241472
86816 6618955
6020085 6082609
2912576 7021990
5167475 2202587
2465718 3671189
5677625 857183
1811157 9274420
6013607 5438190
4100930 6831551
5865086 9890475
195086 8924315
8905120 209753
9955465 3161691
504274 4549741
1733638 4606920
1764377 1100975
7984865 5368613
9680197 1400213
5854070 9695471
1987099 348886
3714289 8646218
6637786 5718798
2107745 4684257
9055769 2440450
6528794 4846654
87653 8873705
8595786 9717266
1664061 637221
776026 5768306
8656858 8429476
2400351 2690442
5243142 8065524
6206635 3026540
7198848 2488662
8414265 8263143
574640 8191735
9224489 7451047
5936135 4873941
9676562 2558455
646909 2114439
2972938 2429751
3895977 2920903
8346086 6120475
3108890 6255947
9937674 4520258
2420907 5699290
937964 7077918
6485082 9258488
6928261 9268570
8775078 2392576
7940936 3424517
9695297 4592436
9070539 8762865
5040297 9581703
3508350 1943427
3518546 9834645
4140136 2636528
8826622 3160001
5771851 6495807
1357156 500164
5207355 3037059
3128475 3955181
6324866 1448215
4178506 6757160
1452561 2010731
8190070 1104594
6371270 4857759
9147457 7252603
7783086 2284538
8476436 4447906
9007116 5146274
1032282 217080
2226248 210111
7546599 9811581
1106731 6076645
6276960 1519694
996349 3866060
1030454 8582510
9429756 3711499
1935398 6515502
4195424 8174231
9672952 7947041
597666 5239487
1229534 3554408
7298811 3334070
4772482 4649944
7982030 4406464
7339026 2444065
3227966 1821777
7662193 7228752
8483912 9301927
6908310 5588586
1038964 9219126
2599896 4770081
4346381 8380317
8303487 5634665
1200796 8922168
7800290 962087
2747381 8348815
875920 594276
2981303 8368477
2494604 1009184
6731063 1539716
1959134 3466832
2426920 833949
854497 7631333
706486 4183403
981741 5678161
2067411 3098905
8362609 6164703
7503425 5276956
7128546 1252282
8996724 7302755
2794224 724540
5630163 6100441
25859 1761706
8143873 3424994
1616123 7761240
5357644 1074331
7340779 9226582
834467 8585085
1285592 8141864
4272818 699508
7210739 5781678
6033787 8609096
9452523 4911220
4039724 7489246
2427305 6545648
5103843 8777890
9904733 9052643
7979739 3402233
1427759 2413821
5302435 4058537
7201906 8840602
3681634 8264112
7076763 183843
7422755 5206785
1548235 3503790
923898 2357959
7867762 5447540
4856155 630194
5819731 9573969
5742067 7112323
7113413 7395770
9415523 9045240
6800021 3786811
9335796 7514275
1838725 5751208
4201522 5491295
8002496 9631617
774102 7322702
8507155 7778761
1087735 9369379
8278015 6764103
1864350 3473742
9772498 2342603
3183919 2271936
4899779 3389908
8764728 5778672
4607833 3788240
1407588 1406057
2901978 845309
7602749 7953556
4884611 4124901
2180266 6077180
392753 7482883
1260335 99917
5363447 9430317
2642688 8621660
6489844 3099244
36450 8087621
3569689 7723115
9387743 2764331
8207480 7224814
4095608 5834453
4218814 7715267
2694698 6399616
3190173 1298436
2623071 148247
1193971 6896620
4330953 785963
5593517 7640165
9071074 4118613
9466723 2563913
4458100 6640468
537389 6159436
6762777 5108953
7800066 8227682
143310 2293768
154259 7222418
5647268 1517139
8891024 1312748
992766 359374
8766015 8739353
1736852 7897125
98524 2268665
7053583 9236525
1869017 1047550
2203821 5695226
8528377 8884697
4019701 3261906
5558335 5426412
5200077 6394718
6228831 1272002
9959813 1689127
7316249 4388513
2986044 9315015
8290249 368492
2452199 563774
6689440 3052746
9676011 171913
8431721 4928598
4892442 9324662
9380355 6463992
4922576 5468553
6313552 7501277
2586837 5954308
1566694 3587263
8139510 3953548
6761975 9606316
8977127 865001
827464 8939629
3707108 8760066
1871952 1577611
5702779 9909713
9933214 9464698
9358741 8250632
82643 7375570
4725879 4150858
5192494 584685
2609481 9302521
4435367 764839
9179153 3583548
142067 5852715
6724225 4345998
2229086 6873522
2418458 549430
7062406 9449707
423967 7226810
4877268 4950027
7404533 9019785
4809725 1572548
2257817 4061734
8211557 7586674
4473349 3206858
9526038 9439258
7564827 8983302
7314935 3619292
9858630 5952971
7114113 1433867
3033355 4896951
2496666 6408821
6582728 8426891
1009783 4512138
4514971 2764977
7143075 5037941
9794030 5105741
4390993 5612546
7539208 7410459
7573934 4495469
7388574 9827610
3815879 2729237
6253056 257600
5095712 7373200
2677139 6064541
8935276 3438444
9553052 6443037
2700441 7464042
4915515 1161745
8311618 4147204
6576993 5722058
9598034 1487699
6978467 8546061
3901708 8925070
599991 167352
4835813 2158749
7007729 6411608
2106491 998722
744885 9506499
7053243 3199488
5506036 2067019
5211039 3310423
2927196 8216323
6265948 320680
3799940 8615382
7267047 6812000
2652841 7682688
8750094 2013583
7820108 3744177
3546945 4367086
210811 2868457
2648884 1444196
9256729 2249441
8498862 4300382
7445475 2873538
3473801 7452753
7998551 5840990
543228 8982283
3047983 4993351
4443895 4099764
1142999 1589254
5551864 8960495
3312294 5884723
1997222 5376999
3002262 8412674
6770188 452658
2987650 303299
8282437 9717561
3668852 8092651
4453868 9602542
1484740 4426973
4487463 8309770
7379588 5554522
6646387 676264
377867 8232102
4674157 9330693
4357147 8384204
9273931 2853683
5009658 9676618
7297149 8681922
5441505 1740542
7502367 4511418
7575648 5273138
5620264 1640252
3621201 1690196
206088 833770
3497790 2680273
6409371 8483556
9969042 4986085
2979074 13284
9836876 4046494
3244505 4583682
5282576 1831394
1481001 593730
8972606 7905978
8296301 4291680
5149445 2222787
9391449 642595
4260089 5132821
1363552 1059328
8831714 534361
8883327 8397180
4006476 8593258
9910732 7662773
9221117 4731802
5497927 100006
7628688 8085902
6857656 4887453
9048509 9561829
8649617 8118463
9758394 924905
4511322 8070132
444146 2639437
5865869 2320840
1791288 3919763
2545847 6033873
6591746 9094799
6879342 4706733
9118867 4842963
8732683 7571009
8022427 7908092
3394596 7636137
8865064 5822107
4154595 6533686
6749612 3861846
6175484 1188263
6091650 1121236
6464659 1127767
2444371 2090249
1449020 8505470
2795408 3808184
7202990 9404877
325998 6580263
1633328 3573618
732010 9825607
1280546 5030699
4033436 3250604
6947545 2092831
5303290 9664741
9295038 5034362
1683674 6426544
5901716 9863959
5885628 2036359
2058933 921325
1487902 7877753
6864773 8743255
8783503 1015827
8288349 3064798
2684770 8953906
845652 8762662
269169 2123333
8886336 3695030
9704282 752547
7091134 5294065
9014545 1586006
2739211 6140369
8227371 1413700
3473166 4039706
8179022 4013960
6954476 4862715
9608010 6821013
9766096 6194704
9073168 2012530
1134632 210413
7269746 8039929
8470436 2508396
4000392 5000092
4319488 5703814
5799975 1677059
6923153 5319101
3877541 6483028
5735232 9078286
7991278 886572
1687866 5605368
3011115 3446820
2444702 6389284
7263962 646307
7152881 4968577
5835610 8744493
5560336 842467
7308350 7169590
4948212 9128284
4413697 7612
3804392 4418810
5890378 4738816
7025146 5454518
1030130 7133563
9800375 3443393
8875951 4031421
283510 1897324
2489427 4048149
6881219 5478969
8144173 6751720
159698 832295
790456 6409228
9761435 1078478
4795818 4368828
3527037 4408665
9004176 7956135
5225894 7329371
904889 5737459
1915388 7134829
7267396 1590318
1830685 9597151
9270923 4815210
5142215 1739845
3363662 5658010
6969342 2510164
7639903 601652
5796973 159250
2850969 6840326
6589255 3751334
2511875 7080887
2513130 2399776
6925790 7541963
215770 329616
4726914 5696763
3516360 7324000
1562650 7679737
1447292 3358114
1741149 2137521
578239 3291046
5616477 6139178
5375451 8970929
2538902 8559792
8264793 2911663
9431611 2998537
1586502 8098757
4266296 5583046
9114588 2467569
5331038 8852808
892550 2517113
4699591 9165844
7941307 4596587
4875502 1487339
5671361 811590
6234401 9978196
988295 8331209
4116557 6353430
2023255 623400
3200191 6924544
3070091 2206435
5694741 9733620
9245941 8787002
2959115 5863723
1418697 170297
8849046 1041702
8252379 8058371
9110059 9106157
1526035 7966474
9137420 5450955
1834257 6793851
3479467 3278455
9547778 5730006
7446752 3442081
6822374 2398420
2089247 5337087
9500240 7856421
5538963 2706219
1208777 484224
8017112 1421667
4731716 9515988
49489 9578877
8548771 2424551
3507725 2179754
7924745 1015159
7209798 8286760
4875220 1947295
9870485 9060046
2525749 7072540
9366370 8788603
7102705 6394996
9080295 822586
2455666 595808
9820249 9941535
3992062 8204589
514599 1519868
6527730 6973315
6596841 2206615
2853426 6286880
2135089 720729
1928932 6850145
9157223 8580643
4606052 1390350
4130485 2580348
5698877 1842329
2167251 4056210
8539964 5526087
8622742 1370317
1527743 9110614
2146237 5674874
5524875 301089
8456630 355944
2165492 960796
9582926 900091
7603195 5891895
8743954 7557959
8203678 2039453
3292285 5281311
7972001 214650
7263661 8874672
6862492 1355479
725089 9032608
9602766 52453
4664747 1614190
5591842 3676519
9966146 5699086
8324117 2578870
8992837 1491535
4568952 7417032
653381 4944034
7883859 6618588
7849626 8914472
1388148 5222410
8856346 8586623
2099800 1716935
5209986 5948070
8923639 4396924
7220835 9007922
9087186 7080971
5982100 7157342
908076 9121558
2057352 8502597
7794946 9766621
8388712 3683555
4558765 2067961
3305786 5599687
8289972 6188065
2075009 9652336
8160264 1316821
7057956 8463409
947741 3728160
3035439 7301351
1110180 4190266
2457498 5866948
1483124 4254602
2398438 8717120
9764389 273974
8234169 7724470
284093 1610589
6618492 2612351
4167250 6369685
3388236 6020544
3834805 5972815
3761051 2012360
6615574 6489047
4728513 3725504
3107314 3382405
7735178 7452864
2957628 9571603
9448074 6935810
59712 2236336
8885516 3809096
9409739 6863874
1184323 1695036
8118861 2763348
8997782 9131528
4125842 2738448
4968110 1548872
3723947 940487
2743226 5781297
3562151 7145239
3356757 1932831
7297051 64308
4547972 4926750
9295087 2513876
2200164 1412825
1608890 504895
9172797 9131483
1329391 8487653
7500447 7784114
5653812 6226738
9519136 1020506
8892900 9764290
6393001 9227047
6535802 4833450
9248499 731052
8327465 9651255
9803885 8155279
2117801 9368017
4435318 1455575
1930178 7951918
7562958 7742972
8635289 9857489
3727922 3790028
3982237 6959196
1353688 8260187
3135540 6789754
150653 1490060
9309107 7900821
7699070 5674669
6189946 7271442
3415599 2532159
7856314 260499
485083 4924940
3959087 8303511
265587 7963320
7261030 1430753
2498744 2732943
3693516 1699161
6033860 6223438
6960305 7397895
2815301 4362632
7529173 1100757
7610757 541888
725851 1371629
5511697 1200894
5061984 8782189
582214 3397039
1138868 2713437
5490539 1317352
2374193 5621083
9912526 1542592
5666919 8792757
9336231 5801006
1292374 7620911
8902683 1406142
9534203 2338782
4448518 2284140
3206470 5664088
311315 1059738
7255530 841394
1250148 665554
1787745 2915587
8744617 6682213
6614830 9652337
5374495 8455761
8299593 1066959
8550329 4383612
6483103 4712846
5089324 7020353
7150424 3479374
1257935 7267522
4560810 5331159
6995044 2583367
1589504 8405942
3695507 4562823
6744204 7789233
9680315 9719776
8531039 3469136
4179890 9998854
9737706 5548381
255692 8091572
9154765 8361600
4329679 2366390
278595 9129126
5815718 9920177
7964093 9435719
3905034 2740879
3747716 8707955
7784424 4205054
8524119 829136
8622803 2401745
4475133 514690
876966 1280206
7151977 1188986
6599019 2553591
6865431 1198544
8500523 2148523
2802414 627507
1612544 7286178
9702030 7608453
6829607 1182986
4075580 9014217
9546008 1640818
480922 623340
2547051 7501007
3030255 1122207
9684198 9770152
1698549 8929333
390075 4859313
8751987 8441886
5445901 1932874
6848873 1112959
9061218 5288308
2908102 5843876
5668607 5427226
1295158 8767330
783131 247342
2398188 6185404
9087183 9520990
3540715 9128023
2022954 8021680
4120807 6984803
9276721 5202244
3367270 1006319
5015387 8763991
3716616 2203913
3843742 752741
8777480 3987771
2103380 3927455
3269670 3589842
8251161 5246462
2467430 1357138
1713292 277309
1777968 5651984
9464163 8784116
3154765 5877403
3058155 4725088
4729273 7024304
1746803 5569718
9893307 3514938
8721827 4273032
5126187 4686632
4209503 433080
9884245 100172
9916583 3303452
1249250 69117
8232057 3762358
9516726 5237318
4970028 3677524
1424467 3364531
5401636 88910
8432544 7897786
4618890 4172306
4700977 4575177
4639742 6803351
5565087 8516361
6794997 9404679
7311725 6543505
1088238 7868642
1449571 5731118
6506010 1979505
4508090 2099275
4788552 8654772
6885498 6062061
1564915 3758096
4529167 5211472
6189647 6822317
5316971 5342825
4810700 4304860
4843639 4279349
9874594 3152440
3971751 8959175
5686763 8341585
6773288 7956677
8514015 6918874
2404730 8619374
1096908 1945918
1297248 5387026
70690 6635583
1253699 7828360
3405543 6478804
8512026 3412561
6820872 7363168
1258988 3505232
388910 2568372
5704831 1099815
6540705 8650886
8914663 7787801
3591200 1161082
9802621 4382655
2453237 3392248
7221593 7233311
849209 2773498
1072386 1538448
4436736 4447434
2314182 6108744
8771343 4744450
5598790 642624
6434596 3583918
752727 7205179
3800437 7122499
8326141 2836775
8586030 2427342
730411 5770782
7730433 3031346
9106167 8863285
9019741 1553040
4483148 4722324
5357555 886662
9737306 3878411
9480133 6329597
2628334 2699734
6809424 5512040
7117043 1692808
6692535 4187143
2850424 2636614
8216852 3281645
455914 2165316
9554045 5880830
6831313 2532333
8187230 5353232
2051870 2989164
8712790 1714043
4311024 3410352
5923554 6618439
7143739 8373801
2519066 4437031
2692188 8130657
3884077 4848133
4673965 9317246
4873955 6988627
9195920 2628069
7331056 5763792
2721176 6104123
7643253 5098563
3436821 8392515
2610353 727044
2427964 3215069
3789734 9323885
8435003 4627484
1244019 3503010
2286238 435780
762602 951337
2379079 9295959
3568225 7974419
6502741 2993001
6410154 4481009
8080818 5614282
8472287 7283766
9967121 979232
4047716 7407827
2691048 6285558
277795 4600343
7327186 1953293
6049040 1715262
4352430 4649150
4606400 6479124
3726437 6822334
7484690 5887371
7842380 4229895
914025 7947804
3852889 3335043
2549085 9059612
4701837 2726009
3911515 875927
3276609 2256565
6851994 798907
2754411 4318054
5525319 6985472
1590709 732579
8246549 9956141
8353813 2995549
6695271 3195926
3094482 6982777
2342764 1947208
9285327 8596335
1419489 9429939
835074 8056505
1794685 6583008
311774 5333777
6282811 1397054
8004801 957401
7319407 7209859
2409998 1762279
4170609 1046817
8586535 826670
4658414 5006302
581042 2027372
7680592 8585683
1535501 563752
3604062 8891728
9458343 1673167
4704752 2883880
4543625 2522737
7391542 8509187
1775613 8333465
2153582 3496998
6674558 6648212
5838318 3631254
1858782 124509
9052369 4765667
8500595 7400189
5233636 439677
1504273 4919152
5622584 9494109
1306790 4552910
5243576 248790
3709676 3626304
6896813 2795096
9687944 4979728
3140589 7937327
9716467 3556443
1376800 4156031
5293484 129762
7948836 7758675
1648166 5645314
3025898 3834281
9456106 2227430
1226692 8754805
6559956 5094249
2057667 4101508
4016395 6983815
6139832 4911682
4675528 4095315
7832518 174838
1785772 8303916
3056565 2553514
4456704 2128786
3277744 4277575
1786768 2676098
2113272 7333556
6048443 8526042
5143901 5024180
4358516 1637339
4236580 6342543
4503617 1829667
3996893 4924797
5361856 8286443
5589226 1625993
8507186 4209602
504714 3864147
3701921 2580178
5481093 9857442
6287319 7819755
3383075 4498234
4458525 4554951
7749871 6918868
1629245 1511704
5151868 3860954
9724592 5750835
7213526 4691995
6091046 8690042
4962971 8562113
5076249 3446068
3488316 2828052
9233372 1465435
6323326 1971932
2073931 9577353
9693535 8417126
8834291 271916
4857315 5319764
9829073 4488747
2087882 1241926
3817362 9663636
5891684 6232619
339764 6930431
8215857 8471972
1360972 7936937
9743776 7507570
40875 7667189
6059688 8659707
6831607 2187864
7563374 1756701
6506882 2436194
2331074 4987027
376967 6958163
4411296 3433341
7493188 6304640
8177505 8022924
5545526 563677
1930165 8726423
6346230 8166598
6276156 2377999
8695517 3962024
1429273 414057
1961421 7141940
669617 7034553
1864968 4055313
782134 2780337
7245475 5034742
8679125 7541702
3523192 9734407
8575682 2651831
1899026 3635384
4617498 6040185
6596413 5983584
6513057 246157
2605193 326191
8294367 8766586
7831385 6243545
3281014 7265046
5364846 8151940
5894155 8285023
992906 3821298
5562661 5278206
7448834 464220
927743 6286185
9676670 44641
434769 8719315
7587574 8300736
7248559 9863646
8445901 5549436
45456 9214542
8102909 3316460
3150195 2304487
6599905 4331911
596178 7554862
9423615 1213122
2974555 9595702
2404053 8707941
565728 3570093
5744367 6063916
174706 8665588
4690595 7373080
7042514 4619870
3604863 5760078
160682 3038616
2178772 4660038
5863626 1076089
6096824 9555437
1807241 1966393
4085347 8869541
7019665 4937120
6887708 8657499
4789336 465607
1969346 7121769
2458282 4382326
7132800 6891618
2422829 8400893
3927841 1822454
2730841 2170592
6049857 659471
8788055 5198636
9937586 9183527
9625379 22494
2142917 6439370
6200563 9580806
3406021 5626612
1024604 6462967
8452196 6765649
482986 9391686
6142243 704178
895766 8667724
2850013 6309674
8424249 9368215
168455 7077781
9640447 4250053
8857065 6463298
8303351 9755963
2606984 5642961
5441274 3793744
8162403 7008800
7714220 4541066
6812366 7033551
4971892 4221535
2718249 409971
1638046 1793307
3041891 6471156
1959620 8861140
4365717 4640622
2704950 641184
147068 7656856
8962061 8473455
4536507 1051823
4393520 4692589
3685606 8342014
1954244 4494169
2401060 8231680
5825416 6220264
6122170 6196280
7415564 6397548
7352798 1926456
5977962 1405703
9519480 1778914
7047281 9309931
1264234 3759108
9017406 722895
9375769 4850506
8641127 796437
9979979 4541176
834897 9811757
3079585 563247
1189562 6184682
9027340 2699030
7745591 8036822
5338925 89682
4069085 7468562
8627630 1731638
6388311 7908356
3392488 8200463
9122336 4887970
8464411 8033002
2682711 6332504
2891465 9942142
2585485 5964445
4078378 2347421
3876901 6403173
9173464 3626102
1234017 7715666
1438355 3947396
3572976 7461933
2670531 8681493
8329756 8636302
8346704 8566448
5121736 375870
1380156 3185935
2417990 8277470
5985558 7520614
3464580 9672825
570075 1610720
832509 432202
1191556 6819423
2592222 9865518
7132385 4579208
1089580 3732826
2877483 4563256
4400318 8132677
3676270 8903582
340704 4580557
4128597 2299626
7682990 8485448
9132623 4402495
1890216 5114023
8517820 8180465
5249713 7581242
8636192 1288805
1802754 8735911
7121941 9354362
2060229 6908812
4229856 9998259
655056 3527720
5616853 6948916
3612709 6772906
6545996 6318426
8473770 9277323
399925 5213423
7156889 6467730
179056 8878381
209403 7365542
130160 7868951
3598384 95950
1613485 4913325
4637790 8171656
8962695 7804196
6797409 6872967
2763522 6508261
5258104 7760116
1495956 2354722
7215522 9820091
8110807 1083340
2703097 4276664
6430667 2009640
6609048 8013391
6075368 477128
8934510 1064944
5155964 6121863
3117713 3924795
3100674 8259286
1740394 5171502
8529561 9549841
4471349 8570948
5308010 1691470
4825003 5786393
136511 1288437
3980216 3322262
8709723 7923660
1747837 5595732
1841514 1738015
5246075 1143126
2383949 5022939
5443550 9549003
3451229 6014643
6628531 247999
5346199 540564
11049 3611094
1995705 242361
54908 125195
1317151 8174063
3272525 8878211
8041944 2552905
2806999 5869972
6507717 8240158
2176454 9339662
4644601 9336506
8793121 6704151
8450856 5551638
4853577 3096441
7412928 1100689
3509126 3677733
5991013 5003754
4760254 4471726
2020327 195729
3112525 9032335
6694755 9643898
2828030 6336854
7901752 9211013
5114451 8218068
4946679 4703246
1067705 6417187
7275839 5461189
9906978 4549346
5565371 8933195
6302565 7060509
6003371 8594113
5395876 1168018
1672881 3486131
7284830 3724115
7864634 87853
1943963 6516511
2197116 3276729
3170796 5804257
1521013 2986153
2720612 1171004
836798 1769316
6707491 5262523
5723435 2383778
1243048 3851524
3362375 2812425
3954776 9232750
8067095 9422667
102284 3584607
3650332 8366933
1615986 3725659
2791186 1819107
8152319 5556134
3226758 8769276
5313582 9188886
213346 6400564
2181788 6264908
7710768 1964634
9487989 6100860
6900423 2567622
5548796 2114677
5447877 4028635
3559470 6480926
1319841 3188061
9056984 8474358
5096835 9704569
8335941 1767327
776155 386988
5512159 1479115
8009749 6278911
8941780 1178001
4426190 3608362
466680 6673648
2480353 6954585
2046879 5331205
930679 4146079
3797032 8847319
3509840 2117387
5934932 4084495
8676105 6499647
5279401 3487829
2307211 9491957
1030604 3693087
7897111 5750129
2290172 7716691
6645607 4877424
6743492 6427583
8409970 7860412
9744863 371694
8508007 8570791
3644551 8150416
9573090 5806762
1098027 2547022
4384982 6698595
8116395 7915180
2906681 9898751
5891718 1653276
3848110 538042
3402437 6198085
5213157 7685372
9014126 9495278
5055584 6015755
1839158 5605878
7612784 9744947
1684913 9666837
8980985 4928059
9335337 4238882
3086140 9406465
7702814 5169247
9449294 7014904
291445 3505215
5754720 1803916
951179 7505100
7161664 1821709
6278091 6626675
3313318 1294158
3240476 9479022
6924786 6205492
1128486 7720277
4450319 6751520
888678 3714547
4964826 9412260
3935602 7023725
6444366 2744258
9353809 165496
6531215 8829183
2694465 3262823
6499410 8368225
860670 7838731
7833393 4754633
2233956 5531615
3584306 7918186
7674972 4637667
213848 8879555
7301114 3272207
3219457 9928474
1081561 1843306
9292816 7884339
722763 1351506
6026371 6892463
4481100 3939707
2496834 8423535
1420992 1135303
1744052 7905724
6721273 4228337
6520618 135933
6002599 621349
9999207 8445298
6100264 2812085
5007457 919772
9951269 8151802
2656365 1777070
9868238 6087529
5435178 1542037
7078679 7879501
2209158 4533594
2160796 5667495
3578851 2607548
1931773 4398404
3046522 6949176
8502443 6891271
3199634 6781572
5685505 7931704
947651 7348709
4141232 1476262
5671618 8858602
3781787 4861352
2880794 511575
9669506 2604129
1436149 5296141
6878843 2409897
1741184 4613968
1991049 2177664
4740468 5599425
3159813 6438648
7771528 7874859
2892870 6386819
420565 1080214
257354 6196714
8160449 5951869
2979052 7538887
5715582 2559827
7175541 8274314
7062896 7224438
4272386 4145101
4544207 5519394
4491404 3259520
5877713 8322216
3831265 6316017
1206333 1335541
7416907 520916
9100804 4812919
5517974 9141890
9025962 6267272
758515 8125342
4283013 6043488
8940594 9530149
5316814 7111644
6361924 6625739
3402500 6159089
335332 6794694
7346579 1017365
459453 2435135
7266970 1251368
6020745 174053
531281 1700222
5373838 5853990
5335883 7335711
839287 7132189
6103978 355262
333560 9421864
7279204 4052496
1638744 5660531
511464 6385480
3089482 9041647
994426 4460989
8488280 873010
7365332 2969396
5813481 1168117
3917623 3975764
9604534 1459054
5269834 1337571
13007 9316799
3232419 42424
2541248 1763700
7966304 5061281
5465777 7596878
9005514 4085987
8426820 3783527
7765334 1614425
5464068 2055816
6708913 2547676
9870337 9179322
9210497 176778
3882350 1183692
5075443 8721752
328057 1689132
2967304 4059596
3590738 2734567
8625031 8682319
4240245 9616081
5686374 9290839
5268455 2258262
8420000 3423855
4154092 8495412
6299441 8065345
9883632 7375294
2979871 5057727
6301918 3765842
5918081 7021499
4163150 7005629
217595 5535367
734257 423886
7597830 9968154
6542466 4588246
2974162 9850017
4310848 7413371
8946381 5826822
4685717 1995688
506055 996529
4432985 5513000
3231874 7303255
1980707 6511782
699515 8672958
6924118 5709825
5581366 5909541
1923932 2888998
3479627 7426142
8812853 1955543
1118460 3051801
2055635 4105222
3637740 1453075
2613073 2316293
8696726 5195143
6094599 8685388
6499303 7359973
5355500 8421393
7692280 1252516
1808616 8559728
989835 6045945
3171303 2280406
2782938 4928126
9852864 2113153
1638072 8679526
2456444 2898562
9144074 6582187
5445727 5661999
3091812 2446338
9725224 2704798
2316965 4598885
7746851 9725579
9267270 9993695
5784798 7545001
9532139 6028585
6341866 9147071
5167028 1178041
8287229 9163825
207085 1817651
5366110 7674198
2574064 2869237
9582529 8618588
8275519 8326599
1691850 5048655
9774934 6075878
5584049 8379412
3543502 2554896
5917794 7859557
1199968 7057400
5259637 8351976
4788386 2238846
206906 3015946
4390766 6290619
3198860 3056968
2403213 865661
3327202 7955179
4431449 9388017
6953634 54014
3916294 3826306
5390028 9949000
1104115 3927754
493794 4283562
4948478 6751308
560108 6300870
4101765 456687
2770152 2411308
6923457 459404
9218473 7537431
7523217 5134171
6841592 2725522
3198156 5541411
7890020 2682207
4796233 3551142
2510873 4221074
8717599 8974896
546501 6829306
1190091 1567482
1321223 7420068
9648768 6890777
3940492 4770164
8668073 9823612
2351437 5167353
5214525 8297592
4375268 113662
1513827 1263459
9615818 3270247
8406894 4522126
8781513 3132662
9577386 445362
7351222 5353381
4327300 7714707
8766207 5100693
7406284 1670029
453150 5849195
3582883 2765980
8950651 6936518
4205378 1990956
8440683 400353
3774488 7670398
7924833 8927529
6380621 5214096
800457 2646336
8520953 7081696
7263900 1791348
4835210 9020179
1861693 7170877
6642993 9358137
3924706 5133809
3723266 4241430
2711328 3598895
7190263 9908287
3736052 5562206
9493317 2517272
2333796 2318595
1180812 3072479
9887110 2816209
7952441 4488105
3439502 3273646
1918999 8956779
3520816 3600786
3903041 3509124
203693 690681
4627933 3276933
4649056 1392051
2223264 2094016
7670290 1074029
7155307 3763352
7592182 2723456
7710923 9353161
22740 1954298
2918480 5103113
820443 7627230
7559555 726310
1552475 1433229
7682865 3670077
7020068 1282490
864213 9753281
7175509 641884
3110726 8927229
7970666 1111009
5323968 9084778
9417237 1268840
6768952 8611451
9672799 6689623
4056116 1274065
7629104 7741910
3197896 3555717
8519686 7820641
1531873 9467161
4464070 9107376
8310482 6580653
2914405 7392413
2921150 6778554
1906580 710142
4783882 1106058
9274812 5292701
1850825 8080721
2322161 9899433
8066389 2811276
5052296 320806
2004896 8875325
5055565 6818315
6060593 3714136
4065644 3065782
9653203 4286548
6039716 9427088
7385230 4267698
4793369 4441282
4728470 5571160
2307784 3460500
1056234 7966948
7173340 4253112
7206627 4218541
5472549 2617259
7344372 7391226
5265262 6199165
9121001 2207515
1469943 5705506
9757799 4465326
8990300 4035471
3654230 5123851
8305575 6366206
563592 4650102
1736002 8507859
6679348 8419332
6169342 4633043
1203849 9927345
2316678 9563401
5795465 99964
1894026 4693211
7143127 2985340
7137750 5029753
2087496 9431233
2767632 5618987
2270074 2542155
5341768 360062
9790033 7940033
2773212 7622008
7684013 546439
582298 5441935
3927830 6485164
4111730 3867394
3226411 3783213
4456558 7277561
773648 1636315
3730787 4281582
2298715 8245969
6802385 3850593
3255780 4269626
1540582 4733319
9563671 1990319
8764074 8374286
1834806 1763634
8706061 4142645
1509378 1268041
1369980 2718194
5179075 4741239
6991084 6046500
5469296 8748424
2195879 4423640
3175612 2829920
4720323 8948029
7927810 9388132
860552 4961205
4542216 6426365
8801095 3342484
534543 626571
1245254 4561656
5012405 9567731
9902612 8010608
4724879 3496655
5064505 117584
4926047 2345312
6656307 5516417
808022 5627394
7803714 3674816
2742217 1616313
8589062 593954
1060328 4301392
6121003 6388939
9097969 304072
9694852 2962647
8121057 2179539
9355154 9923506
9627366 4250969
4500529 2812544
6170401 7097342
7104066 8426933
7623666 1135904
1867725 5770809
8625784 1585107
8731893 7413702
2850727 6743302
1784273 2130194
112322 4239331
7259705 6023241
2655119 3106913
6296992 7822646
3103301 8064877
1144130 9834597
6422199 1760279
612679 3318875
6871854 419718
5307815 7875172
3205652 8944550
5555891 799471
8385011 1970012
2649418 7865999
9931935 7305459
8078570 7501143
9778180 7479775
4667400 5532357
8656185 2184543
6798190 8338732
4198610 8640776
7065802 5125277
2790146 1204582
4573303 4878566
8675319 5670172
1606762 5766816
3069443 8051399
6059296 363130
998234 8966467
7447883 2628673
7794033 3235821
2794970 6962009
6993436 1247311
2559692 6536075
6481863 3789510
2422840 1199139
3069513 8689273
7849975 6877580
4034299 5048827
338745 8716111
8457334 7876381
1625789 2072766
6896932 9863733
9772141 8918844
30596 4994297
8310935 9753623
9795276 4212165
3249192 372340
2810533 4187552
9265910 6987228
7547590 8901275
566286 8899556
3520037 7065766
7374342 676263
4663319 7122912
8683871 7543164
2650004 3524682
2016683 507893
6441985 4048261
9590179 9871903
6778347 1963735
5707529 1410794
3290044 7323516
896032 7140277
1536554 8632290
8223714 6505393
1229301 3470656
3418177 7330630
2137443 5659237
6485196 7502583
1209998 6556344
5130909 3838374
3437316 5948552
8576108 5544360
2154194 2801048
1227861 9016819
4958679 763527
1296915 5168719
6189887 7259948
9653901 351052
5853526 5256813
7770152 1399474
2547302 8088140
3584316 4027085
8909778 7993017
7956274 6231810
1321872 1929037
8651188 3823352
5371675 262850
2970281 9694632
1962910 8835103
8809144 1623376
7194395 9783829
867810 8873579
8276558 7904844
1399206 2920405
3012190 9865512
8361245 4908295
5429202 8420413
6151350 8274070
6170147 4441557
1881597 3316323
7711188 3766699
6370846 4064583
3403860 3967331
648277 2578304
1298944 3396448
6714716 4990779
1991983 457382
8515633 5582489
1855688 6923565
1473591 8496401
6321628 4470467
7072527 9409143
836628 1651387
3951264 6979576
4290031 5213731
9212017 1028467
4318766 2921353
2017946 8313616
1296914 7050637
8863012 802936
103959 4921706
7471814 6501209
2562223 4821042
9201476 3302978
733715 9443608
7973477 750293
7509477 8192316
8228711 3153968
3408915 7807387
8115199 5309907
164554 712330
9984376 6081795
36642 6362268
6275676 8811281
4441547 825633
9960474 2559571
1821923 264907
2987122 8189307
8588325 8373078
4243956 4589847
7979837 7312074
720097 6111255
4812968 466305
5234367 9108461
7592517 4816785
2954720 5848473
4231021 5656195
2036567 9751437
1464243 2205049
9063247 4581610
5916852 2854962
763337 8694795
4710122 1475256
7999845 7529245
1241063 9727588
3775998 6763682
7820572 2195368
2453839 1759611
1512858 9894281
995196 8413577
8227349 8332630
102662 4429771
4164443 3575606
9971746 8630549
7335899 1866221
9250822 2747120
9358067 552068
2132694 4247224
1367612 9903190
3566947 1034953
8194151 771029
1895126 716916
5901092 1091259
9698296 9094942
4445996 8333176
4734375 9843061
5763404 8464978
1354424 3271254
7077195 7232998
3418965 9033747
6779453 8553941
7641571 7747374
7312100 7995219
9242409 8855092
8165478 1893440
1243174 4716646
1967482 2286773
72107 9730609
322095 4513047
6077272 1501229
1251053 5173488
6898750 3653217
2183019 3891528
8556710 4403367
1271904 701913
6487853 871869
332195 723187
4319939 2168280
7617382 7389490
286315 6979536
2047025 4283412
2753199 6974756
929777 6698756
7383702 4055035
3520509 5492686
5277213 7126138
5597088 3624033
4669508 2288165
9919660 5353226
4355665 4379056
2016457 4751109
8919127 887861
1728649 2538188
2817877 326586
8734000 1046181
6317839 6516946
315288 1409931
7378830 7050943
6420593 3390935
1866146 3459877
2281820 8453089
5714641 1554239
3769844 9443749
7509855 7589103
8884546 5759287
3138505 8060465
2517371 2697823
9643301 3668888
5645234 1058094
7488458 7194872
6513942 5684531
1429575 9730771
3640924 8507788
1743035 9612483
6071199 6890704
993097 6822072
5149033 9239939
6709700 9567181
9181282 1035922
3687064 5123253
5219084 4978183
6387164 767404
9876564 5705818
3463525 7015284
3106132 1627479
6419597 2696873
8914092 4162004
3721243 7686579
1569164 5520408
8190302 1747395
274137 2553769
3312096 2172795
8269729 6278987
7574552 3212494
6625740 7511333
5058693 8900297
463865 9503939
8030694 5972771
9896443 5923567
4114988 1881289
1589012 1445584
5645281 4035298
6125987 6850315
6245748 9699277
179791 9230144
1021629 4412444
5542555 1072337
2128900 5816291
4730924 4066450
5816216 3378240
9128037 6409163
1115714 3422445
7973009 6137745
2724810 6371025
2585935 4574012
2208711 119286
2121827 4280227
8478829 5018952
1682194 8690758
3360963 6268527
3475721 1594426
1994340 2144679
5780425 8266681
7557697 2115450
8180613 4398936
9997179 9679646
6999700 5993349
2783776 9856639
1674676 649050
4710941 9411013
9551108 9104034
2969764 6648575
2062327 349665
5186462 5046488
1226246 1598638
1377256 4888903
1415353 3542434
3487858 3233411
9237673 4790830
6564921 7775470
7821109 2419873
8849307 9109691
2791812 188924
1437957 8685498
209827 5241233
7915413 8040047
9300943 3737402
6727080 1895745
6779981 6411298
8839245 120332
9200391 7757693
3617048 6702187
4898705 7839736
6186105 1447036
7470983 5981823
6473132 6413794
8554784 7969029
3469604 6333334
3780416 6399836
3080601 5469622
2924065 4275557
3136930 5969915
1876051 2737432
1449958 5802656
8882744 2261602
6532562 7041726
4178209 1381898
1504269 7715524
1969579 8749261
2082930 2463266
6032662 1261112
1761542 5653064
335353 5118737
2481678 7522198
9824980 6336776
5186303 1643784
4119847 1436335
1446949 7082878
6567027 5554869
4081761 4894779
3648447 287583
3877777 372796
6979710 7898992
5209797 2742239
9524048 6481284
3244212 1534760
9922021 1059541
9958555 2770324
8283396 9946689
1428942 9942867
9147549 6535192
9055325 815490
7206652 8676434
7688348 8643875
7442786 6372166
7747678 56302
7506532 2375285
2796974 8231880
9582493 2657360
8576553 7117999
1940896 4472323
6826673 8177820
3192516 8235050
1664211 6720666
9477204 8749308
5652985 838822
3393530 8013562
3674208 7050127
9098354 6623149
9551012 952764
5489374 6247601
9454131 6904750
6725729 9887318
8163871 5002441
5734840 5326882
8919135 3951137
6344180 2252631
8557347 5108887
6758600 7115052
6297832 5198252
8905317 3940174
7522925 8099339
1896584 520671
5445964 8617534
2851769 5936113
904691 1645707
2335449 4772495
4074394 7936100
4562548 4291750
274476 4210811
5529824 3443286
6294987 5303598
4469440 3917259
7371463 702199
9344838 3869211
2913199 8257686
7699090 9299249
3964600 9798106
8037811 4825694
4112374 2372410
9419347 343731
7878048 4923897
7535280 8049451
2079067 4049424
5608046 1964200
732645 2908454
9042949 1205642
1580424 2871885
9136655 7501527
6374889 6577757
1314412 8819490
7051415 2071746
3424108 2072426
843246 2366321
1578063 3864727
3015348 6554052
1439190 2189704
7486678 2978274
3562219 7236593
9750737 4213923
2206145 5668886
4831762 9078031
2199564 1405796
4339016 3900861
5817451 2399726
4279754 4625419
3823381 7842275
8684107 7134987
7566629 5471331
4461869 3440098
2740629 2901394
133789 2381140
2515052 7161475
9964620 5609735
9470821 4215030
2673092 1899970
7953429 7985364
491508 8150363
803869 3284306
6633930 8006444
8966070 9978211
7996636 9590817
3530049 4773766
7443812 3732726
1188034 8600661
5669034 3840604
9242000 7844993
4977358 9222515
5524857 5609241
854551 2795108
7416686 7417392
8718532 5039108
3359196 4228506
1845984 516276
561805 1451128
200837 5734276
3919326 8496432
3152680 5674034
5156936 5121806
9272742 1633545
1453871 1690625
1931842 3306788
7099276 8076514
1287528 6299166
7650424 4412344
7475001 3494066
8768875 1958645
9848431 6342450
7320161 9828186
5025810 1516780
604002 3388366
7370208 4716584
9177717 5644248
8215176 7068235
1870966 680172
401276 8403918
8785539 5141397
3167894 50991
3354811 4394784
8641336 1625590
4333754 5106502
6227725 1521684
2272154 5583332
9229107 95421
4769976 6482564
6646211 9353443
7602854 5531867
3717436 8661653
6722656 8942145
4979778 518244
2018141 6156630
1327185 5866332
9856754 4903438
92146 1860047
3435526 1333866
3411255 6640213
7728817 5159486
7256319 836490
8922969 9024307
11442 1332306
6275071 6414157
7313747 6143193
8248850 1845959
7727568 1788994
9635810 3409569
3110491 2188653
2789872 5312373
3377613 8278669
8440857 4742109
6850942 1438088
74744 8353480
8906222 4188522
7042955 9388157
9520277 5665037
7435148 7716976
2322724 6176147
7205900 5174195
4612345 531172
7409732 7911532
2797758 9730991
4233232 8768635
8049841 1668941
1744594 598797
921383 4210018
563971 9725253
5158544 3017149
1320004 1029891
9377609 160140
8402555 1836408
1128896 2249294
2999539 3261815
9009039 2172031
563324 6999001
511308 3555677
6426145 3194481
7268063 7008334
7636144 3917665
9898080 3641383
8182165 5304595
505471 2717019
2615817 2868403
7368364 8715071
5015213 2874784
141482 609054
62966 3933990
4190730 245730
7220085 7294494
2132619 2786660
8955516 5373499
9311613 5173430
8071782 2739308
2947789 7176772
7681222 7723878
2297898 1206889
1708596 821859
3396965 162293
577543 1299812
5246690 8925981
9158558 5080023
1410010 1414730
7361773 7877816
4055430 5322471
4198125 3801142
6716274 5626709
8597359 3017253
3364889 5374558
840296 2447001
3387115 6518149
4923600 7696219
5604967 830450
6138997 6285459
1453649 3615256
2953874 5286476
8813415 9185931
6023487 8205702
1618549 3352919
7841609 1872405
3000126 7442051
8874990 3763652
6284592 3199182
5494834 3125590
4274750 544970
5727005 5183
3532313 5059277
1236838 9737127
958032 5239877
6998938 8816861
4594596 7783361
6676878 7597018
7929038 8305625
9219679 3924038
6837240 8229596
6167805 4406840
2029335 2657713
7407610 7089174
8794792 6846605
3771282 4720749
2100139 7218466
5592710 740740
9923434 8362480
3198814 1485091
7778110 6808287
2108542 5624381
2618151 3973542
7730391 6152504
5747167 5158676
6367213 3208130
8254578 6958476
6972966 3663883
2322994 5865
7346747 3017435
1416103 6096193
362611 8881560
8031626 9537245
6482518 1459393
2901265 3616647
7533637 7295256
180561 6808747
1145858 8183970
763926 5159962
6382670 855010
8447139 7572338
991259 858233
4236662 1254748
8778511 6202022
2970878 7467777
2232940 2874855
6496884 6777245
549762 900100
7542303 6655326
9309109 4736862
6711519 545894
9463708 9703994
4842551 8856766
3425555 1646900
2416957 8218975
947409 1963900
2835195 3163113
455719 5009312
278966 7519504
7564661 3514495
8666014 4161856
8607230 9887263
7841221 5756087
6516042 2727343
1026694 7376456
2141714 1215683
7928609 7432495
3225101 7326974
6003385 6224259
5732607 9192176
8647997 4665991
1004965 8826448
5058964 3119678
5552995 8047635
6896430 1335892
4006967 1335861
7257315 6677575
6563275 7372920
2479152 5253985
4177015 9325349
3119713 217399
6732727 1024027
3900968 2046277
1553489 7579016
5607716 5125985
4484656 6728459
3453943 5654629
6308167 1235445
6247626 7671812
3813886 9824583
7659147 4834188
3116684 1248651
8540523 7450581
578445 9089643
3804404 1680749
8089693 6162224
5792346 4731051
6948898 3750225
5533030 302545
1145623 20471
2281608 834893
9808493 6665090
4565331 3389288
5852754 6143897
7946117 7820289
6689817 6484492
7764121 8861392
473540 7980025
3324603 652005
8542980 4648670
9235105 309903
1039538 9369336
4158534 4833125
7042690 4224899
4803187 4141584
225073 9248062
4782227 5956075
1746411 5923590
9001092 3037728
550580 276378
6671974 7334449
3511779 6667139
4293662 7421417
9537885 3150344
8529334 7681447
8499426 2431687
3371501 3540998
5134235 445244
650177 2957078
4685675 9370529
5341049 1015467
3328459 9980818
3781380 2715528
3065074 7362795
918992 8077328
547861 2730160
3988510 3644245
2867118 7620040
2392547 7624674
5454090 9454290
4618507 9799809
1024485 2000959
1267572 4261645
617331 65517
1857568 8069559
3011246 9266931
658618 7904951
7575334 622636
350436 857977
8955655 6362439
5781644 1479247
9674765 7873084
6165184 7964435
3210971 3978931
9279934 4176919
9044277 6536049
9004353 6785502
1773526 5869040
5202364 5363473
1925971 4812749
1325455 1132486
4754297 2189476
5980730 817254
7682889 5886314
9368102 6893079
9645374 4444694
8330361 5963247
8585680 6840764
4207642 1710193
791251 6798212
7448538 8700925
8094957 4255533
3636778 1150861
6508631 14238
7216870 569268
1954846 4557950
3165823 5427222
8939010 1215705
6898605 1362129
941378 4900139
9806493 4682828
8463894 7112388
580088 4039225
5643636 5979491
4121365 9950591
7836356 1064192
9537429 3495869
3948982 8051211
6346093 4487117
9888614 8835106
3880260 6890048
1611773 9433532
4213626 1427162
3036028 2719711
2632483 5526834
1163024 3175084
8189304 8552167
9874386 4286109
985515 2458143
8977967 4446189
6528271 3333067
6951152 5283083
7796868 8421064
6163633 8231507
9124561 8660770
3989607 3837568
2816317 8568382
7288409 3455441
6181726 8820382
4325526 36537
805469 141351
3748704 3158523
467218 1172848
2594075 7130532
7414268 6293806
6047491 2608563
2063216 7523234
3128653 3402122
2831748 2633083
6857568 1767809
2915144 1972603
5272206 5739481
4471056 8362902
3939184 6793791
5961985 980712
761105 520555
1592068 1003948
1734168 2547331
9648307 843147
6018816 6360606
3323038 4723332
9393951 1124533
5174887 6673442
2096540 7678413
6875209 2749840
1592759 8754498
5052203 7333883
9634690 8626505
2110352 5835642
1179957 5328310
4615927 7085813
4510900 48796
6714459 8640912
5039393 6012206
5569353 3748171
529219 7136852
4658714 7949491
9880866 3758805
3281123 4954435
9526581 3388410
4222824 8705163
5020135 9695119
9586975 1042070
8734470 8624716
1988726 2947770
3583597 7697845
6349820 8104477
4325036 8893652
1161782 2570458
6532793 8487355
6597259 8288352
6766974 948165
2799363 6640044
6284152 3001843
8962406 9258473
2811269 4273054
8006826 4637941
654622 5568461
7262373 3699012
8481475 8520170
9096100 7142579
6568839 2936405
8323524 6304366
9954068 3146207
1648754 7463890
9011028 9142267
5806167 5312914
7101714 2975377
1551082 7481365
5743216 4245426
4416677 5450951
7544311 995307
6543752 2328331
106201 4275033
6849550 542851
7971223 9458887
945883 9394384
2539255 9253787
8008328 1177695
6751918 3569701
6298964 1949087
2854867 2361214
3992898 6745409
8648745 1140756
1775627 3285941
4529838 2289035
7883830 4924112
6497436 9672064
5908012 3653252
9897089 4110870
8045369 3212085
8506229 8007267
4598259 6007291
2357144 2775325
7246436 1533141
1719148 4727665
6702095 8040951
3785877 6814071
3668671 845554
2748755 5702022
702869 6173011
5713107 1996653
160532 8550209
9641740 6459121
4757430 4761545
3606606 6492955
6191921 9634583
546485 2882702
3765147 9647231
9618295 1219427
1069257 3023206
5628637 2124560
7861291 8021194
7403755 123515
7823389 6206789
3123948 7807071
1460745 5077688
7334138 2544879
3126502 8533595
2343074 9369362
5441410 1003311
1579744 5981136
8745230 2114346
6696588 5100601
50824 8192178
7735984 8107543
5067094 3805704
3295672 3973599
6962830 5884106
4555879 8931246
8704113 1340179
3383695 6159980
2349357 6794739
1538230 8866909
8494706 9700182
6402440 1134258
7253575 6470392
7622551 5849814
1936759 4801990
3191967 9050873
859828 3082714
7163949 2845066
5767084 3956295
8077421 9520196
8696758 15965
8865984 1704837
6118685 1317963
9063209 1650904
2150922 6603891
1337710 1076739
9095019 3850143
6131939 3301475
1935097 8288914
7736777 7950060
5243116 5068979
5242114 6007769
7163066 8946731
1229732 8161593
1279896 3569164
5605596 1772279
4968629 3680457
7004144 6895348
6409717 6404847
8340912 6360326
6544840 7392830
6779402 6741293
2767412 1214448
5825649 4082916
768015 4889398
4670011 1480831
1264599 2779908
6766402 9781386
1646095 9171101
4127260 9511977
8244897 8561669
7753197 3999863
2286044 7033915
6996454 1765126
3003603 7403360
4577515 1593807
8018088 4018196
3652130 4341418
1066790 8502058
2079280 1713134
9760293 4765835
482322 6169446
3961607 5437918
3633915 7643446
5809384 5720595
7788606 3694760
4393205 9665766
8461468 2414166
4188268 9287072
6307274 8213599
3574759 1934214
1076091 1726477
4399978 1084770
5945169 6905464
841134 3414030
2038711 3136790
4937758 3152214
1635994 3065746
3988995 9689025
1444397 4447261
4389338 4456096
1092644 8393160
4323443 9692565
7838065 2576747
8780849 8362000
5114848 4081981
753959 502321
8449229 1408134
7371312 1197758
6874530 2524537
6984131 7742436
5419415 3131761
5817219 7050213
3999333 2749511
9235742 8605410
8954506 4227424
9091750 5959858
7541650 3530595
6185041 4985567
6661298 1933414
2603152 5879218
2731182 7583074
8681328 3009603
642201 1149169
2877263 1251212
3644053 4852530
8324744 325762
9220278 9030019
5655462 2904642
6882530 2479941
146385 5885991
9539922 1080777
4759127 5023088
8166848 7222854
6458844 9725174
8231620 7992869
6334717 1240987
7545362 9827760
5843830 1301116
1178773 2453444
4922897 5043013
6083075 7293768
340643 4226445
9428729 4789162
3088539 4173674
85761 1775745
7071875 591576
1607486 726975
2479110 4870639
1540908 7560554
3512342 231712
1340481 720286
2363979 954781
4319439 5172332
7181388 2511985
3453571 2394313
2048492 7071138
6101465 8229519
5222535 1146260
2699840 7052623
9688688 9164962
210859 7907577
8922609 9608088
284515 8698679
9364922 272685
9049598 2255422
4072857 2318475
8944003 5537905
1013692 3333930
6254642 3243994
289975 5222929
2657011 2826974
4583455 8496241
4399455 8144717
8720933 6338937
7312300 6958398
1283985 820549
4439612 7890945
8331152 1929414
6301284 5892104
9263168 9217506
770941 7814956
5994944 7161305
9035645 1479909
986634 9218141
613086 7730757
5246063 4353197
6544859 2821285
639828 3930069
481319 8394182
2298232 4353331
3654062 8702078
2868207 8008506
4648656 3277458
7212693 5837920
7472548 1644164
7782444 7264366
4621860 1535541
3097611 5271826
8627857 2960925
5629852 8005820
9776821 4612713
2195768 2056872
6836213 5760254
9890689 9114902
4115459 4716082
3790084 5105856
6955250 9512519
4616661 263331
4847939 6069461
6567520 9563440
6957883 9197190
7706215 4030994
495353 9614722
6355712 2918071
7885892 6637454
9476691 9419200
8119077 3317360
3418270 3022868
3093867 9907528
9030560 4509090
297532 851828
4342049 9736001
8985531 2891452
4938300 2292337
7982590 922589
5869010 4177885
9986332 2296682
5007211 8749627
1920388 2240415
440465 5141684
7651170 6812478
4427672 1894849
2726451 7637403
7452855 854250
2328714 7354569
6686517 3332915
1508267 3999835
7280459 9983358
2879125 305077
2356143 7011658
2765305 9049332
8283606 6798677
9839206 5767168
8815698 2304026
4315913 7387674
6335421 9753994
1418508 3828695
2390448 6100363
9584345 1459277
7873428 8312087
4197455 9405450
4533171 9432316
9032469 1228706
3038713 6729458
9398574 5250499
2932950 7015242
5802437 4878690
1125519 417865
3799512 7200219
7017062 2154231
6105053 6684982
2722532 1904033
8038824 2910656
3992519 9069304
1192198 4019279
119379 7512044
244289 2794046
8735696 5826916
4496968 7222537
3741727 1587034
3728392 197462
3815952 6333525
820019 5682416
2770309 6385307
823784 774628
6895014 1255719
6648570 4971785
6335900 3117838
4576244 109798
8654104 4651786
9514132 6440108
2034686 1080295
8117570 3140641
6930493 7347150
8556075 5023139
3701229 7591421
9615119 3989338
755166 5414902
4297164 1653721
2542907 8371134
4123153 3870320
6426941 6294391
3159424 7152302
4756748 9958987
1523331 6088040
7619892 7049039
1847051 6059826
4028362 1964630
1451415 5489135
2769485 8157098
4778153 3920818
3775545 7665141
8304298 1211528
119130 4969882
9034809 4612938
1720954 6804623
1549919 8840500
6099114 761137
8254483 2380200
3385679 331705
8334027 7898372
9260631 1687313
7124329 4908507
9323375 2971021
2280274 3449093
2954673 1940100
1962037 7912843
9745235 7314277
2458413 1413440
4268100 2456364
5496546 9497573
8230631 9940458
3222600 546511
9137825 1068094
6427487 434479
8972482 9149669
6995629 7359611
5389046 9301567
2316158 8168008
7286427 953328
1732668 3078761
8827750 9090653
5081191 7341355
4549189 9150957
1972509 9005369
5898453 3764592
6554558 9709440
5476163 7259735
7419426 6014645
4646115 487960
4085593 946433
927043 3068118
3159868 8513916
2142941 4185299
2461911 4561934
5382295 3852606
1262231 2247629
5411476 5022343
2733691 9579751
3922613 2340475
6882787 6928123
7550475 6641323
3332823 6984423
346408 3895385
4980787 5392714
6696947 7400095
5630419 8527644
5863588 148598
1667494 6148589
7356851 813366
6944715 7569310
3250639 3023708
1178432 1791955
5701983 5694168
2288296 9023404
6336394 6645554
261579 9556375
6647059 965692
9214434 1631734
5856843 2464836
3175233 5271150
8308267 9233591
2566033 1269533
8710149 4927761
5893941 8158121
2260684 3548634
9044002 8084270
2092308 5015697
8890776 6332330
5175219 7553102
4967496 5464424
8036216 2635353
6189577 3965627
4368182 36904
5149584 878255
6704610 326480
7125453 3829152
1554031 7243489
2219462 5264010
9070787 1464401
3442005 1411374
3623857 3685134
3527842 1653342
5658028 8136071
7161088 8098065
7951241 1201280
5268593 9387246
173587 6177382
4091308 9808372
7608456 6162667
6305941 7732968
2796732 7861614
6904227 8098782
2139003 475525
4779087 5624865
3442271 8806308
431586 4106233
7760644 4299871
263765 7839612
2337611 5679744
4551269 5898293
9583291 5622891
5563863 242777
5467119 6174943
1138431 9205567
987434 9073513
1708322 8130924
1480198 7919293
6629137 6151833
9488165 4961883
2650607 2830137
1207864 3047040
4767750 7026633
4809726 7617443
4910311 5441549
2986021 8638667
8912267 9819083
5251880 4302817
3481744 4108755
4023431 1018213
9083174 4222817
6083352 2561628
11865 8327894
7490427 2026927
2681415 6052224
6562749 1137814
9106462 1612062
2864910 8634330
323780 7786285
4145369 7652565
5929695 2275332
4832274 4277043
6419558 3007813
5411434 8791131
9838898 9954104
2285605 1690723
5320018 9858081
2336383 4377529
5416922 2066407
64358 5380778
4643605 6191863
2613780 420472
7591112 8862114
4727704 6753760
3663530 9283044
3735245 2681973
4378907 303522
5179903 7086557
419442 8001543
3978952 6072973
9171690 3851596
8663040 5664612
6621569 8157143
2054371 1437001
4995696 5004179
8254424 5213826
8319943 9976987
4066900 8107501
6071527 9590167
3336173 2904626
249481 2009242
921186 1625286
3431093 7611857
7822220 6005067
8941629 4286395
3132843 2191003
7811545 1383305
6546747 2596259
499646 5047973
4957068 9396884
9924750 8106033
8390583 849289
7093729 6937086
8208553 7585765
760269 9126952
3733564 6213652
5963343 852895
542638 9628185
568536 8056052
4821624 2165558
118619 7483300
5301124 3028740
6651476 4947462
9606341 7710903
7521834 5618045
7081021 5618857
321945 1953577
4846424 7779899
1376547 9446429
4976632 3277505
5574768 8841307
7056361 3889035
6723148 2362967
9761367 1419466
4614810 113267
7724774 1231463
4717942 7810924
577476 8748322
9674298 9365689
1568328 2293970
9297530 3137436
1709985 4230122
2306664 7780775
104822 4180878
3443475 3524952
2092236 1982763
7575980 1847819
2054520 3662691
8216944 3339526
5872069 5979859
9852269 1124227
1287439 7810996
813290 1830187
9297927 7104837
4537882 187497
6868949 3188069
6558824 744658
5780831 5794477
2509015 7861778
5213820 5850854
1970294 775600
6526351 2498620
9226815 3579117
8292230 6401419
8564218 9556174
3872921 116324
3868117 2842498
3678263 7065220
8139885 6005518
1931316 8415938
9723078 8511245
7926280 5877975
7190020 7018603
3082032 252043
6983690 4762489
9652108 5193061
2764951 1940629
3024912 8948999
757091 1397152
3103859 6455024
6897430 8285343
7768684 7571711
7080728 6648930
1798372 1001276
2274242 3977232
6138274 8347147
6700774 4695982
4612214 1004620
3845998 2165477
7833203 9946890
24282 8265552
9311626 6899726
1665498 2364147
9917383 5666687
7142741 6426991
6678529 3626164
6503272 7393814
1029295 4806090
8714819 7990984
7903537 7958372
6917470 2327753
1012976 3156167
7330137 567996
4135878 4713279
9379879 9493065
4500096 5765131
7352495 1331141
4429154 4447361
4057552 129904
6966145 1446755
6983304 3481428
7511098 5272943
9275875 7714779
3454478 6470654
9159811 8290202
3746811 2863758
4511269 4210637
6579036 4412981
3806705 4683344
1693174 1697915
3578857 6291841
9438554 15530
894725 5226579
2788725 4385019
3019977 3037504
9296319 7919994
8633437 3452055
1401288 1310160
2201529 2716944
5646870 7578763
6869549 6503237
1888837 2506277
3649480 5637093
7521044 9601967
2843122 4183420
3769711 442801
925638 3365640
5348437 8106076
9797365 2055552
8531633 8492845
2278837 6809998
4193637 1864786
6451778 2594539
9605921 2111686
3788137 4643711
362221 2038591
6696398 2077249
2259770 7806523
8988367 6481250
3915723 1114272
7057694 4671332
1010105 8819782
1667088 3775278
5557223 5890126
1298857 6616146
6788334 7598778
3053529 3739743
4668141 3918380
4445221 4763131
5121031 5773
7535276 7224184
6373321 3673466
525853 8242025
4032450 1460802
9608956 5797747
110432 7499295
4385231 3965008
9957964 9748299
2172263 3976904
1402494 2319877
5681642 3247126
6035615 7534775
7792223 2046551
5917013 1274268
2652201 5929175
943758 9860011
6732690 5171689
2576921 6587379
1897674 8930708
8409527 3231679
6152433 988944
7832854 6501670
2501802 266702
9240184 8875292
4308485 229897
6469997 6099782
8754239 873903
8834755 2597459
4430313 6042019
1606604 4507350
5607238 5435216
6790703 8439534
968749 8606286
9464115 5474071
545836 9851465
3229774 4719146
5487638 9473184
1658850 2312940
4712732 2932065
2303486 2740942
2840847 7929083
4670220 4222812
5241360 2704281
4704530 3323140
5855968 1357291
4619741 1009253
4739963 4599987
4330072 892505
917002 2582441
8897551 2032400
5307767 1858488
8582114 1357767
7367009 9482428
9577895 2217377
4337335 407455
8757630 4077240
4918477 4984292
5351643 1718634
5909588 1020332
7753590 9956087
2917694 9546408
2882609 7735796
8449190 4961775
8622630 4207950
1596787 1413851
6832762 1101980
7255926 8287646
3228397 7577702
6963625 129329
8418273 8897887
5107033 8862729
752329 8483022
7344476 3194190
1780758 9556810
2614340 8450285
4348168 6936904
5422855 9010747
4300843 3236611
2589043 8814003
5338249 3155024
2631443 7324520
5185666 5164630
9153112 7045996
6377809 7664593
6758778 3267008
1457285 2109704
8262018 7478894
4765833 5602317
6252657 7464726
4702659 7892959
6024514 2580161
7878237 9210103
2852457 3685849
6573245 7883601
6915168 7013402
5919522 3190666
6458171 7569778
8171861 3301970
2075980 5191250
1027399 6042926
9606819 3368504
8617535 3517013
8490088 8192994
882186 8352876
4783968 3397082
6576956 3500852
1643565 3944924
1407272 6007434
5193941 6292453
8866652 512873
652519 3702434
3164490 7989708
9494323 1985498
960234 2716202
1010615 9829590
2706579 9374382
8595627 7721408
3947668 3776797
7727117 1764869
7380672 8627558
1323784 4861172
473775 4775555
6277432 6263754
7909728 8126402
6815582 4480887
8468031 3408384
8925196 9029210
5719062 6219614
3856603 4348480
8718449 2090182
2719211 4995910
9161112 1819505
3523419 1169622
5164211 3507368
367972 521206
6880914 1087622
8715383 5750458
5475146 9782834
1628990 5624560
55341 2645736
6259366 5533588
6089690 328448
3734774 9475201
7027514 9605045
9443262 8338050
3330167 5639774
5239674 8179598
6695645 6609674
4612953 6932012
8904970 5324791
6852142 8258157
910291 9736408
1157209 7304143
2103367 6692310
6638544 6538132
2822141 6317351
2036297 8768838
1290383 497648
7952367 1366094
6034770 4813550
4745369 4180860
9939449 2179032
8183492 3011125
5060087 6129672
2771178 9877445
3049931 2416361
5887571 3111385
7475702 6685261
4436832 8353205
2493832 1241077
1275297 2726289
6042411 8593384
4087061 1903764
2641390 9652835
1818061 693462
3684910 4731962
9584277 2067907
9134012 7083845
1200287 3728206
491549 263952
6448198 5237249
1906986 5190496
3758600 5523618
1389630 2155172
3692524 4839045
5221048 8030203
689800 8937134
8596596 5117163
8188687 510640
1288086 5948709
4127087 1912818
9581437 2382974
8242401 1800112
9763086 7391084
9835239 5975479
5374424 2287899
4993900 8363185
8514479 9408110
8929817 6429808
5841771 5278666
2258636 3303880
9332379 2254704
8499436 7633734
9904597 8635478
2669722 3689617
9513294 3980571
8060726 3833094
1171665 5883223
7691548 2411767
6519894 5144588
9251900 6675281
6334378 2719503
1528981 4658724
342927 7902187
6536177 6576415
2692034 7961729
7505129 6816012
444836 2335952
8817222 172145
1085898 4705226
7629923 9860740
5696333 1713176
1945931 3067397
4195941 289036
4193997 5836019
4131021 3191124
6611077 5784418
9343994 6274491
2913338 3596624
2181372 6303124
426930 3529652
2615617 1750941
3998536 8131116
2646831 8526749
6135044 6699138
1690243 6310846
556087 3414036
6329542 36653
3719866 1766056
1928877 728266
3889165 4182167
6036437 2306276
8911782 7780884
6197016 5914222
108459 6081924
6839180 5314692
4490756 8079109
1438239 6609128
3147018 4750756
8086469 7648342
9224664 1163240
4494452 2054087
5197885 4950693
8493563 7174167
1701167 2564424
2560880 4422616
7126276 1052216
8403556 7744158
904044 9909191
3593773 7122957
4231054 1092251
4967692 4075372
3280936 479025
4025283 9197675
1869608 4334284
6828849 2024784
6790666 6074975
6925088 1404570
9892984 6278042
1062647 5023544
4430389 1996564
5529308 5316732
4871501 2492053
8261733 4758463
6923370 9974044
3235884 4743197
5015786 4078625
9987752 4471343
1614476 1941813
3038681 655749
4327389 6921621
3013486 7026451
5303449 6808826
5529476 8942756
5980941 8782496
6937413 1483998
6649428 6248800
436718 1032146
9785006 1392531
7433074 7744303
6910797 8189792
3764447 2394421
7345498 5567337
3148661 9512324
7295873 6271320
8139370 39820
6155713 9249433
7656145 5136734
6364671 5543443
2551027 9530839
987078 7577508
9455659 2238122
1399777 6597185
1820006 1441553
5098961 8234036
8648151 9681304
1119095 8964973
3952218 7161837
2430949 5696375
7856914 964142
6905762 3311779
7020808 1336033
8713682 9613334
9875772 6633722
9161844 6849507
8746143 3042344
6751356 4646658
775995 2046558
3028994 5092233
6007296 1793280
5144719 7207593
8351056 2604552
4586273 5579383
6292479 595144
9010295 3114574
2531415 1260508
1721291 4903482
5249660 8557698
7348284 8489829
9826004 4636664
5953975 2098539
9351245 101948
2619169 6232864
7935616 3598664
7223625 5365739
4752681 1305548
7941503 8573198
3219272 5057147
6895394 9885694
2591090 7979791
5170287 8004395
1277076 1048159
5656155 9386256
6159401 2207496
4561532 5265739
2957965 8352299
5327295 1895469
7908356 5480383
7433379 6998222
983034 8015021
1771030 296236
3924131 5359201
5001738 8998125
3259461 8884510
9989492 3132087
707100 743267
9565436 8578176
9896766 9685687
6893612 1172214
1783104 5348866
9316357 4453137
5223042 6259096
2412405 8716663
5751027 2878681
3180424 6473099
7865744 2170279
6972876 5802839
8662795 6299717
2929749 5535687
2855963 5660526
2828694 2229999
6812867 4653889
4725555 2518725
6971935 4813279
620141 2902462
6297490 4035191
3233058 7969687
7773902 8107309
2573358 3026905
1792466 3864982
5057581 9237174
4134826 7133669
9814184 695593
9667829 3367628
6455021 8902783
2636707 3234799
3993394 4457652
145793 8323957
6568071 5520794
8086047 2559456
8794075 2063970
7241620 3520466
5249271 837631
7617840 929547
157566 1437419
1576202 3654270
2441600 1746077
9859988 7633212
2415844 4895845
3274441 2723161
5887492 9773242
7436829 1024001
8160429 3762466
4806316 3198665
414028 4409860
1951848 6784960
434557 7074998
4895375 6805713
8489973 6269104
4730662 4702630
2185351 764526
9955554 1281886
1493113 9364047
2625917 9037004
3017989 4166597
7300328 5635144
2572730 8772024
1412099 6001901
6618285 8093397
9593429 7431753
2365265 6337469
434897 2869249
2881498 9063867
6178990 361637
527550 2089008
5066307 3498653
6077980 8075477
3948610 4200423
3400654 215662
7673048 9478868
8705315 9119154
4886119 3751702
2579166 4966685
5903871 3021964
8386068 5925216
1209817 5372020
9559472 1375130
5684998 6665057
4839916 7298299
2046889 7757561
837121 8554328
119645 7991160
7931465 545699
5143263 726281
5578508 1887534
2620148 7210462
2654871 5330299
4889954 4956173
8103092 5715635
1326480 4004885
1914819 5560048
6607554 1420383
8127412 9302407
2838034 6469558
9304423 5660772
8905293 1923606
2702252 4042010
8492554 5410154
182968 5134369
1204496 5403131
5832810 8276259
1012297 4935510
1958818 1574259
3523396 8395475
5913218 680711
8127999 7683825
6407412 8299191
1672657 6857058
3121796 1997363
8543010 6000698
2217329 3879327
8671267 7963658
5298335 8035356
4353236 2361771
6742595 2316191
4913890 4642022
2138690 3861397
9602643 3515143
2181404 6158300
5566431 2689363
1940528 5807353
7338019 1804404
2967239 6892023
6553021 4715311
6777810 7876123
3535403 6257999
3759699 7985318
3658882 8065251
8214330 3873923
3294627 8738995
406577 8296052
9533789 643907
1570807 1634815
209211 7317676
2583920 9874547
6275095 9247356
7417842 3182074
6572804 8652565
8639728 1380547
3834028 1556706
3571131 288448
1744099 950656
9162596 8232517
7709666 476602
2484010 288547
3648898 3658548
8128966 7205149
7019398 4996502
993758 3975383
2895195 236446
2171023 222543
5099995 6047221
7755252 9406140
7244224 3212678
8404263 1155540
3450387 1684361
8167274 7274822
755273 2856140
9558825 5886724
2430354 7744792
3312950 1792512
3922227 1124966
5874968 881713
4938585 4600635
2951959 4744957
5765900 8675269
5213088 9384143
2208737 2014547
7637033 5043551
3033277 8159584
2146209 4941274
8533023 3599919
6642794 8342965
5360488 6969286
4627130 127957
99096 7687056
8017668 9320024
902564 2390371
5067539 4285937
982514 6899573
7544069 8675592
4344017 2077026
2710106 7455632
9864393 9516501
1111984 240931
8700790 9572193
9315277 446660
9602533 5000365
2493303 5261896
573449 8987252
1693470 9073702
9127299 3223895
8265902 3691020
3006374 4603751
2570723 292730
1973683 8812148
80230 8895592
4972922 5719398
9588671 9135079
8157815 9515321
2548172 1365596
976881 3027945
2886552 6115786
9428519 564554
9646221 8569541
3132281 5982459
3551353 3313205
4787955 1980817
4872349 4455707
3415956 9020031
7967212 3552204
6065274 8454530
8782137 7128252
1045495 4603073
9027460 9945961
9432069 6812594
6145853 6607579
7275658 3732751
3020542 5999669
6348927 1990147
1519593 7474231
7148320 172975
7690261 7821427
6534739 2864585
4607459 9522866
2452738 779567
1976908 220285
5647527 2642462
6037932 6450870
3006727 2629953
3882818 8033514
9018869 9660581
3510059 3230305
836167 5241272
2822489 6750912
9200020 5928324
7621940 2930148
2761987 5428652
3359037 9849307
5301696 5235356
7700781 7149308
933388 8947946
5854932 41011
310856 4823158
9280899 2767993
5444286 2176432
2447742 9707701
3123135 2255554
7773637 2191507
7755646 8371500
8948138 5784582
6906393 4938255
2744015 6764216
6205644 6600535
6008183 461906
53619 4361872
6185401 6036408
4878527 9359408
5577470 3986168
6988172 6766609
3175925 8620112
6807075 1691645
6557913 9361519
972921 2281411
5456924 8881634
4187821 1690469
7833777 1053080
5942559 7862400
6866311 4798984
2950986 8164012
8030595 9976905
6636054 4791151
1388203 3223437
58625 5203960
1841962 4277566
6817664 8359155
5586498 6288459
549144 7380214
112158 227980
229796 1136588
9326375 3990861
1943432 4488579
3446536 4488787
4803129 3712940
4547046 85429
4736958 7071395
8153309 4933823
5692968 4047055
6538466 8268806
8065954 6024618
9967542 6852276
9502929 5930700
9251562 1234838
1757147 2400577
9653200 2255437
7354977 7203765
6103067 3462968
7772205 4842268
5129438 7357813
5486758 5898302
8075621 1767741
4586574 756365
5051270 8718383
8196456 3229908
2484984 7398435
1593999 4643764
9664059 7327336
9248584 9491812
2532239 8905620
7493147 5464561
4977775 7623486
5205689 2705440
775962 2384128
8074259 414164
4137453 542288
2000704 5716133
9167478 8623050
1597830 1455619
6887793 4684557
1586830 4026280
3309829 7942860
1882413 1121471
5255007 8714884
2045537 3200688
8373437 6411428
7890211 3861002
7232254 4344988
9426017 7519391
3360196 4137261
9096951 898732
9682117 6146114
4344488 2279767
267524 6463570
7017468 7513119
8464909 427557
1338779 3724704
7152833 8175003
3669803 1653047
2492300 9506261
3778935 9435100
4678068 6472893
1218468 4008283
7728613 7814856
4800353 2932865
1449283 5256049
10955 2140225
8833196 3183522
9290516 6284877
8236896 8253199
4138282 482445
4891107 5596812
8073853 2566645
8065394 9319846
5738150 4382132
6922089 9351966
4170624 8877182
1440324 3750354
9957713 2798163
9290546 8870045
7804410 1991412
8835065 5902521
4238346 8701462
3317389 342747
5478840 5604902
4429921 5344988
3302994 4864015
980686 5967143
291 2339920
6584252 6839194
8192908 8768018
8938837 8867740
954181 4075145
2993270 1049630
1403570 7254680
5723570 4088596
5498309 9696340
8360882 7771606
7641027 7778753
9888870 6582889
7245090 6592265
5481578 261502
9189336 2343975
5819539 4838401
6408269 6271882
3450986 2802251
8816395 9897413
50632 7435680
3019906 7164684
4498132 2747399
7046867 8085343
893852 2638638
6478017 9775642
3482933 3433147
7695911 6813877
9512973 6501233
4145071 1420973
9389272 1869897
9882730 2318948
8141597 8155891
5601452 67047
6833460 2289359
6048950 5367182
3615816 4772332
3545946 3885441
2406609 4344650
2667070 5824679
9590000 5112025
6686621 3637898
872514 1231046
3462273 4231215
1385167 6942685
1687462 7368389
3577622 8151024
467562 7334436
3819518 3480262
3998188 1438837
7569447 6454645
4376177 3711798
4343223 1939059
4781344 4295289
7587058 6227153
4452194 4745562
9395052 4071346
2722179 22556
7318454 6591973
9529264 4745866
3640262 38636
7615207 1762043
4668301 8475587
9892938 5153226
1035789 4602252
8134941 3636157
6575525 4077671
117906 7567738
6749677 4085268
8512473 4087185
5181351 9476650
5541371 2298077
9363379 3733271
7103821 8540772
4882823 8470444
3630340 5913275
9336324 5364293
7982862 8881976
4980607 2037790
1667479 7669621
9804044 5876838
4969870 9889343
3808952 7538698
6780244 5978260
3116788 3618854
189313 3511722
2005138 6634673
1634559 9127331
7890840 1485297
8856020 2943159
7452049 5400656
1567292 8236166
1040695 5633162
3905062 4318956
181357 8897818
3332488 288302
9570998 1825711
486909 3263054
4842595 8241686
8402179 4396346
2022973 781515
4723741 6467877
6548998 2123096
5231678 7055858
6731599 7395206
3410308 5510778
8413922 9637623
4031768 3258903
8624312 8229900
2124508 3887209
884529 5558105
5293395 5409717
7664416 8569617
3820672 5063585
9558488 6244148
1847767 3655763
6675035 4787084
3672790 5679834
8335091 6143911
1821391 5846917
6353842 432701
7511287 7846317
3887163 9214696
1913604 1814592
9720756 9487118
415338 3507651
9426623 1093770
3805051 3300937
2400934 8003682
6899885 4907275
5859442 7514751
1893923 8352077
1375819 8755546
8922994 717092
2873613 7925483
4064593 5939761
995386 7223394
4469485 8283472
1987624 6370886
4857489 5422077
9381909 3473547
5666272 4310108
6552722 1551247
4059579 2317725
8559998 5866529
8220736 1649602
1995382 3195857
7291673 3895174
5260768 1671332
5367456 5882261
3974185 727133
5194605 8980845
8398537 9757056
8374378 6686479
826219 5602093
6565869 9583323
5032087 661707
9349976 1005580
826733 3892231
8760803 2645114
6308505 3305087
6132502 6131043
672791 3075714
5785874 9674189
4898265 8993723
2841164 2929438
4127051 4184470
8129888 3042926
7873416 5913828
5476640 4152689
4633789 8665492
2060198 4865561
948140 8998004
8195691 4833728
8534738 6798817
448856 2926696
4020749 9615647
436478 1332330
1831837 3247172
5167405 3012003
4085934 7256090
7964993 9141536
6190690 8625448
4062284 7643510
8696234 3809246
6135957 6829527
1728623 5310785
534859 8304417
5054529 5072732
430927 5356372
2841493 8016818
4268697 1859746
2532619 902882
874122 9521989
6377171 6000703
6532037 9569370
6502341 9191509
6575369 8486652
3500047 2207258
1717778 1133239
6359807 8730242
4276913 3467625
9261665 5714059
2778038 4041019
3326560 6527965
8228446 8299218
5061309 4354189
4437597 8138209
1086109 5994172
8949976 5773888
4845435 1710212
1592186 1190633
6438963 3517181
9512375 7170639
4279114 6287056
2655488 1963345
4099785 5455072
8137417 5101754
9104152 608945
4030300 8264911
5585106 849923
1054189 4223867
9524564 6205711
4530536 8335342
2345070 5133810
6494252 6891148
3160115 4771226
219349 8260775
1206654 8980417
6455812 3385217
3703212 2002486
4741777 9060055
2488596 6528295
7533105 3192437
8136802 5200569
235717 9849102
6131859 659405
8912373 3925721
3816585 6864772
1304851 7735143
6437723 9451654
2863029 2333011
8003711 9724794
890628 6175152
8835706 730942
7058288 8158215
3388176 2241282
483725 2352883
8226669 1563405
2806943 3096337
2899176 8895434
3702232 7757022
375221 6357200
3224798 2057294
6004280 3004052
4625474 7304603
8152995 7551053
6701816 4582665
3416768 3324326
4405037 5618000
3769287 1920951
726111 4327499
3149060 442688
288505 7826761
6805660 1806411
6173046 3961048
9967959 8343348
7959811 6067331
5808135 6852247
4102429 3716680
4856568 8291317
9495557 8691861
2330861 97145
2360464 1971096
2332701 9313291
5195786 3509763
2289197 7760016
3783356 764860
9880409 7423827
876116 8289834
2506949 9331726
1878673 8179111
8552583 3215034
5772463 4555974
9728961 9479521
9052755 1752545
3440136 7293363
4598730 2111315
3000388 1883766
4269874 4598617
5345042 4865360
5560026 3155602
109262 1680565
3792273 613981
4103843 102884
2407295 2228809
6784579 6503885
1538126 4453212
2993543 1304797
9432534 9382247
6992503 9772679
9182718 9103413
2405259 4094696
1304310 7035191
5755075 6665766
218419 4405747
6541575 8939495
3705220 1348570
3410311 7000699
7729230 7836166
8821849 9380304
3689167 6678971
2630143 4610642
7494279 8280680
8501289 9262634
466524 2427749
8556295 9345865
113886 4880962
9446033 1213113
7498140 7581693
3832216 6860417
1698621 6725908
7603838 8574831
2406676 8877114
8603035 9188751
4766536 7626669
8115875 8881694
1155865 9898354
5856508 8693960
7199152 8784562
8058157 5910610
6605665 4305223
1060617 7109659
1343462 9002102
933117 3393392
6345314 194990
1052766 433445
622167 2232286
6850458 6029207
5203478 7596315
3503897 5580240
2604742 8714712
7634803 4548748
902342 8832983
8760047 3542423
8813587 5769176
6609862 5967967
7025382 6761925
3225578 6174937
9827073 402820
2068284 4735433
5852146 9174790
6299162 436933
5122884 3002921
931365 4991034
7523667 8366579
7935848 1036180
7557967 5281712
2597150 3192524
7516257 3227885
1706042 3839725
4708442 9563373
8332117 8119433
6995389 2877499
8849899 4507471
9998951 5182433
8702280 6253440
7561716 464707
9095657 7255694
2322223 6266244
4392306 1311163
1820844 9588046
9977977 1072782
3308225 2071441
6223780 2580514
5396855 761175
9475943 4999083
6426399 7232404
8009340 8443888
98755 1388819
2337730 348794
9313226 4293652
9999465 6168500
1624148 6213290
4833116 9286191
7418370 6499547
62999 7605937
8083267 706124
3177642 3505310
6154300 6894111
7548816 4034409
8420920 7527398
6812415 9928080
2643967 8288956
2630603 644957
9683839 1348393
1176025 3858330
56121 8123869
1444732 6970517
7006789 924585
5253651 4861458
8719994 6814891
6187438 8964946
5983415 9095844
1263821 5873137
2640833 3151273
8020962 3554917
4334080 9658400
4544558 4142601
8412537 3878103
2936067 7784922
8938374 3593271
5182739 974508
5716441 1641214
4750134 8709953
2505102 592746
4008207 9369149
2380009 6804071
9365134 4797369
3424092 1646379
1037125 5657566
1041752 3237416
222453 1552245
9340482 8830630
2493063 8555816
9049855 5225331
2124505 8831845
2301596 8109764
8073070 9714498
5004289 2959406
2728554 268553
8513361 1339583
547934 1294034
3330075 9497274
3509258 5921072
2409908 7610694
5472481 3365803
2579743 9708371
4035507 8011892
4219453 5158352
1080642 1759806
5463722 4435085
9846245 6914417
1955313 5605407
7281433 8177051
9513625 6893366
3724313 213125
715752 9428940
7328571 6929054
2126784 6938380
8313098 2711897
6487567 4432032
5015768 866952
9070030 3806540
3393529 6556778
7132589 3555587
5334396 2413986
9585220 4830143
2059679 7901511
4227814 3237823
2944270 2232315
1004090 1543755
6437347 7377494
5297953 6957723
1568033 1375845
7959378 5141681
9150988 1159201
5705645 6435317
5523259 5375768
6599840 8339622
7410977 4168966
8762283 2802879
2586792 5423009
7235815 1860761
8922392 460492
8603465 5096111
3086198 6755157
6051417 3329179
5153904 4053106
9924670 9427726
2482128 383130
2343653 8639858
2663472 6857290
5701842 4929127
4494288 1882174
2502034 8133499
4250444 5012299
6756903 9855611
9292880 9277392
4807283 161235
9139350 5244157
1602932 9138285
4925237 6868370
1075354 4458468
8693442 2884820
1366987 5359657
3440670 3874427
7912913 4966234
413396 2704080
624682 9322618
3987775 2456713
7451424 2326502
5157412 8233119
6190565 7441690
9624759 7412484
2190771 1964756
4525846 7009768
9305883 2312298
5789479 8696417
8755519 6038661
7659931 6134000
9856635 44075
7247049 9794611
8169626 695112
6247843 5079207
9357243 6007510
921352 7428632
5040736 2487629
4729100 8366631
5654626 8234681
110547 7979935
8099476 9044924
7274100 6580545
7973564 3044452
325338 4778128
7699997 9263759
1975433 3808094
2922845 3706884
9455115 9421168
2610739 5880695
1610592 457766
33444 3395016
1939324 1558506
1165164 1828940
9078838 5890178
5703218 2430073
9927110 7208440
2411032 6718592
8223535 2023771
9768616 2289473
9257031 2746430
7521168 7218957
9317306 7470687
5034264 9789759
5708837 8601432
1848676 9608245
4516871 1897060
203014 2899845
2319470 4589711
8214090 3305107
3376992 4751986
9136056 2413447
9693257 7083506
6366461 8117128
8474218 5689875
1039447 5997460
5299081 7295554
8316024 2462279
2407184 3897099
2535597 8751424
1712162 1568229
1418355 3360846
5842388 2063173
1563703 6207835
6542191 3550423
3345676 4749036
7527902 6789389
477503 9801710
5351688 5994519
9964139 8746681
3551601 6962719
2587440 3680928
8126159 103197
1633158 4320508
9967286 851789
6157044 426804
3625337 8384558
1362957 4644487
4671455 5241738
5423124 5662493
4429790 6422116
214222 8825419
8743521 958447
4777305 8963539
8110231 782388
9490834 5010572
1851190 8307524
4693885 9731451
8276002 2591122
9694504 4271802
1057333 464860
5911401 8005103
3231679 6531954
7404740 5208548
1144545 3151643
9089680 7655341
9115984 7774098
7148576 8858363
8677186 6278447
898458 5677691
349491 9829599
5941041 9656336
9130498 5614852
6166140 9824134
7842353 4601822
3518751 4131682
8621148 7879769
1041433 8461741
882421 1554283
6322133 6019281
7209028 3933248
8789835 7818770
7405186 7306464
7715067 5437428
5805711 2421214
7647688 3395804
4975595 8115230
1707270 3773472
6673022 5016617
1222275 8717124
