5000 50
1479273 4176340
1265908 2768222
1861736 9595784
1186930 668214
6568286 9117712
518891 2088075
6747007 9460238
1567125 8949511
5677101 7089342
3338492 3928087
5147888 3214272
4692169 1234536
3533145 5957010
6362771 1957270
8395674 1066421
1863011 7815484
5261228 3050151
25640 8154241
8791581 1078605
6533833 9219979
7623484 431287
3262542 1723391
2359919 8239280
1112008 1645977
2368675 3774568
7249355 7163608
6521142 2124472
6396397 923645
6072351 6295486
4305920 9466664
8902507 7752732
9645453 3619650
6666668 9895038
3667880 7062414
4180949 1335216
5200295 5940680
4225527 4589003
5508877 7554055
4978295 8798396
1658566 2774276
9259837 6808852
7216049 6465947
6333754 467124
1495932 6706716
7495216 2441468
8171410 5993196
7256229 3498765
6501427 1142658
4395011 9241971
2128296 6653226
454749 4137888
6968452 7553778
9716632 2419259
9229573 8287738
7201155 8249849
1776899 4063727
8655068 8384428
2671542 1818433
2867084 602568
1391271 4683757
5460542 856398
1475728 2051906
7679321 8772155
5984347 954705
5070218 2118842
3338681 2587229
7829050 3934116
7148589 9270087
8449889 9497215
6618519 5581949
475836 4290013
1815028 3346274
2014531 1996304
4402146 3589294
6602737 1151010
1399563 5690890
4941326 5371436
2827064 7590943
8427711 2533771
7837091 7473364
8023246 9503660
674797 7897786
9290322 2537610
6307307 409274
5434949 6152458
7602350 5397250
5224111 5501551
7134958 7809183
3004761 5424423
7010918 1468790
3772363 376349
3019610 2353925
8032547 4447428
5714825 8864569
5497090 167955
6280851 8567734
9153952 3122181
9955332 5763560
3987804 249744
1558380 2410849
8093443 3953589
1998707 5258069
3631734 1565714
1744482 1872752
9996587 6797396
7596637 117123
7533625 6248738
6630881 2828640
1204128 2159223
7909396 5346582
9230183 6546821
7134677 3667027
9997001 9734361
7133995 7264127
6218334 4921198
4117673 3005386
4676088 3342879
8662657 8204843
3978147 9550330
2839338 6276451
2591653 5765756
5192630 9931745
7020294 7429995
6671309 147404
8156783 4268640
3531694 4368905
6012744 4633646
7826203 1425034
6397229 1906328
9605172 489741
7180456 8423198
6482929 6871267
1430960 6972008
4400939 1706673
7063997 7330852
2656919 9900172
4874743 7101221
1973264 3600430
1908825 3270509
9863856 1524074
4193392 8049649
2161849 5716605
9644730 5910200
8201206 3241727
7549130 5872971
3756416 7091446
6254669 8541963
5758735 7730065
4774075 7086586
9344078 7240180
810862 4610053
255458 5671209
7488361 1863176
4437973 462430
9777833 140139
2051218 2008669
6156828 7623969
533558 9187771
5004401 7545451
3573053 4456735
6898869 313069
1707190 2663977
9968930 3089035
4755733 8479091
6074863 3257068
5733822 8218963
2503810 6514698
1355109 5240643
9099878 3297707
5500545 3061614
9882089 5514331
8389834 8259012
653834 2001983
7056041 3088514
4053612 38836
8603296 775249
4105062 7746453
2958712 4269617
9169574 4512211
6943489 3321823
6057996 9830884
8062139 8871583
5427627 3710248
5395141 265601
4393522 5007994
6745478 3511268
564886 2017404
8897371 2253252
6344072 1268416
3748695 5229565
6528170 2388354
9510149 8265271
3452501 3367406
405750 8443140
7703994 9169792
1435449 9401332
7042593 6018194
3961421 7528716
5633256 6735938
5016373 8606179
6528132 4432396
6838884 452120
4535678 9671608
1880670 8161294
7908348 5166134
7215962 1217431
599091 9930858
2106240 1879029
8137105 6828548
1238746 8278105
8426311 7859999
6176960 4482748
5781955 6819700
2003259 3276759
2479924 4149053
3820173 820607
5881976 8844660
8148227 5426451
8526544 4798413
2953559 2547182
7989585 6425236
3831298 4477952
3508630 3749643
1868564 4781891
1403001 421334
4400354 7624025
336891 1297141
4173914 1614615
5361582 2481653
8287370 4524992
9228184 1040314
4187968 2287175
2524151 8890640
5395086 8057771
769384 6922991
2390415 3723050
3839077 8665252
3918600 5218846
8780928 235140
9357299 2671356
6274054 8287326
2053578 4795208
6597848 1525500
3383124 7625375
2530556 1469113
5287218 8302999
9745202 9736425
4262471 3476948
3325919 870844
1566946 4337885
5898323 9232032
4492820 8371692
4181641 4698141
850658 4159831
475934 1316347
5736288 4039254
3582546 2244294
4783060 6081956
9063919 2249018
5166680 7865539
8564699 9591668
990379 3417671
6277202 29235
5595987 6190417
9956545 4717450
1840034 8480133
2759661 1477729
1059803 9348213
5693974 3473458
4296999 3141658
4937242 1114736
4312493 9714155
167051 6460517
5897186 6263719
1845954 6482221
5116422 1083718
224033 7042392
522298 202261
9838313 9335973
4990388 8852017
9126931 64741
4108230 1079600
920590 1593491
5370227 2448923
2619460 1340026
3095780 8300900
4562456 1937765
1860046 9244359
4042546 7783326
77601 6883351
5922052 1853706
8485781 4263628
6578159 1378276
6840582 6433752
4579902 3834929
5549062 6623778
8240287 8143994
9752163 7229069
2818289 3769848
8288444 3649503
1118289 4119455
5057635 4075771
4571119 825892
6535203 5804423
4932253 5813858
6664884 8053449
7679682 2020987
6319013 4934654
776833 4757688
3615300 4334644
5637862 4975552
7014513 4202059
4888552 164906
14938 2695642
7627442 3563471
3519948 8984381
8620632 5676101
6302617 3176665
1352507 8546122
8100434 5837380
2207839 5778629
5413646 1402166
9422388 1187878
2624081 71700
6910507 3327141
7212503 4325448
2794763 7832359
1638363 4179130
9324074 6513728
2569515 3204698
4473921 5708039
6584825 4529288
2455886 3322335
8015144 8278115
1046753 2055379
2788035 4061608
8171930 4855018
1552777 2714768
9711792 5839819
5102736 8007017
3839909 7615099
504985 9178461
3343142 6950960
1564679 524386
1469960 3937445
2785030 6108386
3360573 7932713
1216577 2448994
5365603 6078805
5474530 8013204
7973686 4373530
7950020 8402975
7732353 2798096
2457416 143199
5468157 5744149
6864006 1262004
3959243 3551241
306561 6074221
4709022 1417932
1329818 4800840
8302836 4495216
1244763 9724784
8102158 3063085
5514625 4807728
9860562 5281318
6303150 8877318
435294 4417664
8273986 5935633
256814 5251658
2813759 517302
2817004 277045
3294992 1976914
6717167 2029947
4641934 9702271
1748744 2269648
5794185 3019890
3539966 5441257
1600114 3231866
9818768 8963824
1661876 7880111
4950349 1141261
2846398 6849525
4901034 5428513
5608639 5585445
934599 9695665
6140070 3816405
7996478 7774105
5667388 1644170
3624663 5938860
9610897 9631484
2942839 684049
6709823 9329114
6630627 5735426
3669019 9975095
4857385 8394001
3148314 5814720
7693220 9359387
3169261 6020352
2464035 1629230
8876969 9373127
2496385 6071341
3007054 2386749
5345501 9091944
1229613 8964318
4733325 3588586
2135110 883308
651339 1399506
8967707 370377
7909594 7541021
5010464 3429604
5988050 5589402
4422861 3904448
4042413 3682999
5087710 2786096
4072878 244292
5203380 4525179
848700 3981195
9127680 7775953
1148596 2218288
6222442 3245574
8830486 1203873
1455875 8517780
3893568 9192123
8661330 2377690
3527379 1772229
6045797 3279772
7953170 2122204
913108 5607895
7395559 1586287
9614726 2739031
5013615 4097645
7353089 4727465
6055766 7023062
8430781 2977008
8072092 7838250
8256931 7568103
7976158 624717
7923662 946848
6926397 1327210
5168876 5072951
8030310 155813
5876405 5842687
2855672 7610667
4514983 9191671
1546473 6336628
6156140 7597374
6956718 4038571
2673858 3174237
6669041 7770948
8880881 2520951
4022892 5312175
2391289 9868246
4336849 3482608
4350419 1491781
1472311 5314306
797106 3998899
4728507 3140644
8015554 6246952
5473355 3208301
4679513 2341047
5329312 8747844
2257873 399660
2476043 1478944
642107 7903736
1942582 1752196
8628284 8104425
4891828 7764738
765945 241122
9792645 5717945
9240100 2160665
6661754 5139996
6127122 3681228
6102526 8452746
886955 7192990
3657767 2752603
7816041 7300608
2349214 2630402
2726416 915898
2859977 9915734
3670439 2868741
1163509 3945292
8343569 6215389
3004236 7853612
9551025 680389
7849779 2497688
2290041 9293776
2833682 4145629
4878781 9522981
2158944 6627441
5191242 5988125
3529734 7800952
3386344 3680587
147676 7054051
1360363 5792830
3409311 3685242
2338261 3703521
8021594 6066674
6721772 1146878
6071186 3065344
8287577 7853183
9642862 3516797
7544558 1452041
3341637 4392507
19153 7263491
4784444 7118595
141920 3940574
1654606 278593
3147513 657214
3041291 684683
7704980 388029
7867095 8733047
9679444 2025855
1631290 7886700
1289525 3330887
4030407 3102854
1524846 1030222
2896067 8221952
2029319 3721125
9219384 6773694
5325393 1751601
6625407 9351516
9517816 142341
2785363 7914472
4056777 6578864
3072656 2879186
1588718 4847495
1835930 393842
3362706 3673952
3852410 5537997
2334715 5223322
4860732 5051334
9093358 1050912
9604523 5603272
9715219 7613563
2597931 9063757
3825505 2202313
5016657 9409089
2948037 7476056
6627794 4872858
2303424 1005587
2333827 8985870
2883595 3298612
4862143 2998923
4448753 1100178
3104498 7788109
5243799 9185076
2251797 5674992
5053862 7716824
4671866 3707474
9491770 273223
7165380 9687449
3814887 220579
8556224 7560573
7607907 8453678
1853606 9944098
1646300 4649225
1687747 7203992
2651033 2169109
6682556 6292279
3787792 8338841
2783383 6919185
2673886 9059369
3401379 5549729
2332185 743950
7648342 9862912
439037 499800
9804209 2056918
2487813 4003153
1594346 8963242
5343537 5270289
9496487 7052915
6901999 1854886
3062228 8445951
1045387 2574279
7692398 1857769
4616105 7765663
4754098 9848186
1441928 2428796
544004 7626409
7591243 8646611
7933619 7250775
1137534 3938997
7060879 6772003
5128136 5022523
4348356 5836235
6806647 987109
6304714 92102
3831605 6769137
1964489 180774
7109289 9851264
1924023 514540
8079033 7605974
8259232 3964653
2332248 8918774
4660420 5858801
1564006 883547
5817341 4721600
9585072 9952495
8900435 7774583
4866331 8775429
1177704 8347939
3628923 9566090
1057686 6874253
6629809 8458655
1328204 9814306
6370336 3245886
2505677 7397537
3053317 4896431
6275701 2050131
2008471 4926264
7687392 3456149
6299902 6767615
9702630 8893552
8326552 5383938
4204157 3554764
2322191 9002259
8575773 8790442
3286818 5369001
9990122 9302935
1050001 3413559
2577931 9938385
4755345 8104290
5616912 4546925
6668623 6795030
5695383 8321237
7198731 8735526
7375284 8665567
1017190 1377640
8396349 9519561
569817 2624372
8454286 135577
7698373 467042
5760258 3970792
6104533 7029330
2596255 7075792
8990875 2959611
4846969 93012
1014118 8122517
5955883 3654994
4073696 8683555
6071613 2011247
6120024 850280
8662544 9029146
6978050 8440073
7611274 5373109
658269 7598993
6317155 7539609
4224741 9635104
2046728 3249719
7650389 8552081
3727976 5919183
9107084 3754970
2861233 9222606
6555708 9119514
9378881 5706189
3526525 4819627
1330364 5060276
978159 6565384
9015327 5498466
1613811 169580
2773813 7555559
909700 9589417
7106240 4108809
6729487 820366
4756721 1579133
9310822 4544980
1540259 5920463
9353932 6533080
6308891 4041588
5055553 8778175
2622224 9343626
5602018 1673924
5983921 7094530
5326116 8537995
1640122 8283692
6298448 6510876
4099876 9214868
9515417 2313032
1841205 1895068
7709577 9930998
9449622 3049756
2949835 14781
5842321 2919929
7866244 1943968
7122763 619089
5286970 7841073
6773522 7670446
4213461 2293196
469001 9511491
6004460 9927422
4263022 8678358
6468122 904444
6430272 5494941
7349127 7974632
1692433 9125857
4592305 278728
1227175 3252826
5929801 7875556
4360187 1714939
618988 5173105
1883316 1423324
6858484 4015754
8030620 2337280
6066045 3013009
8599942 8350558
481011 8924444
8847373 9684692
1435006 7493324
4690573 602585
5372004 5048453
9021205 5736184
1132163 4536376
9551096 888927
5203713 7557418
684335 286639
3245859 1277525
7545563 7456551
391027 5345704
2412929 7990764
8599741 1960257
3886017 6951320
419272 6451934
1725442 5485567
8532130 8711129
5669473 1347891
498983 2593241
1474996 1972870
5484229 402655
9881220 7993407
9703926 2960299
7049009 650966
9030503 6331524
2940738 4729854
5757861 1900865
7179401 8044837
7852981 4766780
9087616 9915284
2144483 579891
3059078 3950042
803524 1098007
1277991 4556508
7168489 1193767
3941318 7414322
6903663 366855
6223219 9613295
3189216 7885969
7874523 6946570
785387 658935
5970877 239839
7733139 2421971
6537316 4546008
9165070 8951289
2401238 5146046
5953404 3580116
3009059 9345194
1317568 7816801
1921873 244495
4433767 7593461
7165486 4559340
4358104 3759874
5570252 1799462
3030307 5760691
3265603 669754
914074 9517278
3873138 1761472
3315226 8024265
5158033 4175595
7690193 8135455
4057132 3851524
4327836 8548744
9700456 4876306
1222918 6864139
2480834 1293467
6365311 5972009
390957 3440262
2340643 8115664
1895482 9258730
9488974 3193999
7619951 894047
9796465 3905549
2639836 3688275
6373780 3653458
5004825 1684010
6168130 4474548
4202381 7142920
6583357 3700366
6792739 2022669
3129079 252310
6802024 7838814
9635918 250080
8012111 7132194
1162079 8202966
6226101 4712157
4743690 3640638
7155538 4956045
2395549 799222
418425 8371001
1621715 7477928
6768702 147893
7887330 4286489
5555631 9237619
9789532 3352114
1278333 7043443
6386351 1857618
9827067 6948467
246264 6468502
4490772 8627510
7969972 9019230
5851526 8957201
4700387 9607333
8839687 5442889
7206386 5922252
3476858 6230227
3797615 2925394
7741883 2706505
9136789 4041765
3506138 1055762
4421294 5526924
7992265 2174823
1734445 4258546
4931321 4753139
7017335 5610030
5351961 6018165
5720047 8926418
7369377 2277181
5172410 8633986
3626714 4857850
3967983 3670185
7872986 4473270
7684842 6927274
8115078 5730259
3417269 7648840
3653892 9984317
5260490 6641748
8545630 4278907
3294838 2974581
3313680 2081528
2282948 7856755
8213531 6099417
6426939 9790572
2179388 9216402
1777606 9264762
1572748 9628930
7509641 708293
2231078 8624145
7684604 7394246
263150 876527
901727 6388616
7703512 2635909
1495824 7183631
6356031 813279
6161190 7106267
990162 761610
9870781 9934762
6096817 3430368
7394081 1067156
926800 1231631
6653992 8347204
1574592 7121024
1095655 642815
5634158 3183839
2339522 7660771
5720675 9473791
5602366 1366056
2361311 4383817
9930631 6218123
7875045 4528555
1387248 2790501
9318458 4661363
9214319 2415670
7311196 3697553
84445 6078286
2521625 6228342
6193284 7298087
3297977 7131394
6493716 7418291
3613619 7027566
3837893 1931844
5346836 8592353
133651 7758068
6499085 5588366
5673955 3228197
5604524 8549720
3930320 709709
4926646 9146526
889098 8265253
4498494 3528876
8033127 9769714
952240 5900177
7531206 3896813
7833296 9630211
1042733 6071348
8933206 3396578
3785711 4724798
9261277 7220132
5164125 8966691
3543178 4684757
4499082 8078407
5228829 1604837
6070908 2866036
2196905 2238946
826699 4605270
1129125 7273637
5781881 1112084
5885733 9382982
2501646 1916279
2872897 6123908
7554038 4128737
5387271 7945427
7095875 8891362
989110 8602799
2883691 542135
9359094 2112845
537937 8114602
4952332 7055459
7684083 1730965
4728829 8510009
5628655 5481365
9229465 9164666
1643505 1732673
8625468 9660482
6867572 2730357
5590154 1628145
359679 9588130
4399121 4979523
7698224 7754075
7200734 5064624
1606346 4540078
7257226 2453328
6612610 956615
1571731 5559362
2397130 4909985
82122 4601041
2398662 3432665
5463439 7761617
1870520 2466695
3935716 2580978
4764065 4502317
3555225 1199843
541153 9896838
3747542 5793783
8159797 3560498
4212635 6563146
8589888 5138806
2961863 5673772
1060122 5041767
4554164 7703830
8561756 7071795
648554 3133404
4686639 2920992
418691 1473433
7949288 3489072
7612618 2608972
687569 3427998
1597896 9789021
557041 9064498
8429565 8453560
3118206 2886397
7502497 3179164
394286 3888792
4262725 3816701
4788168 6070062
1074458 7039566
1918442 9205649
8007629 6016110
1777912 8638487
6782639 6649699
4756732 7796580
3117303 5382822
5922431 5618439
6045046 6080287
2287342 7810833
2756254 8122551
3995726 3490204
77569 7327177
3493129 5851583
3559690 8366576
2264812 5193929
1148995 2791364
3218531 2635406
2969115 9551712
9146205 2409105
2530768 5262668
6192399 9612032
6648762 7883504
4843472 697871
6835558 7033375
2011094 1536784
4599659 1544663
3916517 5016475
6206810 4124615
9435736 1997215
4479524 2550424
2016343 9523083
2566661 7498036
8323520 2334333
1397800 2157338
753463 158984
3053133 6469328
1575808 8534409
4234537 7526856
1341960 5274912
1875767 3984062
7327428 6218618
3194583 529137
2359530 8124705
8036993 1616221
5226271 8185687
8017076 9243952
550451 2601343
28282 339981
2074106 6557758
6906845 1716577
5829027 1886394
6928083 9295713
6496542 2944785
6349505 299204
101415 5368080
4802638 1444336
8929662 4020632
6269186 1014780
9716539 2909917
7644246 7097003
3839260 547866
2066746 6455637
9131129 5457372
5174091 8594142
7059902 4918655
3320970 179093
6074182 4640021
7449223 7142204
9341823 8099196
1158173 299360
528450 8774668
6160648 7566956
8637256 5656164
1707131 2524666
4230752 5413095
716181 2252603
5501350 9083559
2809644 8996977
3608588 3327263
8546307 461888
8933633 374931
3158654 9847659
19373 9463386
2676898 1833362
229092 1699561
3956304 113820
9932712 4386698
4755292 9158902
8514694 7362084
5436142 5503150
5127551 1384057
8155543 9321577
7984834 4028724
6175285 3827817
473537 6377171
734222 3483668
5062773 789808
2231985 524798
8541073 1098247
9275941 6397207
879562 3323002
2606167 5306309
197004 1290319
5222879 2986752
821950 6708339
7129226 9863263
5917575 4017857
6303815 4393026
6639916 6821679
8483040 2997421
8031654 7547503
7112780 2210194
9148987 7661868
4052885 2665719
3958052 9882198
5030022 6861388
3678121 9404771
3807502 6194945
7650972 7274212
645630 387442
8426392 8879070
6466737 2381696
6734054 713566
8142316 1247422
9211835 2032258
4470951 8577552
7731655 7319707
8074682 1011238
3113482 7208056
6366971 3270823
2373189 4102866
740951 7522591
1767324 9025945
8149927 8523524
5498511 9160538
1463244 2662175
8168881 5311604
389369 7682442
3212401 5142632
4874534 6740765
7244396 6676741
86580 8285458
2480111 1541939
5248516 4400492
4201886 7551298
1963538 5969982
7012158 3757756
9692761 5797323
4401563 4960979
195498 120101
8119062 5869314
6131439 3518839
5352239 5621874
6674782 2244155
5838224 9485630
9633650 1965812
2152062 1722823
6058771 7995325
9342968 4366750
9736995 2157608
3693575 2837849
3253566 8765639
3035963 2852571
4570472 3751842
9738130 1952666
3868448 1492249
5662506 5074628
6621209 4759071
2697134 3052388
1344803 4311316
8213504 2388686
3088392 3056278
6144376 7434764
8958225 5747716
3876540 1968393
2538843 4679772
3026876 6454984
9754427 7936187
2607746 4085223
7344583 3194041
8660811 3528520
7180124 2595389
3595291 1183404
6428986 2354337
9965821 3451565
908386 2607207
2914777 6548102
8380219 5438064
6197296 8224881
3552452 6293840
7624000 6955589
5375348 6283651
4663391 1520622
1896754 2117651
3948379 6813019
8883059 2334343
4972506 3185003
3730607 6248143
5065191 9327096
2317861 2837153
2048493 2638414
9799160 9642981
2295931 2881339
3347287 1961894
4079856 7215092
8861437 2652078
1707558 770374
316338 3577278
3208185 1619501
9269071 934
5420349 5397474
772485 5726110
8745831 5483672
8900648 647709
3667011 6477246
669180 6674948
8849096 2667331
2795646 209099
6627734 1173599
1566290 6512908
9351185 9526692
1739425 6093496
7179635 5692613
9337700 2069562
1954767 3624264
367667 5804028
7737191 9507296
1046133 4500510
4428909 9122958
4677674 8153672
3428452 2828431
5565284 5950791
9778385 7504165
4749923 6404705
7459642 6860373
7390631 9628245
1532875 7523355
9072438 9606786
5056249 8778751
1050160 8376250
7098460 42337
2233329 4112665
8475563 1063806
1093143 7176090
4454924 2167136
8394104 1588724
5068213 2236070
1715529 9367643
4224774 2209806
658697 5019065
5560566 7574471
6128861 2373432
1499195 8110753
263246 2410933
845402 8624644
8120339 6237920
9169783 647255
5004942 9077592
7431374 8567130
7221306 6544664
5159855 5570992
4558425 9813187
9131140 937316
4755011 3916847
8324165 9170086
7483934 4201376
1752948 4437474
9598206 1210919
6053668 2437449
1378411 1579704
8484558 988930
7236203 6872305
5631246 259090
1465187 9078877
8473294 7523938
8947000 1415205
1935346 4414017
3319755 9353998
9559216 3768165
8013012 477109
8373919 9055690
3481908 1423392
7945871 3779920
7119971 6568324
6648358 9636724
8485495 3193411
7818128 4714058
4600544 7267728
1912411 6613125
8386140 5200202
5202865 6287988
1407158 5832148
9537420 5378195
7272983 7759938
1949029 8914971
3806235 2766309
5507470 9298557
9688472 8600221
5817839 8769705
7904884 5895647
3858783 4974580
8356620 4604489
8198923 8521731
3075712 7022672
3847895 4217737
4756343 1300162
3228310 4440168
9573387 9951835
5299377 6537948
989971 8916978
7947424 6540595
4061307 6235593
7967538 8218389
7842368 4706908
2036821 9201381
3975907 8989728
907790 9126245
9885250 9906204
1130778 6569172
326132 5474335
6457759 1432865
2312191 1870562
4218225 7970443
6584167 6720985
7763231 3627039
8373025 7196509
5454429 8653279
1556948 445810
271899 9695317
1510181 3163286
1012701 1838211
8949645 5179146
8381293 6414744
8371847 1776088
1210066 5065063
5932235 489270
5304277 6064202
2692381 7941772
8101525 8401347
9320268 2764325
1967439 7884567
9016980 819444
1944171 1913410
4628990 6921176
8365637 2949365
3230043 6962961
5043744 6692465
1437252 1288627
3793001 2800906
1865583 8175100
3992968 5919869
3168158 4906701
1976784 2985086
7174710 7987136
6420333 4067475
1620906 5447098
9049855 961867
1924977 9430656
6914061 4828593
8157866 4030589
1657366 1853343
8593325 3497533
4836123 4940551
4803901 2634578
3273593 3742821
7175616 698734
1158760 6921222
262220 2818600
6780479 158382
7512106 7600749
427068 8820299
979264 2050196
4251653 8163753
227602 712970
9484750 5817917
8995334 5812400
6220148 8484739
8660773 9667909
1655018 7104477
874660 4159378
5415561 6862344
6610929 8754923
7141013 4237648
9974703 3674981
186515 2833200
3579793 6114401
1106522 2612553
1549084 2905621
5289958 2691104
3214776 4284807
2513773 9770963
5526634 6687486
982838 803461
3003753 687184
5703979 4826323
8213266 6769646
3051803 6652364
5867737 1734773
2377349 2152849
5441715 6657425
1441578 259149
6897971 5022805
6058524 2224474
3298953 1433800
6600664 3796373
7590409 6209024
6281710 1928736
6610947 6958321
8458350 2755278
596479 4528480
9943560 8709258
2815055 4773855
9729507 231089
9065497 2878481
1546387 2594027
4491738 4774269
5202408 1247021
3473364 8317707
587050 2150659
3269839 2998583
6917650 6206845
9152096 250324
6240285 7097434
926557 9475334
3457982 4128702
5756623 691257
1985667 8595294
9176435 2841067
4033739 1956900
9875836 9264523
8261925 6246015
3659845 9891871
6461464 430838
2052273 1909658
2749389 3099123
813175 3024701
4915714 8808643
1226220 5032008
8205621 741122
7469577 3542278
9585801 8393570
853324 3965346
1583924 5955936
4480052 4464387
9174208 892957
8457818 6087484
4775209 7209550
5335582 5153089
9880666 2709531
4544908 783169
4416357 2097923
9827574 8380170
8253348 6858609
8960423 8857582
4850273 3688274
7667883 5532899
7847070 9336547
5871109 8565900
384685 9390530
3981596 1925394
3337908 3700854
976826 6071544
7118568 2175396
8794841 1469084
4328872 5811975
7355341 8323363
7170065 2708832
3628216 6239801
8640879 9866155
4696181 3552088
1424115 7082621
666555 2170881
4726165 6852924
5997071 9402327
971335 4834519
3100303 2136061
9757497 721933
4930807 983906
2525053 4053273
6069806 4422754
6303853 4755667
1311012 1678301
5794997 2666424
1454557 3550671
9229833 412488
7781300 3613461
4440516 5100303
9351260 604020
5256047 2698726
8420009 3080745
5213342 3134287
4238465 8248939
9200098 333978
7730524 3818062
7901060 2619794
1193121 1483359
3369607 3137059
689271 9386482
3912062 9917419
4776694 9551040
871375 3566988
3862954 3789756
9987010 5566341
1670697 822057
4769994 1758400
6059846 6743035
374511 5350574
3818719 3073358
7989956 3433302
4399090 6098856
3657092 3775781
2665892 5302394
3177528 3149652
8779455 3206237
4606334 1773580
3597541 7040640
5828210 9931172
1971007 3134470
1611107 5780254
4630743 423771
1808931 7763293
3070291 2457333
7459813 7944760
216864 8954276
3238130 9642156
7851481 4182844
5667210 7033434
3556522 6742533
4241988 328516
7613227 3102593
3058116 3680904
7645738 793188
9006722 7870417
9986151 7947391
4584902 1349434
7384867 7317725
2813443 5977909
1492534 8482747
7920139 6268567
7865243 8744764
9880616 3325444
5670011 5617991
4689471 5754229
9177039 1952823
367090 2780986
4413880 5188887
4940355 5218724
8487847 1996232
8069197 9892132
3597360 8276571
7601522 8134692
3439374 6097697
6512299 3741058
5767460 5020858
5222118 2064647
416540 2352305
2202692 6450156
2537683 6131418
7795322 4566037
7408233 1564563
4702932 698586
4513601 7240983
5967383 9166628
9157576 3871236
8322905 3277829
8422064 1121040
3636778 6630485
3646749 7691996
9593154 1176195
6115968 4958833
3101156 5455061
8200605 8825619
7056141 5673786
3318288 30742
4537819 422846
9655259 9748035
8883939 5057484
5988945 611264
6709530 133118
7470981 1909303
1019145 7555697
4534408 7419554
5689245 469842
6683060 9333421
528471 8094503
5118098 9852010
4824572 7755457
5451886 9258862
7140359 1644323
9602055 5947253
4620178 9968370
9450523 4692034
5465843 5179761
2169635 3995715
9123348 1211896
9084321 3321170
9864935 9317722
7394530 7806223
6382050 2942910
8642216 7258060
2516678 9555582
6255711 5001952
5393526 8415677
4216926 9231020
9068388 589697
3587907 9867479
5250320 1704197
1512308 1546727
206231 5970248
868654 8446811
634544 7722024
8848616 2502628
2121231 1793362
1972654 3857794
6291075 5195365
2141638 505912
4932594 1998686
9627984 6171385
6239278 1586380
9713287 575605
9399112 9325348
1136676 4709067
6149842 588883
1021268 9262199
7038088 3934299
8942848 31591
4277623 8561352
398290 5713308
9968319 2737333
5000780 3668711
7014664 2713313
4302434 2738248
2793060 4919403
3759323 9882258
323508 5251679
6024398 903443
1143672 3952010
2159818 9330795
7630597 2422704
5054573 1302776
1483408 162318
9619321 5486533
3705180 9516110
1792674 2718941
8198234 4980737
3958558 5184737
1713402 4264763
7860504 6322668
8956149 9898649
3469665 7266937
4918247 505895
3939117 3355332
6711426 2960316
8738849 4693406
6375720 663185
4378785 1779162
4562709 3599865
1058510 8841454
787669 1509495
7487982 3177476
5436846 6694207
7669704 5726740
1959111 2255379
3992503 1899444
2153152 5904904
1431577 9363590
8922449 2236971
451786 1725508
652638 8075146
4747146 5620054
2048297 9811720
9951271 1972536
5170290 8894784
9416961 6063846
8134761 891264
1761638 9249189
6562552 1858786
9238700 4889148
5707640 4952039
2662578 8139448
6279516 4964948
521795 8712592
4724065 2695672
6778803 9817450
1267515 2038562
5014946 6434077
6502758 6539031
5231638 589948
4178596 6811048
3051636 3841694
279644 8466478
9428853 8702557
644328 461760
4637388 8453704
4850710 5399607
3084018 3738195
838029 9887497
3477083 1452654
9159023 1720252
9300714 3962937
3005998 1048707
7159484 7678189
7319509 1932666
7208738 1033609
1345171 2258459
8955102 6306169
5114464 3534604
363714 8062913
4561725 2523618
358638 8088877
1508920 5041879
3572003 2350077
2382680 5334061
2984709 8238699
549440 7583339
5483651 5788846
6948782 6059181
6441067 2164695
1666446 3483798
2863692 3020051
6216976 8845356
3815087 4796540
7215460 1749978
9458005 6071813
8913400 9972332
9919293 6961079
8315405 2646512
7432471 6285153
6571211 1888614
3100354 7777376
1002795 9282324
1997889 2306660
8369218 4587225
9237714 267258
981651 4251182
5568852 9929096
390878 6385988
9639386 311005
8546209 3575489
6315872 7002610
3756818 9239018
5897792 1194711
358558 3748921
5021237 225189
2886026 8630698
1171786 3408211
8889486 112237
1159749 4774443
9321160 2342654
8699538 9316797
8558134 8396951
5219978 9964693
2753279 6909624
7269169 3814383
6447081 8077233
4345901 1129392
6866266 3516072
9967739 5738376
244975 4446803
2646267 2207765
3401957 6254755
7045037 5407112
375079 339160
3929513 9108591
2880946 3389923
3552093 3922881
9322146 8674608
1332618 4082898
5168227 2842895
9101987 817104
1373099 7950373
7608874 5471678
2002600 2414920
1660609 4381530
2418471 9066049
6015116 9627033
3115133 15360
9719505 2604274
959622 1335423
6499854 4989263
4474803 6957794
8944597 9911734
4657635 8963830
3845352 6866456
5051165 131663
923650 3010081
7201529 2669504
7393108 8611618
7058299 4889242
3275306 5165112
4112261 4667176
1013363 1324518
7661346 804574
7583089 2302746
5153634 9436983
6503898 4139114
453645 9253311
9610427 2731363
9318977 9869455
7165826 155540
2985918 9749609
9114085 7367849
9475070 8393140
1272038 7806764
8671647 1020127
9502113 9346748
2535348 1883937
365147 3373036
6930814 4866753
2983696 5704988
4681386 4847495
1703636 319915
533166 7413849
60982 8993842
2333137 5246835
1717555 5491189
7992582 3134495
9038047 5075347
2829666 357979
3004276 3310721
2220487 985491
876727 9542861
605007 6592587
3636096 7066606
8575866 7729281
3463845 9031463
8105172 1246856
7575697 1880528
7514082 3115122
1700547 3530506
9115484 8576071
516781 8907058
5252029 7039888
9399312 959529
6291788 1179744
7134723 3635408
1110897 3172926
9995699 6135367
9381354 2276710
7057790 3125951
259447 1745502
1397489 35441
3207006 8520319
7373169 374630
4558322 9675619
601343 9060208
6253669 2626675
2210834 8777909
7589916 8053669
2010157 2050056
7205359 5768865
998157 2720675
5248267 7962506
6781397 6512242
5858749 1553956
7707602 4481075
234441 5862277
5913371 5841741
6388122 9872125
5887423 6371379
1315476 9875996
8200563 8650161
7134023 7725945
5751143 5110776
4175781 6741842
2662091 8571357
1017374 9305852
2451433 857061
3011314 6147470
2393629 2237037
9252009 1053210
6816885 2719524
5766366 1845096
7284132 8487826
5910484 4516714
289349 4045367
1390011 827653
9539376 6912393
4002774 6458720
526526 8258131
3151713 7656212
3020395 2966865
8674217 7891971
2518202 7355464
8857072 2120249
6476843 4762228
8689819 8781648
1197998 4838688
8404038 4089446
4873543 1259253
9862838 6714071
431861 8389985
8108444 9510438
204550 4851240
6652810 4110167
6365691 1994821
1807920 5464349
4290601 3478684
695964 6796198
5684589 8869765
9193643 8666264
5830252 8341552
6208796 8780100
8389508 9854777
2329654 3092008
2158092 8111971
7547294 2392915
3942793 6862434
5020421 54394
2648314 7916242
567474 6519552
3624780 8175940
6984091 3587590
7577788 7253451
1945462 7442865
2403834 8368554
5906287 6573257
4420241 2809471
9421790 5287453
7584299 9459572
7233395 5933385
2321250 4596673
4463119 9867571
6073825 2712289
6148417 1332857
5296959 3301952
819023 5451014
9535163 2310172
7493638 7102073
1314334 9887064
7510949 7182936
5569123 9613728
1102215 2463235
8028146 8361699
575501 41824
9816815 6812125
1447473 2625188
3700196 3819823
2896707 5936979
7930102 1292364
9689880 8478627
2395168 1786331
5487530 2956925
7639725 9710851
7622418 7641133
2287242 3443160
701709 4529903
6461350 3779095
7508330 5784491
7766756 7400987
7424653 9672387
6851276 407664
2978687 5353951
6481928 4571049
5250744 9501220
8219696 6282866
2690099 5734783
5118933 6269986
5478035 6372021
9261003 5928629
1374416 9295872
2075417 5470585
8058682 2681633
1709966 1254516
9508847 7103097
8619223 516245
7061210 7141758
6785905 4596298
4770410 9462635
3136696 3927268
2856118 1221348
4340047 8064513
2956327 8153513
873135 8453205
7428243 5711625
5281180 4298679
4690690 5148671
1975030 3159886
7847266 8752382
1649213 2660549
4315669 8228668
581157 9835762
9773450 2366301
3393700 4079786
7709635 2224955
8210990 6413624
8336297 5396768
2478125 5425475
5662557 2491136
9321441 9156587
5010113 9607795
9947506 515219
5064051 1205714
860883 6593215
5586813 3516275
2684531 2831056
4975491 8803606
2220489 8685095
4825301 6853903
2171656 4037292
2310672 9884467
2006256 2396611
8765618 2002005
8047111 2425164
5790524 9187570
998566 4878681
3250020 9321767
5883988 4146343
2011185 246632
4295398 2686709
1747851 902852
3857699 2320342
976231 3303856
3195952 750369
4530327 4461304
4184226 7151077
6704997 1937077
861544 7069389
9118601 3037637
1216920 3499587
9073012 831677
6066546 3769433
3015549 7302453
3085104 3809888
2840339 6454818
5609714 325240
7973168 2659395
5118868 66206
9331946 9316365
487022 7268826
5337790 6529624
4789196 1788516
8360739 1241935
6497694 9517559
9791744 9804286
303398 3662378
352531 271351
5926305 5671911
877892 1023487
4942550 9715638
6130421 2266330
2925150 7243796
7804836 3585665
4977039 8036723
2193230 3195942
7295665 7488078
510703 3815953
4538624 8252188
3956736 4599754
7082707 5501864
8187639 881876
5953744 2516895
5820497 5153891
8672354 9558216
5652840 1150200
2830591 1654745
486069 1871272
7072532 9985506
9041874 9616773
6442240 5550363
5876312 1605644
7976440 8620168
3412138 7664414
9161326 6606339
8542870 132859
5970405 1889790
5596213 5532555
679775 5213151
4689555 155156
7999178 8717192
160586 8268744
9854824 8769620
6190904 2665103
5556621 550047
2380484 9780962
9691942 2761656
8965679 3870590
6741877 2384028
5490439 403765
3028214 9985095
8266473 6887654
4197273 7409407
3856215 4419749
3016619 2324352
3750713 4682289
305907 1146954
1868126 2959230
7952323 4176716
6970373 6998111
4259844 1579756
405328 794033
7707703 1446141
4879879 2929816
8791461 6301660
8725732 8645269
9385403 3869268
9785090 4212559
5490812 6688026
2804124 3045194
6065995 2871501
1049041 1998927
1376504 6896920
8232559 9733123
6465347 8119133
5794568 7640778
430312 9537832
9723126 5198466
2962823 397548
8292033 4497639
2919174 896209
679163 5179863
4763507 7316056
9647140 4479972
5168314 2356919
3347849 684797
5641230 5771812
3504696 7352423
7812970 6646906
7575892 3835371
8531302 6566029
4634126 6295200
6735383 9241916
9270440 6611728
8224460 351483
5196434 8779686
5623356 1680956
5943129 2972819
6158926 2966305
4367182 977938
2156034 1507705
1972434 1506328
1390928 3785516
9180440 6474216
2771109 751872
8904437 2792396
1215391 2058033
5351510 4497488
1631899 178175
1332084 2468968
7728120 8393777
1759389 5170780
3269474 4557670
2956887 1728457
6380841 1001039
6133530 4108451
3373362 3860348
2023970 4245634
4876819 1081240
9119966 9951340
1134634 7563784
985412 1776568
6567904 9136029
4098824 7367895
9833523 3455496
5813565 3239280
9350112 7058567
762902 8212132
6725018 9695053
6103594 1692469
5571777 143964
1423841 2382355
2102761 4204804
3760536 1562500
1025044 9303836
1322579 1193993
5338897 9992999
3655732 3510964
9100747 6213379
5308209 6320088
6525722 5902372
5349789 1693123
8371097 7434289
3698774 8784798
5010404 8511053
1059052 5603341
4343167 8765356
6547863 2335251
6064265 3789467
2848983 921847
3375909 7147467
3279612 765305
3917386 641001
3406264 8689303
4672537 3721687
5207912 8757185
3199816 8379451
4295105 59467
1597923 2031152
4511058 4356293
6565663 1278344
6014450 3208132
8378804 5666691
5650942 8881583
7575059 1453553
8910497 8964932
6155848 4419014
1463132 8353718
1726290 8040076
7131081 4927491
5353339 998579
7081807 534395
214877 9916461
9651272 7045690
6600092 2538923
1411355 7906162
24018 192635
6343681 9234451
5574620 1126977
5685754 3732866
2293376 2530287
9908434 1915294
5179637 5395528
1054340 8058595
5203707 5763118
2486758 7034143
7355908 9077196
8865747 1783785
1859027 3244647
3301266 7469655
1986606 1696153
8702616 6992514
6420251 4965728
5997986 4004035
3376745 7887107
7878007 5545056
7802736 4251273
9418317 3052381
8999694 1706503
7353794 3086037
9880714 1007040
9380602 1448424
8652112 8917867
4741042 1732823
9505908 4651523
9098928 4845314
7599260 4532382
6653676 3877130
6949650 4385846
3508842 2151970
2707432 4089564
2556685 5486008
4663133 1497607
9184441 8913738
1073423 3043103
5425947 7679512
8224164 972287
7477142 9232998
5320663 8764664
9641130 9556081
3200821 5800862
3571824 9776346
7621799 8552506
5308904 186742
6511893 6496645
5087263 5189494
3387289 6092440
8476145 9295403
8643196 4361913
5875405 8776264
5444023 2776857
6324510 3291805
2565817 8852164
3504083 4919903
2356277 3883092
9125699 1176336
9951059 2152419
7223957 9813054
5978068 942934
6072968 7608396
9620694 9255919
3136197 8277731
8534322 719717
7251014 8287272
7938815 4272851
7574856 2632316
6383937 1865552
9354234 8000828
3004982 5031216
5233775 2555505
8024762 2980917
3418721 3306159
1880065 9439582
6335338 4378037
9524138 5964766
9329347 443188
5215260 2204127
7956945 7569169
9192417 4356367
9822821 4974292
5412981 9325705
1520615 4117581
8674434 4473627
2888054 3897958
9989473 8972077
34748 6550088
2427759 6536539
3478703 3828028
6000194 2606703
4227431 4894974
5206652 7889367
8097222 4750870
8655825 7335029
7700640 4022405
8171864 7861252
816937 8683540
7263818 6238082
6892137 1295243
445784 4360149
6080181 2772486
7961955 5167233
6811184 9259686
6586997 653779
7322242 7444952
2099115 9327328
9831588 690391
4447406 3987925
2051505 7658245
9507349 9089525
9822892 5877085
532555 7261519
547954 1884256
6934711 7543850
18274 3545256
3550342 7295625
9043949 9534522
9097653 3801579
8194224 9439234
9438278 6509931
5951250 3111353
3171237 5636968
6676949 6289505
2629927 5022276
5006774 6216881
3445769 7334560
4007307 5227193
2398931 2093058
5048247 3483605
5571543 759486
5168138 9960612
3544475 7478988
2121078 1354939
5675805 4388929
1894627 4418759
4291478 83337
286175 9966996
617115 9786724
2610736 8095882
982149 7315709
7475817 3664974
4818784 4193910
7075530 5790771
3299874 5584898
8897741 6199316
9976315 1627236
811382 4917290
464548 2167396
2751812 7978952
2923650 8457874
3253079 3028043
3067526 5127953
1536577 2660679
1635649 1167731
506873 8337878
3325428 797128
6311875 4870318
586689 5157911
7584276 5658027
6934702 566959
5535954 9709722
7663638 4244959
246918 3420314
8147240 9290763
5223838 3563123
987836 2641656
1934402 8411073
4330546 7666866
4692115 2540281
5997797 7642475
766933 5448020
6279122 6379045
3552910 576815
1867202 4391163
6466657 381529
7185402 3349669
1914264 2279947
1199085 1559483
4572854 9331864
6714750 5572718
9952096 6503437
5990884 6047854
3505226 219501
3288712 5027597
9824529 974687
4527805 4840838
9840021 9004858
920860 1743703
6712744 2462152
2038186 5469284
1662868 2205480
738313 9475890
6947775 8082145
7885262 910062
7798589 6489811
23157 8096146
4680796 9792089
907158 3866404
1295216 2364919
2610577 9398375
9641217 1608035
8829148 9098384
4781259 8723681
8314822 1934749
6165469 2369952
7467754 9116228
6236208 9225329
7335881 2652595
8269908 7552747
6768606 2625198
9864695 2297572
7367969 8158785
4062725 677752
6229683 2810227
1474365 9815176
7281689 3435121
1496484 4824850
2539463 7215774
6669431 2257236
9122980 9349674
4157547 8269691
4213767 4144655
8522302 3433511
3162991 2084005
9125917 9218530
4405994 3065553
3985638 3469358
9652635 3919223
517164 6469179
2663377 9034472
6550869 8633046
1557153 4480732
6156446 2153995
9427003 4904034
5186884 4820738
2812801 9650518
5097655 9331766
7112188 6424972
6385074 5445
5665381 8988081
1029468 5294747
5620578 551478
3642554 7805540
3426761 459492
9000102 75138
1832805 8539854
9209056 6057090
2620280 3719235
6009446 7578924
6690575 3719323
8224900 1252174
2468131 1915639
3916327 7315037
7301325 1283850
8521014 4796739
605745 2176560
5122329 6595385
2382617 946616
3796084 104194
7455134 8055267
8318498 6854061
2583454 1802998
4114993 7929004
8682413 2538769
1628982 2860869
1922685 1853832
4197870 9065819
1073555 6642121
3977256 8700072
4604320 7370096
5381579 3710382
54495 5468008
6510005 4036340
2014466 5913602
2166028 5959362
5453212 490333
2644661 5682140
9081679 7004747
9679597 3351729
6326605 6332735
5846343 4410212
2936103 8099601
8592050 9102997
4885058 2439839
3750670 950823
8074548 9004927
1636918 2603807
654394 3941833
1499285 8730844
3518122 8900255
2875442 648690
5485820 9163236
3627775 1615792
7647928 8678020
4932964 1140398
8744273 3104020
7463751 3852165
1767578 3218743
8250028 6249542
6859722 6963293
419180 7996833
8948439 2658969
4725652 432679
4482021 3352057
8291467 6579886
8213552 1388661
9385693 243970
2831608 8745318
2312822 4515804
4535485 1086638
197205 391712
6069572 374261
7763133 5403697
4407017 3185374
3879040 284504
3403248 8406937
6294309 2934602
2159467 779218
7138691 3030848
6779993 316557
6735924 5320265
5724018 7707777
9449498 3622557
1174639 6778958
2984933 7881401
2784581 1095602
6363282 3563471
5557299 4481042
5435740 2839047
4870940 2590391
4785265 1197555
8256287 5653332
4766155 3896509
9099418 7109711
3316388 1872840
5256510 9847968
1016101 1566472
7037104 3122298
2128829 4460015
9912202 4068601
8028562 6810580
5545678 8605967
8567238 4706574
3246905 3063876
5808351 8277173
2588021 4097267
8657281 9986487
6907155 5564398
7049154 9962179
8761331 718657
5929251 992794
6412678 3021284
7335652 752982
8525533 2500379
6987149 9519286
1662918 4377303
8024370 1548164
4090388 5163113
4720689 287720
6402866 7635570
3946661 1626866
7989287 6963336
42813 6246472
1708831 6527011
3969952 7718964
1714158 2450233
5595531 3325885
9275730 2269086
5247167 2836350
5861125 9564710
7900952 8916161
1279884 9557000
1867721 4345936
5760690 5839250
9872962 6655144
7079453 5652156
974765 7079415
5447658 9159874
6195495 6368076
2238124 3166623
8790116 8232591
4495023 7897516
8165236 2407696
101428 2187956
2580351 387454
8745221 5712567
2032379 6606193
1383696 1430728
6666772 5694241
2539146 8176957
5218380 592701
7584225 5431261
1739289 4758158
8781643 9797190
9762702 9990936
9510773 5419782
5404477 4600827
7468194 2274757
4209174 5677598
1883453 2621411
577027 4267098
240020 9751842
471751 3369336
876532 5668974
104121 9288543
4986287 3286869
6957850 3095479
741485 3442810
6185497 8560666
8750506 4936571
1249227 9773727
8161827 3289122
4261235 3616775
1300376 6908948
8929454 9498945
5295542 8004750
3396313 2598491
6901145 2436772
4104576 7181762
4573157 5027882
8138058 7911657
44883 1325799
5092568 5228024
3717452 7725108
5336312 9822859
9744441 4638023
4232294 6651536
2340603 6860437
6268715 9663808
8795544 3455884
3040097 687435
1304242 5335573
1358157 215600
7444990 8575646
7832071 186852
9377558 7249701
6789907 4542100
604492 885858
3264902 9388519
3125785 9870670
2628185 1501856
2582661 9800585
6508969 4787748
8408894 8310799
6000759 2882153
5590323 4763233
1227311 9703370
4799430 5390341
8363820 1020882
140153 7219013
7768727 3021634
7789670 260132
7637787 1610819
8446697 7273244
2584637 9355185
3743854 217708
8273696 1063510
2903470 6413809
3078318 6354280
8103675 9553763
6491972 2247333
6296298 431924
4501260 3554610
9474122 6652671
9990269 1803597
4001117 8498049
1566451 4433393
3088947 3156023
8509274 6559075
8557984 66447
226831 8801839
6988111 3873803
5029456 9038850
6209540 517133
4967310 5343887
3383481 1263464
124632 919880
3807606 4191881
9064098 8529468
4930112 5400862
625676 9111173
803042 7787331
8074871 1390673
7721586 6302826
5791353 4812001
2610554 256875
1986370 5074746
2931009 7514258
2354680 712638
768371 6660685
7646547 160755
8936040 3522526
3511968 9923557
8787912 2642967
678947 217543
2252871 9538838
1696538 8771953
4828999 2827565
369939 1918170
5058865 9046668
2255991 1089095
2711554 9043447
7994561 4596401
6008357 2431627
488481 3389382
402740 2138202
7283559 6689095
4495243 5020805
4115249 8133062
6560079 764912
6507474 5062512
2098935 6595789
7343063 7158270
6863446 9891838
2149347 1639730
491860 7627314
9971742 8877320
2457786 4730023
3896950 5418756
5679169 4529791
4915880 8601290
6656138 5332569
6270134 9844427
5858327 8939024
4892212 2853409
6345818 3677824
2777610 5149698
731057 710401
7615169 3949973
6726106 4557680
4287437 6298107
1256882 4848983
1201989 1844776
7750340 5411563
8191065 2653323
1940041 3247968
6367728 5364767
632280 3693066
1378225 9972501
5792902 8786385
3364888 2800400
1027932 4474779
6736146 7152678
9209506 7539498
3046476 9800403
7970492 8823554
2920175 7721749
3936557 1006368
8091929 2697360
2394707 4037434
9406634 7164168
4723828 5222674
9253577 4920337
884679 6499611
973860 5508912
2607219 4870114
4148734 6390160
3291165 3062123
3468789 4424224
1010221 1076410
7533920 9632130
7249502 6691892
4033759 3410350
7619035 1841244
6981136 9111981
2350148 2206170
3467044 4759490
5692020 393260
5814759 5163721
9516489 1947036
1869117 5775943
8983982 611588
8447816 6757444
467720 9154184
8747410 3093890
8071915 9934409
8694992 6070432
7676115 787597
2302958 4948960
8640463 7810605
9671006 8386525
4206348 3833322
3060860 9059109
5110909 7232984
7051448 1749965
4828466 1138712
5516183 8059581
2662782 8604268
2320753 9222486
9705712 5395113
8495487 7124999
7273690 7232186
2935852 4606766
9288706 8935578
938358 8879986
6136685 1084829
8398341 9582326
8185053 4702790
8667989 1562343
7716144 6254975
9231814 5267543
6728152 6897088
7985336 6325588
7361204 4590211
6418138 6610892
6783653 7102017
5296431 3324024
1501129 3722778
2638819 123032
1263738 3894180
2297717 4061344
641565 4265693
2073326 1552161
1521941 4724549
3678290 8845565
888763 5827652
5629566 9973379
8517684 8370400
167205 7108278
86622 5057616
1458995 6959160
390493 5119379
9937936 2813289
9022824 1138958
5616837 4174221
5934314 5548404
383980 3118375
7851071 8407292
182146 9088061
9566289 742525
6461693 288509
1727986 4859119
3109146 742322
3816424 2422401
5515950 8367792
284052 9339599
706160 2714774
9206406 9447814
8851207 6753222
4262323 8231097
6996225 9503895
6824199 4448334
2732167 9183152
3670056 6580293
7515571 209179
7407096 5571433
7684772 3471656
1716457 9445949
647254 1297339
9076043 8712924
1948082 7546652
7712158 1519954
4080096 9255910
6329062 5190713
525945 5307761
5722657 9536925
9756821 3407091
1031804 7648142
3272786 1618878
1614423 722914
3910276 9702568
977463 4214532
7250228 7293324
4986830 1569139
258956 8102887
9942400 6352617
6055752 1991287
8097513 2747604
1457230 4604611
1975163 8672252
385989 5587830
1332308 8665295
2892259 4010832
1746474 8832623
7147341 7611500
9050021 5465448
5075672 2258153
3738817 8909291
667270 6559303
9548356 4249341
2653088 4088801
9491490 9223779
8916782 8413835
1383155 7528161
2159491 2161808
4243860 8041471
7231608 6889594
3132023 8354319
7763110 8142388
2077842 9576799
6713543 5483797
9513293 7472100
8514088 4780338
4377668 9282659
6130469 7187917
5571574 8748915
8292903 6191740
4201557 4185738
7903095 4147088
604994 8343509
8593444 2914848
8487481 7959653
6073982 6755599
3322086 8866949
7212890 2851745
9216832 522168
7014298 8302238
6732057 2462498
1601196 1541008
4101437 4660250
8994195 9976846
318077 13139
7386809 5739439
2014200 4095090
2277107 1524009
145856 8741673
170816 8778528
510609 1320977
4683633 7010731
9620955 1006145
7148202 7950774
9343677 5560390
9336151 3943268
3309714 7502898
7748437 5696793
8759479 6276744
9484300 1981586
959767 4481329
7561845 5105509
9449183 831562
3541589 9502080
5776638 168184
8725694 5873224
7211226 4052483
6378835 9483180
7474684 5121130
6315881 4090587
4939832 8380314
986332 5652820
7803181 1802498
7669923 3740639
8767605 4783938
2698315 7625503
9616287 9535165
2268629 4504520
332564 990535
9778043 5275775
7240601 9036637
995803 7893604
2731002 8027572
4163544 8959542
6406394 5633743
9760637 5094050
1155273 6850272
8201045 8450727
8557678 7208681
7116076 7415705
6596995 685078
8864225 8827486
2398421 9277839
631340 4079760
9153419 1241892
1469388 1447144
9191891 7248212
6214118 1905880
5658986 679243
5858173 9187257
1548135 2735459
7234821 8888407
3270636 3589654
6393830 6680174
3422679 7543679
6991998 62298
5166151 950729
478798 1979568
9853293 120504
43170 3955314
1611544 2107005
9836654 4099
2584370 111013
1118115 6424354
1322546 3084021
671565 4390474
9110893 8822469
8355209 1665701
1954682 5636439
768251 2619258
798308 2058186
415141 3498216
9729634 3758367
2680495 3449327
3746809 938282
4859826 3821422
5676784 9630581
1180516 4084146
8316675 339491
3510915 4620379
4098502 1908928
4245183 3822551
4086554 7327291
7193242 11211
5825438 8793376
2270572 8209179
458822 2406006
9963689 2136518
7143535 6868687
2064024 502306
6843566 9671438
1234168 6968323
8302471 3544761
748212 9145634
3342162 5410810
686304 941226
7914135 1629506
4908223 5096824
1668812 280654
6539706 6983703
1184387 6170315
1333675 5100517
7076095 4988899
3760612 6268790
5977432 1530925
5573713 8241692
4332343 509892
298340 763987
2525038 5707869
9331737 2335781
4076590 205969
3034209 1825129
5251401 6179331
2538149 515694
8454601 8551506
6850709 2979426
9356549 9852008
7653109 500765
9180257 7997590
2597549 3359932
1888379 5504416
5509490 5451360
3844197 4270678
1320747 8383193
4035547 1943504
6708748 6222073
5159230 2246920
4190226 7038216
3950256 4003714
9811090 1381609
1095152 149931
5263978 3379327
9677044 6217774
6642436 4643698
3067178 6803925
6297933 4019457
6034285 6809391
2120787 3242820
9134573 7658740
669479 521376
7904536 9684600
3885390 763636
4684467 8989862
1929616 4316853
4709902 5425109
8659342 3933677
4012077 5130060
7962514 8877083
8131469 5389374
4527307 7042768
7427912 9233151
305398 5036313
155644 317345
2161524 2857985
7885141 3205254
6301165 820928
5738692 5106284
6520153 7183704
5820594 8413862
8300674 5263724
9735564 3470210
1907647 2116828
8578390 7496525
6009851 8545870
4741260 4907481
9104090 9428759
6303500 7210989
7880374 6522974
724007 7881481
8522361 8671024
3364097 8319397
4245739 5206458
953460 8302263
2142977 881756
5577342 837852
5736892 3352930
878949 2085120
8825238 3279165
2267447 7510188
7397715 3207007
9312900 8744585
8265910 4551791
8156337 2181908
1005989 6852175
8225881 4351601
3456639 363599
4557629 3678953
3583400 9266879
2628789 4865442
3933091 8392380
3476206 695211
904184 4780145
1057123 2296265
8832022 8546697
703608 8085050
8793659 7102986
6001751 5891925
9957429 2717583
4576400 966168
596544 3158682
7577473 5845482
2546416 9099917
2254298 6970454
4381355 7053524
4241368 9026994
1051633 9794916
7916485 4035877
9794587 2949545
3757260 2092453
1139522 5265807
8268542 3478609
3568274 5128875
7701710 9100829
9737181 3751232
6437021 563805
3719123 4832389
5909884 1332898
1278993 8951423
3337598 8497663
8461761 2901904
2475953 3886861
4065200 3952390
1801779 4536049
9010589 9693689
274672 8326572
7396799 4045763
2956402 5658407
1663796 2950955
8365505 6376921
5376258 3300603
8153380 6436513
55070 9233046
1182018 7391768
5814575 4838228
9030836 8770750
9866665 6691160
5823065 525936
3921331 4167686
4426359 5153342
6852815 9257640
6996978 1665518
9847186 3492788
7302388 8910488
1525765 671088
7451880 9694706
1504204 3939646
3515150 9821831
6371224 4262625
9723215 2817646
2890436 3465308
6196718 489899
6275779 222051
5484944 9964631
2970422 6430157
5275429 6635651
7004936 3674429
1361748 2723999
743182 3730844
636289 4118529
4525406 4245743
5599736 836140
402399 3921661
7248826 5150120
6241042 1785265
6058934 407601
5187988 9159997
5820506 3630321
5850066 297604
9248670 9752383
6548964 9046985
81466 9296317
3570892 1920060
4602669 4642012
2016480 3352900
6506460 4174956
9368080 9677524
8238047 6130104
5503556 2254250
8081734 2846780
9360872 5466753
1462040 4883256
74881 2352654
7199309 232513
855520 3418228
1973305 4540900
3543670 9950013
6587181 9393539
8794379 290264
6708184 6996000
8862583 8970684
9025044 7041973
7878215 3955832
897523 2783200
9643762 6512827
2363201 17647
8961803 5278702
1230747 7805891
2087186 3038776
7726990 3207382
3037676 1670713
1094267 3023890
9925322 2631548
2691596 3718126
6698196 8153081
8865098 4869003
9874384 3142553
129559 8833210
7242027 4408895
5368622 9232373
5933086 5248289
3196368 2142735
4192398 4876546
837556 3940985
6136348 4789423
7841418 6111963
3131957 7624594
2842000 6022537
1465364 879686
6104239 823136
6944530 1605995
3784190 1616961
5856771 8795555
1461547 2035787
8586798 5533740
1059877 7309328
8900980 4955973
3165219 8967767
2643759 7915600
5951595 998188
6681183 5779204
1110300 8175510
1641839 8703693
3881720 5389771
4225793 2349985
8688604 5207323
5275831 6185319
6766563 4391443
429876 9806890
9642017 6396148
191994 3471762
2503648 2486542
5296911 2165548
394378 3014434
1684862 2504349
5593578 2166013
4894085 7849829
4203305 201778
4658635 2522786
4244454 6692868
629798 9209281
6865781 6922804
5291946 590380
7333045 9755661
4642962 1978303
6698388 7875168
2163203 1754645
4980787 3091965
480416 6596084
9015205 1589892
8553226 6181249
5443957 1577649
7251175 3829738
1430010 1066412
2792344 1311706
6017978 7777678
8864918 8330013
2197206 6349286
5253285 8776693
8350234 5906469
1400981 2725163
2399156 909642
3755691 8037240
2464977 3819726
5084944 8370685
5940236 9326549
2257899 3677104
4155683 470490
8605239 1842533
3800309 124080
4980897 5440231
2849061 8970459
4863653 268338
4779657 3857935
2522831 4094608
3895994 4952214
7205561 4680715
3066697 4374578
5797566 1462826
7406305 4599824
1456950 4979654
4806395 2834007
8741764 4989956
3243746 331970
4912919 6212762
5793399 3241397
4265797 4196658
7191228 731111
4109696 4049652
6408533 9775685
6603895 796316
1708475 1957672
2899464 2896454
2254240 1726706
6602500 2080488
9983082 5854452
2907184 7349652
2772511 8981279
7157317 9086583
7554937 9499842
1648356 3699445
4888043 2512739
8490832 6727355
6457857 9683725
5920626 3151642
1707270 1567586
6938933 2816329
4665452 846682
1252874 1054364
3525547 3353766
7290935 8100644
8708552 182062
4101273 4020418
1604959 3766297
1779954 2640616
5145290 1244335
6581337 3527464
1553791 7059796
3508662 5663195
2360555 2294746
3662502 2808946
2694306 2206644
6693969 6993615
4234474 8218844
9764860 6228015
5308345 9613502
5278702 8354463
7434761 7747609
8940284 6089672
7772633 128024
2128010 1401234
2953705 184114
9609959 8394475
9421795 6030318
1769755 166195
6925117 3040363
3211522 3028252
3890000 182221
7647941 5591615
1971150 8658619
2932149 7547685
1266061 4370651
9372107 6987266
7682143 9107647
6242613 1943777
5055328 9213061
8582828 9583553
5431441 6843208
9719767 7202298
2045389 6602168
5429744 1044439
7803307 3589071
6535062 4247259
41660 1640722
8570640 3410797
3693822 7799363
8321483 1688003
2484468 9348851
6309229 365777
6248183 1588825
1305987 3377607
1231824 9297614
4818523 7237738
1033412 8781793
854032 4429118
7725404 2433735
8074525 2804054
5831606 7859406
7956702 940360
9498858 5517795
3573628 4149697
4405490 7370056
6281078 7834548
2162776 9880980
2618941 2295875
8433266 2138526
1971716 593505
8756277 8720276
5127785 6116600
7115053 8434369
9524642 7948985
5668816 8184951
5533457 3668554
5969342 5291470
1829425 3550921
5911957 3584792
8331022 6889894
4697522 9475628
4968270 695293
4087267 580508
2255418 2260958
7561779 1192017
4176304 70375
6191294 8262751
1738433 4389237
7216709 545505
1864597 5239308
3098337 3500459
2056584 8999685
2324654 1482392
1220859 6507471
9404128 835555
9912052 7106328
9795077 6332492
4671588 4612894
4838406 2177372
8281309 6527993
5775005 7881018
9327759 2493181
7520947 2415078
7223543 7544972
9855483 1903182
6906152 7680843
1296785 4363021
7197255 4995559
6730961 3537076
3076527 7441234
1915711 8402490
3688839 3705721
9905684 3406606
1593338 3428733
835156 9123511
4872303 1305161
4807401 221914
2153933 6729322
7388693 2895580
6264259 6156722
2731215 6415217
9904853 1677065
641926 4253917
1517298 5788243
7026548 1125869
8289853 3417523
5302239 7853975
1632082 9200216
1118624 5664882
2329643 3114212
8885229 4477473
2938893 6766130
4746865 2732018
4696569 8469
6259363 161868
7273554 2520988
6981843 5811128
6965698 5007885
4340019 5136188
6929791 9266511
1939222 4020345
3176516 1791222
7146017 9891659
7617437 5088637
3946198 5181004
1217210 4958135
558446 8502031
3398346 6964021
614852 3632946
9053958 1081981
9819239 9053188
5467559 2587052
1648322 471407
6245426 9387557
3002709 948860
9095242 3115493
1989815 3535298
7984743 1762904
8177578 2563523
7193453 9936606
5726216 6807386
403405 5154402
6935969 1538424
4433708 7596029
3149199 9316440
8437320 9748640
7832030 727643
1344714 4377160
5816411 1613036
8264331 6946545
3790635 7783470
2670098 8651586
9665696 9125583
8716968 8070034
3970480 9577910
8485184 902024
6838398 7377324
2045475 9936619
7718701 7734382
3488800 6992701
5348854 3049938
9910025 8095980
8699291 4606888
8180720 7635895
8957 2064007
8245378 3797834
9347868 9352359
410520 7669740
5349292 5011986
1819259 2053836
5638468 9260064
9991145 7019380
4293960 6094668
536671 6462886
586847 6978953
7610601 9475129
1891283 2518609
917355 3014347
4003209 2270169
6285992 7561275
1453346 1013415
7832978 7239362
4582826 6442980
3702621 757009
9574117 1854060
4620804 6926847
334 5778758
6727554 8314841
6655298 5709012
6941360 1913844
8594371 4826173
6884084 9158518
3417022 2781722
2160985 5227844
9728058 6013998
4383481 5701109
4387713 9809840
1691663 293590
8055253 7057378
3228593 8216194
9553683 6434888
8263711 2333769
7736647 737081
6334031 7575292
3944635 8941292
2741577 6062316
9041748 8911783
6600241 4559150
7922212 7811546
4908551 434485
9763649 5414820
4007604 5331512
7065810 9957381
5111524 6439482
8120077 7154653
7778095 1520175
6098322 8217100
3138352 7957702
979910 9173026
7213274 9785337
457338 3916543
7621865 1586567
5161524 9484533
4944855 1218769
2289783 9998807
1981711 1141728
1706633 2263596
8391359 6858554
3741672 9681498
4303178 3073982
299267 6581731
2386035 706320
843007 167647
2712691 367490
6262435 3299986
6117448 2678983
5839065 5944705
2806694 9853946
9660538 2528029
1692029 6308432
8852244 9508330
6554418 582368
5185592 1181530
8861862 2672453
5390367 7461695
7787239 915980
6939778 7990920
1311428 5943093
1654217 6706987
2222817 6961767
2687260 9295773
9555004 2668008
5908506 5232701
241617 4633904
2881588 4123181
6283593 457132
1587948 7275892
4781772 8291220
8636626 5741609
7533913 4061491
9384292 9023225
1970989 924326
4289654 6772676
1063350 136370
5815373 6538505
5068270 6474690
2268255 8628208
3515958 2370789
3571745 5459631
465930 5778503
3434920 8625877
7090589 5990387
59697 184050
9201658 7283561
4082102 6443115
2504698 8730626
2822879 4335741
1798195 2808714
1712105 7864835
2273108 3976939
3759438 897263
4226553 4720999
6870256 444820
5683906 1990076
136772 3588362
7374771 4768167
8614276 2459517
4179043 3533352
1952925 4820517
5917943 2490967
5540333 690667
6794345 7751003
9242678 6991986
9456550 2634808
792179 6098566
9385483 5886411
1908494 8743633
5858135 1524449
8880137 4848698
5523027 4291989
1010390 9972634
6105618 1575356
3993407 7477132
8722675 8877648
8494091 3382918
8470941 5121107
3857708 8089667
8690365 1357636
8247074 409723
5735686 126952
9353121 8477422
7927944 2728085
8131646 5410320
2443554 1661232
7656119 125381
8478878 9552559
1784397 8913888
4824031 4659794
5220895 2669865
9897291 924615
5113301 2061727
5334097 7584215
1313113 3658154
1122271 3172674
7037360 5214044
1723067 6774014
8889067 3375488
7855030 5918928
3939962 6192310
6197605 8408871
4419408 2975650
2271844 9377073
5057483 7057796
913762 7724069
1936876 9545698
6009695 8961785
6256381 7423007
154724 1266069
5832729 7542501
6605905 9994014
2647638 1651307
4516377 5413671
4571287 5461606
4211564 1875312
4499599 7157943
6419528 3222476
2010742 6206046
462593 2471877
2758992 565842
588958 8266051
9009456 5204901
9457313 7570549
7973943 9679452
9313854 7879054
7750376 8326387
6266084 4269578
2907614 8219373
349765 7847775
7478679 1578106
6643770 7651876
1268082 2666618
4313113 1574494
3838770 7457173
3338120 7452211
3583096 4390486
3926095 434276
140652 9400613
6524150 607856
1685699 6576906
1580545 9292307
783724 1258745
642558 2309977
1494221 3735324
2862901 2666293
2961419 2816906
9046875 2809184
4845144 3072080
8230257 6827580
7543959 2957381
4689171 3703259
9961713 3907815
6572124 6971497
4621846 2697567
6897680 9308069
2534162 5661531
2193700 9628097
5935207 6940740
3196249 1412353
5713911 2549358
9474758 5859466
8186453 8137894
7481024 8418702
4285894 5106926
3397874 9031245
7583069 5886843
8317162 8409319
2641948 2528265
4087706 4123078
1982110 5950806
3928992 4353438
69102 1539813
1464351 4548233
8541904 1588964
639402 8285294
8238844 9306449
7807637 1374150
2783469 500695
9774542 6425684
1535359 8201353
6461790 1519809
172035 1171493
7259877 1778942
7711672 1166283
7079570 4979000
3154535 1849482
7502133 3035767
711607 397777
2254292 7525055
6202481 8300665
8055043 8794288
7545835 3501807
1374270 7189768
8201180 942820
1290219 2621980
7761423 451111
5712160 8590895
6148867 796087
2901257 2874889
3768406 4405535
6044087 3446173
3511281 5678251
1713977 4191611
4907169 5714267
7276894 9239543
837748 7712973
2618368 4039836
5397753 152383
5511113 6412001
3289085 1093422
1343621 3204585
5466543 6714040
197044 5664647
6809168 5106701
1333074 2905
4273490 1085218
4312625 3211165
1801264 8173597
1458881 6914742
5278068 2613552
1168303 3498655
2043846 7816776
2791784 2757410
4679277 2647164
6901549 7152330
8390148 1152213
7938933 5866263
9622305 7521470
3488192 4087131
9712471 9000388
3765621 9220839
7959426 1880019
6983334 843661
3126935 1906458
6208405 3609984
7978412 7490976
822727 8114352
3049107 3628115
3321270 9331684
2000343 1715289
9241651 1563575
4861570 359672
2913951 5395242
1192531 7466945
1935738 9526059
9131800 4418434
3644558 3917498
5624540 1932766
8400461 1330779
5893545 6407305
5605189 3482215
7831191 1938047
7356923 1681811
1662013 1506988
1509434 2077346
4722142 43189
4832143 6609614
2827583 9160403
2353726 2396095
3470144 8062817
270147 8127228
9640914 4590958
5287178 5296927
594910 4641444
2367293 7554327
9393209 2294344
5377950 4562730
297043 4357948
5453943 3458018
7094736 1127676
7398033 4173743
4048200 2293323
9097100 7449438
2960321 9254329
8634240 9977381
7131780 1572158
7710089 3317980
8798359 315801
5921532 1273395
5522328 1764363
9799004 5822380
9590654 6307814
4981785 9076701
6320921 4088231
5953023 6088273
9679844 2675815
7192263 6543671
959986 1478157
7491434 9270012
8540601 3047124
4108697 6853809
8131197 2862272
1584189 4913855
7567415 7151517
9832562 4123329
7387769 1383723
7773928 4532836
3285747 3944879
9103552 5050330
1422412 4601228
2272993 4805212
9827368 7580975
6201764 2473020
5834995 4162998
7758606 7593594
8059258 4069037
2248259 3185511
4799242 6724764
1356200 1362462
7470207 7683417
2764384 1065342
3368843 2977049
3365498 7916901
2818847 3368557
6574940 903125
1201805 843601
542297 5120691
6515760 7010881
4331745 9650885
7436927 7860472
57121 1427893
689281 7035079
3454312 3606122
7596027 52416
3007228 2735514
9780945 2881930
9833875 168259
8680294 8690157
9569683 3641908
1641368 7780255
7886423 1632321
7381599 626025
2674024 5930293
3736426 3834409
6619788 3930047
9479462 9757672
4434220 2721160
454370 195241
9117002 6322866
5233127 8216356
3315738 3352763
5768838 8901230
1325672 3030883
9841164 8018454
5329529 7824939
8517958 6320612
4667692 3160797
8620485 2581572
900206 1996874
3590139 5840822
3328983 943512
3137421 9541703
2812895 7048891
4666664 9431343
4167400 3440981
7090117 9118619
8564553 250143
9406735 546608
8357262 857815
4851622 3069358
5239882 4471780
9703380 7387823
9236995 2720366
9906498 1547636
6702046 6782647
6936504 7809458
2473860 2277433
2374850 8604359
9312036 6569067
1829412 1114702
2681683 5609058
3824743 493298
8531460 5747394
4056644 3378318
2672929 6851289
1262279 31151
7384703 1880561
9200553 1627531
4401153 8498751
3394228 7673502
4820733 6087415
1257544 5349242
9979959 4705823
9903836 2926619
7029754 2753649
3762295 9487199
1409896 5683404
6621609 6493004
5480232 988899
7981892 6992877
5206567 6562683
8981831 5556642
4835569 7921613
9712021 8647069
316247 488248
2572953 9716436
2108297 9840142
1006528 1725963
2989354 3610447
7059460 5338372
5595792 3409863
3478926 3233195
9294174 542297
4139071 9839683
3286491 647714
2358613 229118
9985362 9296427
2276404 489396
2593341 9468643
4338940 8244253
4329057 423856
7650780 6409894
8476107 5982301
7105288 4477485
1141292 8175596
1229429 1408846
4790594 9413607
7285362 5485089
8997330 4046584
26710 3846758
9142629 4832438
7819530 9546859
2742979 3965298
3878286 1577500
9864765 5408082
3941529 3653725
2475517 2258936
5776605 2741884
4240044 3734721
7478003 3290535
9730090 1044324
2029868 1621468
9506613 5803181
884844 7254562
7465653 6820297
894313 7672656
6250829 1948030
6787728 8628405
3643519 9209557
135583 7473725
6495188 1893733
7508127 4910781
2158554 4014681
4695162 6716831
9459398 4360853
6332020 3492890
1479920 4123400
8875480 3797244
3629756 9300978
1166157 8846671
4009325 8694263
6628494 6648466
7283986 2655324
4616510 6309230
9081227 7413751
8619339 3932874
7850785 6391288
7463002 5845868
880304 9940239
2634077 7645179
1922389 8735873
4103972 4017014
9013440 9546922
2753620 423832
5330968 3510377
8114696 2101999
7385991 5416451
6139974 8297729
9947795 9419957
9901313 2587158
7261630 2559541
9655389 2169674
833271 7928392
6775490 9879371
8231558 9518359
6007227 3883513
4372481 8109540
2548466 5288704
9151056 5149959
4983087 5183726
6843407 8530202
5046394 5241401
3931516 4184307
9425694 1932840
766400 8814375
1894705 8047269
496242 8392178
2726982 3268518
4649625 6025771
3085280 80199
282193 1620799
4279695 3825883
7212128 2067563
3692113 8244330
6743341 2204159
6120850 7811056
8550948 6302982
4295929 5902679
6714286 658798
6022252 5852013
5136571 449562
3950029 6801924
3788661 3108027
3228142 795464
8366439 9793137
3851028 7343548
5519807 8407424
6304839 2623573
1378829 911489
2023746 8837008
2074976 8205558
3237624 1568522
7476757 2873356
6518547 4527217
9127595 802283
5646094 3189896
6721461 3252876
8373292 4247587
6732781 6603919
1022827 3430977
3502289 6241355
9476062 4011250
8389565 1628686
5121128 9853105
9907123 3247483
5102488 5149958
3599014 651966
1725345 8821704
6077337 8788099
7586961 2283038
5893708 1833181
2350417 7257245
5314896 2487358
4727978 7773276
3528858 2352895
5903758 7705861
6531598 7298229
8240083 4966531
4984400 6227487
4631758 1524401
8652955 1336906
2269151 3857810
7551287 6779771
2196942 7123904
8733282 6985001
3990326 4563886
9833679 1853051
5843052 7500244
9281957 2927755
4683342 40708
8603500 8261917
83044 1171180
3306892 8012676
4610089 4533167
6562536 5616078
8982506 9524039
8044132 3599119
5285700 7700494
4680015 1690184
945875 8980124
5190957 6079549
3748731 4618416
8199106 3451976
3887814 9467237
5087258 6047169
7877687 4097859
9319398 8792097
4187715 7897852
5832430 9923373
6656643 7949288
6731782 4063914
3887835 7681204
7346835 2639213
588654 1681537
1894286 4656970
8228542 2052394
1697923 4148905
2639466 8882707
7364873 6770631
8713267 3591816
3158041 1149984
7515979 913132
8920805 5086018
3036137 5369326
7940696 7644025
6263555 1454957
9713394 3730470
7770522 4727643
221833 8761107
7410731 4612685
2847152 3288591
1390316 934655
4529735 6474306
2105028 6951379
9455576 9503852
2314499 3704718
5245239 2218425
8692543 7007029
1638130 1886585
5192076 8420507
3380164 2380545
2755043 3226733
3085270 8703748
7997157 3951295
6827043 1918185
5564989 3509085
318308 929591
4677687 7533289
7821473 5259837
4650253 889945
6347521 194692
6233546 8877969
1875596 3305849
3571884 8467016
6048718 5066376
6786192 1822655
4749604 9091234
3423137 347469
6924540 7702586
5775676 4270947
1584634 5676856
7085291 190846
5479929 4706806
2015690 3662417
918898 5456742
3801637 2893410
2655600 6479183
4725713 605624
5703752 3973104
6079339 7674360
9880206 3661339
294341 7879515
26010 7212427
1015072 6913564
8703198 392744
4912336 7401773
4659539 3705137
7341820 2792463
8864510 204370
6120596 6276508
4131449 2283902
7934733 5771777
8770464 5345596
4374412 3461559
6302102 2237914
4866741 8263358
9631177 9774719
7119732 7532742
409113 45062
5147298 9964050
4957833 3111570
9932709 7051298
6153757 3905154
4161547 2976170
9170482 1763583
4309959 6985352
9780393 5812913
1112888 4121789
9447190 4086747
2422192 7541483
2275599 8339813
7729886 6835368
8514431 2169595
5145122 9556009
2934996 5178966
8403032 6322957
7804093 7465896
1878770 7246712
1015964 9649295
410551 4455791
652658 9203907
6057204 141966
8952094 1356300
2659451 1574127
6640693 7910734
8413185 1002451
2592030 9631392
4820837 9329480
7855600 8635645
5799432 2097277
9726063 6681350
8532145 6547893
500233 316343
4196691 7996264
8915705 3825750
3641081 5368756
162608 3309559
639506 9435056
269845 2246905
4917315 4383335
5802064 1070644
5594321 6708817
3135064 9208339
551095 7971431
953960 2427362
5535674 9086864
2925650 8112010
8397404 8723877
8738225 6024447
7399971 4312336
9013331 6845459
6329957 9350334
5538636 198556
4661668 3486146
9752651 5517542
9819135 23724
1488156 7280028
2948778 871063
2242067 4559686
6177684 3907289
1283935 8656821
4523858 3063551
1245093 6280909
5058246 596464
9094872 3373760
3679655 1554694
5541460 5562284
4454931 759090
9301518 3512714
999980 1691457
639438 5289000
7978648 8955076
2672549 6575293
8196158 8575066
3458116 2346088
4698437 3656212
1450923 5443778
7255283 9382541
5501878 1327944
9986310 6094325
159617 7662081
1339895 38461
9539999 2591216
5223536 8848302
1120695 8066836
1482266 2284903
1146789 9678765
6966057 2467332
2153309 9647394
6848605 8420398
9393620 1452723
3565401 8134322
3924546 4730384
9349577 1130822
7501823 6122355
6715541 4599283
5000513 2429695
8840498 3625929
24570 5240640
2144495 9242236
3448070 545021
7230744 9747637
1038125 4704518
653700 6663542
883212 1073408
4092490 8521209
86600 793927
9314082 375437
9119471 5189669
9316653 1170560
6617117 9576285
4899945 9371977
1745678 9946802
7843812 7564052
8613507 7357954
7477411 5088836
6640512 8526207
9938949 5996679
7594089 81522
4514932 1041127
1143743 6476999
2271926 7215559
5217061 4674413
7743667 7027114
1752105 3916964
7332266 5275479
5325493 967705
3318178 5336540
6651159 9072595
6292806 5178999
1324146 3805943
33148 9645371
5486165 8317582
6978081 3502694
1020152 6628000
5116137 8971389
8085429 3111733
757910 8588849
6462728 9818841
706742 3263619
1917664 4769555
8552267 2165629
2612735 8256325
3013761 7636315
7337757 1900776
3977998 6507766
5494801 8219344
4787794 8517073
7728558 3465815
7076663 3373127
2447441 1424174
8485548 4508131
8242208 8370925
4193239 9928960
2790511 8921563
4256752 9986283
3542243 8292643
5186979 1371500
8781107 3255808
3636614 9201666
8071913 7684888
771998 1554443
6664867 5706196
7459855 6667488
2313222 1758
6237848 6640627
7342858 615234
2315136 8889164
8916088 2280321
6090696 8277575
9149415 7862550
7123169 1863059
3042092 4152788
3338745 9993121
8892046 6680544
476522 5120858
3971264 5938451
8614549 5203342
3649187 6782002
4180375 9617713
471276 7004051
9959092 2653038
3462546 8401075
3956629 3683034
5239042 7979383
747116 2685476
1920906 7248098
1803684 7461720
5721525 1091878
222845 7643837
3442515 8010793
7779382 9989983
9838351 1389094
2734411 2917252
6429203 3624869
6193218 5214077
618420 9433227
3877010 7591237
9664840 8057607
3382562 4528917
7666549 497208
8766339 1225913
6601301 7468202
1898571 9278048
5099652 1868789
8305898 5849388
4558214 750678
794831 9180851
3482447 6054710
3779101 386848
9895368 7324168
7179831 2430412
2085825 3524778
1431163 606592
3844435 3674012
3036399 6316431
2703126 9960035
9133151 2541952
3243660 7592659
7631031 3001588
1858854 7051846
5867158 9425861
7015266 1633010
5597697 6855778
8484094 4583865
5142585 7125202
1046454 4897475
9471000 6137560
2600880 9058283
2657755 2444402
1993607 9477773
4583003 3590380
6623572 432568
6861899 254932
7666621 2026083
1453071 4608296
362704 8467679
9431194 3798025
3740370 2623985
4703205 6977331
240814 9240532
2657382 5978809
9196517 671810
6508371 2199130
2415331 4361082
5414684 3651639
1077357 9568822
2815915 3417448
5558938 6084509
820014 2735541
2076528 9732906
8363894 3347213
6658519 5549756
5783082 3655371
4587642 3260328
1713077 5027346
9931601 2479506
1351883 8408806
1769346 415749
167950 1033582
4703192 4445213
6066097 4786612
4068578 4964773
1282723 3188057
4101645 9775310
146098 882070
6719807 580738
2383885 4580334
9221999 712661
9428195 7084120
3765508 8339054
7639494 4746968
9790197 2613278
9093266 5664515
2595297 4629888
1549140 7663187
8820959 7527826
8295550 3954417
1303412 7003995
4288619 6118446
7514724 6990206
8301091 1671123
6957516 6574857
5786403 4488971
9605280 4777849
6175043 2670475
9278618 5773338
4635659 1858634
8829757 9378141
1579461 5729632
4096646 8300735
9293203 7972157
7632935 5155560
5663638 2851463
3575868 9514109
3225941 1429281
3701221 6660960
6248295 9543215
2177543 2202728
2743095 4196102
7423391 8992625
3611628 6436073
6498665 8411610
7685547 8344868
2890334 1563385
9611390 1340897
9733771 5765417
7752876 4484748
6820208 6281545
514183 3957389
8100702 4449055
5269686 1069641
2383931 9709729
1378619 2682616
3910106 2664825
1975491 5184853
5309519 698334
4755580 8929820
9629029 579222
1105975 6674010
3976523 1156622
9685476 4557806
1512967 3357665
3089468 8208587
4116513 8675306
6488736 865721
5622670 7614163
2065901 7783379
9634681 7290387
5575999 1769786
4189683 6957695
1116213 2475087
4808872 6351007
3316181 6317305
9865430 6917637
7916080 6058493
8613604 673601
4407236 5559159
8414597 9471980
4111557 1395310
6128312 1381305
2287219 2661693
4848831 9114377
5071908 6625884
1313854 5899248
2837485 6793862
8348912 5087585
7196798 5723248
8048624 542228
7289923 8899219
9023875 4462989
335437 4433202
7932706 8230651
4354400 7860250
5856097 6943954
4370382 6007139
7018062 4628793
7221439 685791
8158396 2174270
5604018 5278634
8580515 5637986
4105995 4587149
4654406 2597863
3092266 4237129
1439687 8374349
9902468 8039200
1679180 3439117
2404788 3544075
8853764 1392790
1783201 4215266
3062315 4046500
3120406 7834584
1778548 3712779
4376865 2634732
6306974 9941896
5380942 2319004
7149897 4766394
5890301 7819678
821909 2898872
7936311 6716569
2405627 4928441
7004709 9290235
1970674 512938
8243608 9177626
9010729 9196769
2082721 2824541
9108814 4023660
5191480 5778360
3572867 7339675
5013947 8812388
6518620 5744420
1079230 780374
8960669 985593
8812759 7121771
5657691 88390
8061371 5199605
9906123 4235441
2786095 5383579
5621304 5915667
502644 4231194
1872332 1793643
3150903 4147808
6974216 8201656
3359582 3778070
8376119 1169948
1083345 3641230
6201393 7105007
707878 4795724
297640 8109321
6428939 8642868
6690456 8387800
1967580 3613878
7214181 8656773
2445123 1157698
4376571 2992462
9337947 3162360
2102521 4181603
9115223 3553035
3115850 1399636
9603546 4202126
2035982 727757
2641937 898321
3083011 9862150
3196166 4193563
3586137 3361065
5533168 8328694
6971855 1448459
9305293 6814561
6728672 3205288
3255039 5127148
8523480 9438224
9962041 3665742
6326125 8816894
9135781 2021786
1995562 6474306
4387239 7521773
5888708 2001267
9172487 1897502
7942058 800497
8135354 6592823
765273 8348057
7657578 4451333
7661307 619201
1413386 3192377
4133113 2006127
7489971 9164658
5960599 6329804
9394982 4465351
5155394 5953720
2646740 4832751
7240839 7069022
1413041 3205637
1176051 4642022
1639326 8453198
3726609 3673502
5797435 1570396
8584330 7840208
9958335 6255897
7804035 2441044
9476399 7029932
8396308 967093
8370492 2878445
6659072 5768109
1524027 1610970
3479554 2447380
8026369 6697941
7907826 5470405
3513079 5138440
2292589 2587315
3642363 2077997
5444716 8986028
9966182 7151961
6697277 9556882
5549089 6244193
9403892 7702800
8826354 7644435
2521357 5076425
981819 960268
2914770 1762650
989498 9976740
289204 7076572
5714487 8634753
7961915 4241442
4887628 5658716
2219333 3958591
755338 9094948
5604366 9321124
1832832 9285151
4056284 5507891
7952279 1727353
9183889 2359524
8713443 148676
9235620 8423818
3935648 7623278
3410763 8389246
6747353 5372446
6836183 8923321
9616254 3068454
19958 9765440
1440849 7238566
2371218 9444110
5481894 3829661
1230973 7108590
7106445 9660923
4622763 8172222
9137748 6597318
1083383 4063241
790772 2504799
1884343 6109571
2853652 8806891
251653 6113471
727468 1124914
4564874 2785727
5137024 9832034
822676 8757690
344732 5294835
3210408 9871647
6976806 678249
8461545 3002474
248612 63387
3257126 9275201
7960386 3838468
9132631 254014
1638435 832178
7291328 8395169
5696426 826387
5205864 4528505
7052220 472457
7087828 8095280
5194975 9141503
2486625 5574135
4714988 9959820
4138384 7812734
4243928 5655019
7871685 7816866
3696283 5485683
5256765 217664
2151227 1912591
9340846 379602
973440 5822935
4090742 7402078
746672 6058783
1089147 3144754
6687279 67462
7615503 9682721
1349440 1197044
1256419 9276142
7167199 1325837
3629006 7199868
8443540 4876400
3536248 9151344
6858855 3084893
1683283 5776674
6577428 2553764
2456324 2202988
1815645 9656129
8835511 5549832
5371575 3275893
5026234 4193261
7174838 2894801
1960013 9081078
7646451 7160278
9521939 3088658
3814466 9117524
2102754 7539534
4496893 722153
4176563 7866352
1962323 8548882
4561809 6434540
3399776 4663101
250258 9245387
9325305 8110448
3798098 9007869
2755483 7749930
8587878 411057
8781259 1884613
9919411 36439
8283408 243362
6768679 6855585
9219866 1715830
9975791 9395540
6164446 3560730
1459657 3481272
7473655 8126665
2637021 8766745
5987854 951737
9795787 4167671
6064057 175995
2035810 9806652
2386986 6357168
5370800 4743921
1369227 9621357
7729316 3923120
1358339 936871
8542327 4440213
4930643 2304851
7562222 8272826
4942669 8376655
6691816 4405665
1074596 799003
6425063 9562951
1033043 3794590
6563606 838330
5393619 9425825
7772937 1319972
571108 8295743
9982717 5965714
2397794 2495462
9697540 1687391
7076547 9798956
2988978 2854987
9895043 1856643
7851960 8883828
384914 2621537
8921491 1805159
2072015 7659524
9536547 8172963
7633246 2686068
6469488 9362167
3770571 22535
2318672 9607962
73885 9505949
6790230 3758341
4206473 4523338
2754156 4076145
8013611 6140196
4849563 9312829
2769929 9635967
7897548 3303891
3745886 9421713
9813711 1138236
2249158 2189797
8242599 1242905
3582105 5218861
8666806 6883957
1436843 7210003
6869061 3552070
7874609 4041959
5884875 6020209
7942573 1561237
8763350 3160196
1676831 1219271
400721 4356072
2415212 6973260
8515975 7880583
5742138 2513544
8543899 3121331
3126813 2747984
6599455 1908947
2984613 386830
1215721 2726037
20109 5175555
6414776 7164538
3988486 9717623
9569698 8447582
8358934 9827068
8418939 3504320
4338955 3565755
216584 1986125
3096824 9983897
6422294 3809485
4817159 2303793
4312074 4060326
4032575 6837143
1415536 8944979
2120294 5497210
2980697 2050979
5650318 1377931
1643115 1836973
1797149 4875028
5071961 4810373
2193204 9691450
7012559 7162643
8890838 7456057
5980408 953781
7807597 8318174
6633565 4258930
804760 772467
7863957 3810809
2581047 7392074
8429805 4502350
430811 6810974
9997925 5315447
8755995 7577799
8511707 6457828
6458412 2884657
4546254 7977084
8609441 514578
2051652 6909632
8541496 2517120
7224411 9833474
2735030 5908708
8800215 4493546
4305195 4650152
723880 7523058
344779 7647185
558735 6311801
1869429 3166552
4297344 116500
1078425 9249835
7472616 6005009
6714658 2036540
3037586 9274987
4283137 3487322
3414701 6104959
8088037 1168849
294005 2666460
5465823 9423846
3974599 9364547
4864876 18632
2870985 1813635
9454625 3699332
5808939 1552484
6624826 7937066
502573 5226077
5523404 1139284
6021379 6367706
3248848 8427684
396927 1383898
6833640 3669086
385514 5354644
317914 9484177
5083444 4892660
8635637 5946664
793373 4279564
1138366 1165691
8165752 2246103
1541902 6341281
5378079 1927806
7659947 8123626
7875087 203121
4098015 3404128
9904089 1989598
3716992 1843509
5239392 9246028
9449506 5393126
1832421 8367454
6186394 58493
7689432 6791149
947710 6407469
548627 2924541
211325 2069115
4938995 4562318
8604450 1962314
7720130 9732580
2985905 3153275
892865 7542093
6656828 102957
4743985 1893353
6312665 6476453
976576 5899646
9639239 8854427
1619457 5747189
3075164 4614151
412913 700068
7583277 2697496
623543 5717188
1498737 9393215
3571061 5437510
6176370 4803924
8852018 4828274
9323803 7512630
1925448 380474
7424249 2948847
6197634 8201444
464873 2087598
99915 4077249
2504985 4943624
8081806 9340805
7256898 3175484
8063653 2945512
9375099 2219417
3875602 6085252
5063660 1108627
8896984 8129336
6691846 9878817
693466 4432375
915018 4587435
2724543 3533874
9935315 4545967
4286577 58966
9036600 4072085
4965361 7120092
4650374 1484412
7293298 4751977
5574152 2248075
4467648 9886998
9982251 4368054
6636610 415215
992680 4871271
6203703 7772448
1128618 8518356
2180379 5799568
3743736 9029788
8044293 9571577
3538268 5124796
5702936 137006
