20
20 2
1 2 8 3 4 9 11 16 5 7 12 18 13 14 15 17 20 10 6 19
20 32
1 9 2 12 6 13 14 16 19 8 15 10 17 18 11 4 3 7 20 5
13 6
1 2 13 12 4 11 10 7 5 6 8 3 9
18 13
1 8 7 18 6 10 16 17 3 5 11 4 13 2 9 15 14 12
10 3
1 3 5 2 6 9 4 8 10 7
10 15
1 8 5 9 6 2 10 4 7 3
10 7
1 4 8 6 2 7 3 10 9 5
17 7
1 3 2 9 15 16 13 6 10 7 5 14 11 4 12 17 8
10 7
1 4 2 6 10 3 9 7 5 8
5 6
1 3 2 5 4
10 19
1 5 7 9 6 3 8 10 4 2
20 4
1 9 11 3 2 12 14 13 20 18 17 16 15 7 19 5 8 6 4 10
20 5
1 3 2 5 4 20 17 19 13 10 15 14 16 8 7 12 9 6 18 11
20 16
1 2 13 16 11 20 19 6 12 7 15 4 5 17 3 8 10 14 9 18
14 14
1 6 13 5 3 2 12 7 4 9 8 14 11 10
10 16
1 8 9 7 2 10 6 4 3 5
17 8
1 3 12 15 8 2 7 14 9 13 16 4 6 11 10 17 5
20 1
1 2 3 4 5 6 7 8 9 10 11 12 13 14 15 16 17 18 19 20
20 8
1 2 10 9 6 17 15 5 12 14 3 4 16 8 7 18 19 11 13 20
20 4
1 5 3 2 4 17 16 9 6 13 20 18 15 11 8 7 19 12 14 10
