300
0 -1000000
0 1000000
500 -999800
500 999800
1000 -999600
1000 999600
1500 -999400
1500 999400
2000 -999200
2000 999200
2500 -999000
2500 999000
3000 -998800
3000 998800
3500 -998600
3500 998600
4000 -998400
4000 998400
4500 -998200
4500 998200
5000 -998000
5000 998000
5500 -997800
5500 997800
6000 -997600
6000 997600
6500 -997400
6500 997400
7000 -997200
7000 997200
7500 -997000
7500 997000
8000 -996800
8000 996800
8500 -996600
8500 996600
9000 -996400
9000 996400
9500 -996200
9500 996200
10000 -996000
10000 996000
10500 -995800
10500 995800
11000 -995600
11000 995600
11500 -995400
11500 995400
12000 -995200
12000 995200
12500 -995000
12500 995000
13000 -994800
13000 994800
13500 -994600
13500 994600
14000 -994400
14000 994400
14500 -994200
14500 994200
15000 -994000
15000 994000
15500 -993800
15500 993800
16000 -993600
16000 993600
16500 -993400
16500 993400
17000 -993200
17000 993200
17500 -993000
17500 993000
18000 -992800
18000 992800
18500 -992600
18500 992600
19000 -992400
19000 992400
19500 -992200
19500 992200
20000 -992000
20000 992000
20500 -991800
20500 991800
21000 -991600
21000 991600
21500 -991400
21500 991400
22000 -991200
22000 991200
22500 -991000
22500 991000
23000 -990800
23000 990800
23500 -990600
23500 990600
24000 -990400
24000 990400
24500 -990200
24500 990200
25000 -990000
25000 990000
25500 -989800
25500 989800
26000 -989600
26000 989600
26500 -989400
26500 989400
27000 -989200
27000 989200
27500 -989000
27500 989000
28000 -988800
28000 988800
28500 -988600
28500 988600
29000 -988400
29000 988400
29500 -988200
29500 988200
30000 -988000
30000 988000
30500 -987800
30500 987800
31000 -987600
31000 987600
31500 -987400
31500 987400
32000 -987200
32000 987200
32500 -987000
32500 987000
33000 -986800
33000 986800
33500 -986600
33500 986600
34000 -986400
34000 986400
34500 -986200
34500 986200
35000 -986000
35000 986000
35500 -985800
35500 985800
36000 -985600
36000 985600
36500 -985400
36500 985400
37000 -985200
37000 985200
37500 -985000
37500 985000
38000 -984800
38000 984800
38500 -984600
38500 984600
39000 -984400
39000 984400
39500 -984200
39500 984200
40000 -984000
40000 984000
40500 -983800
40500 983800
41000 -983600
41000 983600
41500 -983400
41500 983400
42000 -983200
42000 983200
42500 -983000
42500 983000
43000 -982800
43000 982800
43500 -982600
43500 982600
44000 -982400
44000 982400
44500 -982200
44500 982200
45000 -982000
45000 982000
45500 -981800
45500 981800
46000 -981600
46000 981600
46500 -981400
46500 981400
47000 -981200
47000 981200
47500 -981000
47500 981000
48000 -980800
48000 980800
48500 -980600
48500 980600
49000 -980400
49000 980400
49500 -980200
49500 980200
50000 -980000
50000 980000
50500 -979800
50500 979800
51000 -979600
51000 979600
51500 -979400
51500 979400
52000 -979200
52000 979200
52500 -979000
52500 979000
53000 -978800
53000 978800
53500 -978600
53500 978600
54000 -978400
54000 978400
54500 -978200
54500 978200
55000 -978000
55000 978000
55500 -977800
55500 977800
56000 -977600
56000 977600
56500 -977400
56500 977400
57000 -977200
57000 977200
57500 -977000
57500 977000
58000 -976800
58000 976800
58500 -976600
58500 976600
59000 -976400
59000 976400
59500 -976200
59500 976200
60000 -976000
60000 976000
60500 -975800
60500 975800
61000 -975600
61000 975600
61500 -975400
61500 975400
62000 -975200
62000 975200
62500 -975000
62500 975000
63000 -974800
63000 974800
63500 -974600
63500 974600
64000 -974400
64000 974400
64500 -974200
64500 974200
65000 -974000
65000 974000
65500 -973800
65500 973800
66000 -973600
66000 973600
66500 -973400
66500 973400
67000 -973200
67000 973200
67500 -973000
67500 973000
68000 -972800
68000 972800
68500 -972600
68500 972600
69000 -972400
69000 972400
69500 -972200
69500 972200
70000 -972000
70000 972000
70500 -971800
70500 971800
71000 -971600
71000 971600
71500 -971400
71500 971400
72000 -971200
72000 971200
72500 -971000
72500 971000
73000 -970800
73000 970800
73500 -970600
73500 970600
74000 -970400
74000 970400
74500 -970200
74500 970200
