150
-818561 426839
-719417 447116
608868 -901078
613266 -746825
349961 647033
210003 618245
399365 -192285
-985919 773793
42534 601788
916594 838833
593524 -959504
-199210 689800
627774 -597746
673171 170180
227902 380108
818146 876833
483389 -216442
-946662 766834
397517 -247928
851576 -716918
605839 -883789
-657364 599840
399749 -311846
-417538 212228
828671 -894860
-655382 726438
639736 196822
-465653 295736
-135116 -275356
-132443 -678091
758232 -901719
458644 -805477
-262870 396848
939686 -608282
-914184 521529
-549630 141002
492598 354665
-964772 -389232
-914393 -854097
383093 635625
-983584 931375
785359 -697034
363736 312076
497579 -448191
517424 -313107
-789851 801960
-594439 757397
-939621 213009
825323 -612173
-445571 -147322
659135 -557588
103791 459835
-670140 317415
938064 722366
487280 401155
817498 -259688
719899 -142899
-357048 -853071
63895 -568853
764516 -998281
438980 -228500
685610 -918216
-495281 -974915
-122760 777350
-492624 669184
-692650 549097
935926 -750583
-500656 788755
174004 449857
853373 -526855
-610279 -286971
65492 579607
-551088 391876
-543749 323113
-562910 -165878
-618222 931591
150137 -961093
-233615 -671821
710092 -886067
985267 787912
477066 -358630
794306 640288
989163 -294586
896429 -615066
-143805 -329911
118487 -200992
-705811 653937
-519171 537809
178785 805990
357212 960028
325130 891020
-249551 228088
-991051 194661
180035 -731665
-412682 326393
866176 524744
-241965 864192
746519 202693
710976 -569499
-952819 839395
458932 244423
971736 784341
498050 392644
594119 893491
-950021 803270
-554124 657515
174934 892711
-311542 210099
-237716 -438749
592277 -463622
598311 318485
-659873 -308571
-990864 590764
-399001 -177927
886063 -895132
-569186 -887030
882507 -415428
5908 321252
-891081 500715
-996552 -666530
160444 461581
-243848 -664126
-143269 -569404
870933 -473508
-917345 -745152
635070 175760
-723490 -834183
56193 801263
684386 -727878
-940687 -881445
44737 892092
3336 243434
-566675 -193543
-751962 -537006
-428000 189159
-776896 -895933
937982 -209494
839637 996581
191641 -374157
617861 -532181
-402202 180875
-525045 847941
-909373 -887344
318146 229914
-64783 -620327
-932442 -811805
-5648 378438
-42680 707810
908241 866383
155745 -970192
