36
-22398 -364856
820357 693973
454575 -296266
-11809 256818
-555403 -465840
612748 530384
-637046 -301835
-827820 259705
107503 -493460
-335999 889628
457212 -233912
151557 596360
-838340 -145826
-54429 232231
986184 -98399
-936178 167701
236047 -284891
-547307 610183
826989 -844952
-329653 537099
-511595 -317705
339096 117572
62939 -750364
484612 441447
-288352 -521631
494314 869610
-706555 -27553
603625 370950
612061 -639544
75079 832613
744240 -155034
-109737 868093
-987628 -275978
971338 899017
691940 -427014
683579 821716
