150
-532698 -705266
181608 55723
103634 -759004
-603930 887402
68696 -454996
-154705 907580
-43938 -973572
-120545 774823
-226420 -233228
239921 346564
247760 -517664
414006 52051
453889 -974625
752608 704502
911080 -637859
-282303 54352
886168 -397316
135176 439468
-760608 -74722
-59322 819368
-229584 -172732
-75399 187551
543123 -911928
-543888 211024
612963 -807819
730535 847217
-343092 -755092
65199 66693
259289 -847365
-787788 296503
483608 -251217
67257 503627
374427 -370647
67481 327926
563434 -270216
489284 844399
-455772 -892101
470165 241250
550755 -604343
41173 299295
739520 -955360
-341816 367647
-432804 -576047
635993 312685
-921381 -918737
299167 311535
101144 -441800
-662462 92634
646064 -764284
-54896 995533
43358 -904684
796570 803504
827702 -715475
502688 637933
-137853 -531913
-348832 732697
832906 -908501
-356017 697211
191201 -215405
-382434 271433
-455951 -928209
812340 194508
-15994 -63678
-412624 708359
870757 -738136
-952015 388399
-334340 -967192
172407 820929
-645015 -680710
-740497 505054
-333765 -208325
-498789 543921
241811 -163474
-474317 985478
270493 -69420
-36816 143783
151083 -635505
241950 329996
-756183 -389605
740960 437008
-125523 -561550
-288316 640331
-591229 -811517
-986741 685215
-954554 -949949
276161 870491
677878 -980224
-53002 128765
284715 -50423
76697 664538
-143923 -823407
-730316 633434
987619 -182259
689493 275108
-478995 -665214
123166 460261
-71703 -582590
200648 583518
381454 -253745
-461667 229175
158961 -603950
496067 193665
809319 -259374
-297562 169811
-66873 -148717
-715841 564453
-342362 -948132
574504 192981
-252435 -865286
-546095 694357
-702441 -338951
455453 413671
210670 -693162
-975453 119094
760707 -476487
90674 927947
636795 -207873
189336 830381
-993561 -858886
-468498 625795
271946 -745344
-871264 968518
70398 -561171
367240 808839
-448395 -771622
995584 283572
-392397 -696279
989496 719162
-63845 -745992
708622 313301
678496 -61485
73990 681423
-295646 -357445
-493922 984310
194091 -257180
-431222 66756
406669 -547543
-517159 122404
659046 -109927
348106 978334
-276651 -680473
606769 214955
-152464 -93257
253824 266593
-246268 -541928
-118264 308937
666587 -254837
516461 581248
-847675 -609706
-149441 275393
