300
721132 -702
887172 -655679
-611696 418023
817000 -686472
967220 -230274
-920430 -266571
-330427 -862077
-210109 -687442
764498 386093
-882948 13892
-634821 -69292
-368221 -549079
325048 80895
-754306 -828685
791087 195583
649273 893066
-654640 -744214
364191 522374
947764 -47020
440742 411959
275993 174665
-611077 -556205
800281 138745
97441 250487
80973 362520
-813009 -477099
-206309 757350
658095 -363592
766475 70420
645882 999407
906686 -582130
-251188 740651
567196 -919966
753807 -469645
-380023 -836981
932836 -778923
158263 -156752
409382 478866
-205426 712124
-935479 988809
896615 701214
544446 98774
207514 -308133
-607515 -535537
-492722 -331194
-755589 892687
32387 387571
14020 -145119
-83553 519631
36987 -350738
233976 224971
183071 75621
-932123 -816004
333014 69960
-138660 246083
-557829 539517
-328079 946318
-382671 418127
723687 504321
-196172 -88446
-602071 -575726
68265 124465
523125 719680
-983650 -802692
606326 208148
430247 -971583
847709 -608067
-430107 650383
-271550 -545720
150660 -803786
403160 -772392
656400 -818884
-835287 -860781
-415003 21234
-335485 747252
578433 -504306
213752 -994800
893395 -884836
-483773 -825676
799951 -272737
-197776 542216
547217 -710232
701612 472832
474887 -43276
851849 -25792
-639212 245238
-224546 547300
899810 851591
-433387 -889593
-574546 -83397
-669518 138050
-855013 -109750
-888759 627919
554706 399224
531924 177518
-542943 637282
726623 -692604
-437641 799629
445930 -292050
-716029 -299152
158149 887334
205481 -540483
126045 808047
758272 152039
867392 201897
58928 577989
204094 -683808
-195275 -474234
666767 444434
964859 -94338
319921 -309242
-862861 -870149
-54953 247158
757459 -216381
-412694 -640091
-141588 -127625
972510 -500643
-895778 949744
-427821 -441092
-207439 812673
-200790 -304244
417880 173054
926249 -683879
-293256 -800951
781303 -881693
-796537 283773
-209500 -469690
387744 -142988
-118546 -95034
775187 544528
-555806 438910
-86436 664224
177110 -744365
-601582 443113
715551 -684447
122941 -407842
-591098 786054
-26375 999201
-292940 -870567
521504 -877617
-66200 -157356
-288845 827865
-187825 400378
-766369 244744
558498 774476
573855 -56958
-40774 -744190
-511106 -141022
-521535 207119
-233898 -882585
-280479 819959
690488 -235836
153451 326915
603246 398178
925413 9339
-276279 -747573
-461381 309190
308574 -135351
-413012 -192171
-950107 -174491
-756591 -899648
-337309 545550
-224229 -453931
967535 -616150
-456960 342400
965641 765557
481756 -369347
690119 684322
-183004 -762564
334224 559491
-50886 -874690
-579558 -564076
887432 -940176
475117 -267846
784761 306853
-685632 -87339
945917 -616527
-587443 -88229
-234273 -643849
-709818 695550
16814 733463
-823359 491425
730268 -755721
2643 -339009
-788038 -67094
307116 -657056
-240054 -95486
394821 -802879
840685 61675
-603340 28254
164860 -981697
-114770 21660
763990 834453
799953 571963
973720 561087
-73954 825135
-7056 -925804
-84209 247726
168529 -757165
-670918 -332244
-907683 648678
-770433 327351
443171 -374865
-59236 806583
885116 -182562
-735222 686330
-210481 180530
931353 -407341
-330183 981331
475363 747092
-297683 -343449
872202 -378686
-682260 642036
936826 -130944
9953 -5308
579665 370703
-547939 554257
-349199 47611
917874 -778536
238101 -74279
445380 -667677
416421 -255729
477548 64094
-409610 -561992
-28604 237072
-603035 -565351
-266703 -916466
705688 -922768
775584 168851
145620 104597
955389 531261
-631790 -444159
804771 -44171
120946 967999
386505 -955775
-578236 108033
-852953 967773
-502003 -664506
-232011 718879
223229 -768401
-301222 -952449
884842 740355
-862399 86547
-196698 607594
442930 903342
-661952 575213
-176472 -651661
929395 833306
-897309 -607305
682425 115680
223278 638353
427605 -944690
-532755 -211341
20989 -81471
360545 889407
-266906 166076
-210494 313722
158200 -742348
257065 598385
915675 -807594
44096 562393
-690464 666756
929830 394543
-2437 -993629
173573 -656048
548547 -421047
-327950 -680420
163622 -344650
621085 -232890
-735604 -21048
179407 -272299
325572 279607
-942207 522332
313806 266553
-156142 759402
-764158 -775260
-933495 -318394
687101 840141
366740 -158262
-563364 11007
-321840 981872
774391 -428258
935385 699732
777478 -137225
-582071 572977
-750116 -106777
840962 -438655
383546 -241027
223355 768730
404120 858181
956110 -132122
-781435 -135584
786283 -655418
-826261 5899
-625308 176497
503153 -257037
-728777 740744
-165894 370034
517462 -544385
-115686 18651
