20
7 9 -10 7
-6 -8 -3 -9
9 2 -6 4
-9 9 0 -1
-10 3 3 -6
9 -10 -2 8
-2 5 0 -5
-6 9 0 -2
2 -8 -4 10
-1 10 6 -3
-10 10 5 10
3 5 0 -6
0 -3 -3 -9
3 -8 -7 0
6 -2 -3 -4
-7 2 -7 0
0 4 6 7
-9 0 3 -8
8 0 -2 4
1 3 -2 3
115
1
2
3
4
5
6
7
8
9
10
11
12
13
14
15
16
17
18
19
20
10
81
78
45
65
68
54
95
12
89
94
21
85
31
11
28
13
18
50
69
63
25
19
73
22
33
53
83
86
84
15
23
17
36
9
16
76
92
32
88
46
80
7
20
42
66
6
90
34
79
40
64
29
74
56
5
82
77
57
30
41
52
27
39
55
1
70
26
91
75
93
24
37
35
67
60
87
4
47
61
44
43
58
2
49
62
59
71
3
8
38
48
14
51
72
