500
152 -763 -433 -339
-542 956 990 277
-694 -742 689 869
801 -384 111 -115
-405 -935 205 -968
-532 280 649 -646
-891 -355 -236 -824
-186 696 272 -11
-695 274 813 186
950 -360 -187 -962
-726 -825 -652 576
-874 -694 101 -139
-204 -793 -265 728
514 -510 214 118
-241 971 -994 675
925 35 -839 390
344 876 -773 817
-58 -354 286 989
791 -885 -285 -398
-203 174 258 -736
634 -631 -664 23
470 -601 -433 261
249 -247 -506 -965
-335 -224 946 830
675 -388 -655 476
21 107 -538 -539
-695 -599 159 893
-988 141 -99 341
817 -566 543 930
872 127 248 680
144 355 -287 373
727 200 -808 -81
-415 131 -684 694
-394 -80 -491 -404
-533 -879 38 -939
812 -147 863 271
52 -955 787 222
-914 991 439 598
513 162 -846 -90
-382 -337 530 198
-995 95 -527 853
255 -224 817 -128
380 -996 510 -727
-263 -362 -769 562
391 565 -338 -511
330 -621 659 -417
-940 -466 -987 -465
-778 -153 530 -446
215 -90 80 264
876 74 661 -815
-418 240 338 107
-476 343 -909 -821
318 59 -934 -259
123 -316 352 592
784 -128 840 -880
337 -842 249 -910
-312 -507 -347 688
-637 -232 -163 734
-998 914 -333 -868
577 -528 -730 -445
67 -466 677 799
998 697 901 436
-799 -58 762 833
-678 -157 825 -615
-554 -988 952 989
809 90 170 -561
-369 -486 810 -667
319 -141 979 183
587 -795 -324 85
-482 -113 58 -215
341 -59 587 574
-17 614 -920 377
841 701 -30 -340
517 184 827 -831
178 -136 327 636
313 -999 -87 305
321 4 999 -188
397 227 -207 -142
265 536 678 -727
601 334 79 875
-405 -196 149 102
746 429 -196 -352
-658 -548 -862 207
-336 -500 188 -303
215 -351 -626 586
-361 850 824 835
410 -438 670 140
-88 -807 -694 -117
-618 -222 -125 989
-818 -690 -455 -259
-232 994 346 -614
-605 651 959 990
-843 -343 609 -673
549 -916 982 -262
-598 -179 -943 536
-789 503 694 -278
-839 -687 506 626
-844 -510 -604 -601
198 -704 599 -655
199 -342 -325 -689
742 467 45 -377
571 -180 937 769
95 -834 997 -245
-980 -214 -36 -654
453 -257 -591 -213
999 461 -9 83
884 247 890 869
-500 689 638 -830
916 -520 -405 -821
-137 -103 -920 -375
356 953 -566 -744
-976 431 -182 -223
-22 997 -86 701
332 528 183 372
-12 38 -927 777
258 305 639 488
904 207 -758 -895
614 558 877 364
434 -334 -612 -372
-965 -702 -53 644
-245 -452 -694 601
839 738 276 936
-870 267 485 -6
-473 802 -345 258
320 757 991 534
-491 -96 146 -130
174 -842 -52 -97
107 636 -81 -708
310 -723 -207 -694
960 570 -319 -386
-316 -194 426 875
625 -339 996 -262
-964 268 -964 -458
291 -587 -158 -481
966 806 683 -845
925 -986 -848 514
183 -226 960 416
218 981 264 658
-11 -748 82 751
677 131 -632 -78
-246 -560 243 83
-984 199 723 -767
-449 615 121 -993
414 -64 345 591
-650 -307 -368 -178
-998 -212 -293 -96
864 -486 908 -919
230 -235 214 -304
-843 787 461 340
-469 -191 -122 141
-789 -816 -547 80
31 -926 218 15
604 725 -992 498
117 822 -109 635
-884 -78 -286 -436
-459 -230 -644 831
-649 581 45 280
373 -963 -163 263
670 -142 682 -544
387 768 -121 -476
384 -335 -303 -448
864 917 -36 -235
796 87 730 -518
-941 -474 -609 -510
-373 -635 458 -232
425 828 -114 -371
-541 -567 12 798
675 -50 142 -561
-438 30 -117 -210
-104 610 441 -535
587 319 -622 251
535 340 818 820
-946 302 -145 85
-907 642 721 -555
459 -444 77 -575
-584 -40 961 167
707 -828 427 226
898 253 -904 658
-768 113 -511 -273
234 -18 -705 5
-233 763 923 -74
-562 -236 509 793
27 652 -826 957
-561 -507 932 888
410 -23 987 -269
-933 487 -318 -553
-986 -215 -388 -590
-7 242 635 -878
-462 70 -378 463
972 -822 254 -559
-270 422 47 602
133 712 -249 -405
-446 53 605 -528
-112 506 146 -874
-796 451 993 996
230 272 -627 645
354 -129 645 2
602 -305 454 -25
941 -604 771 27
-791 148 -860 107
-113 746 477 289
-923 -123 -156 -476
741 -242 -886 62
699 604 -736 -222
-562 -19 959 -515
576 -72 -858 -354
664 448 880 -290
-164 10 -127 910
-62 488 391 -51
162 765 -20 -773
272 -7 -751 -179
-977 -124 -563 -965
-480 -426 751 902
-393 99 -535 -602
57 483 -543 775
877 -522 250 -449
508 -928 -669 -586
-593 -125 643 73
-696 943 -595 196
-996 -831 -836 -214
995 -814 586 -787
959 84 697 550
-430 60 -765 -494
-599 991 157 -517
604 -997 -987 743
-446 418 142 164
-498 -392 -828 -446
-217 -268 -389 501
787 -383 -689 540
970 70 420 -154
327 -574 -603 -55
-424 89 91 147
141 365 703 284
-420 -486 -914 449
404 -675 -96 -500
-335 298 532 747
890 550 -318 22
954 -192 -681 -880
-65 846 -582 -620
773 762 -154 -517
-177 -544 116 883
142 -380 296 -224
-710 -980 304 471
-558 202 871 674
701 526 429 -930
483 609 -541 440
-85 496 70 -313
233 381 993 -914
-593 -864 505 944
-910 -543 762 -825
-537 251 -601 621
-270 901 834 -775
430 -384 851 -152
949 -477 572 -999
720 737 96 -597
-698 376 -709 2
-678 700 379 460
942 -919 -5 432
290 967 -519 311
130 311 -321 -995
824 -42 -321 848
-630 587 390 317
-968 261 764 369
503 600 -550 -403
930 98 -773 106
815 -620 281 670
-799 -587 -889 186
692 934 890 583
45 423 688 -15
-143 156 -171 -467
-711 0 -976 -192
722 624 -958 -786
67 -74 -114 166
290 720 -464 -487
711 -729 -265 -576
-718 251 767 818
-147 746 723 -242
25 -531 226 293
155 -689 827 269
-946 126 -520 415
945 -269 -267 -949
-23 528 -403 247
464 -521 975 354
864 860 368 264
-255 -76 -290 -656
552 -775 300 -602
406 346 202 97
563 655 685 670
361 411 335 -660
708 222 -848 -911
-520 949 656 833
632 -396 -962 -601
374 -160 561 -981
-878 -813 -435 661
813 -413 110 -224
864 312 -455 -530
-824 227 -27 -675
-333 870 22 802
100 736 765 -370
-99 -30 -898 101
874 -667 678 -271
-11 18 -694 -30
925 999 -354 453
-491 202 -114 -69
-142 -86 -81 408
51 -422 -233 -861
-607 190 184 264
-518 -493 814 -211
956 -644 -551 366
771 -793 -613 306
-913 568 -141 -810
322 382 198 -736
478 -775 -913 784
-174 38 -151 -217
696 -62 2 -193
-217 -922 -556 -657
-35 -690 401 594
-260 408 436 667
-4 680 -509 23
532 85 131 563
-979 539 243 -960
514 964 145 -558
570 -454 198 -262
-365 -241 -656 -238
-203 632 -588 -580
-734 -476 588 928
-486 184 -718 408
-703 310 646 704
-860 699 933 596
872 -904 356 -973
166 -582 763 477
-376 -682 -654 601
226 761 -422 625
760 -344 -199 -66
703 401 -563 481
286 -748 154 -618
43 154 -53 159
-315 -60 -431 -324
-950 76 617 996
944 984 -978 -153
-846 -470 115 41
142 472 -973 150
-742 -661 536 57
-895 521 -336 -209
-537 -261 -21 140
448 -501 -102 43
-200 541 -121 -535
-961 -83 -681 914
-915 459 -654 90
418 61 892 257
-161 685 -449 -148
-359 348 358 -374
982 928 -798 460
-984 -26 -2 -82
-757 -783 385 -520
-198 -63 666 -938
679 -998 -224 -160
-185 -233 546 -941
-555 -557 455 -478
-402 -646 -740 854
986 -673 -548 -214
-255 898 -483 -214
-658 612 -27 704
-264 -305 -503 -448
88 245 -419 -907
227 742 843 241
-925 -610 499 560
944 -942 738 -37
-482 -72 -597 595
-981 13 -893 285
-576 58 609 97
-303 -195 -594 -307
-376 -725 968 -116
14 962 52 -548
86 -293 -889 889
387 134 -412 -808
496 -690 279 -815
556 -983 -159 668
-132 470 -715 -296
92 -264 990 910
-627 -970 -537 250
826 593 -586 386
722 105 360 533
-782 988 -126 11
-780 -113 -288 -741
949 535 -176 -641
-833 121 136 -166
-994 370 877 -654
-187 -297 -736 -883
134 -260 642 -836
458 111 768 406
316 -331 46 -193
546 -732 -308 -438
-850 150 -186 378
665 943 -872 122
160 372 -480 778
-993 955 133 -17
-311 741 -403 -48
-300 359 -972 -219
-572 -64 -639 13
-917 690 -358 377
-541 738 45 65
-554 259 -548 550
-496 979 -956 978
-239 -317 -827 -26
19 753 869 932
73 -903 299 806
589 87 -449 741
-668 -497 -558 99
-273 -147 -743 25
206 -627 -978 -295
767 690 773 708
-828 490 223 -573
605 348 12 -19
-440 113 1 -275
-595 -249 632 445
-170 -581 9 384
81 -204 950 -549
-981 795 90 750
64 568 -352 487
969 -691 696 -949
841 81 726 675
-307 -268 -303 305
-694 -980 490 -662
199 -819 -231 786
362 108 -597 825
15 30 620 -261
990 -440 956 546
63 744 730 211
-540 613 -181 -213
-526 -655 -187 -525
-463 433 -497 204
-780 -438 -217 348
503 636 -223 581
668 386 -791 -148
-90 -498 914 -206
114 -726 68 -862
-510 489 -115 739
290 729 -687 158
-742 -621 -19 402
895 -172 656 -299
295 -525 374 -160
870 573 756 353
773 442 200 134
278 974 -400 -700
537 -263 970 38
-676 -767 -528 512
-741 -858 595 -22
-917 725 995 -975
-228 -612 -20 -666
624 -297 199 -66
711 971 -306 -103
-134 -498 -367 578
772 383 655 831
-833 -402 -802 347
207 -564 -528 663
-747 637 -383 -341
-612 468 -891 109
837 7 -792 137
-723 527 -828 -894
726 -399 -673 -527
-444 394 -1 -660
738 -116 -88 -629
558 -789 -563 504
-463 625 736 -145
-6 189 -578 -603
-390 590 335 340
-625 474 -201 365
624 460 -76 -362
-274 -158 -789 -661
278 631 -651 996
-581 59 42 871
973 -313 -700 -577
-233 161 278 -235
-373 654 -106 911
157 -474 874 -229
574 -744 565 247
-142 -784 -685 -337
645 249 -483 320
793 551 891 -338
879 -413 -788 -999
241 -718 974 872
-226 474 771 842
-904 438 -709 -114
-706 809 -47 -233
788 -870 29 -461
-230 -225 -887 -497
-31 -147 234 422
196 764 210 530
-717 -863 -939 74
-669 87 -308 -437
-285 -884 -179 203
838 473 -958 -985
828 752 -836 526
-146 400 267 534
359 9 5 54
-37 998 -330 975
196 -209 -636 447
524 -284 807 -224
579 -914 -996 -749
10000
1
2
3
4
5
6
7
8
9
10
11
12
13
14
15
16
17
18
19
20
51349
10654
13604
38727
49760
2678
34511
11792
40290
24070
30793
40827
58458
26316
18758
46489
17698
59963
51464
40391
25146
4390
22134
52390
1805
31847
35534
32354
9671
32707
61704
648
15392
18943
27871
31263
3623
35114
2082
13008
4230
10406
9326
29816
48261
19239
43910
62345
15581
33514
24863
47549
60773
82
28847
13733
33979
53050
15161
35723
24062
50876
35749
61621
33082
14253
22358
1986
10365
14875
310
32961
61483
12309
15178
32413
59801
1363
9988
11720
2931
47806
2972
13177
12749
39970
20079
47004
54180
45500
8964
42991
8563
16773
49109
50262
37576
14896
16383
15528
36945
23723
39177
3932
59864
15144
23631
58159
41847
11328
36636
57965
56577
62036
25688
35684
12879
24902
25477
38619
38279
49341
56263
23579
8295
9180
24377
31903
21789
59918
9818
37497
54224
32117
11153
48448
10605
49756
10080
48386
12833
56817
13762
23569
29374
18103
28611
27022
61228
50370
11164
25401
3404
56717
4738
2405
43181
36924
43403
55666
8835
38458
36693
54586
56762
56631
18599
23462
8901
2418
25335
1638
38843
36704
25583
60597
30966
12841
14177
47224
17627
5107
48809
23411
36703
33358
25539
48832
25842
3562
995
8824
39096
47427
3579
30084
19657
60189
7860
39008
9286
27330
5030
32025
8579
2457
1308
9775
37138
23440
39874
54520
10514
37961
23551
35411
59007
35185
54666
31131
28532
20080
53671
22283
30493
35356
40540
37707
51500
37339
56919
55382
30685
14853
37258
9018
12394
41816
17513
25890
40575
5186
61050
20183
23541
7580
18531
54258
8967
10931
19978
38147
47516
57958
26535
17126
16091
27617
49622
15603
20524
16517
4044
24726
56436
49063
23418
50923
25157
28906
39454
38548
6062
53678
11196
53119
50249
14607
3416
44226
46283
23748
57837
34600
44312
29045
16303
47406
60887
29544
10731
37213
36888
9599
56937
17566
41137
35176
33650
22087
42545
53589
45485
54139
11677
6778
39839
31631
42526
35046
22018
55876
6299
39439
54635
28376
34823
1720
55996
16925
58501
34805
827
47106
4605
6330
31515
3461
45267
34422
55037
47987
34285
26684
19253
23912
42492
22808
25285
58060
43570
36425
25939
37069
30723
57699
59049
48805
46103
12536
62241
45780
19684
583
21265
6914
27438
52975
30113
15001
32753
31592
41519
47056
48126
32364
25001
18818
13754
19622
12009
35000
60788
4012
53553
3339
10485
39860
7562
8077
32912
1813
26232
45733
45493
37214
41612
41227
31983
36469
47495
31895
29136
34548
49919
57629
19841
16304
36898
57602
60706
43578
18559
30895
18507
58833
37765
9749
22668
51835
7315
32218
44245
58389
23196
53266
37754
3581
19173
19010
43259
4923
33418
26986
38249
4918
59636
16427
62108
16062
39920
33140
50537
25682
18613
80
5012
38130
16236
3188
12217
29636
44498
30368
37715
53224
46647
61733
32098
28276
19587
677
51544
45376
29271
51111
49122
34356
22033
29144
58772
21165
16905
42974
48293
5344
5320
38791
49749
2791
58516
56326
14328
31487
53419
16702
18515
47063
39893
9059
57587
19441
22190
52677
16810
59734
61886
39302
49111
49719
6850
2740
51239
58865
61379
58186
40972
37336
30271
54091
4246
16622
989
18145
61780
21007
9519
40711
21272
27189
33165
61484
30807
21602
54212
33633
13003
52733
49213
61204
30964
5025
55594
25723
56546
11137
36276
16403
35921
40655
39923
13022
30064
1041
28621
31453
25177
17758
2085
58445
35074
24617
19654
44584
61381
58237
57630
62097
8502
59090
43364
61821
57974
50811
158
57005
42005
3050
50600
13825
60400
20174
6761
10498
61883
24428
52979
18980
33557
61822
7319
57263
21300
45979
40627
16170
57142
35499
39618
1103
13684
34723
55585
47470
60421
20373
51552
5694
52100
8866
32905
49923
49359
48032
14392
42131
59215
30325
22043
17884
51883
30841
48516
39309
6072
39523
58671
30499
14979
5586
62271
39819
35573
28675
47690
57924
3629
11249
31888
23161
7624
7527
51578
52873
23270
52106
12102
1170
13334
41127
57678
33187
21749
41433
23023
22519
52432
17175
23646
31452
47261
52527
52083
7739
31860
2579
7902
56716
38480
14015
48071
15896
40377
5396
59510
45407
32604
17567
60661
46355
13161
10842
43419
42798
759
17348
4796
59643
19361
10934
5263
24514
38122
15559
40360
11491
38945
31874
51520
20775
46996
61365
54817
60739
6365
17616
23889
14865
29222
19050
45356
43014
1785
32243
49395
61529
11999
33598
22356
9338
15298
60365
34752
15412
41134
9368
30507
58484
40925
31082
5191
30114
34418
4268
27455
39868
39561
37417
53718
22974
52752
40967
18204
30914
7553
24788
14596
40132
50706
40445
33166
52502
34419
10098
24330
20503
20812
20473
20108
12941
45336
26112
37536
61078
5948
59423
27262
15621
9653
58529
51436
59533
33507
54102
52624
8804
30427
34314
20540
43466
37229
43254
10429
29087
5864
54126
36753
45806
2686
30224
50436
60110
46950
54614
38985
46029
42409
58314
8342
8726
36370
5939
490
26291
2624
930
12037
32327
2034
55012
49528
9579
47834
19721
36087
32351
9748
31757
18747
26659
25898
28704
13556
41505
53072
2172
40110
25030
31221
456
2512
40193
14750
29137
10001
28762
50717
15986
39308
27953
56463
59095
61868
48342
52320
7996
1780
37744
26247
3373
41565
6510
51682
36148
53832
35139
33904
24750
62323
59894
45545
16090
50772
51317
53137
37554
61837
8881
35545
16667
54605
21661
55239
24621
46274
60201
15872
41544
7029
33719
54934
55088
42531
573
20455
36212
25557
9618
37090
44501
51226
25009
45792
1163
5136
34260
53794
17230
53366
49995
27990
40264
53259
15807
7462
47737
52575
34306
18067
2363
51032
48684
43879
59062
8028
38459
3255
33549
34145
19790
20259
5133
44931
61531
12388
23257
37779
59026
35690
3387
46039
3323
43699
17220
19816
47236
27705
34918
22251
55877
56228
46800
19001
13714
30323
2602
61062
15863
34467
37593
19778
42509
46834
50903
13860
14845
39724
15834
37967
44096
50723
20972
34337
12714
6097
45399
34619
50776
26601
22589
55323
55948
41729
36982
56007
59796
32118
27898
61159
60014
7147
19276
37920
53294
9299
14504
1894
35149
58976
60775
46545
2731
49450
27434
43349
13640
47269
61336
49002
2419
23618
44850
43150
36774
33394
31510
57069
22728
49846
5632
22510
10742
41657
15576
56448
2693
61361
32438
25497
38237
9889
55036
9500
41237
52141
25316
28958
41735
24530
17312
6394
10570
21572
57627
57171
31979
44259
54480
18209
30732
15769
40376
58856
26542
27934
1304
13865
21045
23245
5720
21812
24640
39010
12006
18092
25968
42904
61227
44058
24007
11299
13974
51926
33293
40388
46122
27966
51064
79
60157
48742
18272
21525
48829
42323
23494
53310
60475
50182
43179
36190
6617
37188
20719
3660
42588
31040
28924
37355
12281
53426
25897
3297
42487
24069
37474
21439
57472
6911
25494
59344
12679
29839
53454
43328
16027
19833
12386
37794
23978
30719
62296
27291
48465
41037
28612
31565
31046
3634
58787
56731
12391
13155
41815
51131
36256
39763
229
7934
23160
24929
1318
43020
18194
47089
55097
49176
40497
6240
30615
60025
32553
31760
20686
8675
54832
46005
16498
26360
5987
15758
7803
46120
8640
14489
39887
51354
647
49865
21515
44425
1381
61708
45319
12527
16902
45090
29838
60071
59488
58661
15962
39708
18278
2438
44802
41961
28382
25664
16920
38224
60969
43400
14783
9302
3276
11319
15181
47812
4070
26738
45773
29564
57640
55313
26757
11408
33529
45298
34648
54988
8377
22388
10306
51102
33916
19195
33949
30881
13603
37949
5039
45227
48779
26495
53555
24834
1872
30228
22454
42212
6276
51979
34433
59431
59136
13925
33179
42441
48212
54799
57944
37929
55863
3358
2248
15751
48170
44926
35766
40341
27208
23328
3217
6498
39212
6500
30457
33665
24080
41579
16965
33888
36741
26676
7732
34219
12114
16262
2171
48206
13019
39747
35473
33076
27427
32374
15110
34609
22063
4068
19732
14160
58227
51350
26733
32949
55756
7608
51380
11797
32769
2768
48776
21388
39691
61
43643
21449
623
14102
18443
10647
27920
41040
55821
14666
49897
22456
32227
51104
8832
46236
27023
18806
30959
342
44208
33792
59818
49377
27459
48382
31201
52938
42124
19376
45217
24960
1123
25903
7238
24764
29567
48238
12507
62138
52125
42153
1205
47973
21127
43916
17829
44172
20274
53246
45760
56493
2880
53134
848
55700
32076
8287
39261
3086
10566
41034
7063
4417
19323
14667
36864
21302
15009
4447
60011
36513
9689
18611
23802
25082
42331
41968
60615
52669
42374
22341
24452
34212
44934
14575
22672
28999
52871
51673
1035
30899
34730
59358
47145
3028
36738
8207
4442
21877
2520
11217
15839
34060
42730
35856
40495
21098
37628
27867
54797
12967
54442
41983
11103
54293
4324
42917
981
8906
24544
31371
55892
58697
41976
53972
7490
37331
46248
32186
39364
40409
58857
10908
27627
55360
48505
34357
4366
15215
1265
20284
52045
6224
9835
37162
56847
61786
58088
44544
51372
61977
11342
41097
8168
46917
5004
41277
13739
34728
52583
1540
48462
45920
39779
50360
5153
32602
18762
13106
45850
36073
50545
40222
56715
13583
22704
62331
22276
6047
58067
15434
23260
52165
51466
12983
25993
25070
36217
22692
20227
39094
38628
8919
47552
14061
45464
14481
33346
804
53891
53783
21135
47206
48409
46896
21865
10042
15312
2273
17222
49992
60266
17810
44097
50848
28781
17399
47462
47768
16038
32921
32045
5700
34963
10270
18311
53680
4780
42490
57375
45501
37013
50053
53811
11678
46581
46264
12366
38886
43174
5349
6879
49120
39922
13828
16223
19342
35304
9221
61608
37178
11787
29597
1224
45379
54946
57754
8153
26260
31538
37063
33906
52488
13879
47882
14756
8498
21774
18210
3771
7332
37735
35004
47007
35447
25484
21929
43621
58675
31355
6876
33158
19910
61521
42485
20918
55075
43267
32550
36936
6378
1001
59675
28246
18666
59079
46366
18444
55136
40488
58266
29740
49711
51461
19415
57849
21462
39056
4072
51071
50425
9743
29494
61378
37677
21963
32063
49053
36976
21960
39411
5060
5056
8525
17136
6231
27998
33600
12732
47073
49850
16515
133
7783
59865
43067
41116
14149
40515
42061
1126
39200
60391
2884
29483
4840
44008
61348
43017
29110
46340
10928
36442
47211
51957
62112
1389
17261
837
22383
26379
44979
1970
23074
31238
13859
15591
36106
41745
41144
39592
34858
54550
22829
57026
51946
60671
40125
40796
2252
7060
5435
20164
59112
28947
52361
44385
43366
49892
5285
228
27718
7958
39402
58700
44320
5227
58684
16049
51069
57449
53080
6942
16221
16375
44749
3874
53625
11608
60080
7713
16831
12795
12565
21755
46556
18955
36118
59065
38216
6794
9424
2540
40534
29174
12096
2456
27894
2241
43962
28131
40693
41733
23183
51967
31272
33505
49476
47836
28569
48586
20893
1962
27025
44449
23392
36915
766
50553
29053
19167
22718
37467
45280
10539
49006
22703
48569
21637
29778
7415
27342
57925
41195
35960
4507
34001
58035
54044
54201
59250
57738
34721
55536
1522
12662
4314
58147
57373
7500
17639
27586
2954
9255
37822
51875
43489
23726
57823
3731
6614
31345
55367
42233
18510
55470
13799
50160
56483
47302
49460
52235
1346
48173
59067
6279
8510
1907
38317
25281
50008
61151
36515
5418
1994
15446
10093
39831
59625
44656
11423
4367
23210
51421
30913
36568
46230
52853
25037
49614
29867
11620
23722
19852
50377
25963
51654
1429
36660
18917
41842
38145
9642
21638
35645
26462
49087
38823
40903
14320
26500
11493
34434
55090
34757
23740
13731
46438
28468
57845
40715
46446
16592
60561
49214
42647
30547
12416
15673
25927
10328
7398
8603
28453
51435
57411
50702
8018
24151
45502
26803
44815
14281
16706
36946
43657
749
8467
10111
33963
46124
56456
44591
5188
14069
30181
38414
59346
18997
24518
35107
57349
41264
22946
51801
59239
27873
36948
44755
49015
43289
62182
60987
25454
26874
39673
661
53915
32663
14842
1658
43723
31784
1401
11372
1006
44694
52271
46353
46084
614
39362
54995
60482
41705
59374
25653
32929
12877
41883
43496
23521
12927
35984
42841
59323
11632
5542
61639
44078
55846
50446
17341
14678
10110
8286
2196
22567
1931
17308
53545
6114
3906
31579
36561
42161
25667
9481
53399
23064
18885
24531
44280
49633
20211
889
58397
30066
2153
12654
48513
24908
49646
56946
36483
3422
38301
2042
2608
25150
5061
31224
48483
62026
413
62042
12830
45671
14164
6399
37256
50512
2051
34505
15232
32522
60798
34937
19610
49253
56735
61295
15729
10703
10591
37716
16629
35194
3137
11732
60786
28973
38495
49047
30657
4615
5434
18109
5570
3043
24181
42109
39014
45165
57109
22619
56805
46605
419
24977
19083
18506
54957
23564
61730
8880
42837
22257
13666
61561
43856
17611
47844
36972
39178
34682
13164
22865
24548
24082
24182
59752
25601
3326
9958
13750
28205
44540
25461
2256
1898
59816
44986
22942
25043
18486
32060
2395
26295
56459
10273
15498
55709
35052
54563
22721
43404
45453
28412
13824
6703
30173
35582
17146
57759
48626
56364
28582
44437
37284
27348
58841
47712
50983
33257
8530
17699
38446
4491
26762
15078
6834
30835
41785
36794
22686
23359
10151
14703
60834
4819
44443
59766
34493
4644
38185
42040
27971
50025
15381
29326
32167
61319
46421
18544
59338
11162
52114
24031
39656
25400
43479
11510
20600
45260
19371
35120
12902
29538
59500
6912
27116
16809
15425
15125
2050
61318
1023
61794
34669
20682
58493
51515
43494
36019
12670
44765
56
38182
59362
15610
41382
55596
29052
53436
8182
5075
33540
27993
5545
33246
12838
41506
5352
13035
54161
114
43893
255
8139
4184
50283
17663
33519
23779
28934
41951
21026
59311
14568
4159
61466
2327
496
21489
50152
19947
14038
21643
46280
52501
61037
9781
24266
37792
11593
46476
24947
33922
47419
35755
12175
57031
3582
61200
26518
9566
39855
31175
17593
25891
53086
19647
23806
51291
43325
62041
46567
55442
45619
43656
50775
36401
32272
15739
7449
17491
47240
57761
13426
1074
41437
39063
57765
2397
6610
5910
9515
60666
33703
11920
44304
45474
50782
59532
35513
34413
54756
52623
50420
11453
55891
16636
13511
4339
55844
45322
29523
28383
55639
35552
7917
49764
2787
32185
4153
32518
48321
13358
31172
33645
42363
21700
51869
34844
22958
53580
6256
30428
18133
56004
19358
12348
27158
52613
57114
46127
9026
28061
27307
53651
34160
15315
5550
10719
59483
48416
40875
33799
37864
23940
28807
55502
5463
3646
35574
49868
100
6249
16679
2604
10244
45989
46344
19391
57979
1223
39995
7108
22727
12777
45352
44111
44464
21684
18921
19726
23574
45141
45578
51107
29449
7870
53155
41797
14961
55021
52148
21825
8956
31729
33548
8941
14989
25225
33565
16551
61816
32685
1218
59291
50076
36597
7061
34525
6989
33612
57085
19065
26184
36318
50120
58352
28422
46809
59723
3468
30395
37107
53979
4835
3838
19616
51123
6029
7292
9469
12590
47049
22470
12461
37438
33994
1407
22816
15120
47438
41055
48367
35782
17392
31661
11534
23351
42697
13962
12053
49797
5473
10317
23512
33468
32
53503
53325
55532
36724
39255
4100
13767
31630
10357
23027
62177
5043
57620
60531
45418
40407
18523
7540
38788
5198
32480
19074
43339
57848
42724
56080
46346
25548
43502
2691
2435
11384
39285
52380
53568
41180
27326
27899
4030
191
9533
50450
51450
2300
23353
53273
29040
21266
4054
61636
28105
58975
18584
34651
61869
24358
34931
56471
17181
21913
31521
38749
163
48446
48484
23234
37928
24339
56539
54719
49331
30288
41425
46541
19433
47394
30162
42707
57021
46719
31830
31205
34403
32064
47262
41666
45437
23807
32784
37110
35806
16870
61922
38123
15154
29377
23441
15703
5954
37921
49074
53642
35529
17111
27954
54286
9576
44471
26136
61539
25947
43408
36016
35075
44497
27177
13615
7263
25531
55803
36279
29256
4989
29184
1063
41271
47988
32380
37620
8643
40755
10254
45590
52289
35936
2779
54698
62302
27125
34559
48939
44667
18908
21078
13945
60989
62054
21874
14450
61602
601
13356
43519
14027
5760
10402
6960
30617
1287
51146
41741
19422
30920
3286
7074
12797
11820
52820
38158
2210
46965
37368
56438
11783
47815
13613
34551
6244
12832
51838
49599
35774
29422
15609
5832
42083
18565
16245
18225
52266
6283
58263
18228
49922
44516
57993
3087
38419
57504
11550
22179
17205
454
30872
43454
13839
61739
52076
51804
25978
49710
9925
56513
44779
38370
40253
14603
23976
40131
8472
20835
36723
26176
32269
32768
53561
60928
33902
7876
46734
10977
38521
45962
45546
29207
42937
24906
33472
4743
48698
10599
59948
43098
32503
21206
16854
32517
12913
51216
18221
50286
27758
37268
61128
40467
15727
26098
17426
33477
22184
20637
35531
30172
30396
56413
18642
50966
5304
15160
27530
26452
60283
22436
5814
24669
6656
53004
47564
43146
44121
43427
22617
10313
13546
56276
29624
54071
34324
43814
183
52516
32699
20067
3807
19057
47763
56675
50448
33118
39469
48879
11286
58583
38680
37645
43311
28706
48814
58261
61098
35246
30689
61891
41428
41088
6825
5169
29768
50224
57329
21362
22004
61230
44339
1770
24748
31608
42648
35331
42357
54686
39137
57719
25608
14986
49961
41303
20790
23547
42456
47091
47190
47268
5891
43691
33686
50644
31848
36491
46296
13915
56091
41005
168
5156
26555
31446
27610
1193
56645
25838
12298
17294
19794
47638
23311
59726
39043
3146
29090
45751
7516
45175
9672
57214
19602
50844
51159
49164
36567
16631
10501
42965
47674
25949
26289
48501
36965
53227
45956
54298
23669
42003
4984
29933
53317
7550
10347
14868
43663
40426
26784
56426
31480
52311
40895
52226
4953
49310
36788
9934
39516
20012
51211
7018
61729
50085
52541
60717
30253
5958
42758
10725
23500
4584
37771
37951
31435
21202
61332
32032
20851
22460
6374
57450
5148
14400
11693
30647
25002
55743
17716
34384
15622
14201
21936
40016
57206
33193
50956
19080
48120
59412
32895
20327
45871
9420
20607
34979
22361
57321
46693
13456
57227
45990
42000
4420
37640
60893
7854
46671
49518
44091
35756
58574
29730
32492
32228
21736
10176
25365
12846
51438
60315
31704
59140
12233
23003
11918
32985
53133
3428
27274
47212
35368
3669
29959
27319
3668
11812
25803
4914
14304
22325
32337
57189
18248
54801
58603
48905
57919
61337
2917
17365
32092
14147
11604
28613
54456
25395
19899
51336
2015
14051
7947
17858
49442
18056
20578
49142
55513
26517
45287
4131
7644
50105
4151
18949
30108
6248
34763
50312
16253
29092
59471
13800
19408
35029
3442
17157
50586
49192
7139
18823
17149
51536
17918
45636
26021
570
44234
12020
51187
62080
55267
62224
22537
36192
7023
16071
51888
5857
10739
16107
53887
23822
3135
48369
30164
35178
60548
5205
31645
56812
51642
41767
34485
121
57606
697
12895
15630
34608
52236
38324
21164
26614
26795
40633
8677
12653
55802
51831
28265
5214
30277
20604
4530
54359
28139
53311
33656
14432
37127
36445
1509
49195
29986
9823
11977
24101
7271
21141
30980
43299
822
19296
20062
7838
44968
6801
50642
45933
6731
3548
59156
24293
58407
13625
43449
58689
57962
45226
36046
29803
15129
53389
40314
38291
18881
22215
4042
16698
36518
18095
59991
7337
52335
48343
25899
40679
24829
13692
54412
61322
20207
11374
32034
20366
11690
30002
10961
10830
44653
53244
8758
19154
22993
37729
10051
58920
57869
2022
11482
31096
9052
40129
40112
50629
37173
49597
40224
51628
53262
39084
35959
35437
48073
48295
24200
20996
1139
15455
17159
49324
12137
49969
3456
60385
16601
22586
31671
7839
50938
20382
12244
20913
59109
53340
28120
377
35848
19805
29939
27257
10132
39998
1930
56171
9744
19747
17775
13219
24382
16619
61394
38092
26872
57288
40494
35526
55133
61687
5988
59300
3822
18897
22499
60027
31468
15503
28295
60727
49572
6185
58189
1315
41939
37440
4622
22581
47704
5090
39897
12495
48764
28503
23401
31032
26743
47615
30779
33721
59522
53884
59698
59935
49170
31060
29836
23753
20882
9090
9859
12467
23895
28361
8464
56502
38424
11682
37379
406
25283
34222
45870
41977
28434
32288
43937
51790
33000
30538
4305
35009
40697
44705
23725
7896
31593
26285
61925
17127
6934
39667
58732
24684
10370
15505
36726
11345
23032
22439
4291
38848
12615
4463
30896
8230
9152
25622
55686
29806
14497
17626
13480
30071
4725
12047
16378
61447
18794
18153
24882
28915
31938
46410
773
51821
20278
23611
42616
56862
36451
49029
19419
58105
30096
17575
47272
28057
13430
20222
5601
59755
13128
17302
49739
23647
13335
55292
1774
2079
8641
9403
24616
44352
44040
55757
25237
45338
30738
59416
35101
45513
35347
58815
4514
33894
12549
59051
58801
9020
25606
26475
47602
50128
32159
58349
20090
55786
7312
43120
52197
50320
44871
15756
42113
28020
12672
3180
25958
21309
56949
19837
37977
52793
139
54993
52976
39133
53048
48287
51964
21015
17747
8496
12771
13820
37700
17050
44039
59281
16862
18721
565
35404
1108
23086
50744
25473
59889
44564
31164
50754
37061
52427
13159
56809
9081
2681
49899
50640
10318
21869
60312
376
39202
45660
49423
36307
45853
33367
57255
60710
30093
36868
32836
51075
42926
22638
31416
53319
14602
27583
11128
11336
37577
27407
3612
18373
36718
35022
27572
31442
899
20674
37608
31362
60714
40628
18608
55138
37747
1830
5874
8658
3788
14814
55501
28212
48661
31749
39091
3722
8109
3272
39576
19160
40361
25409
29981
59631
9911
32980
25806
7127
11016
43208
28926
42872
38959
5644
53199
46168
49298
31410
59611
52084
21472
43795
55092
47692
38410
22841
33587
1858
28378
37380
9938
8780
37960
20836
61746
2280
38428
31454
52542
12015
37604
22407
36018
56997
2951
26050
23797
30798
2281
28710
41801
34717
41959
1936
50873
56324
24244
39755
31723
48136
12499
42994
61761
10086
45812
38399
13637
54332
30506
60512
36361
37623
26533
55741
12698
8165
17242
4901
43662
52288
16351
51988
37669
36906
2081
15122
45296
36926
14811
22683
32406
51153
41990
60592
2191
7480
43459
22625
55080
19761
57561
61324
50042
41210
1444
42976
9062
45306
22985
42057
55284
48153
57398
50407
17173
40315
34242
61799
51424
39795
16411
19959
16705
38775
51364
42470
12965
14611
29043
91
41440
7134
18340
61958
45687
5890
2885
43933
612
32683
5079
30794
44391
21790
43123
994
17965
40639
5792
51772
17099
57458
1190
39827
14574
58085
49536
4142
14415
57128
16377
11516
1639
33288
46373
54008
53165
26961
13119
48743
20951
37590
43820
50814
44640
42653
15504
36955
9946
56392
8783
57829
37694
58295
18518
58855
38052
2737
49887
52784
36366
21622
60448
21922
51934
59910
28588
19228
24278
22560
8865
14675
12821
40759
9073
4808
9747
28085
50752
383
57882
33575
10985
27043
19712
41828
51109
56630
56123
21352
55183
7697
15244
30331
44068
51761
24737
48808
15187
43647
61814
1026
60154
37722
46398
17322
36511
1992
39072
27002
40992
47610
57382
54732
26869
30301
62181
18718
24510
52732
32675
11935
46113
54406
10520
8057
42736
23491
14401
30660
58606
50970
8688
33815
4764
47527
61793
19414
18847
60918
46348
20939
5524
1086
49305
32435
7239
21931
22882
7850
30676
53015
50620
4086
61754
15823
33357
5212
42453
48866
19637
38572
62017
9698
35485
9177
18801
50743
47919
27336
27393
46423
17728
33023
36923
39694
24854
41748
51206
57017
24870
54369
61130
5582
31287
57357
57533
42633
47750
52194
57610
60745
14157
41855
3879
44547
15697
27855
53550
21671
14095
4348
3617
42512
55641
58377
15939
47482
2006
51763
57257
12186
16482
17759
29439
44411
53347
40797
47778
61346
53117
15116
58645
40897
21011
36502
38118
2069
20188
56890
58244
9976
2756
25955
31099
38155
9680
40375
45036
16484
58287
41035
328
16895
56967
38075
59446
16964
7438
53532
32498
35236
35292
14116
4294
49197
46970
41156
60366
29987
2199
36226
29259
944
26847
31331
11227
55209
57261
32220
47752
60530
57715
57982
52578
53864
9048
38647
3873
45198
45229
30374
50622
56722
35341
57558
23040
42911
59880
11261
62171
26189
12594
20369
41908
50766
38096
5151
51397
8962
17536
53228
60184
36174
41106
18925
22021
44722
48381
51306
39773
55061
17751
49428
51042
33371
25419
17454
31595
27503
40885
23834
5590
21115
51220
12147
26394
37565
30487
11152
61243
12471
34045
24132
16872
19890
23681
44372
10059
54982
40397
1331
12234
33194
41320
43948
25861
3608
14457
30279
34882
30861
50688
44995
53265
7327
1102
14033
57488
36922
11789
49315
24738
34948
20298
23024
38285
61644
48967
26871
50749
17891
2949
22030
52598
34910
47732
27919
38085
48486
1593
13538
34655
33868
18979
45580
58138
56203
27333
43799
16648
36242
11556
28892
36147
2734
24229
45696
40032
47997
32437
34080
47258
56378
20294
12914
58249
42717
39614
51046
176
55359
22362
12785
4081
41159
26953
16069
40049
7936
42625
60332
34744
45541
52503
44729
36688
20316
8157
31303
40175
49267
8475
24694
57272
60176
59222
7051
7245
53287
2963
45801
51824
34302
59607
26472
28458
50009
20953
14988
50691
53404
62057
59041
9872
25075
57718
44761
36205
39205
33214
1251
52637
7036
26417
10069
16780
52825
29068
50882
60194
32024
13748
48103
27327
2229
44099
34515
21645
40462
10391
36380
21860
19380
16956
5447
46912
38584
36136
22539
53746
40729
60848
55089
2943
12901
7399
27046
58584
51
27162
49768
12075
19002
33132
37836
27814
6267
6597
7845
18892
16593
8130
52376
42488
26283
35210
701
6713
40887
39083
45048
9905
14942
12915
12457
19625
44310
31508
49466
1546
60543
25102
61081
49044
26751
46221
13422
38902
42106
40047
5517
18273
50907
49807
61467
46911
50325
43764
39099
33012
15064
38140
61118
7413
56110
32358
21124
14126
59393
48022
10707
6866
3270
18162
17769
40634
967
44313
3139
30697
58462
28976
8958
40161
59037
48179
35228
8877
15024
53361
52913
57642
38763
61338
62129
12951
57436
35389
41231
425
41363
34202
9249
49866
6815
14002
56708
1767
30825
59975
59673
52409
2055
41368
40622
54222
40559
50193
17753
9140
5202
33658
60651
34262
11145
31365
30379
15071
43870
34116
19581
30486
2060
689
33776
43206
18918
55310
57477
596
17894
61254
43980
34768
36526
14049
20261
15917
54612
33191
52433
16237
2002
33971
14202
56556
38264
22192
38447
49586
8608
23054
401
52475
44481
16837
29533
37999
10430
44780
52904
49152
6041
50235
16742
47294
55418
50867
33161
35981
109
39817
8914
26171
57731
7381
57155
52370
52321
29565
58834
61294
26807
19114
4490
51137
32744
42527
4110
40760
23298
1146
29190
26279
22955
54084
30901
4755
1832
29018
11747
25098
9029
32859
40165
47986
48239
49735
6000
21549
42335
11957
9571
5498
46356
40535
663
9359
21039
44818
54039
36755
30070
11184
14923
19484
46135
5777
45277
7226
45312
46205
37872
12618
8001
61177
29853
51933
47204
46991
5024
59521
12381
21859
21660
47873
49600
6266
13092
46235
29746
12277
43200
61179
18357
8576
43425
2036
40926
13349
48241
6042
61807
13351
15915
23890
10163
409
32301
61787
60657
47545
37587
54409
16572
46273
20708
18028
43137
26885
44964
31370
61110
54834
51672
54841
50208
59376
39066
37731
17030
42656
42799
10387
17349
34579
60313
18354
59815
50198
31628
44892
55238
10004
35376
27386
36992
39847
34061
32289
39387
37476
53526
3627
19664
52378
9623
26036
42139
52698
57809
29586
26015
21201
59805
34017
45876
17591
31497
5707
37546
38152
41677
54042
35971
20011
59161
47221
43057
51738
40465
22154
52539
56928
39780
61296
23880
6961
37221
27119
38078
48752
43774
15820
26912
45680
8347
24962
5750
59024
41587
20514
6501
55797
28504
17387
46234
53400
61820
21918
46542
38678
53556
62361
57296
8032
54007
62160
9095
57059
27986
54603
13937
21473
43343
32678
29246
17281
29847
58555
39748
33169
27985
19190
14733
53788
289
37003
10836
26914
42384
27858
47164
36855
26792
34829
6492
14637
33879
2407
27731
13672
62119
26333
58953
21799
5164
48235
48037
7146
8440
13428
42795
21996
50028
55296
18025
24322
23735
30770
37413
16483
22397
57569
17125
52384
29923
22969
5779
41484
9789
20532
24797
5537
16500
36935
14591
31182
5569
43841
10665
12066
6843
506
21518
4451
42963
12456
43982
56492
38498
33497
17940
20980
60127
7294
34695
20111
18967
3656
58790
41782
23478
1893
27280
48601
58938
59019
23296
39895
58052
12174
7607
52445
14122
62095
10388
54005
6079
22268
37471
7748
62374
51504
30731
19934
15675
23443
2504
52027
56311
16208
28166
53268
41840
6398
9261
12019
42434
27141
24675
55807
7982
32467
10210
14918
42853
19506
14817
28239
17569
60146
22271
57095
41215
41970
29578
26682
22458
51420
38691
49052
51884
42546
51022
42130
8485
15625
45967
27557
35346
3357
13490
18848
41637
28979
8379
53397
45022
36410
59718
30818
41769
30218
52117
48736
12616
27787
34234
48254
13262
31387
6578
24468
60506
52620
61142
16102
14300
41915
52159
42618
30015
17063
11588
33771
28820
19742
23610
23596
53792
51391
37459
5275
4870
50433
32439
49812
43475
19706
39484
28094
6223
32767
38897
6442
4216
15253
31111
25289
30003
312
11495
15156
11760
56729
34278
28619
52009
60357
41986
22902
16310
19601
44775
18749
9702
6595
19375
38804
42532
23363
14308
17210
36585
44955
20734
61315
46630
51855
33939
39712
53721
20270
19088
4666
22449
59831
12308
41486
3230
34960
30097
45246
55521
18853
4215
12598
11842
43216
5889
35480
15617
50693
1779
39230
57354
25339
5755
52560
61681
49388
25322
55989
5293
23759
54911
10090
40514
33622
6396
45601
11623
58201
8934
51640
47290
869
50698
12688
58127
19423
20083
19517
23771
58861
14684
59664
12424
6354
57694
39912
5747
49795
1734
48730
45109
25797
32115
29609
45941
7430
34998
15511
16290
34264
1827
62070
42923
56207
12845
60978
24561
30183
45943
46781
14630
8163
17876
36866
47492
44483
17269
40822
19252
42214
60682
30240
54299
27700
28802
43772
45360
52099
15951
36995
43857
3289
38992
29492
36768
36635
41069
36873
21729
40608
34338
15713
61540
12355
58218
25226
40246
27892
60513
22258
4634
38802
52588
57690
46358
33774
25156
16757
13445
44596
37377
19523
51693
48187
34753
34677
55745
12514
34782
41470
47047
43760
40031
52878
30884
27202
49438
21692
57711
59035
41761
18069
10882
11427
58594
13705
42672
58099
46737
53913
19092
55437
36990
24595
5008
9377
4599
27003
35301
9016
47002
6865
9560
17182
19199
35092
31560
40578
53248
27028
198
41882
55378
2816
45367
50624
713
23868
7130
52206
48013
56191
5793
27606
37082
39246
881
22002
35995
51357
48667
41219
49410
304
20805
8863
47045
13629
34791
17364
56680
13641
14263
31420
28950
35105
17283
36069
51648
30490
48565
4919
38953
37510
54710
23416
43268
3290
40115
20564
20476
16819
2764
53780
540
24536
11739
34880
10493
51169
10167
53600
12119
9813
46153
42013
30225
42925
28461
37206
37055
12556
2848
7220
28897
234
47117
60434
38773
13114
18646
58029
6905
35298
30821
15339
50689
27766
61008
38946
16497
2116
30275
33305
28017
49061
28868
28206
6888
14758
28908
27058
21482
27922
11202
4727
10118
9871
51125
54196
47776
7466
5367
50290
24232
54226
4641
52556
811
5326
55854
47131
19066
33676
41516
28185
9284
32825
61998
26833
58994
51607
1673
58036
52664
8137
56439
1140
45705
49354
9393
26798
10773
40158
6217
388
48863
29115
40405
3243
7891
31347
37327
45632
3765
60404
26607
59563
35212
52003
42970
32783
23449
60850
44000
55386
32446
45852
42364
44725
36418
61308
44098
53458
57863
6430
27786
3471
6938
41652
38662
9188
25081
28805
38514
1573
4737
60605
32094
61811
9913
26512
37154
34709
37904
50821
38536
14558
8481
33282
59993
58755
2780
6139
42170
13934
1007
43917
22289
35530
4559
13535
33635
3302
40079
36823
2123
24084
32565
34322
58541
58268
587
30494
21373
332
17268
41062
60217
17727
44890
57831
17788
50777
41734
29308
21655
30422
55687
39540
61553
9641
6390
44808
26823
59159
48407
25512
4713
4444
21376
8599
31073
60244
14181
27515
7333
3883
33886
23073
8239
12989
4766
54466
19316
6262
43705
6368
31901
45452
11941
20197
1837
51918
60464
26507
47949
2600
48088
31248
7984
8902
29813
13109
49414
21004
43474
13171
34906
24658
22687
17260
4416
52535
29458
10091
45365
6308
22889
49228
54788
42410
6660
34641
16947
4831
48130
18099
41956
22278
42638
60973
23709
58412
29771
43938
36954
6289
40489
51387
24995
25192
10440
24667
10470
50534
14014
29180
1241
763
43240
40038
29382
33272
16293
7751
19019
39813
36727
5650
23376
49805
34459
40991
58891
14586
51267
20102
37818
4172
32470
30399
12407
29129
10031
18343
25375
45992
38892
9422
42577
37352
10303
50178
60016
21503
59616
51449
5162
60442
15792
41582
62074
42112
14436
51823
26942
29083
27860
49677
45073
35430
54597
52948
11673
20167
10010
6920
14928
5502
26916
21557
54401
30465
23394
30597
1173
61849
13404
35027
53045
6343
33210
24384
47502
22189
21312
7636
36245
12769
42981
4077
36346
53924
18990
57067
46530
25388
46424
20472
52768
30458
55010
6548
37884
59270
3954
20095
56474
15039
22552
27615
1244
41613
33861
23816
32084
54283
40172
7991
58950
43063
55584
29091
28977
24446
51425
57710
52204
58247
16855
28234
56040
52970
3685
13132
35429
49244
14
27398
43167
18765
56902
32719
11948
13126
24610
37136
926
60637
26521
43248
45510
42322
29441
33063
52107
18030
24338
17409
28888
58427
42023
4464
13576
12783
8176
56689
19653
2660
19527
1791
10496
53531
20995
20330
23917
4261
3944
45010
43409
22805
8370
54006
19935
10733
60287
27265
40102
19970
5985
54306
22948
31414
59054
15066
20247
36658
60202
26466
44252
24511
48325
36725
20230
59550
9604
4097
37855
60204
5769
29607
23885
59117
25527
29057
51113
46913
41420
11133
35823
49281
29719
24618
14505
9697
20580
20286
17638
45331
42567
49861
7342
37102
36831
46638
19953
56031
32458
22770
6338
16061
7019
41114
14830
27706
51148
4102
4271
52481
56345
3962
58258
55067
61303
14203
53463
51492
3438
60098
15263
59256
9942
46520
44760
58619
61641
44915
51219
25708
5345
32420
17598
25641
19232
13472
27862
52352
25203
5791
49981
19789
43148
14841
39838
47744
16352
50209
21278
57609
22809
61091
44534
7604
38994
25694
10204
30968
21170
40541
54381
44948
21623
52035
15592
55591
4758
7744
34581
26672
61710
51448
19489
47138
12725
3155
10907
12078
54644
40984
42791
39633
61135
13581
56714
34898
31360
1486
61809
60628
28663
28115
7623
4968
60425
34900
1652
17874
60927
422
36390
34143
8630
48964
23483
4638
42914
55333
6353
14111
39757
1201
10889
56273
9940
51400
39662
55112
38626
31792
10887
49932
62125
39926
24425
28010
49832
37513
3210
61897
44131
43940
7211
58721
29651
1398
48640
46058
4935
14993
58228
42228
15545
45275
19962
3007
36467
1793
56120
49
48109
2671
32907
48983
26299
44486
10314
57111
51413
41477
42218
56879
2916
34577
47210
31763
49333
17782
43395
15649
18122
35065
54056
50138
6793
40741
53779
27228
6420
60680
27301
43472
39909
38911
9138
23151
45848
7711
59757
48202
18989
46339
6812
26029
37306
28267
44945
62135
19053
3818
8720
11269
54200
17197
588
40810
27714
20463
39100
37432
51129
21101
10870
62186
59224
48370
7971
1388
9628
27762
9006
60636
10047
49444
1806
40584
36010
59597
15046
40133
11192
21451
50672
53047
18039
40374
19590
43761
23666
19275
61926
37092
35797
46931
42818
3586
39988
53065
9260
2073
14301
44065
53980
21776
36412
2698
33936
6148
33621
36101
34480
28440
28022
36474
49304
26019
56618
18266
2920
57858
22153
31529
10467
15868
46889
60463
37902
59149
34661
14978
50627
16912
25424
10848
21017
61194
27279
16130
36974
23984
5929
1840
47666
35852
20314
25215
28806
42755
35024
59118
16553
56792
43250
45761
32325
55945
35211
52595
9225
56316
45431
1516
41412
57532
33824
14871
18360
15978
56404
54501
21787
28117
2359
38925
15628
26583
25530
38784
54795
31415
29321
12454
50046
46454
52606
47837
52704
32575
23437
20631
823
25813
45612
20060
15313
32622
43951
54566
46165
49834
28980
28091
23657
36384
49180
5408
47405
30702
22777
34678
57942
21299
29537
57379
4381
57943
52771
34466
53077
24052
3426
13758
2772
15326
9158
47463
42158
35310
52601
57509
50277
62020
27840
9867
4591
23463
34118
28928
34856
3805
42575
26450
9354
34401
57743
54509
20681
11624
59253
13938
11597
18819
24162
15029
10580
52727
41916
22831
53168
41404
33388
33077
41892
52349
18151
3472
33596
53147
8303
692
59596
44704
13948
33046
6628
59990
23636
35879
6158
12320
35683
38586
36354
56111
49517
4588
33018
15246
56064
57325
52115
36164
60663
21958
46934
61450
24221
51919
50189
29527
52004
30997
12612
25437
6917
31834
7757
10668
23157
34705
15700
30364
43333
9690
14366
15036
1890
27713
61396
60861
51930
4389
50787
42343
48155
28629
39397
51839
23656
20807
45745
38898
36739
10377
51737
59266
57140
48110
55505
40196
22035
40706
14917
8542
12975
55261
50216
3264
39352
22604
39828
36223
61501
18057
51572
42680
45889
41242
33576
18780
18970
51478
1356
42886
37009
47725
9047
28413
18910
3943
22200
27103
49252
10974
9449
46210
58238
2014
44342
767
43553
40554
56211
36287
3102
28773
44167
22093
22719
25369
15684
47992
16406
41628
21717
24743
20061
52281
28319
24648
32049
23780
37570
61395
61514
38113
49401
12378
30350
10030
13882
368
61238
51043
5271
59787
32193
50269
21193
4429
37610
46050
59252
31924
61775
6024
36675
51161
45882
50268
7365
26053
46100
36710
48349
3104
6577
7045
8543
29975
26464
7594
61597
1342
41738
22269
31336
4487
28993
30550
34956
1004
50509
25538
47856
14508
50718
21850
37777
16927
62023
43124
12770
21798
10104
44434
37064
51511
37022
28323
27426
61139
14546
19518
58540
15467
49225
33754
1399
51827
43377
16576
26246
33709
29450
18724
26191
59541
61659
39089
32136
61923
21027
55048
19218
59498
23113
59322
53949
24599
52507
28749
40581
41427
9847
222
40017
30018
53094
23630
972
23683
17764
55701
1104
25012
30931
4328
3309
26681
60153
21431
8936
53599
39829
16841
47999
54585
48802
47497
46885
47157
32343
52650
2144
33381
37291
34863
32862
55343
53707
5339
18388
36632
54959
3000
18362
33495
55066
32558
52268
52463
14299
49408
4810
5913
46909
27888
26677
40288
47181
17398
62190
33959
8959
45102
22206
29870
19056
26562
20641
30353
6025
16095
19872
58118
35293
23577
27818
26565
32592
54178
2401
40513
29398
20746
50097
33412
58992
50721
31691
16675
23704
22726
50958
51844
1061
34134
55517
24685
27019
43566
4874
9100
56317
13458
17264
23362
27238
55765
35763
4237
483
4396
21036
9277
18366
10168
23695
25231
14858
52010
2458
3450
57953
6919
25670
47693
50439
9668
879
4662
9439
34861
49064
34200
50079
49869
374
54537
50253
21077
20175
8813
47008
7281
33999
55250
18796
52195
22444
7808
45028
37144
38012
51594
27647
10153
15087
28109
50791
40921
50660
52634
60527
4023
3158
9684
43437
3092
1364
28911
43927
14058
8456
57049
13121
3507
36652
55805
25258
42826
40730
39119
41098
41239
14040
10781
51256
38939
25740
43018
24458
52798
59683
2745
22921
32043
22547
58734
45566
16992
3514
30131
39275
18709
7612
18129
34665
51518
28899
47989
27930
44452
48697
7151
11179
44170
46747
14934
32461
17888
30488
54583
10803
47220
18975
4037
15808
14184
19668
11225
44740
62103
23649
22201
18751
37115
55416
28231
15418
29462
56858
39518
35679
14873
49209
59849
6127
28496
7354
33546
11302
27773
18714
28201
54145
4412
54217
47
38723
61271
17909
18902
39869
1088
38337
54002
46968
38016
56606
30283
42320
49784
19898
39861
25368
18901
46473
32273
345
26860
13682
47071
31878
54848
44651
44692
10775
15323
20157
22116
46701
47672
16694
29500
43523
60001
16552
40529
7976
14532
58804
14785
49004
40353
31751
15865
40216
58846
43710
57232
35288
5144
31775
7160
43287
32072
13367
54932
28864
31913
21732
27626
1886
31797
22892
56076
18468
19260
33677
53844
24790
6575
14297
12159
49412
12646
600
31865
32952
5598
40542
19437
9959
40689
9651
3170
15912
12043
13557
40346
6779
24291
27641
19401
25848
47650
20998
21466
62261
33752
5085
53498
6469
20691
60386
42255
24601
55202
43527
35730
41997
16124
7366
16183
15821
26059
15148
61921
5196
25026
12638
9861
18743
45730
8782
16656
51225
11845
50092
34881
44921
8298
20632
43133
23583
49686
12477
49258
4038
1843
32689
40265
40589
12057
44059
41406
33544
61959
12242
96
34841
35642
58904
13766
3257
38077
16315
8775
2372
42326
13205
40335
11371
23313
23553
4892
12273
263
17396
37757
26785
42142
9270
15989
14317
14731
29289
37314
10256
13226
52392
17749
44004
40511
37639
51269
5248
52443
24590
50475
44989
62370
57790
30046
12091
15668
385
44326
5174
37714
14215
4200
2032
41396
19090
13659
36740
55870
49657
4788
12412
35676
53635
17024
61317
5456
17720
28015
44033
37595
18414
22486
62222
4761
49743
45225
29696
2358
34650
52437
53603
41464
38351
31745
37660
52358
45015
25015
11793
46775
38162
45647
45560
56358
53481
60047
9931
60172
33800
37918
38758
31961
14454
48706
44412
48758
31262
2087
41742
47676
54341
55915
20614
26405
22263
58853
10478
17164
14779
44348
17088
60833
45820
16873
28715
7575
50896
16891
17116
309
30237
56247
15797
10910
6423
6688
9051
57507
22464
13160
55197
17794
23173
21464
40558
10821
41416
10506
56094
21009
28559
54418
26427
49104
34929
40838
3031
14909
61223
30562
8356
27604
14798
32551
26088
20424
56178
4610
48668
50603
5421
31969
56445
24397
54331
38681
60953
24226
51209
3955
11835
28031
1769
55294
18473
30044
2688
52856
18271
50351
19449
56433
49690
28472
44800
34977
16474
53540
41245
35576
21964
30221
10113
33974
39938
46360
37789
16430
8623
35983
53387
16279
18802
48642
9764
32039
9035
48621
60911
24657
1210
5886
27675
416
53193
14071
39980
41776
11228
36264
54519
32126
636
27908
53937
2274
463
56896
25440
35601
46554
19892
19350
40657
10892
13977
7
13418
28645
3216
44825
27926
61264
40033
25313
7030
27437
43810
30466
37081
49603
48461
31338
14296
12911
33729
47558
33525
51991
26959
28895
18756
59872
32751
3480
44353
27210
19200
23141
267
37097
18064
39793
36891
13941
36254
36628
15095
22887
57550
35957
56173
11303
53196
1595
8639
46572
16332
58913
37409
47428
39062
54943
56535
24138
14278
16800
16085
60772
26323
61613
5829
60411
59785
8776
30513
36893
51799
46359
14793
52442
16893
9994
41430
40523
23813
737
41777
23163
41778
52217
31761
13118
59334
38081
35634
51750
46302
55658
52608
56172
22862
28581
61800
57270
60502
10131
17641
32291
29134
21992
35460
23341
844
28990
37838
57425
12837
42748
34594
32242
45396
50762
60560
6652
17890
7138
21131
26371
37748
23532
14078
1405
60607
41252
61520
4196
13775
20744
34917
53019
49247
43726
6013
49185
10143
15682
15784
4645
5356
33368
9783
32722
59440
17303
31117
11092
29445
13848
29626
43782
39162
43265
24739
14608
21952
22260
36352
23430
55734
33895
46035
44424
58204
6887
38186
8337
2474
29844
40358
44790
52219
48707
37650
6476
43737
24512
41354
3723
37503
57399
56963
23429
50675
30789
56509
59613
45233
3096
40606
36435
1856
56268
8044
20608
18694
57967
53249
13584
50470
54400
31664
365
53002
30300
43030
31932
12134
26893
14956
19468
27324
18457
29278
59820
59132
5951
52905
23617
10771
33093
59098
40105
38934
29515
22252
17596
17235
29868
46739
52132
13506
25556
45300
26243
42671
57397
3729
23510
15146
1723
26395
48376
18763
11129
1789
38978
46881
43979
17936
19362
25436
50681
669
38411
54357
35135
30169
2460
28341
25774
48085
30145
47563
21013
31706
10682
21770
16260
1802
41092
21876
20109
13479
16175
59721
45038
22654
50841
47706
12153
26317
47617
27052
40018
56373
61043
48908
2184
33084
26031
2141
399
37332
53572
27442
56099
1651
34727
43885
9493
37195
47722
17635
58830
45234
39206
27431
37636
44041
42282
43100
33950
48248
56340
53487
20272
31569
60755
26593
21454
45669
40785
39878
50793
35902
21758
56332
61269
38951
55843
36594
51636
5403
10199
4088
25079
38053
58405
6662
38296
43551
48092
42424
40567
2398
28044
25415
31372
40189
30261
32226
5596
38142
39348
37834
52667
38516
28855
23902
37350
41203
38208
11290
44335
8556
55280
41758
28199
15300
51571
53337
54540
20224
26999
2190
19031
11880
4647
6254
19651
32807
39800
43301
36598
41615
9666
50273
11639
5749
18625
6318
3072
16367
4158
44569
1038
58342
47306
26077
31612
25950
29940
25196
34598
1471
2846
56976
9846
37108
40417
35720
14802
40441
30863
45645
54329
8760
23432
14944
35987
49894
693
41529
57063
58528
60842
9581
58572
17003
1481
45270
15657
31104
12450
4164
50335
2424
28369
36978
15210
52147
38066
47054
56245
61249
53457
34248
59835
55541
45595
49778
57539
2078
35393
33153
2393
42393
5927
4302
10495
23699
17865
47408
27901
8190
53938
37609
47745
41928
51207
5675
50729
42359
12476
44812
6064
46384
37091
33538
38423
9211
566
22173
13108
928
26962
49777
48135
10604
28347
5255
30580
45263
15795
11332
41803
8087
20536
22894
42705
20735
15536
40329
22350
28858
2733
17515
45172
5892
58222
2147
24827
11806
3691
60945
39123
58135
51475
39293
17228
54541
15478
8240
8560
51702
7764
41096
19368
45401
29761
51249
25628
18300
51543
12074
46900
56958
34179
17465
15741
56408
46777
32138
15952
14916
37564
38940
51531
1166
27378
58775
53925
48276
49129
20599
4415
32809
16963
9990
47226
31503
37143
58745
53629
37842
27582
22187
20781
35757
41401
24092
55523
61810
5059
39438
26645
23169
16269
13
306
41751
59010
21467
16180
10841
3030
18504
54545
2807
5140
7334
50871
3126
35818
27339
57132
24427
16296
39503
62113
19203
60971
29270
31741
2310
53761
29415
9927
60655
8046
14324
12530
61070
4655
861
41383
41876
32984
51764
43632
62200
44670
8984
111
8245
33652
494
47786
680
38128
51858
46609
60536
39825
44531
17372
57225
61585
15772
51592
8145
55388
56108
616
28451
39996
39621
37592
6933
39208
52884
56014
47588
45045
45027
37972
39305
52104
44943
17475
14723
32464
57319
38882
11022
26514
26336
6769
62002
59860
23379
14804
60952
29074
31553
20592
10226
44669
55228
32210
21256
10399
53723
8554
60415
22125
38098
42716
33390
31802
2538
42855
5978
41673
25967
32904
8689
42073
54794
49242
16268
22013
56650
50735
60041
20639
41656
48630
53068
31354
16700
37514
48991
395
55913
28390
30941
37160
2126
23039
21317
27688
61316
36375
19121
1826
20249
43320
29660
8299
17606
744
7661
21895
10958
6016
38479
47911
49726
16109
10384
48995
10500
18998
55170
13253
17592
25165
48115
33570
5963
37782
47259
16834
42081
37168
1069
61706
3245
53669
41835
27224
3516
45935
47823
27074
18915
16889
52699
31780
12024
61138
18148
41525
50197
44831
12733
51861
5122
41950
8500
20794
38468
1350
24157
41243
37363
46943
41456
22749
61701
34177
29082
47541
58655
801
9635
42522
26228
45007
60149
1591
38084
4541
38139
41498
42836
36232
46604
40056
38979
59249
7875
16083
39071
15583
12819
24469
11581
32646
59289
48041
5316
12869
15475
59234
650
50712
14935
10269
19020
61834
52497
52123
49616
25320
42654
46546
59104
15518
32673
15875
12739
59005
59504
17114
44190
6438
46772
29284
41281
13891
1908
28215
61941
49474
25327
16913
39170
44435
34735
11621
18347
59564
13392
21506
19105
32222
9300
35713
22789
51446
22402
18629
56052
13619
33205
35380
10393
50486
25729
8714
27114
7088
21818
34183
59839
31003
7856
23900
5216
40479
36055
50384
33934
26602
5178
57286
25785
59911
5807
60593
13999
53489
57645
54176
11112
7488
8410
32087
21357
3508
57677
49083
40281
10082
14414
9630
50778
61064
59353
52993
51199
45156
24668
56808
48655
52300
40480
13961
53509
43134
5454
23883
6186
44771
61594
21846
16032
49702
19023
48154
47484
10898
7469
44157
16419
36315
6383
53409
13056
11555
53351
61036
48783
6451
31762
56799
20085
3824
6740
57418
40200
15123
4327
3185
47518
43921
60262
51689
12104
6418
35122
24907
56189
28227
13387
60166
1604
37247
10968
45758
47374
48838
10718
22161
41862
8387
45451
23427
30775
9174
6816
30278
21833
41089
33344
11285
49691
56966
33061
31072
24307
37793
56935
52674
43128
12185
47938
44791
5872
36716
60380
43687
52896
35180
40775
42423
37159
50709
29958
13668
40147
8872
9458
7161
23128
13554
3792
25841
31437
16864
20813
25351
26346
21480
41080
3110
9450
29155
61224
44610
1093
25522
7269
39088
42778
38736
56982
15364
9391
48456
2586
44873
17295
36815
54011
35150
47158
39471
54844
41126
51584
28817
37511
11469
14778
18926
21702
18590
54967
5580
43007
47093
15132
10726
45673
24650
40411
809
33919
42463
29555
42188
45449
2864
31690
47964
36325
27069
52743
49000
4910
47150
28643
12313
15794
59707
37292
28431
52022
23133
18513
35748
24021
58350
22424
61403
23467
54868
1873
35659
3671
22580
55198
38204
13082
5351
55943
22357
43776
8674
28113
32149
8735
57392
32270
790
30332
15934
9023
6435
46148
44085
60227
27970
57910
7322
53809
3720
27090
35604
52039
55363
56432
39050
12599
22203
59475
53983
11804
42961
20815
38069
31158
12553
46983
28685
45129
60791
47675
30501
30541
28301
11770
61215
13524
19224
11403
3528
60067
17780
56723
12605
21858
3163
60940
28677
44652
21614
35725
10627
18130
56840
52724
40595
19989
57775
41554
45031
38952
36828
17836
1752
25635
46801
33855
52448
56676
14453
59324
18253
50522
49889
8448
10544
36714
54642
36856
26454
26051
27525
21311
44377
12422
244
51996
30306
16317
15366
51903
12357
31943
31960
39706
4036
53529
20193
12798
56244
6947
7793
41972
57277
43381
17267
39607
42236
61628
53638
39754
50013
6237
29750
16982
49705
47883
1700
61976
34801
39240
11665
20703
25922
2329
37007
18149
39613
42356
33209
19248
17366
57682
5501
25794
47595
7206
4212
35162
14210
36029
39635
23727
16776
37673
11940
14638
3750
41201
46388
61736
45289
58233
40387
60424
30186
6749
11828
11884
50617
31708
8243
43864
37220
41545
56205
46928
60776
9559
50916
61850
43432
17072
60579
22106
39193
46637
51534
36963
23486
39682
6755
24798
1442
26868
52446
54160
43444
33993
28523
41500
18471
43088
49236
25878
44047
37809
53344
956
31239
28650
41685
28140
6111
28097
41589
14039
59882
6432
26482
59399
54961
2805
49023
31980
52030
2411
1125
3497
36259
30433
41632
49803
24374
52381
40980
20965
28489
4736
12505
50238
7181
41453
55243
35497
43878
60980
56437
57490
61320
39114
61808
15280
7219
44132
25420
38682
26717
56582
14121
8713
3303
51599
43727
32545
16778
41262
14367
13033
34554
51200
55127
23560
38131
8918
28545
4784
20154
25675
60409
10169
10779
21981
49005
24261
60521
35018
27603
56339
7758
28473
17424
14600
22806
24359
40013
55463
3327
17311
29277
36665
22355
56023
2159
41235
29141
13343
45382
8773
9529
57494
38676
4795
30882
15003
41692
6311
15907
52170
11998
24631
5836
19886
18803
45960
29557
19302
19226
54684
31643
54789
59863
44387
30571
44016
58612
57368
52953
38660
16467
7256
4885
19641
34072
21863
60048
55856
31896
1589
57842
61677
38387
10618
34943
30746
35762
34754
11716
43158
53156
8948
21044
33891
10246
39821
29341
21192
31974
9078
47756
32093
16845
39844
31455
61948
14207
10152
57405
37039
56564
25234
25986
24403
58810
14560
6639
33115
32183
37931
28768
35873
21987
52678
59372
7280
16790
7092
37705
39746
38381
16543
9123
10201
8418
4553
44151
59326
10122
29860
230
50413
4669
31883
53994
18615
24690
11054
43075
12076
30371
27893
21102
14747
1519
4649
22912
48201
42547
28779
57293
27402
44575
11369
35482
30805
15904
14681
33348
32734
22744
16797
21342
16331
25024
28480
22270
47303
4763
12449
51546
42015
20810
20667
58793
19250
48017
16535
5280
402
31812
61041
52764
37850
12602
20359
42659
6892
54168
39395
50170
36884
3198
4205
44545
19739
28840
28073
11068
32137
11891
3248
26381
39467
60020
9137
2645
2286
52486
43450
46812
5734
33748
61551
38059
18446
17922
52962
48230
33378
6497
23001
42725
37326
1415
34707
39431
55626
12606
40043
6980
42016
34746
28490
42137
31866
4223
2149
8694
59903
44080
2856
62319
44856
11987
48997
12745
4500
4300
55318
57957
59672
13931
42835
35202
55383
19906
28680
30151
30756
5206
52296
39195
7006
9223
43029
34824
19777
8927
558
17729
51802
35876
37419
44263
4019
9664
54320
20057
32122
45727
36017
28271
61203
55173
34623
34497
1939
56558
6054
48552
30763
9363
59583
47970
52388
61158
60459
12628
45791
52085
61823
59370
3399
57899
29363
12626
937
18684
38636
6305
56912
58791
39339
12307
61486
42756
46692
23170
9829
47908
26574
58375
13406
45070
24114
10016
14605
21355
30889
40146
36003
17651
49499
48054
50114
25260
8973
56884
56971
26277
61205
41250
58615
39532
37718
52262
32578
36711
8683
20434
27849
57586
23131
14764
56756
31742
35583
20082
55904
38967
16588
455
47749
36938
16987
59246
27470
52423
13964
37560
28682
23728
42093
33248
47388
7260
54386
47880
2641
28172
45910
18014
59862
27034
55247
59081
10861
57147
49123
44056
35175
16429
1032
32205
54652
47596
3602
60253
41150
10760
17787
30994
17706
56295
29061
33258
9539
26505
51853
46448
43970
3209
10943
35360
23688
20356
8508
14363
49066
2425
51103
28004
10186
11056
36167
53842
18207
25332
52429
49854
15983
22516
14368
49679
53805
45279
3815
39620
27476
35588
36124
8367
56308
20530
53104
40932
6199
44350
43338
18764
13322
18212
31620
13924
55049
22859
29652
32501
34129
42764
1807
33506
43768
8014
43755
10260
40090
4589
26384
42215
26280
10884
47707
51467
24421
42333
26489
20792
18601
60035
47861
19583
12132
8338
47524
6183
30420
12144
9372
60221
16437
6229
35765
3097
38667
16068
40780
47207
34427
35085
55916
49684
31909
14790
60892
19153
42828
8039
22527
51346
11913
57780
56122
43780
33005
34540
1539
1254
25035
11546
25073
11119
52260
3527
59879
27950
27121
30578
44611
54408
41784
50933
19416
45906
14616
47411
11966
34806
25387
51255
8360
14894
26254
7859
54228
28788
50453
55038
56517
59332
1821
44730
8219
4473
26641
27293
30171
22530
16212
39458
19068
17330
51561
35746
126
8994
57853
50314
52838
55579
43327
21038
22281
12151
29634
21273
52331
18951
28963
29623
14261
36603
7100
60709
46768
42563
36928
7855
45963
32516
5666
4528
50154
2197
29659
27155
15063
31627
48849
6708
61405
48850
2947
15949
43394
41018
54082
47299
32782
36373
5527
15096
53616
3733
15810
26548
45627
37615
18231
15010
35327
32066
1113
37077
58191
24705
8646
12005
52576
9984
8156
21980
58515
13985
36587
62011
23002
1683
24605
35232
24984
27083
40419
39142
23093
14609
44239
49951
47147
28923
47825
8788
25984
24563
969
44154
32601
62227
10747
8975
343
16031
24609
35104
61954
14641
48392
42737
29
2795
9297
58015
33750
35654
34879
19330
35133
26298
62335
53110
21330
54611
46886
20352
47791
36757
9916
31640
10713
54399
20508
50667
43572
20098
34460
32916
58727
11658
28428
52767
18996
57855
13339
60216
21375
29009
13922
15836
54267
22833
11312
51940
49011
9965
54115
35125
15815
26629
17805
24804
5220
34741
13779
26124
3082
47278
19835
17691
32376
49486
56705
55412
61417
16247
29156
44489
39347
10689
5118
58948
52142
37890
38322
49675
41932
24566
7387
8925
2986
22261
4846
45403
49930
16979
17531
47208
21099
31856
10903
24805
699
9064
48167
15424
4455
33025
24660
54103
21396
54930
42664
53828
12852
4632
10109
42983
22234
32909
44767
31997
41547
59305
9729
15158
47702
16435
56346
24949
43253
21580
19055
22908
22725
10126
32281
5001
19147
59676
50429
56955
42195
23060
46844
21699
336
7431
62102
23489
9161
32441
43866
15707
59261
23919
2422
42935
37473
25973
10987
57487
5233
42403
15462
36344
40251
45821
52105
51186
59593
58003
22846
39525
61724
15556
769
31907
4176
15254
4564
9851
45682
26930
62121
33296
4563
40188
4333
13034
29618
13154
47942
17172
36062
22069
4627
5062
11800
12923
42584
22016
52545
33882
60964
36177
52978
11754
8119
60724
16266
52280
23951
33127
54979
38735
40660
57657
18948
1071
11198
41820
58070
54219
15899
60569
39918
14262
32706
12124
53191
5063
46884
38034
37242
26844
58534
43022
58719
34743
57451
41361
44257
52095
51771
56068
54951
44415
2659
13398
39842
59711
16257
40784
54584
903
47126
27239
29992
7564
31424
10494
1679
18873
24459
22373
18134
2361
5249
24040
18842
59203
44804
47120
18775
15920
38523
56835
19883
3144
22308
24641
48097
32987
12317
14437
7874
28673
47833
5152
34084
16506
34173
50455
54628
19564
28173
27577
54019
25575
14171
53257
17215
39281
19578
25600
8875
10603
44205
34572
24018
7943
21526
6904
53270
34614
52656
27552
50174
54162
25564
52469
45809
61943
30443
3510
28316
7687
52984
25991
56046
28439
12021
41513
26760
27026
34209
18567
20452
6386
24841
48500
30934
7041
55278
41083
32314
35525
37517
48027
6250
56253
25941
42518
1397
60489
49051
47943
2544
61424
4304
29883
11930
20092
4776
21786
48876
56405
44371
1982
58506
27987
34213
54867
12979
48010
26049
47274
6777
6315
13158
47865
23621
32477
31512
53213
39338
41165
29698
55685
13153
18020
39880
55476
39506
46892
52672
1623
17005
54486
41033
57897
59447
47859
22023
40404
21298
13845
36854
48687
61841
38717
27923
14172
59059
40665
31103
60807
47165
55003
36673
24442
15370
25417
48892
37763
7557
26551
49286
27979
33377
51114
246
40734
8134
38571
5682
5427
20329
44251
11713
48380
29509
48178
9079
42115
11530
35860
14850
13206
54137
34909
1796
48317
46788
16894
16078
12620
26174
60681
58676
16357
28597
18393
44447
28342
38243
27099
29927
54871
26835
11570
22834
46011
11229
51943
39495
60
6687
4085
51034
17453
24063
17712
97
1783
23231
3925
35072
61768
16113
27070
34049
46090
980
38747
11908
19815
23563
18108
7313
40640
55507
5036
48084
26817
34591
53766
8716
53771
55270
24541
24219
25519
22689
39589
24612
1232
38793
58581
42511
31417
30529
41557
49716
21418
37271
13048
37659
54392
33690
51189
10013
5881
52029
22763
39843
29116
39791
42243
42461
52322
56083
52941
533
16117
25095
31382
17736
27789
30117
56060
4747
21422
32150
23291
11541
53127
46009
59402
7535
47852
5322
38764
1500
46271
27417
492
60369
5459
50972
38345
57167
31564
29996
29364
60453
50387
15082
32155
16434
9750
16176
44734
8202
9676
11843
571
28957
31509
16630
59920
8678
20335
24320
28217
1307
61852
50070
13192
21894
39225
25619
3631
30492
4208
8345
12156
34835
38608
40440
23375
44674
33467
57697
27416
20640
50390
32621
3869
11964
30869
9828
39663
30033
47344
35648
39164
55692
45495
49596
54053
7275
21203
59139
55983
15086
1255
453
1416
46653
39534
16516
12488
14601
10191
2119
50088
61083
6184
31863
53808
59886
39501
46483
51794
11330
14223
40940
59058
16617
34542
45127
13009
39396
14719
51620
9171
7778
36751
51404
4631
46782
23097
19135
32603
29384
46034
39456
58345
61665
48573
14583
9920
2895
2699
39653
44178
17357
7343
39307
45654
12002
26442
32860
32052
51976
50626
33717
47792
58282
54771
19168
11025
34886
27036
33968
46270
58096
41624
8098
20509
21767
18472
48524
39939
27021
37430
42782
21917
45547
20829
30138
497
29407
22545
29431
57812
20023
18075
16755
2715
28884
45765
25907
46445
54573
9324
22584
41038
19985
15216
10220
43071
48637
52056
33821
18966
35841
36111
57249
58109
19180
25219
41569
16093
22191
23635
56954
47376
46854
6994
22585
45469
11887
61235
4845
10439
31160
52961
9461
29971
53017
55727
54658
40996
44922
55764
54295
17411
50674
13513
11295
10198
22109
13365
19284
44512
11363
27613
3966
31169
48873
1024
28662
9873
6213
48680
24519
10000
21366
16214
22685
8996
39727
44502
14009
43083
15383
35461
2766
21800
16861
61412
4604
41172
6983
49265
23624
39068
34652
8931
44028
38328
57571
41651
273
3842
45638
42012
37454
44105
35452
858
34135
14701
9489
35872
60276
45741
57431
61805
2251
6329
62195
49323
52064
31005
19367
11660
13311
29031
50275
20416
55110
53857
41333
44114
32963
16465
48044
27137
35109
36178
37521
39905
30591
16286
25263
34818
16418
18585
20648
61889
8876
49416
26727
51000
20029
30741
36781
15483
7756
2722
22000
40275
20975
30223
39112
12968
52616
53324
11080
44587
58154
8709
59354
57096
9766
1423
25108
41634
718
12211
4693
9031
49360
25911
5878
36169
45247
34892
30351
6545
5031
55027
51650
53661
53520
105
18059
53282
55334
34054
13194
59321
1014
26429
19771
19998
31298
25139
34035
14485
19184
41019
40836
60497
36731
57044
1537
17590
5341
44688
10590
24572
35533
7212
58110
17961
39031
17899
15492
35489
61930
7652
28025
6830
2312
19440
23943
13125
50145
12270
420
27440
23911
5323
18363
13846
19451
21002
26529
3985
11415
32443
25295
39262
21140
60010
7278
19295
32875
57030
53212
36775
46506
15524
14588
50065
20881
42969
42078
24223
55269
21923
59242
51890
31206
1462
31526
25799
36933
46304
36820
3641
13287
49509
11927
8171
50790
26106
11946
60764
28846
54305
24703
55919
25447
1180
17498
33278
26788
5605
35345
32745
7837
13289
43140
44813
41762
43614
57583
42975
60976
13193
25793
48574
17403
23148
37899
36296
26195
4423
16301
27107
30939
26087
14276
51707
51939
17389
6168
21950
60356
41045
17310
4090
73
57331
52332
61908
45219
21133
14369
3512
20806
60191
53870
48190
34797
7578
7626
50996
13770
19003
55941
19817
3338
6067
318
8615
30734
58280
57817
40195
23445
10715
19035
50122
59680
16136
30389
57508
3258
49088
46759
37014
298
36853
21169
40892
55072
46920
32906
25464
16847
48290
50669
59367
46434
32724
60552
1114
33242
25273
37240
48713
59706
20015
46717
57493
11906
34339
10295
34195
21631
54738
19559
42086
36874
11983
42704
62060
58963
61167
42773
10720
38464
49750
6280
25389
27732
5956
16541
12969
46640
13990
13716
18945
23953
24656
32233
42179
31839
43487
59694
30359
25336
24296
28084
57079
11622
45199
61589
8095
34231
3240
56972
3914
32870
10980
18395
57915
11904
33938
29970
21159
56379
25969
15927
30595
23772
429
5467
12917
27117
41535
52645
45662
62214
14365
338
15316
15902
20218
26804
62279
55035
57515
12496
54643
