1000
-19 -533 331 -817
789 74 -819 -138
-418 138 883 -434
995 -673 534 525
56 565 -887 172
-662 -524 -900 124
-249 -583 -769 -537
738 -800 -176 -25
898 39 306 215
-224 945 47 -98
980 954 11 -703
590 -737 931 221
431 150 851 -659
450 491 -611 -629
-475 98 -152 -268
-694 -908 -955 -368
472 617 662 -298
969 966 -28 -61
288 -171 -321 -389
-93 -760 514 645
-551 -732 726 684
271 -941 349 -128
731 129 622 588
553 878 853 216
948 -441 -341 861
153 -930 202 -985
476 -23 31 -180
-497 -72 -475 -738
-607 741 -772 307
854 150 -653 -877
771 -23 -550 -989
893 172 862 -998
-12 -562 324 629
698 31 -113 244
104 -6 354 -409
-640 426 582 61
-836 391 -982 664
852 -373 67 877
671 665 -655 -225
756 -263 342 -194
78 -991 -270 953
412 787 148 -786
-268 -433 55 81
348 735 -968 -913
122 164 764 -760
265 124 100 146
734 -870 895 -406
-925 -193 -305 -911
331 704 556 654
208 -276 -721 -211
-133 -319 890 -652
709 815 -773 561
744 -423 -270 208
141 848 35 -534
224 304 -64 -105
184 -289 -829 -441
-465 626 -870 -701
72 -739 -982 -903
232 249 624 -406
820 -502 -431 792
-481 -18 804 50
-934 -828 -213 -968
612 814 -108 370
981 -839 653 855
575 -170 -214 -517
830 997 -568 4
-439 -220 -678 -478
-548 -914 436 -346
-263 818 169 -496
-245 -811 798 7
-627 116 -839 -427
-1 -179 442 40
225 -413 33 2
-563 -404 487 -178
-83 75 486 316
49 -801 -239 -683
40 -721 354 -204
752 -290 -420 -56
908 253 -138 580
-944 107 682 406
-47 309 -492 556
-885 -515 -191 -703
-615 365 -268 -349
510 280 -14 -326
557 562 422 229
790 969 30 735
432 -692 214 139
89 973 799 -959
92 -744 -553 42
-911 39 814 549
-806 917 -688 495
-998 -258 711 -825
-407 -38 151 16
664 -35 159 389
871 -769 845 777
916 818 679 -264
-377 -218 965 878
-529 780 686 600
116 -848 -998 871
537 847 -915 877
-393 -725 418 201
62 -173 567 238
-561 -192 -847 -764
288 558 -152 905
709 704 196 -985
-259 226 985 -273
-262 184 -959 -738
137 -217 946 -776
171 260 -992 -320
-288 829 -57 -483
-607 -399 -112 702
-550 -879 379 -720
-542 863 -691 -605
-528 196 -665 -279
-749 640 572 4
-347 -896 228 -512
-215 -560 215 310
-927 661 -106 -762
556 933 961 -461
-798 403 439 -978
755 -64 297 407
620 916 -315 568
275 979 550 680
527 150 612 950
113 -451 311 -163
400 -804 662 852
-9 235 122 -837
-466 -203 515 -1
-695 340 -404 -578
-593 959 583 285
332 723 -836 382
974 445 75 -459
-943 -340 390 479
-394 169 -98 -17
-655 279 -714 303
-215 881 -272 42
-992 0 -517 -612
274 -85 -6 475
-706 311 -358 -636
-755 -84 71 77
539 -886 147 -488
-563 588 629 -572
490 492 696 -478
689 343 -333 -700
469 -140 -722 846
-358 -8 -29 -935
645 -637 -396 -827
-420 635 924 -75
-280 -137 395 426
916 -834 -693 811
877 814 -846 -991
354 -111 -86 761
785 -637 -846 -352
-681 869 -982 867
-237 -705 662 -915
-472 -593 -65 -984
165 599 389 -156
-167 708 -517 293
850 -727 338 908
-896 -475 -247 28
455 568 -18 -633
230 439 -424 941
-75 262 251 -834
391 -734 -658 -834
372 -327 585 -425
-238 -620 376 -555
-671 396 339 864
-443 -702 853 539
-348 416 238 -222
408 -827 -196 61
659 -277 -444 -812
-133 -798 -943 119
710 473 -127 473
900 -115 -737 200
-791 12 356 429
712 -706 -851 -985
538 -514 290 -811
-945 -450 906 522
-582 714 420 -666
3 -763 -659 -162
351 -370 -524 -245
-419 520 -794 -9
390 -757 938 869
-804 -218 718 -146
265 882 885 909
212 -703 -810 259
-999 -36 -393 102
-670 242 -959 973
197 -880 870 -695
908 891 -163 999
-269 -78 465 63
330 -757 -48 177
-159 24 -850 502
861 30 10 12
-602 720 242 348
-680 592 -672 -260
-147 -745 -76 50
920 926 280 214
-219 614 -157 -520
-720 51 742 -427
-723 917 123 -106
629 -131 66 613
-833 -538 139 387
-666 -485 819 935
-372 86 -130 -191
-298 -743 355 -779
100 -919 485 403
882 897 -390 -309
310 364 -354 -355
999 720 -377 -283
550 -706 4 -925
-152 757 -363 -995
-63 -825 -923 -522
-717 418 941 402
-768 721 -281 168
-808 572 -569 601
831 503 -982 875
-265 -443 598 -940
-353 -418 -645 241
-658 377 281 -270
-352 -846 -491 -964
-692 -222 625 524
563 206 -938 -925
98 -594 560 -458
-351 -208 -565 209
-683 -362 -879 75
-977 695 -684 -640
70 578 -209 70
402 963 477 733
819 -809 -630 605
485 1 -640 882
514 -198 -350 -854
-826 331 -961 41
95 -36 -58 356
825 -270 974 641
579 341 889 835
76 199 95 -706
600 -939 -821 719
-376 174 151 -179
-386 -54 401 914
560 731 695 124
-33 598 -305 988
-759 -307 -711 -855
-612 -154 -996 453
781 692 246 579
505 314 -214 437
-56 -158 -905 -715
755 884 -563 -644
-926 -812 -342 -426
-985 567 -212 -50
-607 352 -100 -609
783 -527 -106 765
-615 -352 -887 -51
302 -900 -307 -585
91 68 -184 -334
722 -727 961 -416
607 -989 -928 189
-849 926 998 -138
-482 45 477 78
-398 -261 437 -625
45 -28 -214 412
-928 507 -850 709
226 792 362 816
622 -396 -632 385
251 -695 687 -771
-164 -172 -613 821
-998 -527 -669 -758
-971 -651 323 -505
292 816 462 -319
652 -749 -551 134
-934 502 327 661
703 587 -750 -949
728 770 13 -303
36 -854 -913 565
-535 -232 882 -593
705 -344 -430 -754
-212 -864 -601 -967
5 -334 -146 629
-234 509 768 -611
40 -288 433 586
-650 -791 -50 -897
-932 -646 -613 300
-851 464 17 738
345 -367 457 -390
-541 -132 -751 667
-170 900 861 923
-737 -74 555 -339
822 -428 334 197
943 873 6 -380
348 1 170 282
-971 -628 355 944
85 -420 -264 793
-796 782 -970 633
892 106 -181 683
370 -782 -570 843
-870 -892 640 38
409 -512 718 643
657 256 -739 -997
-796 -487 -422 592
-799 -187 -338 -942
-18 -557 601 809
-533 -479 -308 924
866 -32 -160 -367
86 817 -412 369
-56 -815 -619 -860
-6 -539 -874 558
723 -852 964 309
-534 828 770 -837
-385 722 577 -595
-385 699 -510 -506
289 -632 -121 598
634 951 -608 603
862 -39 -400 414
-412 -995 -547 129
-336 -784 460 -660
-705 -1000 564 125
988 723 205 222
497 -209 897 -200
-963 -526 945 536
-664 671 -231 -724
305 -503 -84 776
362 147 -232 -181
-822 88 -958 -354
-349 463 -621 -51
-972 -404 207 323
495 -160 588 -152
132 -388 912 500
134 714 -992 96
836 594 850 -810
-338 458 467 989
-193 735 277 -120
-333 -567 -368 -417
-185 -207 19 988
425 591 760 750
46 170 622 97
-202 -54 141 -589
-159 -967 759 897
-253 -757 -205 587
-971 -768 -407 721
-449 -504 321 725
332 -718 -509 -360
474 664 -614 -386
928 -153 -916 -675
912 -181 92 863
-884 -43 -127 -500
-47 610 136 856
606 170 -602 925
-688 -636 -660 -484
-458 -168 -183 468
-216 508 757 -531
907 558 112 -489
-724 -190 -692 -597
863 -945 706 -14
870 -207 -702 -653
606 720 -764 798
-288 757 369 -783
-63 -375 -666 135
-688 -922 734 273
-898 559 -51 312
44 -625 -470 -946
888 -3 -118 453
-227 -962 558 -468
196 776 283 663
-91 762 -556 -581
13 383 237 -936
-617 185 -715 -400
272 977 -21 415
937 639 164 762
-555 -926 858 -894
256 291 175 -744
831 -395 -186 13
578 -17 -137 -944
402 805 -40 526
-585 -212 -548 -342
-411 983 -217 718
-665 1000 351 199
-52 -385 -998 -139
-363 -174 63 -207
-940 267 -295 -579
-209 -626 -770 -93
241 336 -555 -684
-163 749 277 260
781 -213 -127 -582
-353 160 235 -471
824 361 -679 986
-934 -840 -733 682
207 135 807 -279
-528 -452 -427 -313
-976 900 4 886
-682 484 345 992
964 -654 -428 567
-807 -174 -932 938
-3 162 757 320
-81 -88 -146 -553
-35 894 409 -203
435 247 407 162
385 51 -783 -960
114 565 -82 -135
-291 226 563 -596
-740 -741 623 -631
-510 706 -295 329
344 229 114 -295
957 98 -659 994
-776 29 934 814
8 -373 385 621
784 -370 -347 -691
613 588 -511 72
530 -118 912 -138
617 -999 704 -440
-247 842 670 -856
11 -333 -54 -228
856 804 269 -620
-631 -253 154 945
341 484 434 35
-191 -978 600 756
104 355 732 -150
-749 833 -668 -662
13 -860 941 282
-62 -632 -182 -950
816 41 28 -585
-931 -390 -19 780
231 866 524 449
152 -539 -890 -204
348 -85 411 -76
-648 135 496 -770
-950 -173 254 -169
-870 680 121 -326
207 999 -330 -383
-872 233 -257 -17
355 -79 -661 660
247 399 605 -247
654 -216 104 -453
-237 -861 -844 485
-621 925 988 -564
371 -678 -889 974
117 599 -53 966
819 -795 -51 -254
948 -326 834 604
-170 -875 589 -507
-120 567 946 863
-110 -297 -301 -237
776 351 738 110
779 -882 -214 159
0 -773 473 -287
-968 559 899 147
-91 -616 807 393
186 331 -717 -258
346 240 -824 585
-497 711 645 767
-16 -982 -788 -796
-41 -836 563 813
191 380 188 -766
-644 -505 -236 848
-902 326 -747 -427
-375 796 857 354
-623 -773 506 783
-679 -846 -268 356
-866 405 885 -53
198 -794 -576 -256
483 339 830 -172
-492 -629 288 183
509 875 -708 262
115 710 -10 978
-611 -347 441 283
-32 -503 846 498
750 -211 -857 -704
-691 -419 601 951
-642 -841 -816 767
285 -125 -720 -12
880 951 342 -942
-740 -104 -462 282
-568 370 -569 -841
-348 -512 -850 255
37 -621 -839 -973
68 66 468 896
-487 748 -809 229
-4 450 376 -926
895 -857 -641 114
-572 304 -798 476
-318 -724 636 -287
-998 -53 -783 809
-686 -387 -882 -844
671 66 -964 -998
683 -237 13 -913
57 241 -801 -743
947 -227 -606 -254
83 -772 543 -408
494 -42 -307 -202
921 774 -477 -418
908 -216 -458 -765
-338 657 -834 712
925 -346 614 -785
-175 -465 -584 570
-393 -577 412 941
544 219 322 -35
883 132 985 -702
-684 662 -149 -856
-941 486 -454 -398
-453 -533 318 -38
467 -76 12 391
837 -702 -491 104
-19 -670 -3 -876
-495 89 -520 -606
907 554 773 -961
-448 251 413 710
28 898 -611 -687
234 844 237 -682
-585 -321 -760 355
90 -854 -123 383
146 -435 -116 -938
53 716 147 557
-601 681 518 -939
565 451 -961 -732
308 158 -503 731
980 -974 -662 156
734 502 689 -337
-704 740 -524 110
793 -18 -784 506
-557 725 -697 81
-352 -194 -32 645
-770 98 -162 656
570 405 -834 152
345 -742 755 -7
54 790 -810 780
-966 -386 892 428
-541 46 554 -174
141 655 -729 866
683 88 -327 201
-662 -549 225 -97
-58 901 576 960
-386 -527 497 846
-558 -27 -200 749
-513 997 447 -135
-978 -929 -826 468
-395 623 -304 -190
493 736 687 -212
-808 -632 -484 736
757 516 -459 171
532 -540 726 -98
186 410 -546 95
-173 762 118 825
-168 -880 793 85
-945 388 136 165
-808 748 -333 -448
894 982 253 587
-694 303 700 -167
108 -795 -578 420
190 733 710 402
377 -905 -656 -943
673 -332 198 -968
-558 525 -956 843
924 817 200 709
873 123 -845 917
-285 570 -852 884
245 742 -385 -486
528 70 -682 669
-30 -999 -763 617
146 834 125 -101
-904 809 -744 -260
747 788 -356 784
-647 671 -474 642
-385 185 324 771
694 616 -178 792
958 -55 -718 917
601 301 837 -913
-445 -513 -415 -127
-801 -658 116 515
-621 -79 -946 -279
452 1000 770 -422
-598 -244 463 -883
-420 -213 -867 -578
-179 -315 -325 999
-608 254 426 286
116 357 -930 -111
914 199 299 -776
971 280 -425 95
404 918 -305 -372
-410 -570 825 -16
-774 54 552 649
884 -931 -821 483
-548 10 -611 278
-74 295 391 -415
-815 561 -787 -750
-780 -285 -666 -247
-670 145 -113 551
767 472 -735 -392
-387 253 -266 872
34 -820 25 284
-762 -470 119 755
-833 295 -227 994
159 -638 127 -635
-712 318 -911 114
701 678 -351 -124
568 -163 -530 -187
-465 -261 946 396
424 -365 -469 748
986 861 -827 168
-461 486 -938 -954
-788 -574 51 -446
385 812 -211 -779
-964 -97 -943 -738
165 -71 -625 -328
-773 -898 47 180
-697 -660 -921 77
4 528 -455 -242
108 64 27 -983
-481 -752 604 75
-708 -425 -563 -286
-281 620 -85 -215
-791 775 150 992
-309 207 -718 424
725 820 -941 -8
-518 -997 -257 -41
565 757 320 -988
-912 801 609 -909
-903 -478 -734 961
841 773 -347 360
-31 -320 -692 -600
461 878 -611 -343
456 -408 -978 -598
-99 20 629 761
883 424 445 459
-447 -572 195 -692
327 -241 -476 731
896 -605 594 -325
-243 316 -110 -106
-543 557 466 -252
19 746 -965 -266
-799 300 856 -154
720 -95 41 145
-493 861 -900 556
-797 -982 -896 675
162 -802 -981 934
193 -626 420 -381
-614 623 -465 79
231 926 -317 -702
865 -108 424 271
240 -938 279 853
381 287 814 270
299 544 -152 -493
535 -605 -847 -337
-660 524 -658 -782
-73 -358 862 710
918 -153 121 -646
32 724 859 888
936 456 -910 -810
830 754 -690 -502
57 -632 -202 -375
-814 -748 512 -87
-188 -623 636 835
368 -224 -854 -724
692 -74 -953 -555
-658 -238 -709 -932
273 -629 -751 -290
-75 25 -542 -753
965 369 785 753
826 -890 403 680
-316 827 582 387
-800 743 -858 551
6 601 200 992
-335 750 -719 971
-115 -409 -745 -30
802 -670 375 284
285 621 -158 -93
859 -940 -652 266
-746 143 -980 -6
23 665 -191 -681
317 -726 -904 -867
-495 22 -612 -307
60 61 -647 785
320 906 287 -680
922 517 930 217
-717 -481 437 -767
-663 -405 -590 880
-412 -937 -928 613
120 914 900 543
888 997 848 -851
-92 815 -862 -527
-972 800 266 -13
-834 -8 -535 149
-865 -818 -217 165
-57 158 512 -265
-36 -308 -876 982
936 525 962 4
302 -838 -454 653
-146 298 79 857
441 767 445 -729
531 -344 -918 730
443 -72 754 408
-635 107 210 589
-776 -577 784 -411
51 17 719 -569
-181 294 949 954
51 -537 -481 986
363 -366 807 170
-396 798 169 973
-480 272 632 -547
-7 -545 551 -373
-16 -626 718 208
593 459 -747 -48
860 -797 -795 849
-587 483 -52 -655
950 -187 -355 656
958 -138 430 -873
925 570 493 -187
-768 -412 -887 545
232 -626 -230 -285
-309 828 929 790
-695 91 30 -427
-842 207 -57 -488
760 -825 515 -504
482 642 -247 -145
776 415 -16 551
130 -246 -886 -467
-84 343 494 95
-375 465 76 717
-138 -771 349 914
-285 -56 -434 613
188 186 663 -75
273 -856 -215 188
982 -329 262 -714
-922 633 691 286
453 -857 170 -187
320 585 670 -631
66 -533 -412 -518
220 870 14 860
273 478 382 -746
-113 411 857 -823
894 620 -654 -720
-880 -169 159 846
441 -407 -608 130
-806 -509 555 -896
183 447 680 -562
-479 -651 458 -685
37 -195 -410 186
-57 -382 708 677
-40 -333 172 619
-404 101 -839 -539
296 211 -824 -426
-597 -822 -240 705
-924 798 651 -306
151 -984 -755 298
-678 85 -60 334
-31 734 386 -14
-862 -632 -551 -990
-254 -430 -721 -505
927 -892 -748 519
-832 -675 -178 723
915 -105 242 -703
-520 -6 -290 -533
596 441 990 378
503 434 -231 -637
-197 695 964 571
-172 790 -831 -906
-29 265 -429 399
-55 -801 -151 501
255 -539 359 116
-859 437 781 -753
-342 862 596 -677
522 88 4 -430
232 -600 -595 955
-268 277 648 953
921 966 569 752
-504 44 726 968
598 839 -562 -391
-133 -156 407 -948
-246 -234 218 -968
-695 -115 197 -270
612 -97 -101 497
-19 809 978 -914
124 -654 -348 -299
-442 378 915 -814
-519 910 274 245
700 767 497 23
442 27 189 -304
753 -925 272 466
238 379 -77 -199
436 184 874 128
-606 -27 -252 803
518 248 864 584
34 -57 724 952
45 -203 729 803
353 423 722 995
108 638 629 744
460 -13 -102 726
-709 325 349 257
822 -450 -15 -744
-308 891 303 676
47 -270 987 -661
-173 986 -301 -195
194 359 242 -594
829 697 377 846
-549 -477 -802 -662
-694 -489 -366 231
-435 136 767 -646
-733 233 500 -526
-335 882 -799 -367
753 -803 848 -233
563 845 -466 468
-886 354 -939 627
-45 -388 -581 939
-77 861 613 -52
703 -37 -444 107
631 344 -267 375
-783 557 -937 -194
-269 551 -567 -658
-84 559 251 -466
-322 -186 -361 791
300 560 133 -618
-679 -554 532 255
643 -675 927 -987
51 -734 91 -891
-73 550 1000 351
761 -830 -365 417
15 -265 339 206
848 -868 -886 211
-368 -13 355 896
881 -698 775 -194
-675 297 -584 461
375 124 -20 919
130 981 -710 490
-431 -518 -777 183
648 -852 813 -328
-990 195 336 -684
941 -543 -884 320
-152 250 -715 -897
968 -584 -583 -813
338 158 -69 669
36 -686 -900 700
-470 792 -508 -41
-140 240 78 186
434 109 456 716
-683 -10 107 406
738 -916 381 55
613 627 -368 -290
-699 368 79 -329
928 317 261 -710
886 776 -56 119
787 292 688 -65
35 50 600 -281
592 934 709 159
42 -482 795 -911
959 -932 -686 -528
343 508 -125 -570
-108 459 274 -316
-291 -652 -830 155
-331 914 -167 -726
-844 -928 346 865
660 926 349 -657
319 -252 -255 990
638 -873 70 -381
121 -803 144 -371
871 -812 -173 -628
984 274 236 160
-289 238 -46 155
-619 -480 -549 -87
144 42 859 -67
-834 13 101 1
-382 91 -413 125
-884 369 -779 -398
-942 -224 -538 -814
86 602 253 -242
-774 603 970 315
526 -77 454 -287
-710 252 771 516
-720 -3 -289 296
-307 -58 -465 -216
-771 834 -181 -67
-211 -26 0 102
675 310 542 -508
94 709 -871 654
-357 -683 399 119
518 301 278 -709
870 -495 534 -917
712 442 388 -838
745 945 309 727
597 -469 661 -968
339 -471 -852 513
-735 289 -225 707
617 -262 152 -235
-415 -847 -286 219
697 345 -606 9
43 -752 -243 -34
-66 -751 -377 408
420 74 690 634
533 295 -448 -583
-49 854 375 902
458 254 -62 976
450 724 -534 -772
311 309 400 -948
-608 -12 417 -469
-631 221 -9 -830
380 -623 -113 -266
459 543 -331 -110
642 -982 -748 338
-456 153 738 -443
721 111 -128 246
-550 -463 67 -451
-428 861 -108 738
39 -580 285 -852
724 52 409 -193
634 110 -467 -113
-66 -373 -407 -472
285 417 -356 821
681 -223 -608 695
-567 -535 -273 -645
959 -880 472 564
7 -826 -604 642
684 -127 659 25
325 966 614 -183
-226 -127 -183 -488
541 174 -23 27
-982 818 937 924
-412 -223 -376 459
445 795 -571 -416
455 604 536 781
-565 -400 665 -134
-304 -59 -196 -583
544 150 -991 311
196 -862 42 -642
898 -456 965 -591
-431 -220 -199 -813
45 526 223 -407
298 985 982 -279
-229 -282 -696 920
-436 -350 980 846
954 894 -800 911
815 546 -313 986
-447 -132 -65 378
-370 -483 856 458
-936 384 -241 580
830 874 -932 -774
-850 -293 -936 -618
427 150 -573 316
386 -689 359 -381
-143 -720 409 705
524 666 184 -450
333 181 -336 197
326 -272 -128 -971
149 650 -371 -1000
44 -785 880 -249
-115 -552 -345 958
875 962 -685 643
-914 -206 -639 763
903 -710 -992 -65
43 -407 927 -153
532 241 -728 -652
632 186 80 -361
490 -299 -892 -685
-919 -746 -592 588
-517 -527 -116 -132
955 -906 862 -1
-23 -290 731 -882
468 -566 270 476
915 -100 37 -773
973 981 -625 -395
-165 240 367 136
764 953 656 639
739 133 -69 -743
-346 -383 593 -783
-198 218 -559 -489
297 770 -242 -161
279 988 844 391
-741 -696 -370 683
-433 317 -716 -994
-539 -6 -615 971
112 688 -151 -270
682 827 -861 795
-357 -959 -656 631
36 -96 752 339
180 475 374 186
745 344 -914 262
178 577 514 -226
762 506 901 542
772 538 896 866
485 478 264 72
415 138 150 943
162 886 847 0
-250 -135 -84 262
303 -808 941 181
-834 -976 442 -773
-210 -726 -789 -74
155 -119 35 -432
987 312 351 -92
-86 -823 802 163
512 506 674 262
-435 -914 -467 962
-972 -284 -754 108
-351 -468 -583 -48
569 -69 -269 -7
10 -444 -699 -359
384 -131 -398 -210
845 -165 374 218
865 733 237 336
-547 -678 -189 159
987 -203 -156 -881
-481 -328 -422 -730
-325 -449 -647 103
562 44 960 836
870 805 -4 -901
10000
1
2
3
4
5
6
7
8
9
10
11
12
13
14
15
16
17
18
19
20
237098
55492
162987
62502
157682
102983
202777
97209
14204
205006
162720
24725
70004
246104
95881
71233
146465
76536
180294
86260
237577
128674
91099
145086
241062
102013
31862
95683
230552
157415
116019
200718
180750
7927
79853
219888
108020
158447
114672
27770
143865
152320
197794
122043
119088
164112
135792
17581
189694
6865
1009
122454
181344
245239
133648
159418
166303
104600
141696
223538
4317
127570
6503
147855
43082
156775
135327
143465
154269
179008
199582
107332
58175
104786
178343
108631
125256
187696
124877
174771
94715
165074
207403
119637
219928
65081
41882
130838
215978
51977
60242
26143
210654
20094
96602
102251
199412
136515
47695
131566
3559
45369
190339
109857
84528
138780
15836
61746
82421
77520
196693
8560
37552
190886
20419
90309
150020
35729
124245
91592
135276
181335
179213
238180
40885
58083
51840
212874
235483
180757
88839
34821
66614
62100
139000
130847
45709
83408
49147
113294
42828
37574
226155
41999
130880
221423
238147
162682
131776
49792
102575
63338
187143
40277
44558
85667
59181
34655
145174
1465
153845
158235
72597
169460
186966
7493
183258
102743
127080
113478
108461
12247
11108
80563
201597
82369
193289
134360
125751
210939
128321
182490
106674
71324
158169
23710
55135
83048
94984
59769
144659
74062
105649
106481
139145
75418
15520
188196
67041
201646
195746
226365
231381
84383
115792
74303
111015
13110
30033
32480
237818
55315
210918
108711
61933
38880
180436
197522
168045
1726
175491
5095
123426
173070
231469
102532
119408
248817
43571
161474
64965
184622
4943
114577
163181
161617
19157
165739
150470
92950
114423
219062
125756
82152
70166
87795
143361
240046
178501
97598
173131
189179
54260
79485
66990
198957
198788
174948
194545
113431
17425
121401
8844
93378
191990
55706
236007
197897
90068
166893
229260
153825
231847
247409
98519
130326
157100
146994
57743
117985
223333
88666
22865
93786
249322
69112
31639
204441
193845
145675
170667
175013
122956
205664
117662
231246
181004
219373
73232
211070
216524
135519
134028
150060
69635
71211
77636
235571
35511
149895
179845
182636
120665
133307
172853
161324
9242
1758
196579
95121
213308
161256
169188
99086
210652
239278
183134
165537
198350
134411
226570
64909
60759
138332
190870
195403
132026
168630
52732
68470
178188
35780
58382
189287
18657
12238
59688
53267
223399
195215
150763
6319
234384
83103
81253
160956
119097
220492
162638
194428
75110
138888
249603
132005
68499
79326
60027
156831
216966
237649
98204
72708
70295
184074
82130
213835
41718
26217
49762
245115
131129
161444
95331
249707
11753
177045
38460
49230
73894
81788
204824
154414
133883
191047
54740
211285
229297
128716
155569
90613
106750
201915
6172
143652
237146
116869
232953
212166
125355
50771
55202
218046
150961
30312
198622
196749
19754
212441
65906
166139
8315
138985
13434
197076
232356
163975
103917
2380
90284
70447
139964
120654
90094
194170
189453
248223
95068
102694
6811
213693
71812
67210
225486
228550
122254
148407
170046
211043
85279
36982
159388
150758
170758
170264
36739
113971
6301
140263
64405
97300
102974
100302
145756
169212
224965
211140
41183
184992
51581
217346
82460
180528
106885
156621
21103
202340
196068
181032
143092
56085
160820
86937
27690
107721
150346
42277
163800
201789
57538
112919
88975
180684
240962
50844
228677
247294
43303
53939
137644
143645
40806
58192
97510
87642
216
226216
33042
203308
73588
168623
172086
185855
56761
170434
118784
118637
90853
81315
152687
218402
217926
49861
153061
201086
50576
62672
46432
196170
76292
30428
154105
162252
16260
85104
75553
10827
16675
144588
213778
92249
13313
110806
107916
49734
175624
229892
222356
173445
77102
61822
96574
22701
132245
238039
159951
87803
117621
90369
48575
201289
62798
189181
239617
210217
43211
79550
9489
200688
90813
123077
158239
109338
80243
24218
158416
62741
223683
241378
186563
71704
18054
138447
177763
34385
31462
61584
174846
28451
174773
112865
28677
155095
38596
143214
8965
232130
202118
5009
7874
86818
60083
79529
39378
142549
137372
200779
99889
123300
216977
11798
28437
103815
218747
85105
111837
231986
249330
96325
27471
106773
111201
44281
2492
27262
16419
17237
206137
205992
244657
47805
64711
97237
124213
41615
51378
129696
239971
178416
192400
240335
153605
15892
154466
245589
172878
88143
37329
58779
205893
247220
4427
218836
43929
14113
248503
60420
27523
25440
9075
105818
167147
149635
9256
15086
118474
187699
162206
87955
69720
166106
78337
180234
138200
40664
23566
207203
205535
131391
77086
217981
166004
168219
185811
69972
134490
134644
46833
169484
214673
221834
131837
201981
57194
245463
35554
187999
82763
51744
235674
231630
52797
129490
114073
249041
154952
65185
43062
15655
137167
148831
12310
63909
225137
72487
77142
154887
204887
67270
118421
194178
227265
59956
217579
164189
234213
91219
182591
193001
182235
2378
60877
2151
196059
62799
239819
142103
173178
171579
17438
27431
14159
112031
115390
244532
127358
137926
243156
145370
83745
249020
98407
123046
7275
242165
143759
194914
12677
122541
4305
218136
35344
63308
119409
119303
162381
8155
195168
88230
120744
53950
141133
30779
160317
124686
123226
75935
3539
222747
75806
7498
99204
208487
76932
71072
138371
53114
214838
148928
8208
244528
168660
96631
232925
130464
133599
245270
63355
155304
15785
20487
108899
231935
166914
202094
216251
197943
94659
122895
211765
36794
3190
234924
197092
153919
237812
111405
79189
62434
115195
193026
227147
227868
67725
113188
130897
72869
23876
90509
150611
63456
233509
19821
112291
213333
212992
61579
189334
86561
45706
216065
47868
178088
133218
37008
195796
231328
169642
33647
192837
130174
204404
85632
198736
91898
131943
167470
213648
25659
148800
177787
125262
64213
26809
181057
197462
15801
92200
197787
25527
8590
187005
111509
98743
24229
80766
113839
6726
15302
149305
62241
217165
65219
239117
15341
133071
51541
30113
244454
16490
223761
163405
33132
168448
127884
77829
236544
141248
107255
148890
55403
52065
229362
176835
138747
99203
84896
37453
15649
93092
132710
60368
176032
202904
36949
148907
198730
191953
165376
170368
136636
108537
206906
234498
40617
196990
70093
154189
216012
79976
103658
13856
60181
232048
94062
23904
146385
164844
43106
34670
210466
135806
243334
116603
235213
127563
155261
141712
58431
12056
63827
99247
202371
96725
243192
128166
69359
113447
219773
121232
69055
121714
130223
209393
120296
224590
205781
8539
59090
34711
152422
186050
197121
46598
130056
49473
88861
17604
153710
98346
70814
227894
94483
150330
93290
197098
78964
174421
9151
192984
48101
179119
225450
9284
152463
81656
115567
116991
63980
127679
19209
49070
123511
139178
165310
213097
82073
50456
10702
18827
63676
8795
214179
176945
246466
225528
155761
204992
21421
231605
171890
231888
79130
34185
19352
96449
174388
174827
48890
95063
237643
65029
219746
93482
26486
118765
181881
5050
230406
240249
88606
217844
114803
57964
174259
135063
16447
238622
222933
67462
89684
60133
70248
113087
160870
173360
98332
111083
189341
91145
197804
50649
111993
201381
233811
67443
72903
10351
54621
168211
241584
184692
85209
166841
171266
42725
152053
12391
176190
210447
153192
80421
178774
21436
86946
10078
237983
110705
35643
146649
191707
8225
218195
39206
26768
108964
1436
224742
99732
126774
93057
226927
152256
859
159254
60671
55727
23353
99876
122574
85669
36669
141414
193121
184173
230257
210583
235473
73128
2987
133391
120817
41309
48485
2844
103771
88716
123275
213939
108026
112239
232241
10480
2472
161582
224791
40609
22250
185462
11790
156291
3909
47567
218779
82089
22635
159933
173050
77073
24412
218974
28294
117574
248486
70473
69401
137132
103995
131096
218005
201218
57639
204076
150800
249595
70528
135355
36152
92629
224207
189280
58626
80140
149908
242558
103306
225776
159481
231648
21806
81319
92029
231934
217302
150904
227351
70161
77838
143141
181304
116247
187236
216281
239214
118686
110551
79486
94556
16147
92008
162747
137542
80956
100532
214737
98746
24208
27070
226566
197678
225031
65743
98071
170775
57215
74077
748
165092
221179
94043
179470
78911
11011
53478
64646
121267
234705
123878
71022
193565
65093
114275
18627
45075
135863
84109
159074
165989
107578
191247
33728
204558
54979
243449
194798
83820
93974
142687
77652
229063
211688
148259
230002
194385
129867
36499
160178
191610
210330
209003
236278
239683
142609
187036
161213
41683
50356
151992
37158
64187
55921
150215
196172
220256
68981
4722
166712
165419
122930
71592
79136
74740
163518
218001
116899
153504
1640
159590
225745
232013
214215
235868
36469
68845
86036
246965
91650
232261
48197
19365
50447
155656
242600
56341
184378
81099
152783
205832
224988
145681
146837
68284
235486
186346
46915
218113
74653
54358
249638
180024
235470
77914
50139
232537
164525
113191
184807
143700
170708
248524
215268
187831
87579
39968
73686
150061
34516
191540
90187
212252
118378
24584
168598
54513
96408
232685
26092
93169
68831
245853
37696
117107
87944
83879
89583
62690
62270
240060
50530
117361
194044
219529
128074
190620
145960
171623
169434
180236
104121
151529
66212
39665
172679
85974
74689
30571
184508
179240
187945
114299
156038
159491
201592
180195
142735
209755
38346
5784
207286
59889
145162
50079
230915
126267
8223
77742
159312
85784
24245
185878
574
197174
105059
46237
132533
46448
73171
80091
52410
200956
6970
71888
129500
241908
187192
54597
141777
63333
246887
220164
202244
100762
189760
67369
18029
215925
192201
63594
162613
66444
51638
33029
45838
174025
27056
75688
223144
107740
44957
219132
44704
130617
190798
208417
9254
79854
213319
76925
62421
6387
226693
214468
100136
297
71169
111385
210385
247164
4344
214518
160718
195676
165421
94008
64053
36261
164927
86275
222438
244484
162829
28551
84485
82329
242267
180577
125817
111549
93335
197901
217514
132405
11719
52467
152376
109677
174772
164643
115806
24427
132032
28844
145975
216436
93503
145403
12090
176983
3284
160614
119775
28736
15119
26632
213028
69230
186498
207400
13624
199166
157479
7346
83147
9527
72459
93524
85224
108466
201971
65679
160980
132965
239649
145800
193979
48255
179266
184925
170568
130232
175769
105124
30109
9906
180034
158250
52874
155653
190995
98665
65588
147578
10508
216510
95702
120711
26915
91380
147927
201096
77983
132008
248465
37157
236108
101577
66561
121455
31378
238736
75068
217699
185560
62281
97926
21139
246301
51608
226016
249660
129481
120085
119361
85674
132987
30445
179672
84674
182998
98747
26408
244847
189429
167803
161836
241857
126138
239610
232345
187752
77704
183226
237998
155499
99073
30171
171838
241019
36386
157267
165300
86729
107573
137076
231354
97939
97034
6378
18739
146283
216707
165266
205830
54619
184924
103113
129604
187337
245675
175780
232864
53829
163020
70963
155339
80060
137872
29937
235730
136647
76939
18326
133758
114168
142377
174045
82967
211977
91858
195397
7271
42039
216346
141411
6592
67911
205752
51640
42060
202492
131760
109254
124655
94502
169916
21248
164790
75852
22974
30398
191588
144263
69222
118211
156008
194506
53646
59192
91135
193534
149430
214727
128310
186044
47925
141526
47320
60137
67849
105667
199690
203290
226543
123544
110707
114995
155854
46123
108141
188170
205556
7790
165954
123194
224767
109977
135281
132862
234559
157856
84142
202618
142752
169825
107627
42288
133076
226335
6856
166569
138230
134541
34344
152333
211940
149860
247676
207875
39050
203443
98062
209890
155775
60220
216048
105470
11223
136986
1753
163447
83844
148454
226130
73593
164464
179554
5031
229685
214778
180706
233495
74837
36924
20561
141514
244687
79929
219060
54477
245485
161913
153575
21529
52020
36478
142546
177676
191490
134166
18492
87038
142066
77376
92521
129325
211273
117390
31224
83952
221304
144113
217607
30286
229443
20977
188030
233332
222045
129594
2133
180288
65708
154787
8755
74241
80887
177911
94214
114337
122439
227450
247399
50295
102233
77398
78414
208075
27439
68684
236407
191222
146900
228738
172867
205573
172029
223164
60655
3084
231958
247600
216805
145427
97183
179199
208010
180696
236289
178689
106947
179581
186706
148317
159703
124030
108890
51695
111032
49136
165941
81071
60328
125280
172304
236999
180479
201953
161670
234089
195929
166054
100630
243923
195829
185
8725
238281
19630
185385
47929
65457
199398
135370
51345
85478
5362
64991
122950
43440
12358
151460
97989
71630
181470
236898
179316
82317
240093
116067
209508
92533
149743
21782
204941
154566
10469
212337
150761
56321
190316
216688
230657
246111
81706
33879
50048
66204
228794
231695
66852
153635
168097
128563
7258
160632
104743
59552
99168
160608
38361
8420
167577
91176
103293
203987
232764
53120
172752
211450
221970
146604
150984
141614
67154
64266
78878
124444
200401
131552
29372
90538
226397
92282
129351
100433
43192
63659
209868
243935
215324
52359
203394
26964
100217
5127
188605
219238
144591
123760
234108
183547
97935
210766
132990
245453
57073
166242
109550
86365
84782
118243
184781
107272
51575
210840
153058
1549
40500
60757
226610
154337
19187
104366
64306
121479
243539
151258
46386
207769
129064
26165
156214
18894
118627
21802
247323
205727
102067
199078
135804
11340
142241
174221
73822
7378
158714
115765
115753
232890
237745
33643
63436
146727
207933
210797
59742
151765
179583
238819
126288
198114
9976
146766
3111
61604
126129
82525
30946
218975
23023
40173
2715
27598
173249
202271
21007
211206
43755
6247
101729
76569
200670
143830
158633
25444
186629
6840
277
234429
55873
57217
193566
123392
24877
74362
35265
68903
63822
131703
127346
49995
128224
65807
201990
49048
129
10302
200179
167760
147675
131511
150845
20425
102309
210155
212200
135524
203098
109871
97870
217073
141406
59828
196482
39276
197201
170054
63094
22798
179000
112895
47306
109154
25374
32446
137793
153425
9365
46021
90428
234603
3391
75630
141375
124872
153366
181993
76037
170654
166530
60333
165367
90335
188332
174084
105101
114464
229973
181296
192587
151562
227579
106219
160578
54892
192299
48104
116516
203341
61645
207394
48817
33711
177752
10596
102637
115247
155176
103224
237722
39696
88009
166868
177053
117270
131369
75782
244488
158059
110306
177481
100553
232640
191085
142911
243065
104963
107337
249050
67840
159651
149209
71921
238460
136154
212689
53295
113832
209936
131463
201867
120426
205288
192602
119793
21304
238018
180662
146718
142094
20121
49678
221346
56476
82298
30939
43777
217756
209989
205219
245242
84572
97608
46819
9623
228291
217172
165210
102731
205466
16788
210372
74001
247445
201205
233310
68087
74017
94016
245497
115013
138266
38030
131115
227022
50195
19857
103036
140639
81751
21495
193133
176221
143022
186669
196012
81863
93518
53125
202565
141543
25951
32555
106111
126926
126936
12627
25822
100098
181754
77671
87216
40643
42112
209009
32078
48045
98625
206280
161424
139475
21342
20311
156568
71865
145851
27138
53778
239028
117079
14684
117798
29831
148619
155259
199630
242277
185488
55075
203243
21075
16961
80262
80810
96403
12468
235452
209997
247265
107344
54836
105877
87912
155647
2928
196382
169940
51238
196497
39396
142227
10238
216964
88658
150118
114336
69088
41777
111564
145936
83934
157030
57395
162993
218418
131430
85679
78390
26975
90441
9956
125520
35121
228384
214822
111740
237837
25074
98894
90590
38682
163460
40619
202093
225207
112842
92749
12328
101038
19918
18831
143014
22645
148929
139699
189100
204409
165982
10890
74067
133394
6814
49087
239121
119896
99632
89580
80390
109773
138126
100192
211760
243241
58630
157051
1609
131116
53861
135616
118401
125056
48306
177790
229829
94937
241241
175272
102286
240935
132438
126892
174660
163373
195490
190881
5446
43338
168519
57349
212957
24780
44544
77364
30828
245811
37956
139443
141836
241671
185380
172088
210094
229655
203242
45881
231917
82682
210626
148845
227980
48488
48538
48978
97491
175289
53145
8715
54514
186198
111781
249633
94786
81846
8149
140593
132212
79798
105200
14116
116986
206678
110825
131764
105912
3141
99006
106573
25557
102923
191887
218748
226157
200806
240778
129380
198432
140559
16524
115024
128428
24190
45765
128395
104390
198575
210504
14722
84929
125979
80942
49565
184723
50210
15393
38279
50682
84791
100625
51279
108243
137825
207795
116504
206070
124197
195211
140460
100759
11929
26956
13058
52117
162231
19958
215526
20367
92189
75564
215808
29212
81869
157402
117094
139415
199776
102133
184487
237135
126105
208727
57495
44476
243261
13336
205445
148891
70565
153640
124322
73065
230937
43546
157013
25900
33481
56109
112979
93391
24379
122656
39916
114547
235785
160123
90404
196521
63855
82306
29965
237938
126657
107659
127734
1856
5280
38952
133607
160082
6769
59487
215005
146116
21161
198879
105797
573
218630
8949
100732
30870
156294
79448
37932
59170
213896
74927
159231
45174
183813
151352
19799
187684
135928
116787
117498
172735
93569
27448
6982
214275
141781
28506
152916
249240
208143
114833
247360
209436
103489
54297
128131
106300
227748
177865
194384
13092
121935
198087
208767
82027
20584
130607
143228
47580
55589
63962
203536
203419
111706
86223
165504
8144
88449
111423
101613
184465
43644
134726
159564
228083
48808
194397
52347
31210
169645
229216
183970
111916
214392
236339
206879
232497
134777
19459
211739
246552
158957
169497
49626
106350
154714
37445
126703
173746
240241
229950
221835
86115
21149
113522
42719
87383
163510
212317
213917
8242
92915
5778
126345
84214
230306
88632
120606
241022
20074
173355
133671
20001
209177
36254
67648
108430
200341
227780
50428
140776
191000
53067
151723
171699
16723
63315
213704
227113
63705
77141
135104
109177
126887
70662
165792
183656
60444
190116
98963
83138
151153
69161
177390
214054
208316
192765
56611
42941
227738
231020
190303
243284
197413
196577
153443
21137
72850
228614
34183
136117
198836
212291
37280
148024
5794
82224
70879
13166
75694
66582
247068
102570
160121
26028
211857
2034
116583
36564
84491
61679
90378
140726
249022
154786
211235
146867
144779
11846
152702
165883
219245
86550
167431
17387
173365
200968
223568
117966
63649
135287
224332
17218
85672
120029
86493
202026
147139
86708
122056
150999
62407
225105
51702
69599
155386
54642
232607
68864
158575
104057
149699
132484
110748
230648
192699
208165
190784
27001
123768
77878
21911
87558
109285
196925
18395
171380
168591
236734
198125
231631
78632
119387
98248
120390
17942
205064
169765
231755
178181
101657
179091
246475
243949
11462
231866
239047
42841
232753
90190
243450
244892
224536
13455
37780
25261
137474
182258
98761
3117
151103
248901
65719
58735
49207
125188
27238
213848
127317
55709
218230
22010
52537
151388
132663
150692
89074
95889
179186
240008
90741
792
2817
43238
109668
4783
38364
85344
173784
54097
172523
70476
67452
163310
107017
193919
122486
109536
3848
157228
39978
217592
122760
181574
200282
101134
168216
224169
173681
180511
48
242172
239888
74445
7486
219842
196562
192904
102582
47844
167987
43315
96778
126568
207287
201983
46782
113790
47332
98324
243286
215902
29784
132964
49558
73012
23717
34300
215878
5013
167461
17946
209361
52102
78013
190594
196077
201217
171453
30247
140649
228025
169095
150120
62946
87583
29765
48189
153748
147024
214333
200870
53135
204765
57043
39148
31767
162698
83532
105333
31417
213799
161971
247341
17915
218352
65661
62896
158469
224683
96069
241260
247747
108463
98692
43500
155832
137157
188278
125217
180738
31563
247524
224081
30647
117979
246692
152725
212056
135597
167750
214799
139264
134505
68331
141949
83576
199180
202104
192411
67199
231142
207603
234699
222684
105566
40359
178213
32261
29537
66332
35396
89838
207739
88801
37046
2652
136606
106018
101901
242272
100550
175558
167772
168759
89527
163646
81038
129119
21028
166073
235094
130923
245233
14275
218254
5737
183572
132160
104300
22483
171236
232235
235925
220220
73739
29703
147495
76155
247987
32430
173042
37870
132686
158693
63481
120298
37257
55632
195723
71012
219626
12838
89246
19648
94765
204991
144405
152383
141124
243645
221190
30252
199575
44731
102739
25341
212369
80062
187137
46422
247578
236341
50214
42181
182132
35710
6852
112847
145747
230979
14390
171574
177561
194084
233022
178010
101634
152892
127906
216361
177511
137999
181433
104427
150778
233144
233851
149103
73344
77210
127961
111531
94113
119382
96065
246905
207124
99337
170042
2781
33898
14991
49246
145021
177011
48964
194605
12550
197689
152698
168401
106241
229824
84329
61006
213323
30700
41188
72083
89351
226206
102206
193784
137133
236295
236515
178066
97220
205148
113829
171786
111745
91286
166295
28442
211617
226219
167259
21109
49970
200312
134533
181871
109805
218725
142983
38529
12651
106791
188858
95760
72245
14414
228009
136089
11574
40049
71836
202890
157341
241510
194483
238774
133681
212435
88814
141168
109028
43891
87917
105755
69178
112769
219388
48484
57726
104737
65120
68318
218239
54772
212251
112600
53849
159362
183009
133890
129906
192034
206796
82800
237174
163431
24019
115442
215668
42678
80836
236583
162477
219536
169301
146068
217004
157141
65533
244714
216834
207114
17455
12070
65168
128663
88432
67499
101793
195258
19147
129622
148393
152669
82751
128454
198843
46957
165675
126935
144364
219865
119195
82059
208792
245769
171054
107656
175836
23607
223485
145484
63282
205665
174416
80378
57788
43780
182527
20362
74244
208135
138228
102553
178578
197065
131921
217469
2321
45713
150267
223718
61221
139919
89230
57306
41345
101797
34466
111119
184214
54854
14760
100210
110321
81268
10589
175595
217463
71009
128520
204001
248932
149545
242736
66812
245522
213157
164202
116088
101934
79581
174110
5722
15575
168935
159232
101802
2397
154483
165710
73528
95574
132534
60329
930
188363
112354
239145
55766
210777
158306
92673
223295
248168
199121
23616
206206
233835
92897
4768
87467
220804
180975
20844
171570
128084
152446
102321
223381
165912
73423
169075
187787
155353
139572
102435
216903
11674
238177
221267
192251
195340
19263
76674
150673
153752
58743
245501
237018
153826
51493
13305
64610
84405
75146
184505
104747
72694
67077
100189
219180
110062
56956
169651
87718
240352
179779
55159
80840
120304
152078
1380
196004
138077
35133
21478
173301
111110
35969
179337
42623
185027
248742
108175
76992
135949
118703
236596
197143
237592
181246
241261
153293
209735
169475
242963
27098
83516
235311
142708
198460
147151
1382
35992
159688
12734
228652
103218
109014
104592
13877
244611
122172
112817
243788
218898
94824
32566
32468
218645
40120
154297
130576
212567
95545
131458
114489
141963
140057
176881
30850
71306
217849
147730
242448
111137
182536
66914
233751
197879
90925
36881
232047
89542
237683
185572
176458
139289
4112
94354
96870
150009
25601
63801
131998
138820
153354
26983
155913
150683
185448
179174
246658
46640
167952
118479
73417
141859
64864
51392
107466
96078
25068
226502
11503
51070
32262
182661
63106
79724
77401
158456
208472
159530
116895
137917
9594
211497
65892
73944
212119
16444
56501
1355
154252
196375
112591
76934
64279
163414
183455
79421
86435
174293
213894
200881
205761
84435
126809
126874
135610
57017
6255
75779
15799
188096
197797
10221
138849
44991
96717
4800
178009
103341
42621
118050
158781
219426
246508
113762
196876
219501
175346
199127
61167
193245
10362
115368
36482
107909
86815
48948
29435
54284
41820
20710
25125
10983
143854
207443
87361
178638
111519
220163
72236
156946
247947
47808
233255
247629
109734
102160
99451
220339
116277
30203
74429
43482
153458
206696
220810
186829
43435
118045
32145
238334
136927
189675
152894
4606
134920
173533
111284
113213
222907
152395
27278
186349
80785
90439
83407
50941
219074
186336
11060
195099
245639
108543
237793
211208
217898
99368
85726
96569
47390
77351
201360
201423
17134
159207
21899
163920
230691
16839
112184
20005
26723
70366
60128
109247
161525
193945
68089
131386
244607
215718
5194
71557
137956
235247
184461
45471
56112
112861
83234
85980
151283
222256
1836
29611
151339
27416
236801
233899
132494
200069
143130
172462
118825
165068
84062
48953
104518
192805
210380
13341
560
181453
46621
118910
33755
47959
93615
188852
142844
1864
5651
89910
117264
231737
206289
126646
243465
147166
183910
114761
28916
83318
74974
52469
140515
117373
109562
96665
37412
109702
110117
167350
12184
19328
7338
128498
65629
86340
162279
135365
21213
16974
126049
228127
145840
244121
12170
133929
199588
152944
87920
244501
199968
135472
73174
186512
36095
52769
133693
56907
146931
8529
212597
31689
141462
205751
80194
246401
80684
143605
171161
162085
134161
217017
71980
97912
58121
242011
217200
73120
108080
157367
245041
120120
41020
175779
115961
164136
143386
134080
153255
133165
105946
109185
33106
238188
149531
12642
135535
73556
115017
101071
43043
112829
249173
248839
113312
29320
57142
243236
211204
18193
71741
68345
191720
224292
204762
147900
32009
193742
126676
199611
102733
89127
135674
109060
71413
216783
68826
142242
50734
30640
203570
80509
71027
249662
134843
61555
39027
45317
70748
56359
184005
133010
104731
161871
32265
242483
177279
23768
101244
145877
197263
186242
100169
126164
47613
92808
64247
159477
58640
43031
151378
54074
219244
103132
221046
195016
18277
135109
224141
77107
158615
141264
169616
164460
241911
51316
176229
171815
133861
203451
240665
14151
125872
72731
150808
3139
122750
6236
168109
182018
163478
111946
166912
91620
199269
91121
191689
168506
65152
141250
208750
220149
227970
108043
50569
52282
43832
46164
44097
54821
166333
216399
183113
58962
15172
603
199945
208020
242362
58987
227481
77643
149042
183569
217977
87067
1649
125926
225672
178340
62910
138956
117400
57686
234847
119079
21463
234574
226381
199628
27305
134553
236669
151505
122701
209169
136808
236337
6179
91072
10807
16685
113080
17751
196293
105290
65114
201029
241970
124144
131929
11566
107129
138270
26852
77422
77826
182781
28123
90804
135447
39774
247893
157977
146615
158676
138159
15359
176624
195750
101713
141497
239812
81272
222526
132101
128643
133814
182541
9577
161965
178100
183957
81045
155714
34384
19449
157836
229102
40406
103713
24483
215774
188275
93283
121400
216803
219637
55161
71017
3087
112785
204672
155307
40010
124005
141986
225687
194580
28509
63762
243696
207042
117435
3911
36365
63475
232718
223681
86037
4252
96000
41974
99768
232003
473
86135
170418
138150
189191
134447
82522
130184
26627
225896
184963
66085
201017
159282
233812
200450
244228
72976
201729
34657
66141
193269
147637
66688
245291
243649
123644
231856
34327
71401
49217
195480
150815
28804
130435
141095
90776
147631
200336
206063
56228
5949
221781
206221
3810
143926
213304
244162
147605
129179
222276
240188
46043
173747
119351
224097
41515
242022
88246
26373
27627
67271
196444
212964
185217
57050
214193
40091
42065
83565
10992
26112
3751
66393
177679
142467
22502
196536
53011
122825
236931
109224
101168
227799
29111
238441
3146
179445
219534
108185
219242
153942
216226
237981
190922
227218
29018
23735
144999
216088
247276
4477
149526
15715
195863
43395
182151
94788
94785
136995
210479
188024
22167
200957
33725
83394
74557
20145
86079
173514
34583
74231
124237
27695
153185
47657
209498
233669
82354
231256
53268
103691
24077
74122
164945
28693
155511
138269
148543
222066
132973
103001
203414
124904
146217
71178
202885
157578
212641
18019
145245
167253
43153
93863
125771
140840
68517
128108
135284
149365
188068
2952
209398
139474
177050
2344
155861
316
97239
226080
162127
190563
33839
3738
118313
196394
239862
163520
7939
3564
126407
65578
85892
156178
166522
143140
87964
43074
177283
402
98640
49576
42487
123365
190005
12327
173691
133277
29623
130930
213322
232761
123023
192841
159229
238511
112289
27548
216409
173925
218661
233867
240555
23806
247429
156144
110896
117964
89071
417
204768
82145
16097
212979
228894
102797
248899
160838
217957
211116
12366
131598
166768
79144
22706
39003
194254
190461
132673
114737
234276
170942
82633
134182
138381
24168
234978
107068
93475
180715
57345
211163
131739
121763
178346
88685
159356
86219
235946
190352
223925
38196
121365
244362
119949
4298
182240
50164
101232
172383
177223
88213
247088
201634
178661
100190
19477
237711
104258
218454
131182
207723
205486
171400
248324
232320
97998
233539
118945
240321
125459
100709
125476
211843
45375
187946
73700
20463
216545
116462
36626
15292
22942
235348
195890
155951
48362
235053
124238
56086
107200
75194
111669
248894
125636
3488
143115
241724
196266
18834
918
195693
189930
243523
14754
172307
102746
42501
172106
107508
93966
202090
18153
201786
193392
86581
168541
26449
150479
195077
234431
239323
59613
237167
206111
198937
180616
192764
187937
215013
85702
244261
74861
193693
227089
89200
214304
166371
56327
186185
101661
90430
226191
236171
71696
177190
121177
116625
7774
8313
232749
114575
69843
116588
186958
70576
191090
224597
12495
54880
143007
35540
177859
18124
46762
155067
217769
21749
185708
57225
191555
111046
164607
106678
148
222861
4564
56430
156950
54697
208952
175012
189959
55122
171975
234074
175365
242837
179498
239507
51067
198944
44145
73993
140972
182248
6013
13227
47569
64056
32401
135232
191839
122641
143555
62605
20779
50990
220257
104551
179294
41141
71823
245314
217524
40477
186170
249670
105787
51843
22146
243693
138784
165781
147662
30205
125699
192514
238265
105238
225680
118789
216189
182344
55025
219306
152945
163893
197146
39608
195197
224055
3907
165757
23603
101592
86978
224324
199405
8347
84848
145928
143630
168449
67186
6712
127189
138842
36604
174046
69716
3741
180952
23373
114834
140847
249419
75879
73404
70339
236739
179202
127004
119792
179542
163791
248606
35198
88631
199717
78241
138811
76313
248235
161897
150142
25706
45266
238858
56294
229209
136796
176288
120321
145987
34190
148403
2168
231992
91807
11677
46776
158495
155346
214864
123866
134116
98193
139722
48081
58088
232861
191831
151834
44599
64369
227873
5738
222386
88471
175588
77447
70351
236100
208811
38000
160396
219285
49199
160258
205801
115604
145808
197876
231276
175770
11860
79482
207464
128228
95074
136150
37261
74670
221114
34221
84793
36787
221745
14793
4064
104455
100773
98659
203335
120570
234746
64103
235969
162492
60688
109241
198685
30081
171337
74367
98128
193921
234937
142570
181284
180291
104709
237712
199113
230454
38707
153789
200162
5836
198265
178508
168068
222650
87554
70627
200859
17205
183695
77483
215340
17523
64761
37072
22644
232094
78508
128583
160264
54218
25065
36929
28879
120937
70477
7277
249363
129964
197412
110159
163824
65456
214082
199891
179178
28937
246408
198840
55546
98149
149414
180173
54228
156192
126090
113685
167940
178466
91138
8320
56789
118952
163716
220199
119158
183744
44983
45259
135137
197617
114207
160101
104943
107911
235976
164805
82745
237457
197188
56409
14985
164200
197534
80831
16151
190249
70569
17827
194670
162945
119076
84982
206894
2711
176631
56520
123149
164005
166210
119634
72157
221695
222385
705
145131
158650
174330
106149
128435
91215
97698
87239
82288
161401
175239
216265
42611
212015
142095
52930
129269
135766
188909
133303
98613
231851
159996
7043
238926
158786
28433
52128
1108
113612
219857
228092
206115
182578
248776
160481
205151
170849
173193
35118
116219
73439
147414
144430
194915
4471
117030
15678
80286
60977
142196
176410
172930
203295
180791
105012
152416
24847
65246
249106
143863
107175
116393
7866
217726
115318
123006
75227
39591
100076
145541
216891
102945
119904
160058
14398
158291
80257
111876
88532
201803
205305
112138
73735
69125
129098
218116
117712
107990
213190
198656
101829
217445
140960
214135
149255
246017
242321
34848
97882
71775
134838
110110
71045
184426
178597
107579
183302
140113
1004
173648
40176
184129
240957
35332
105192
161631
193514
102216
176363
176161
7921
77138
66912
131694
230199
9328
30338
117744
129788
80147
57164
202163
75024
108674
185974
92801
242520
58894
170535
86396
174937
104295
155186
182340
256
122715
48669
214387
222280
116254
65184
162870
11683
223837
246488
3683
226123
37821
110600
75422
73851
242385
50909
107051
160675
29558
130861
155783
4290
13948
32347
90165
140983
58331
121692
246269
212515
153682
178316
8759
89030
163833
337
100920
198343
17354
32669
57636
50025
210216
217559
443
27912
51580
242371
110333
134295
48927
220574
125030
183966
145641
198451
114015
242226
248372
107314
148138
177482
34209
119583
236916
246807
95215
4435
208522
121080
140837
94223
214777
38757
24038
42989
175126
203744
76534
44442
177643
48106
208556
69113
110994
23614
116191
138749
206885
174004
155746
72688
229497
248268
212273
222493
209842
122875
199445
38273
213215
86956
87685
113774
65882
178823
214632
180453
40497
215304
118099
198947
126790
233316
203005
183459
247801
111235
126700
206493
209596
182418
7511
216652
211246
46117
90390
82003
43838
195095
208506
89320
113748
32275
242772
46039
159113
215641
190091
183912
113024
161268
78230
128473
185980
219365
207689
229666
115610
85612
226957
213118
144801
42244
86811
65190
13120
134654
215730
157404
214187
15710
47648
64404
129679
177775
122617
202907
226935
239620
53316
20759
94978
177092
122355
30740
10358
106345
146789
103609
21257
4418
86201
27572
65854
43300
105234
45437
15668
64635
119926
230373
181058
4738
210296
67546
42948
120825
199768
157927
239059
92874
64380
140430
90718
27975
8579
74037
179101
53688
44475
90806
240165
175345
160691
206972
112443
246819
15497
187520
153725
105322
96512
225308
59454
64881
207128
119150
6469
173914
33909
82190
219648
6966
222394
227524
30168
209264
64526
24897
191843
156906
96465
233215
220579
71322
127218
136037
14311
84484
53239
227406
24988
62132
1116
104461
40896
226560
140193
211879
210694
248872
42081
176421
169111
248535
139287
79375
141901
93819
170573
186930
122781
93431
44182
138732
20786
21997
49524
175327
89026
121134
156428
42584
125079
76738
178493
180381
100273
240566
191381
22330
8569
10707
48523
177637
163382
201412
125890
40706
3556
21181
151741
136900
62574
197722
203479
153286
198715
237532
224118
241712
144459
216750
226618
233303
26835
2289
24657
27239
231647
144395
143313
143403
71239
205610
1978
185073
199627
160158
170226
120832
40676
185074
23092
128146
72433
242348
66827
98664
90122
175846
125659
92035
46699
22471
15773
246013
22122
85722
150283
147725
15971
95094
113066
162057
10780
238825
227179
217112
114322
87589
212139
100959
228871
134185
89602
20523
37130
147073
218601
179422
101617
221218
167346
87569
245524
122676
57266
50975
139927
169015
39163
219195
93344
223252
183720
131287
48220
43352
87567
187735
235447
2150
168667
24826
100491
248736
138637
125144
143620
107239
175493
120156
16862
78996
122630
44724
161566
78345
104452
186747
168355
249165
44121
160862
228037
94842
118042
190550
12092
222967
223627
96117
140315
192845
38814
3422
38258
4220
132665
57040
92978
235088
71948
169225
216185
148599
192193
10699
135679
21828
78143
192456
207058
195803
54944
131454
82896
131747
131419
48467
170861
90997
142316
77046
152274
149309
10516
147364
163986
86609
56350
36411
75746
122904
80620
214277
101935
174196
75554
36561
104197
20513
62092
135927
4468
130450
233410
238790
80987
163556
165606
55526
25063
212738
122244
151986
146827
158018
45561
7508
242519
230010
5965
246832
94568
172790
122303
10375
1229
124058
3486
200172
229322
90717
88549
14997
41466
161254
39029
245053
31789
126087
126689
54571
233879
230919
119895
46242
7424
130872
127835
74051
226887
227112
236500
132475
34740
15833
9937
186140
76810
216911
83161
146200
18066
85102
248287
137868
57723
84341
76374
136368
111575
234727
79986
123541
149687
82786
180443
182951
102559
138479
109332
200366
42665
144566
56942
196555
111892
60052
71926
31265
200709
222278
57603
18026
45453
54177
63883
185899
131865
25779
246752
38458
102483
191449
174501
53683
63078
233047
152411
55251
169131
124648
9895
18403
54414
91643
126331
163266
140278
137966
153653
232372
108601
72048
124294
70135
155675
154408
238339
46176
198072
157154
133682
37350
103641
167074
239759
140332
27472
72918
31024
45032
7841
235219
105990
8229
30229
146436
35178
94176
49709
239481
21184
197552
86178
113565
133716
63647
147646
162351
79157
139487
10598
54741
142967
84292
191605
109449
105724
221693
210557
234030
130404
74592
101444
178658
148231
159226
134109
139598
36661
72911
52981
24822
27171
246454
248582
83002
22608
197020
60826
33142
227269
109519
68747
15804
217891
20246
194355
217256
18283
191649
117933
112574
116411
96215
62289
154861
244277
208666
236431
102077
213343
178712
80479
153138
73865
143617
143604
21888
89970
51558
227781
134437
195385
812
200648
140347
248825
225480
148673
197303
222190
80122
156892
208521
175793
200759
7363
228662
236271
50694
5227
118898
57081
91011
43306
120790
70027
236452
220576
247311
34292
234962
126997
160306
16828
38532
214627
50430
228328
35460
140538
133653
191456
173174
21178
230299
22252
19841
108318
189364
73396
47787
196832
50308
224378
93609
229906
79684
179771
204107
110599
99494
191073
149248
121073
233412
238881
67536
207172
237874
248336
122542
1716
58612
138835
155682
109956
149595
69045
182779
233911
123427
152901
134035
84256
10868
112203
21384
235690
20639
106436
32876
59633
171273
211085
232466
83435
90468
12721
154765
67302
98203
18257
244623
247206
3802
119235
17526
37114
139632
222091
141181
132057
167779
204671
144982
183877
240191
219455
185238
9567
74543
166465
105411
191373
223450
97417
206523
75291
137957
134389
208589
123472
197824
120670
199922
3910
149001
151899
186493
100831
237240
209793
229057
231957
79077
13367
50680
39865
185928
164297
179574
157416
62008
90946
198693
25664
49432
74076
106252
76942
146154
157774
179496
77938
18696
182600
86564
217856
236169
172665
139407
95295
231278
228595
13643
28901
62333
141980
159013
60922
62332
78565
107091
105027
13424
142612
215994
204669
133639
83295
91607
158339
131366
218933
135011
1447
108541
20198
96752
46519
182920
173137
174413
180839
65363
90117
149844
157737
47424
67413
35602
166702
195995
22260
205868
150773
180053
79537
4426
248358
220553
118841
97679
186022
183845
224089
87873
152221
108060
54471
224852
2079
10430
158403
72449
74790
65280
3044
85097
7816
216426
107065
76435
84098
85601
18106
10684
160821
245064
185000
60474
218234
68213
15430
207684
218839
90687
240076
224192
31765
75198
74975
157994
56788
112491
248186
95711
52640
79690
99655
44503
92980
97490
35152
137061
80317
41716
195624
24440
203913
32930
167519
6205
107881
158033
147467
154088
71540
115629
126245
186004
182680
228527
137533
181063
202883
76186
243020
231702
114495
94203
230865
124603
194603
245966
135853
31516
106443
80576
190142
140997
208980
204884
188210
92061
23002
10911
209296
149012
231603
61321
209052
230160
200681
165556
217325
32791
57272
232247
8311
6176
8154
160390
241954
231998
166247
35700
3729
156300
25895
233616
52573
219204
199364
73068
220225
99106
29177
193787
144242
40761
166420
47638
114424
147963
32353
137866
229800
150012
17876
229280
153006
33045
135626
248462
188654
171227
109823
136222
42155
187620
208747
180542
91867
26521
181539
70889
225640
178927
231848
178169
53255
83791
70131
131102
97644
197233
244401
234920
73532
132205
198252
173656
55224
83849
13782
235712
8507
170141
38951
97917
166172
50997
177825
149644
53540
240084
145210
62581
242155
53382
25902
216178
114832
11813
236390
53836
155262
73550
183527
148047
136552
111931
168636
33161
234890
12746
14940
53365
205163
215486
233956
46220
79764
130015
162427
80398
204859
11269
193719
133212
71826
232561
42839
247059
65859
104404
134534
62748
166196
8502
39685
202276
102607
44720
20701
45758
20322
2615
180460
29115
111578
153916
216934
11823
189265
91097
240776
52033
98190
120618
182026
26916
216875
102518
32110
130038
223470
199257
143978
23785
73419
13485
194363
169176
92231
130068
149118
27595
186268
193700
157748
87273
208601
58214
240399
2892
70800
118948
39314
126592
89099
148236
7090
136731
64280
235350
57889
185111
119804
14605
62829
179173
245886
20556
23671
170631
88252
59140
42261
104857
93416
95662
120105
180331
129839
148385
74049
75982
129476
210808
228208
14484
133384
204053
195677
51004
140925
69660
21243
187688
124112
100154
38430
215845
54930
39583
223922
98197
124034
57513
206819
192709
99722
201988
222236
35859
124611
202069
188843
203784
150944
150780
229420
83506
224431
154621
106731
202224
175428
12033
72961
59979
105644
164942
154896
18321
68123
192343
11600
105109
244038
238690
212921
211237
120107
127856
143932
15908
166537
156948
104304
139772
17468
57376
195101
151908
19305
80104
122572
238264
160339
241436
233444
122297
54046
189226
118583
79499
169066
123750
126114
13890
246436
89766
178612
22226
175960
84802
36167
200571
178646
84
153257
133121
126380
136396
22458
166123
29343
210525
203458
75726
236743
38800
220294
127194
96919
116092
186876
104778
219220
219263
238183
150515
203764
78128
239230
232132
195536
215327
184409
171765
243412
145793
164647
234763
134923
105382
77810
159573
236197
244987
1075
197666
105739
140672
137565
32398
16126
144975
141548
241438
243196
146167
28106
115482
187729
119641
223897
154954
8354
20217
154906
221635
104820
224544
197222
158276
189649
194281
158608
188615
49899
145043
81682
79296
74015
97767
199861
38370
117404
169653
46629
235675
14267
52149
55191
41736
63945
8896
223613
114808
150839
57798
10614
247352
170423
23039
112877
25391
158392
120403
206345
51806
19241
101214
24968
40748
126909
95618
49542
200698
221489
74207
161224
69089
178038
148808
115755
208464
62161
204392
210036
181798
108404
121567
144326
120546
104942
191500
36545
198075
22230
108944
127698
130921
38553
49381
168713
190799
76027
26162
161323
27004
181444
13041
187597
169134
202173
70934
241779
45558
24443
226989
222997
81554
23018
152480
47800
221205
199493
201336
130792
203421
46624
58306
235349
186096
73296
41170
93673
229822
173801
104890
82913
155665
198899
229866
29843
61646
154833
163057
187596
72867
161415
139909
218343
22337
46644
93546
184610
102757
19062
31037
61253
225469
40096
210549
138463
46857
17215
133398
127593
183466
33008
146223
30863
216634
20649
239384
167865
8141
24318
234695
131146
135934
208927
217796
153971
231942
68818
165447
187878
69074
91747
12401
141317
173359
96426
186509
104415
30255
52014
117347
121848
106246
203260
53515
223464
219878
134782
177577
183316
131905
24130
119857
202400
5790
213453
17256
158722
241864
204721
179674
73105
146165
160649
137830
93747
96220
51936
147676
37366
186035
180943
1858
175975
227821
223493
245841
48300
138021
138872
142129
44765
7171
101569
112956
223160
108421
179475
214419
216490
127096
211997
24068
96048
123882
108617
59515
95428
143085
68907
25945
243144
69735
94769
230957
98581
178701
34477
65709
190407
185308
58004
232269
138916
161118
205485
7726
109021
108591
117114
115479
47204
11743
123086
162563
8713
57256
116613
160331
25746
139008
159536
217588
199326
68208
79876
116584
200109
193709
78454
31724
119239
14633
154541
247367
110376
20559
130837
66081
13965
187027
58642
167834
51919
26499
95534
17163
184653
127093
236253
225920
68507
210570
55234
22663
31375
34123
166497
192169
214498
212808
48062
131302
84153
71081
217067
209775
216912
199542
10090
8805
125840
133245
206694
3977
143900
229467
78312
86271
208562
182165
194148
93260
246733
152999
175943
94246
231011
174810
180590
214343
140230
83248
222886
60347
54207
129844
33800
133855
179440
243319
245386
217244
20067
113920
90070
154322
55958
61571
78991
57186
217785
147180
79974
30994
233856
189118
126536
59019
237665
158703
196460
237737
183854
215086
72779
97040
28027
11735
224116
113331
33456
158566
22926
33380
27509
205198
120245
132213
11485
87844
195458
8878
33410
183252
203418
90518
143166
109524
61156
174218
244102
61560
104496
246375
22869
168734
62143
63933
76966
184606
181953
2443
348
117984
122109
62689
171401
453
153052
183999
89389
133944
16587
221248
204201
232824
108339
246557
205089
134122
210893
23784
122136
145334
221376
39782
108764
128240
42002
176135
240821
188918
107371
225039
99160
235443
37712
226538
72099
16329
227644
71524
91738
226797
121615
58316
213805
102446
134830
96881
27304
53900
239115
186067
246554
204214
60539
117485
38531
133733
239794
124532
170060
249496
133719
112943
89303
194700
239251
44707
187811
53999
128913
17709
170802
217207
2091
198485
228485
208621
179050
161707
214972
119881
112677
128990
129102
12139
64244
49520
68993
295
90635
135123
234598
17639
50813
222519
79634
163148
188350
176085
86706
145230
139775
171557
235212
163952
58587
59611
22127
189066
2018
88364
65150
20190
82063
162315
145201
221309
245136
75638
66397
212818
82938
152738
182122
118538
239203
223889
147830
200348
123394
176518
2964
57449
53246
21588
231863
11013
156328
112778
60183
96194
219792
9903
27198
89154
19383
119995
231971
87632
21188
87412
3018
241482
192239
76954
67886
175427
4461
139504
209861
143239
4639
2233
119902
45539
46088
18860
156552
137391
197651
145560
35438
112983
150320
188752
184383
206870
222328
209769
194467
62943
105984
140441
134065
66538
50604
31586
179462
141999
195659
18772
133499
132420
90088
225932
28352
205677
41908
27779
110939
165993
117168
110708
192311
38255
175752
75219
174676
12215
235522
53635
85571
230548
5696
204932
220974
97931
7832
123808
141772
129139
96463
90205
72962
57332
8601
69012
220335
81390
204646
17890
157839
167310
13525
135103
207624
208932
64093
221805
154453
24006
246978
163044
154000
134492
190003
187732
41864
209042
110135
61541
47491
230170
230566
24922
46341
225034
84691
191526
236821
77690
42869
240977
177147
119685
111694
181135
171109
113782
195738
70502
14361
101695
138530
151485
51362
4632
128721
165169
186640
230145
175934
55462
128812
204931
21052
113397
6229
31621
16298
131791
99682
69346
163141
223587
225356
71845
214920
118805
68343
228415
54433
198766
196491
147306
20452
90669
221865
217341
187100
16117
176198
625
235302
166689
113046
119561
28104
231564
163283
51498
213587
168568
139691
92221
131806
188406
37815
208065
24874
216300
64255
62538
65711
134679
208543
237382
66570
189309
180948
241358
26944
180216
160212
91267
123563
202590
189695
120044
129333
116971
132450
247546
176806
161697
171242
213331
47679
206569
215089
107162
198570
233664
107805
124975
207531
249355
241865
12351
157887
120779
146289
32302
45341
158558
90336
28249
10342
51875
16030
42151
81780
199883
121705
155521
20939
76987
203628
90267
217261
99372
159801
36540
103871
85411
6790
51642
90440
115248
53762
191284
15327
103828
56260
199334
22079
4288
181303
5040
70332
192162
97184
158444
144853
5251
234950
226339
68709
157321
22240
133146
145708
127649
216469
144746
169789
182957
218589
7079
68780
156787
165248
241455
41951
161062
247946
243621
216287
72400
182598
245258
65607
73337
12045
137304
3999
113967
38957
215642
199471
146429
91659
19033
9531
161134
88837
127868
27049
57822
200849
197398
90723
226298
44823
40341
136758
84899
210521
96819
67938
177336
89487
151587
146153
197509
228943
26873
36295
196756
132708
600
89197
114052
107926
217778
220618
213562
94812
225699
100879
127212
125471
115998
75744
208900
168328
183811
237533
6032
104684
150069
17656
203851
180301
162414
212759
210027
127184
201385
156137
244506
116552
194196
1085
212033
135841
3800
224603
108183
31535
106127
123883
210265
22485
131205
188314
119894
29596
190554
120332
108299
187738
124739
242716
203737
121280
100422
98363
75240
147829
14307
37149
188929
249516
61109
230729
21765
223147
72354
235492
172389
30078
237357
242336
88917
127315
166946
119106
205937
241203
40637
34067
24432
241588
221363
129055
199088
1873
161155
63132
222881
7040
216337
97646
59700
158424
119030
167476
214899
127128
173923
148606
168984
28130
234507
81816
249715
191164
143428
234783
19299
116407
91803
141199
194756
110701
122546
49238
183758
239358
8858
16680
236157
59313
75336
94057
62788
40480
138210
221334
540
236834
234755
237829
54036
211063
229600
243132
85684
182759
23306
122515
37673
246327
34736
79628
65347
150125
190575
199321
202976
99213
223446
89085
100643
210297
176643
140784
242974
143582
118616
89958
245355
26985
191278
228462
145011
210269
248654
99866
94475
10414
27168
84660
194182
222983
100664
199005
249258
145667
184516
212883
26841
207159
99527
243519
174417
233905
3213
95329
109110
246797
178339
169069
167720
225718
61352
98138
222325
215993
118822
13389
11054
67102
220280
165703
240775
33454
6786
122777
142918
170313
3447
237795
70416
146209
46150
53977
24842
86331
161040
50586
3788
87406
179330
160026
232926
27829
101045
160646
50546
70008
73671
207823
84539
91786
7477
170841
153332
142719
223729
65188
42686
249481
90861
97663
20898
107913
209095
71098
41827
101781
135446
152206
101020
68674
81510
89700
71911
178709
203163
215477
195162
73631
48751
104174
130919
81254
47653
27755
150990
13051
72319
87449
133990
228632
186085
32748
233528
22082
40139
215765
246738
56010
47199
157038
143936
222424
10145
189084
3092
213082
188495
105064
248847
83035
231597
91783
231219
86320
98152
71792
141555
159029
155232
52568
32330
52743
37705
244654
154708
37165
109945
40093
240351
132289
245359
76583
232689
72039
89994
14500
139980
176555
89102
100708
247470
68120
16957
165278
29008
1574
9767
49972
77121
220997
133604
103909
87562
40555
111528
173157
220103
16870
158775
41940
43408
202732
112488
164800
23821
95371
165931
197531
52483
92088
70789
164061
92240
21776
16070
135659
65716
36036
197048
197396
92140
58326
234305
244281
216259
143341
167943
99457
7881
112201
16271
50204
170175
182080
129215
105402
247900
151165
167214
91029
83347
14644
47004
150384
120171
189380
4576
91212
164748
67809
30615
204615
115662
66188
14912
180972
164122
201690
210167
141382
169030
38268
20640
40146
77540
103066
100480
112737
129533
150039
235500
243423
138655
25245
22867
168810
192176
18140
154386
83520
221348
166219
17475
157304
97588
224564
81463
129507
65582
115794
104865
85605
200496
187464
213831
165202
116909
105082
113726
193216
12255
120398
129025
14878
133177
142978
181794
94061
3579
155291
100128
66137
152440
84274
128581
61172
36078
182063
73284
59591
45811
156870
82603
111182
7125
37874
108813
205346
106734
31490
10938
179391
151689
106037
11198
248648
153535
19055
188801
84987
7206
220351
156529
153229
158662
165874
48044
2820
38368
121550
243247
89313
113224
46447
141210
121587
112288
55252
11031
60576
133074
216883
119186
37816
228988
210564
84464
193150
187575
91042
40867
226903
228561
232672
160600
136786
39222
224051
60668
53988
234934
204268
119273
52381
43299
135788
142346
148721
50715
111676
128390
90884
232270
195265
86637
96424
57928
24680
72382
131425
120178
84547
88897
59627
67248
110890
28935
211847
8742
99883
94517
119565
198559
205651
69548
98280
107677
62619
141524
50471
79034
28725
63746
5952
197491
203177
176873
209271
194330
84580
174348
109720
33660
177745
218493
156483
9597
131620
49795
12352
68793
32190
175736
169218
116990
199001
127030
241029
129411
141753
202245
165716
230015
70616
53018
97120
104075
64313
19731
144374
3069
185798
57318
41068
10792
89333
92326
124609
127263
230527
11953
238298
15563
230021
61136
66896
160069
199333
178961
7121
111678
96893
218231
37639
167505
194790
202017
211737
100310
90303
97761
38820
5547
213283
70423
221769
16361
115758
133784
171344
51105
72334
84895
207649
209873
236301
110162
137981
82756
69934
200323
182571
193183
66760
42556
187660
185648
21678
138666
199282
16758
191534
195812
99224
9901
4323
208617
49871
195523
207991
158206
11244
48896
4890
26610
172630
249176
242955
169093
33848
29554
158384
72265
53189
204678
166337
245193
207907
187343
63865
220640
45822
139488
169327
245633
238632
90829
246183
88361
13735
163345
54988
151256
58677
79872
209602
111413
49166
125249
96281
82043
92742
26348
156505
110493
161010
23429
97370
229779
75375
84772
181321
166221
41650
52890
103836
185046
135010
34189
237603
111352
108109
20141
127400
76768
21627
164276
64661
145912
7236
33473
127291
23807
55092
143523
126193
205098
105062
107409
177573
51596
154140
73600
100766
34689
72145
34552
110595
197284
217083
104168
233078
124917
80001
118754
69159
47457
220521
240159
20314
78032
166439
132514
187725
33541
64123
168096
137733
114615
35980
165396
128113
112692
146302
104220
14875
15324
69176
61777
245825
229808
93406
36547
105595
47124
190725
80330
185562
245320
128221
208736
215772
207095
145146
18086
12600
205467
217935
137138
87857
145762
227975
93813
209531
144138
49787
86704
188507
107276
88389
97884
45052
210839
78615
118720
37186
25094
210349
129161
133876
239897
234646
232216
129838
108496
159064
152745
183308
143741
73255
72666
244513
245249
38335
83899
44480
157970
69880
169174
81981
55332
16183
197817
16771
89344
95365
175997
92936
44585
217262
215054
188009
206417
200271
82882
15685
173940
223984
211546
43404
202517
52341
187758
190465
116825
10481
33975
61101
108019
85507
98381
119089
199448
36495
54224
203761
85740
84268
223209
19898
96148
35227
66956
113706
141884
37565
181186
70515
234352
186317
80516
94544
109951
165909
136671
121351
135043
196707
208678
147406
54201
241610
118804
170208
166553
44381
16678
39128
123061
163937
126879
82056
72189
165036
168738
131546
235501
64684
41590
139249
15279
249621
166880
123415
2310
146889
13133
178064
114069
196341
46399
234544
49812
83025
94221
144919
35247
168915
96865
166759
242299
155205
174268
201706
30758
134857
132166
132551
2319
104585
224099
120027
44574
73633
118374
16256
101817
15877
45959
165872
169609
100139
116688
4555
131372
129638
152896
40153
141394
164272
156655
201589
64508
156639
130913
28681
151752
168312
102864
78446
91235
215465
123661
174019
205965
199480
228651
42210
9161
129464
234530
155896
81086
56630
116484
25700
241597
170663
81252
158182
146030
203925
218386
213683
79158
208949
133310
212937
168317
100768
117530
8736
55775
76726
160246
44520
201641
103237
10045
17341
84885
8995
22381
158345
196362
30942
171287
194824
74789
70267
156822
183299
178175
222324
232716
108150
30011
104637
92442
38514
81929
193902
29367
127558
215646
49790
178690
10950
196904
54949
161286
204648
221339
130593
128785
95713
49452
129637
217182
61521
84932
101641
80401
189732
225713
103659
169231
121534
51677
32206
139012
88278
233476
211200
214912
21612
50018
108031
29854
109513
35171
223141
99871
28747
228515
959
81652
6351
65786
177939
248101
111354
91095
207156
96471
215527
80738
222391
180617
248334
107374
54004
10853
212845
20817
208939
84080
180282
141482
199325
127645
83933
2702
40624
151778
102480
16813
160581
245032
28650
170843
103194
162251
82374
191332
226889
163136
187438
211093
160850
157527
98379
145569
182639
174693
219791
13774
195816
150875
136310
6298
101509
236389
115678
203844
76625
51783
147053
95917
157650
238945
101418
30783
245310
126319
79145
24090
88684
35431
152767
129889
73335
236778
174204
205150
179129
32995
189419
122403
64518
24815
61819
186036
77453
20278
230914
243487
244757
214600
213821
96146
80835
59323
222013
113501
21131
203868
177386
196225
51484
240802
120809
107434
208340
112072
177422
45826
173418
174340
20580
206152
146202
221308
117967
164564
43582
209248
166282
26797
101999
115467
31172
105495
87400
234758
77632
192055
194583
94459
249647
138973
180673
243253
164424
80909
234088
30929
92534
217137
139925
208706
73364
65443
220723
49732
95925
73886
16180
191780
139344
219420
42857
86449
175768
86943
163054
195113
52792
117379
217824
202552
226327
166959
98759
106977
160368
247016
119499
106075
43581
36141
24361
113063
153792
112437
208571
68657
50992
5377
131007
123775
49859
19087
193553
90392
115198
109743
50535
17388
99886
145930
159658
192647
146351
83195
116029
15354
41266
127995
236873
87198
69670
76204
125842
75975
10582
60995
24819
111490
149013
144519
56941
96185
50850
135879
103361
203793
42005
463
246221
245789
217144
151374
47691
70409
94972
14025
122927
103392
194588
33980
147880
53396
247581
158630
132560
242984
86888
129468
152102
233953
84152
143661
47668
210388
77008
86089
123858
16023
208983
168974
88120
162809
136149
13071
134279
157622
224325
1033
89731
201833
235111
114302
225262
224895
9644
217323
16660
241813
18332
169558
103804
228287
94988
128815
222579
32126
165426
193893
6880
79131
114137
202493
220056
170949
140905
209715
248
49614
150558
47395
33712
245805
33985
158395
97826
160385
53955
75772
38945
156517
11746
206469
140242
24543
207824
124046
190252
180232
207744
173352
60418
234652
69469
124195
208180
119287
171540
83054
134766
236050
158093
113954
14944
19959
112468
11273
27619
70395
167578
91562
180758
149624
86573
216267
170905
217886
66398
93114
109718
84193
2843
165246
155394
107289
40265
137299
173375
138991
59282
133293
1717
76432
70928
210141
95775
4790
55629
38476
215323
7811
24990
43688
119017
140400
61281
109243
87368
98715
134587
171887
83777
188900
64693
227665
47620
86371
230056
84817
98230
28019
212332
167731
234398
168123
150487
184097
35269
74544
154192
74446
15734
192575
142335
240530
43742
140076
56231
236689
82497
140428
62292
23487
202636
114199
139312
161976
1540
201014
219116
114312
53957
25337
103523
22041
217815
173496
16513
60670
246864
12075
223801
228320
28477
55865
74472
183702
96245
35559
164372
128966
149846
83690
26746
243939
80358
165082
161622
36192
222274
23265
76147
159431
111100
112017
176703
21199
14829
157199
213095
32013
21129
160520
246312
149670
241529
1862
7986
135889
115875
103938
113353
224401
46146
240771
163178
201846
179416
23254
149303
41249
138135
203776
89117
16368
100266
227726
118139
138462
144768
100211
220148
84326
39458
215362
35541
129971
156985
67996
103426
13480
192826
155425
110742
96219
110235
44313
216780
120409
92188
150595
210554
129322
32542
133370
149626
167749
146058
56051
12920
205631
88136
191109
65635
101297
215972
29725
20387
79360
236788
16727
6001
91852
151646
77726
20200
110883
141062
164621
192032
213918
173579
49955
181222
179484
126042
121964
131571
105824
181542
165268
170189
41112
218823
201546
203543
244494
67253
166988
127566
3520
8452
235950
228931
225133
227856
21380
67889
103211
98593
39370
273
6138
11422
224173
93815
224674
214759
135932
63976
240897
227176
187911
146977
152706
44194
224420
8546
134548
23278
128705
217484
30297
163375
99727
232702
198174
249003
14786
31320
42535
34996
136461
192479
216136
144979
55093
88196
70069
223055
221169
209487
80130
140770
131271
115666
187529
1974
243289
246497
6688
24843
154101
46454
197012
77263
72255
95538
181929
95219
134089
59175
189070
169325
41722
155757
193251
99517
41427
64727
42532
162341
172341
86856
181074
15240
236317
51997
22273
165571
130210
118895
236311
185915
194250
137953
111801
147088
233550
16629
163668
23442
201748
218314
206706
163125
90537
148096
229240
25432
146037
147396
199835
129729
188146
59680
197954
38904
139150
49765
41435
219477
224705
236936
68279
162681
120513
28480
176726
48947
213795
9137
201264
221672
119245
19912
239275
99977
80341
28305
211957
139272
127091
134253
209888
190053
234186
6859
97924
163562
115268
50607
224185
5052
239022
49799
197399
212044
83667
79762
64305
9207
188696
94150
6734
101778
18252
25733
156509
207100
42256
13194
178113
159136
199042
61940
179758
150163
247508
182099
197027
207067
156102
176256
117529
37906
65303
86913
171979
194145
102707
162167
60331
153626
155277
80888
178983
103772
166837
182250
96712
218483
246474
219969
90319
220223
45984
240179
9704
175962
172842
27503
155485
128439
216158
118178
136674
6449
1584
204717
83861
58213
58830
1411
90747
208392
85622
74481
41250
92177
150824
53675
12955
174894
126765
99524
25623
54711
223042
96159
24677
202373
206264
231080
214821
185218
50767
242840
198742
203828
27597
67658
233822
14254
231273
70386
241616
103802
242589
177948
174779
56957
41218
175478
229883
136062
170455
3557
55181
205764
213916
119282
174667
74884
214112
35744
194070
225515
74930
244881
19673
153193
185059
47472
113503
91863
82524
213218
25196
156995
53731
215855
222264
86398
161375
26779
14570
155584
44920
116009
159767
47465
184446
178678
248909
180247
197548
28190
155993
27420
77875
249414
189979
170965
183708
225681
75984
134308
92600
187982
57824
190421
72848
168760
65438
127546
69407
175657
108580
79040
33219
38412
110721
12942
58412
193417
5344
95425
120056
174944
169698
48966
61926
120682
158583
19120
145100
178738
106014
246293
103143
217462
25371
2080
181435
105504
194341
151794
139232
7541
33259
196173
193370
157476
15855
146362
237646
76041
78830
244399
101112
7922
94179
119181
200823
194961
171336
242398
229402
30122
150438
177287
217781
126558
43703
118618
143010
25207
52511
102420
62296
219098
81378
179289
161760
47526
59183
41641
16858
180933
42031
57938
24777
135549
130185
36862
54388
148330
221502
39800
60371
230460
242245
49126
131064
142563
158909
222828
96635
41872
114325
62152
221228
170145
23905
197862
199342
157043
116370
195244
146872
72055
136595
162908
240877
75453
195454
189685
73591
121678
235582
34439
233383
31158
122597
210613
229461
46087
190408
133670
170520
227645
160757
170928
32551
154672
184625
24940
152691
123220
93701
216334
112293
211270
183793
29967
85136
122074
184011
244049
127642
119094
162062
83883
26395
198848
111219
89213
171460
161572
73705
152153
198893
154632
200559
22472
115345
83630
180237
236291
156850
192116
233900
208603
3723
107455
84430
130030
105678
142166
212608
199367
120627
72554
197721
116911
78259
21210
158398
180344
240196
15147
196417
204852
27374
187091
113227
154682
217492
225302
142035
28218
225108
846
153690
157942
239675
210176
249690
198554
87457
191704
63084
93277
246772
200243
197433
150932
64476
36092
74928
177479
134173
55901
143006
189253
224559
14129
216149
105394
79239
14628
93141
84734
63842
214647
120355
101468
235893
9655
125446
195003
106886
137122
121869
20881
127383
173736
94593
6788
3960
157089
146841
75666
153880
26132
19813
125159
111724
181556
237162
188739
169677
54544
227335
192430
84336
29345
166494
47954
156816
120848
234675
41438
20638
91500
112143
157914
82125
181833
37539
167270
44919
77642
55446
115627
21379
228195
222663
188823
96921
145852
57849
1413
13621
55432
170006
124256
102476
143296
174484
16454
97722
232817
142351
99027
32359
244125
199935
31325
105587
80640
89068
173670
92818
220676
64894
66504
171289
86200
205221
17168
211255
216163
103198
158800
74717
44999
227324
81564
13561
138287
201533
129296
109527
116832
75015
76123
202953
48372
143676
112934
41509
205848
116676
120563
182397
67777
206905
222593
92949
66525
26951
122529
89276
246719
173184
53299
8688
119739
82980
131313
85234
190231
43964
212939
104426
210045
50312
158024
82607
109770
247154
140673
108720
241641
157504
85295
119985
4217
151651
112348
3783
246399
113884
249380
139086
77287
86976
51076
242230
84299
59914
240492
247830
57343
36614
192565
204376
89863
184035
145434
173707
243224
216756
19837
161407
239380
82173
164270
11521
178526
52664
28325
75083
78084
242723
167479
208387
94145
236346
117359
124394
102150
210110
98985
53827
244106
88689
81116
44100
85694
74700
101299
169641
115947
61811
62138
122836
184137
142177
133216
234561
191546
27287
124431
73021
228847
200905
16942
114032
113233
61021
179260
138145
210925
196991
35751
60163
141922
69826
92025
200694
16865
177882
207501
181529
208867
228044
247672
224652
204919
184328
211900
143891
41158
113300
51951
27693
71613
3135
113502
61494
220857
245052
185131
111717
4237
249602
146743
246394
40465
110044
153405
194866
232847
72774
167195
17698
23959
174428
116546
205435
49583
6335
108394
219730
94589
204060
230274
188883
140279
119629
165467
189534
132703
78789
134590
48380
163590
229273
226662
47058
189044
41046
80924
74657
229546
205183
137328
156474
27932
62139
153796
163115
95945
118444
197549
243138
86020
112867
93841
3805
245348
36164
1578
153046
133651
239749
130505
181782
214291
132264
215371
188255
100572
135432
219835
236586
21948
235600
183599
196932
249377
42792
214631
169445
121539
14798
218785
152332
198924
44837
164207
63341
187629
95052
34
162607
100533
16861
221733
109883
136634
13717
247528
155596
93985
174621
247205
215099
182813
92186
26207
110190
134910
27744
14870
30137
191017
201445
238562
43647
124663
214814
238729
186577
79910
84639
1373
33802
37449
20318
46082
182355
27393
66234
44667
20133
63252
92798
104989
232602
224330
4310
238034
150985
16494
73688
108901
96661
109310
40586
198103
129555
162369
100438
105374
44260
165383
60546
152468
121130
35799
168556
182497
247720
194413
67535
166158
113444
186282
201241
149302
98118
216205
167498
62026
20830
189989
169032
212299
39600
10391
208151
3054
113005
50625
120575
237394
226727
196327
220545
79601
109710
106775
176535
210998
33836
237859
188835
225936
128332
131114
90153
57852
232902
160403
86994
95982
129423
178948
21382
37463
47248
77105
127668
155192
141551
201046
225301
186100
160566
209864
16612
122488
186759
16244
237396
145973
204564
12970
72399
161507
18039
195436
8872
226073
113295
83742
224865
191417
80622
67288
130240
246879
50112
6752
88842
82518
107357
114636
178177
234802
172347
190712
128795
73398
244117
240528
47309
18330
100958
207026
65849
246041
238805
131357
18748
129486
125203
35694
61367
145914
202631
225288
110734
216680
63268
18219
232982
178073
39813
192327
39184
18852
97406
238012
226418
170762
75446
191211
62985
131829
61335
37469
218997
237777
224717
49584
76090
93731
123217
246505
129495
141716
37743
39100
89318
104825
180041
79958
88552
134633
210183
43594
179263
186765
150135
217861
28603
80607
51662
200913
40934
96878
35248
19595
175381
188047
52632
168975
6315
247142
110625
103580
230530
183864
136201
10195
119493
243294
172028
172743
142195
32571
121244
188112
94521
138372
62285
54916
206430
111761
42070
117411
228188
27920
34987
45749
129929
99176
56764
163360
205323
168282
100051
232887
105573
90032
79785
228598
219248
243267
15800
25849
68271
113772
162203
249346
75094
113993
228084
173620
68918
147865
124496
25025
212516
163150
61378
86851
122400
25860
95894
81574
196943
10891
145901
2509
227486
139231
65912
27061
17370
62685
216217
193591
219672
239823
99737
168254
122233
242444
98814
47435
184154
95440
65696
155230
6736
216101
164416
121649
78894
94628
85123
13824
125527
71976
24134
49654
130845
3806
10471
119569
98922
236482
177467
211123
42516
101964
143715
248411
79148
113544
148854
110677
153614
52069
229701
194721
234974
93580
44583
110382
121199
245838
240675
119081
20123
145320
23527
249038
119682
92195
96726
44753
93042
216383
168077
