20
-11 10 -17 -19
17 -2 5 -12
14 -8 14 3
-15 17 -20 -14
13 0 -2 -14
0 0 14 -13
-20 -5 -15 1
-11 2 19 0
-8 6 18 10
-8 -4 -20 -13
8 -19 -11 -19
2 -11 -5 -4
16 9 7 19
10 9 13 -3
-3 -11 -5 -9
4 12 -9 -8
-2 13 0 -12
19 4 12 5
-15 18 2 2
4 16 -6 -17
115
1
2
3
4
5
6
7
8
9
10
11
12
13
14
15
16
17
18
19
20
22
95
89
12
94
29
51
6
21
49
61
90
77
60
14
13
68
58
41
27
43
32
4
56
42
85
26
59
24
2
8
40
47
87
81
75
37
76
71
69
5
34
20
52
33
45
70
48
66
3
28
78
38
10
83
18
73
57
82
31
91
65
30
93
25
72
67
92
11
1
55
17
16
46
80
15
64
74
36
62
44
88
84
19
50
39
53
7
35
79
23
54
86
63
9
