20
-21 18 -1 20
21 -35 12 -22
-35 -27 23 -10
-33 3 -12 -17
9 -32 14 -12
-40 38 10 35
-15 -24 16 -2
28 -35 18 -8
15 -40 6 11
17 7 1 39
24 20 27 12
20 32 -11 2
-10 -12 27 -6
-32 34 -20 23
-1 -22 -40 -39
-25 -23 -25 9
14 -12 19 -24
-7 -4 13 -17
10 -16 35 -19
-6 -7 -16 25
115
1
2
3
4
5
6
7
8
9
10
11
12
13
14
15
16
17
18
19
20
47
55
57
40
69
42
66
63
83
20
41
88
37
1
72
87
12
50
81
71
35
46
56
62
53
17
24
58
85
26
93
67
3
84
52
61
8
4
75
74
33
91
10
13
34
7
9
79
51
80
6
15
90
86
21
44
60
77
54
68
32
76
39
28
65
25
45
38
19
43
18
27
16
59
82
49
78
11
48
31
14
23
29
92
64
36
2
73
95
5
22
30
70
89
94
