20
-38 36 68 -70
11 23 56 64
-28 -15 -40 68
56 -80 66 -22
63 73 70 -72
-72 35 -68 -80
28 -12 72 70
-77 70 -44 14
13 56 56 -16
49 -54 3 -14
-20 42 -56 -15
-15 23 15 42
16 -19 9 45
17 -12 32 -75
-31 40 12 56
51 -7 28 -76
-8 -54 71 40
-57 -64 78 36
-47 44 -32 -5
-9 -68 6 -42
115
1
2
3
4
5
6
7
8
9
10
11
12
13
14
15
16
17
18
19
20
16
52
68
69
30
29
95
24
87
15
54
81
61
11
12
42
34
21
2
94
5
92
45
47
55
4
46
66
1
89
58
38
71
8
76
49
9
41
18
23
72
6
28
26
83
53
67
37
90
44
84
60
75
79
86
80
36
57
40
43
62
77
56
74
27
25
91
64
32
20
85
31
50
63
70
14
82
78
22
10
19
65
3
13
59
33
39
35
48
51
17
7
93
73
88
