20
137 -107 -117 -96
-26 -139 -19 -65
-120 -125 155 60
-119 -87 29 -37
-29 154 -113 -136
-77 -65 -63 -16
-33 76 118 -80
-139 -109 -153 136
118 137 -86 -5
36 -116 -5 159
-158 -121 -146 67
33 22 159 -11
67 95 -15 -159
-72 18 74 92
62 -94 13 -59
-152 106 115 116
-39 153 80 107
-142 -132 19 -106
-38 27 123 -42
-119 55 138 -156
115
1
2
3
4
5
6
7
8
9
10
11
12
13
14
15
16
17
18
19
20
82
33
37
79
43
16
75
44
58
50
35
91
28
61
84
6
68
38
52
59
63
87
57
70
51
9
2
19
26
78
80
27
5
15
46
41
29
20
56
71
60
1
49
12
90
55
81
53
18
4
65
94
7
47
54
66
14
64
10
69
45
95
8
36
25
88
73
22
72
30
85
48
39
3
23
13
86
11
32
34
24
67
76
62
89
21
17
93
42
74
77
31
83
40
92
