20
-473 -441 206 350
418 -102 -426 -544
-423 -597 102 -175
-357 177 -603 -27
386 -28 495 1
-524 204 558 436
50 -407 500 630
337 -235 -321 -342
183 -102 -291 -242
350 224 -66 -157
605 85 335 -328
-630 414 -200 -413
199 391 -28 604
637 34 -149 -609
571 -120 407 638
321 229 313 127
-41 -559 513 322
557 107 444 -343
-486 -348 540 -94
382 -488 615 -455
115
1
2
3
4
5
6
7
8
9
10
11
12
13
14
15
16
17
18
19
20
68
38
11
20
46
56
31
41
32
87
24
73
69
40
7
42
53
54
91
64
34
37
70
19
35
17
29
80
14
75
43
6
39
95
9
58
47
63
72
55
65
89
28
49
51
3
5
48
85
2
50
1
88
94
60
15
83
12
76
30
44
4
86
59
13
18
81
71
27
45
8
62
36
67
93
22
26
23
90
82
78
77
84
10
52
21
79
57
61
66
25
16
74
92
33
