50
44 22 48 69
-2 -6 28 55
47 -1 -40 -77
-25 38 -64 55
59 -20 -6 25
-21 57 53 77
48 72 -80 -97
14 89 -58 -72
-34 -18 74 -28
24 61 53 -86
-27 -57 -39 -21
-30 -73 -97 35
51 -100 -5 -24
-22 -91 -56 -60
84 24 -95 -24
-59 8 -91 77
25 -2 94 31
81 -79 -45 -73
-67 -41 21 65
-62 95 61 92
85 -88 85 -62
-11 -37 77 10
-19 45 76 80
-35 -93 -7 48
-22 3 38 -80
58 8 28 -66
-48 -72 20 -95
22 78 100 -40
-10 38 22 54
80 -40 71 -69
-18 -19 42 -89
-12 -51 76 -26
93 27 -82 58
59 -57 -21 78
84 21 43 -11
65 38 52 75
94 -53 -12 -50
19 -35 -18 -40
55 78 74 -10
97 -79 13 57
-67 -84 -93 86
-24 -42 9 -79
-64 82 25 -64
67 -74 -43 -31
85 18 27 60
-25 22 27 -75
24 48 73 51
-23 60 -7 -12
94 76 -64 28
20 -75 10 64
632
1
2
3
4
5
6
7
8
9
10
11
12
13
14
15
16
17
18
19
20
21
122
136
509
131
516
321
251
432
530
578
548
297
378
47
318
176
512
10
401
398
489
291
332
413
513
105
552
63
508
610
317
603
486
74
343
597
29
411
278
515
472
188
330
186
408
104
193
539
53
351
77
18
42
132
575
43
416
336
366
426
518
560
199
481
289
95
309
88
307
161
142
290
533
263
568
535
417
69
584
139
233
583
447
285
379
607
323
183
399
485
256
396
582
570
355
454
608
212
490
524
434
595
114
424
128
392
446
198
94
33
507
483
579
592
404
184
25
187
564
363
113
19
54
294
601
374
213
165
523
241
352
418
206
557
333
500
126
452
236
596
453
521
541
134
493
219
295
589
157
612
196
275
204
503
428
347
464
61
232
407
144
456
192
154
556
400
580
383
137
121
272
348
587
209
267
534
594
543
44
85
511
327
80
2
30
28
152
298
315
238
150
373
167
262
484
322
16
337
382
305
172
92
217
49
488
226
342
590
284
376
451
569
308
547
581
117
465
281
34
257
528
107
52
57
611
466
442
282
191
90
549
221
31
231
402
70
163
60
15
46
505
375
558
6
207
39
414
576
170
368
283
429
108
287
380
301
443
35
326
545
229
5
463
455
606
190
350
288
202
129
32
249
537
381
102
510
409
118
358
261
303
7
17
99
73
141
201
313
328
475
406
386
180
544
22
410
223
421
514
160
605
502
178
462
120
119
577
391
23
255
495
78
572
525
227
450
156
38
563
97
168
419
555
440
109
194
48
41
235
234
177
487
146
65
435
439
158
412
300
492
175
506
473
364
89
101
467
171
591
8
36
476
360
498
496
551
155
81
87
66
531
370
210
361
68
98
494
24
246
292
169
422
91
573
20
393
427
64
164
1
354
166
415
593
356
83
436
599
79
179
86
567
266
550
397
151
474
448
538
302
319
346
111
159
479
517
50
561
254
497
499
14
211
40
13
216
124
189
143
598
135
529
205
425
55
445
405
536
299
173
116
520
11
252
609
359
247
12
459
349
369
334
228
403
268
112
449
51
224
76
438
353
420
273
394
423
367
242
26
67
504
345
103
602
310
293
304
586
553
519
471
480
243
324
253
311
277
62
335
138
338
441
149
546
566
433
468
585
384
140
115
571
574
9
329
430
478
214
387
526
388
431
389
248
522
554
222
470
258
84
501
133
100
37
274
362
491
195
220
269
244
316
208
372
127
540
75
357
341
477
225
306
110
264
280
240
82
174
559
270
125
181
259
237
331
58
279
286
339
461
377
230
215
457
71
218
312
162
148
532
265
542
145
482
325
153
527
314
197
385
45
106
460
458
588
444
365
182
320
260
250
296
437
123
469
72
245
340
27
147
200
600
93
565
4
3
604
59
344
185
56
203
130
562
395
239
371
276
271
390
96
