50
384 543 -395 260
542 -254 470 160
240 -18 -260 -594
509 471 -673 -677
-37 -535 352 576
41 -579 -778 -105
646 346 335 -210
-350 -721 -139 709
-44 -683 664 -149
115 209 -403 -391
109 566 580 -587
267 -681 -115 -474
380 543 720 666
-469 -711 -75 263
-398 -577 715 -724
409 465 299 -134
266 385 -735 -590
783 -748 -612 -424
-691 19 571 -654
375 -446 799 -82
249 -486 -536 -89
-624 53 -133 -107
407 -171 -172 -182
333 -311 417 -739
-354 604 475 340
51 670 439 -585
-533 -694 -693 44
-277 -455 -571 -291
-92 377 642 653
160 -483 62 280
86 380 -399 264
765 140 -508 337
-27 -531 232 239
-705 -99 510 -169
-453 137 -542 -650
342 -6 -169 718
-495 -77 -674 -456
638 -92 -128 271
688 -175 -798 -485
-95 -786 258 348
210 331 666 701
53 -712 -680 361
-325 -112 -48 -48
476 -175 -402 679
671 379 -307 206
58 -271 -677 355
344 -127 21 164
-732 -38 445 337
12 -180 -446 -129
-581 52 -431 688
632
1
2
3
4
5
6
7
8
9
10
11
12
13
14
15
16
17
18
19
20
216
27
249
88
228
96
144
148
602
447
232
204
536
493
592
397
288
373
582
211
266
66
253
327
530
164
609
159
221
426
342
60
574
576
78
183
356
71
391
471
44
86
333
431
167
184
464
454
222
566
77
290
178
63
262
581
6
323
608
318
611
541
138
326
246
258
328
250
293
382
213
275
553
14
111
268
590
185
419
289
157
296
607
143
498
200
595
560
276
341
147
110
432
37
381
169
12
403
512
339
300
532
311
334
229
336
17
254
598
529
196
53
281
259
584
113
43
30
371
409
277
528
208
562
180
388
15
158
554
33
604
355
315
375
559
39
10
585
433
65
8
444
174
101
455
366
544
386
270
412
594
348
358
207
411
61
267
242
244
165
390
51
52
198
450
325
485
121
212
29
306
89
474
136
509
448
479
56
160
192
107
368
102
465
511
47
372
114
21
467
364
18
389
428
513
84
565
401
116
502
146
106
457
555
269
187
476
345
579
72
41
564
421
503
572
402
424
363
422
550
599
413
423
406
42
94
190
163
80
191
497
9
7
256
133
378
324
278
31
234
161
542
490
429
227
199
612
224
374
591
489
601
438
140
40
317
610
308
280
112
405
194
19
343
492
103
558
223
399
175
459
514
4
329
538
149
396
202
414
606
126
301
237
518
437
445
292
137
583
123
81
360
357
125
132
58
435
210
395
75
155
331
475
303
131
452
305
76
319
603
124
407
478
79
172
152
302
298
605
495
49
142
588
166
531
400
13
257
145
330
68
510
548
104
575
87
238
239
62
494
463
519
404
286
205
235
500
600
181
171
291
314
54
385
322
154
119
279
105
597
193
151
299
539
309
466
73
230
115
129
469
11
284
156
98
297
99
516
434
93
5
556
45
460
251
347
83
141
425
387
517
70
197
282
501
540
186
486
128
534
417
335
552
551
392
520
370
442
482
188
38
533
22
201
59
507
547
236
586
505
55
271
499
16
589
28
109
524
312
477
69
120
349
1
346
384
383
255
504
408
416
240
48
64
344
209
215
320
352
261
549
295
569
480
571
557
535
265
369
316
168
420
484
153
162
456
321
453
118
340
394
523
338
252
337
243
543
593
130
179
596
362
134
332
580
173
359
97
353
91
34
436
23
451
351
379
20
361
506
225
117
491
231
567
3
122
95
177
443
310
380
527
473
446
241
515
418
522
189
546
577
365
263
481
170
2
283
461
439
537
472
247
82
561
285
100
367
233
150
26
508
545
214
304
273
36
24
139
440
206
488
226
135
287
92
219
568
127
496
274
195
470
468
182
90
313
108
526
354
307
377
50
415
260
449
376
525
483
294
458
410
462
427
74
430
35
220
441
57
245
264
85
203
32
587
67
176
487
398
393
46
578
248
563
521
218
217
272
573
25
350
570
