100
-41 -23 -12 -2
-21 30 -21 21
0 -50 1 -36
-25 -5 -44 2
30 -5 -8 10
-31 -17 -6 -16
46 45 -35 -24
-16 -28 37 -6
-11 28 45 46
-39 40 20 4
25 -23 -14 35
-7 -10 -39 -50
23 -45 -22 -21
-2 4 31 44
40 -48 -44 -25
23 41 -17 26
11 30 50 11
40 -17 17 -36
-34 36 -19 38
-11 22 29 -22
-47 3 -39 31
17 -4 -47 41
-21 22 -44 33
-16 34 30 23
18 -49 4 21
27 10 3 39
25 -6 -42 9
-13 -34 39 -6
10 1 15 -16
35 16 -12 -42
-41 -49 35 -33
27 44 0 11
45 2 -16 30
39 -10 22 -20
18 31 13 -2
46 5 39 17
34 47 -33 16
-9 -44 -50 5
-50 42 -1 34
-23 3 11 -6
31 -16 21 -35
-34 4 25 -15
11 33 -8 -21
-1 42 37 25
-44 -9 -15 -26
39 -21 -40 43
-29 4 -19 22
-30 47 -30 -48
22 21 39 -14
44 -24 -7 49
12 6 -31 22
32 -42 6 -40
24 -16 25 13
-37 26 -41 34
31 26 -38 -19
-33 -17 38 15
-31 -18 0 35
13 -13 -28 3
14 -8 36 45
6 -13 -37 17
-22 39 -48 39
-49 -25 25 -27
-30 -31 9 -27
-50 -23 2 32
-26 -33 -13 -13
-33 46 -5 -39
-26 26 -3 11
6 -35 10 35
8 7 43 -19
18 -13 29 32
18 37 21 24
40 -48 36 48
46 -45 47 -10
-5 39 -46 -4
48 -23 -8 36
-14 -37 -21 10
-31 40 -14 -8
-30 -47 -50 -37
-4 -28 -37 4
-3 -22 -32 19
-30 -19 -39 19
20 31 42 49
-26 -18 -17 -14
43 40 -23 -17
16 34 22 -4
1 -4 -10 44
-45 -22 -6 12
14 50 -18 -20
44 -27 27 -17
24 44 21 16
13 44 -47 -44
-8 -47 -31 45
41 33 -35 32
-1 -10 36 -28
37 -26 7 -38
11 2 21 49
50 30 -24 -29
-33 -42 39 31
13 -31 0 27
5 -14 44 28
2495
1
2
3
4
5
6
7
8
9
10
11
12
13
14
15
16
17
18
19
20
812
1200
1710
1965
279
658
1298
1516
472
1675
1220
1903
1560
1907
2261
2357
1624
2141
501
2387
3
996
940
437
621
821
2189
2080
751
1530
416
283
1043
87
779
278
1511
2297
678
1314
2142
2472
1466
500
122
180
2216
1749
1821
725
337
81
217
1410
30
1057
2213
2377
1352
1447
703
1433
1419
933
1429
651
512
1258
770
406
1370
1844
1159
1659
2104
1566
1442
2218
742
1460
332
120
1211
1116
291
421
724
121
971
912
426
146
2390
1943
26
1858
1391
1377
1720
2434
486
515
19
366
1402
809
2331
439
2427
698
1310
2204
440
1238
1024
1994
2058
1739
1986
2172
1189
2088
1549
683
1608
1752
2258
209
1937
1441
2004
1264
75
2317
1931
1040
68
2042
347
1094
2290
886
2230
1090
2289
260
1190
1935
1808
1434
297
382
958
832
784
580
429
1422
837
1728
1427
1914
257
1631
1130
1781
1052
2253
744
655
2321
2103
988
2100
53
2399
1197
791
1599
2131
490
2252
719
2067
1474
205
857
2371
64
777
1816
2309
1188
2466
1155
561
2386
1176
1263
218
1820
1961
792
1221
372
2021
1619
57
1334
1098
606
2111
495
795
1299
790
2069
1823
1647
1036
865
129
1251
1581
212
511
305
1706
624
794
885
1149
1167
1158
2333
1569
1060
2287
2401
2236
204
1268
682
2302
2409
1335
475
2257
1958
2439
1084
203
1575
298
870
2328
753
1654
881
1031
2137
714
491
1993
71
569
2019
2260
138
1045
384
383
985
1328
503
2384
1896
1812
915
942
1437
66
1423
1891
307
664
1694
2455
1115
333
1050
1807
1952
772
727
2136
2402
502
2101
2029
739
2047
1693
2451
1462
771
1978
1487
96
1126
2147
1340
730
1021
1237
424
1800
935
2046
957
1594
73
265
1453
602
1408
190
767
1877
22
2205
1662
2459
741
1495
1458
554
1398
262
1638
593
2369
2054
607
1540
477
222
1122
2071
1009
160
1751
1092
631
63
2395
747
568
84
2316
1653
263
1562
853
1011
29
171
359
1966
2374
286
2424
748
1615
684
172
1005
591
769
1443
1729
838
529
2155
441
1202
869
480
1509
918
196
2202
716
2410
2352
2060
1461
517
914
2437
2102
897
508
1717
938
1457
474
826
1882
1054
376
1371
2301
808
55
965
478
1097
1285
1274
1428
1621
13
1606
978
2182
1779
1609
717
1431
2128
528
228
215
2237
623
363
524
882
913
44
583
99
1473
1497
2405
1432
2323
135
1690
643
1554
1119
686
59
173
652
2344
1990
1525
706
2196
1196
2050
734
1091
776
1308
1477
320
570
1351
487
1123
2441
386
2255
1962
1793
2308
954
2234
380
2200
211
2254
619
2077
398
83
464
1448
1925
468
1723
1003
1476
1486
127
1103
874
1873
2010
1991
311
1136
361
1467
984
1769
1276
667
746
1496
2403
2001
1230
1646
1292
847
2193
2458
1587
2417
1852
1484
378
1068
2346
2385
936
1582
1140
1869
2388
1096
16
576
537
1386
1650
534
920
1312
1529
15
1643
872
1013
213
2428
1658
2355
645
2009
600
473
2107
1514
2183
2343
2094
2436
1404
109
1440
578
2397
950
1153
1614
1059
990
2235
1319
2180
479
599
2312
1721
1247
615
200
983
628
453
622
134
1759
401
636
2221
581
1973
498
2174
1481
609
1644
1213
1632
708
1649
123
1764
377
104
761
2336
1822
282
220
1555
799
1860
403
1669
2431
1671
1259
710
1992
342
1895
888
1672
1940
820
404
1426
267
17
389
80
321
2
1260
1874
2028
454
1118
2211
659
374
317
1668
207
1000
967
1744
425
447
301
1411
362
1199
102
153
625
302
1470
1586
669
281
2075
1909
94
476
2168
1177
118
860
745
889
552
1146
324
2134
2105
1459
1681
1401
527
1629
608
290
303
2422
2299
803
2303
2298
2283
86
1270
1826
103
833
1253
1983
2156
611
61
2366
1881
2016
352
1287
2167
428
397
1532
2026
2241
1463
2348
579
1129
1703
993
327
1513
413
1269
1261
2473
692
1502
722
1266
7
941
1363
1257
587
346
892
618
1633
141
1273
1327
357
2398
2194
187
1571
743
1892
42
562
828
582
1866
963
130
2367
1593
2337
314
136
189
2093
707
1445
566
1948
1191
1964
2062
2418
1083
2083
182
1378
1186
1020
1212
1171
1039
1324
656
1682
1368
1489
523
224
1030
1506
1503
1574
1472
952
1306
1078
1828
661
1384
2300
2212
2356
1843
2296
1320
1527
1618
1521
1741
1315
867
1385
819
1887
2225
1919
1501
1651
798
1691
1056
2210
1538
546
797
306
1350
1834
1224
1864
1380
2270
1716
1182
1498
244
2072
1364
1687
319
902
649
1904
558
1321
766
610
705
1868
2090
2185
150
1924
166
1418
1620
573
52
680
124
1863
264
815
1
2263
1851
1666
408
113
106
1551
1714
1796
1939
1376
560
513
2419
1082
2133
2453
2191
1920
1110
2295
177
1034
1162
1617
2324
227
1989
825
1616
1293
1099
407
1241
904
457
1271
2081
1341
586
1626
269
2154
1492
982
240
1206
2132
731
2272
1533
2018
1104
1890
1928
1019
1023
691
353
1573
1063
2457
128
2176
740
1872
1701
1715
1504
1499
1929
331
1819
1738
1316
614
159
946
1344
31
2233
956
1827
1544
1223
2153
2375
647
2008
1995
2440
1598
255
445
294
2314
399
140
276
230
1208
1051
1605
2121
1041
1979
2017
395
1977
959
2360
2036
685
119
1452
1360
1981
2222
775
1539
1108
1203
2163
2448
2349
1600
1661
41
555
1526
518
2412
1763
1674
1382
1080
863
1160
665
1042
45
1583
2433
553
1205
1337
463
1449
2469
2450
1085
907
423
2197
270
422
1343
632
1267
1366
221
1949
1336
285
2226
2471
2345
1069
1841
1552
1610
199
666
516
2214
1696
873
1125
338
420
110
115
387
185
522
544
2381
1006
1577
1967
343
1256
2232
2266
1399
908
899
1711
444
335
693
2256
1121
2231
831
82
1641
74
1561
754
1166
976
1333
1075
764
90
1712
2380
2078
1383
202
947
1469
2250
972
718
1709
633
786
1777
1236
1676
132
485
2465
469
2319
1673
1231
834
839
1743
2074
817
1957
2251
1645
183
2361
2280
1065
2002
1971
1365
723
1921
336
492
107
519
2020
793
1169
1969
1889
2461
1296
735
944
992
974
1102
1144
1941
2171
1142
78
1545
1876
2449
2195
1367
2099
259
2463
1524
1309
1106
2076
126
1198
955
1029
2425
2130
197
2030
483
1705
1326
493
2025
921
1438
1578
284
545
1604
2113
2169
1219
214
418
36
575
97
934
1300
961
1663
567
1053
1148
1522
737
58
1915
2432
1906
2173
968
1636
1512
2027
1393
836
354
1494
638
626
605
601
1652
1192
2203
1405
1831
1111
2443
2326
1415
538
1139
969
458
1147
2273
2282
1507
2243
367
1128
851
2438
1745
922
2057
1079
2368
323
756
856
1055
830
1046
394
2274
1707
248
27
1396
1436
1679
1156
2406
547
1454
1804
505
2269
1730
2311
1883
2118
981
1688
48
1760
322
1183
452
694
1938
1105
2248
788
1048
2151
2426
2307
1611
926
736
509
1246
2389
251
1732
1842
2416
616
2393
1168
246
1279
859
192
896
1917
163
1109
451
1724
186
1727
1923
484
467
835
1372
375
877
2198
2149
1456
2408
1758
1623
2123
504
604
1178
1349
997
1588
1531
2292
239
1740
1689
33
142
1976
1381
292
1567
1670
1303
1803
890
1642
1067
2414
1680
1839
1870
2066
1421
1478
1783
256
822
184
1248
1789
2246
2043
597
702
470
34
396
852
405
588
1799
1665
2207
1008
1325
1910
709
489
434
1228
1542
1974
1154
548
1229
550
1747
572
994
1037
603
18
296
143
557
1424
1918
2330
613
1635
1015
637
700
2034
1829
1061
381
1491
5
1639
414
371
642
497
4
943
2239
2024
780
92
488
1297
2411
1490
2166
1908
2376
2446
329
2325
1613
2332
2052
1392
2164
868
653
1735
681
1362
773
188
2327
1127
1801
1064
2275
1767
450
1900
368
400
254
1519
2249
2110
549
929
1798
147
2179
842
2259
986
1559
1395
1358
56
1546
1677
318
1214
1181
2452
2186
1508
1901
105
2445
2040
506
998
2306
1953
1913
871
789
887
165
39
1252
711
2041
1768
752
1355
2070
308
37
977
1089
530
11
2415
2362
2063
2378
2015
2115
1294
459
1010
1775
1584
2055
2267
144
1565
2293
1835
339
1998
76
1339
261
551
195
2146
924
1750
1811
2247
945
1151
699
1556
152
1564
2051
1112
1785
2135
1536
895
1295
2288
818
95
1836
2160
1480
1510
2277
1622
1234
149
1275
1302
536
738
1596
1518
2320
1329
402
2442
466
1813
2423
1018
712
1145
931
145
829
1557
1814
1044
1853
909
348
760
181
1773
783
697
2460
1475
2125
2208
911
991
1014
1012
1854
1435
2264
2116
1795
304
2238
1239
432
446
2053
25
2276
1930
1505
866
1846
2098
1232
1810
481
1718
1630
47
1832
1464
1517
32
521
91
1543
2364
1215
932
169
2435
2143
2126
690
1591
1997
2000
2201
980
2304
1523
639
360
1548
1585
1697
1945
206
2358
925
2192
1746
1755
156
28
1788
310
114
2262
1861
2318
167
1425
1667
1416
1956
148
1163
2284
178
720
1722
796
2012
1242
1782
131
1482
355
2038
471
274
1550
2084
1700
1912
1770
201
629
1959
774
1193
2271
905
676
695
1081
1748
2007
1207
2048
1390
233
540
2467
1988
844
1225
1073
910
24
1879
2157
1245
1407
2281
1201
2120
2353
1226
1520
782
875
2139
1825
390
1797
2456
2468
964
243
1322
2152
266
277
1934
989
1488
2097
419
1288
526
1348
108
864
1420
287
1660
2184
1291
1500
1338
1806
531
236
2400
2144
1951
1444
930
823
2177
330
1862
2278
392
1028
1942
846
510
2430
1850
750
1537
893
2359
133
154
194
1233
2035
1283
594
1787
1980
878
1607
1656
559
410
1664
1032
1602
373
861
1374
1878
2003
1885
565
2394
804
1893
1243
356
1265
668
2322
713
762
273
1922
1699
2227
2049
345
1792
592
1809
1301
1185
168
2124
627
253
252
1871
1066
1286
1446
813
840
1244
349
1950
634
1947
1840
671
1255
1485
916
1400
1572
923
901
1439
2347
461
280
2082
98
1353
1719
496
2313
1131
299
12
2005
758
2464
2444
385
595
341
1035
2119
919
848
514
139
975
1837
646
1141
1250
1174
1173
800
379
1570
1483
1985
1235
393
208
1332
125
1628
1736
1541
85
1963
672
1033
577
1359
67
1330
1049
2396
802
176
2305
1150
1209
854
2117
1282
409
1568
757
155
1955
749
1899
2310
88
1875
316
151
657
250
370
987
1528
2129
704
1830
1713
1786
50
1379
1373
1592
369
1017
1972
532
973
272
732
2244
1307
1289
1553
785
326
884
2033
1805
1161
1996
388
816
1847
841
417
1731
1683
2206
2242
1354
365
229
1088
2340
232
1157
238
2108
556
1004
1317
2339
293
412
2334
1968
2065
1855
2383
2268
2354
787
1164
1284
2265
2109
1369
245
198
21
677
1387
1535
112
1838
781
995
271
2413
1849
1815
675
1117
1640
763
1984
1818
2061
2140
8
1100
2391
620
1342
210
499
2059
1133
2178
1698
289
1022
315
179
1756
2013
1975
443
54
962
438
2372
2190
14
1062
2335
101
1346
979
662
571
436
2073
1070
827
350
1911
1313
928
1262
1204
539
1970
1479
1857
949
111
673
1412
2091
733
10
596
1580
1222
325
1625
1897
759
358
1905
2114
1249
216
89
1765
858
2224
258
1655
927
900
1579
948
1471
2181
917
1417
1217
2112
1774
999
1999
1845
1576
1394
1218
1007
23
729
1595
1757
1451
1648
174
1187
1180
2068
2158
2161
442
1281
1753
590
60
1134
275
1375
726
309
1107
1113
1932
117
1086
2086
1761
2089
1772
2096
431
300
765
2404
1047
219
1960
1794
1704
1195
234
1002
2407
448
585
2148
430
1737
77
689
1886
2023
687
1603
2342
1563
1742
2470
2421
1597
1902
541
1277
1725
1933
62
891
715
2420
1184
880
953
2064
70
1515
845
630
69
1120
137
654
2175
2162
1982
1124
2056
2032
1409
876
1612
650
2365
1791
2350
1413
1165
810
1388
2229
589
1684
79
1733
1734
40
1356
1762
2031
1345
231
2454
951
2392
2045
460
843
6
2170
2382
1702
2022
1692
898
970
584
449
1318
2138
1138
170
1397
191
2079
1175
1406
2379
670
939
1468
598
520
1880
1884
879
1414
328
1944
755
2329
49
1254
1637
1025
2087
564
674
344
2122
1865
2373
660
2199
701
2215
288
351
648
2039
806
1859
2285
1132
807
1331
2462
1361
1601
2092
533
1946
688
226
1778
2240
2085
2095
1450
1534
640
1848
894
1304
1954
721
1627
824
1726
1403
2127
1558
679
850
1216
313
1927
1771
2286
2187
2429
1210
2014
340
1101
612
1179
1143
334
72
2291
455
849
778
1916
1278
768
635
164
1170
883
1936
1754
1695
2006
2188
2209
235
249
2219
644
1347
2315
1987
2159
1323
1790
1802
507
966
1027
1894
814
43
116
35
1465
247
20
1780
161
93
937
1137
1685
1227
1240
696
1135
482
1290
535
1114
1071
2044
1784
1657
193
1833
1867
2294
641
241
462
158
2220
175
543
574
2351
1888
1678
1455
312
801
2011
268
1093
1856
617
855
2475
2338
2245
1305
223
1087
2223
494
811
411
862
1194
295
2145
1898
1547
1095
542
1280
2370
2474
237
1686
391
906
1077
242
1074
1634
1493
2106
563
157
663
38
1152
1590
9
427
2447
1058
1926
1389
1272
2165
1357
1001
415
1589
960
1430
1076
1026
903
2279
1172
162
728
225
1776
525
1766
2228
2341
435
2217
65
46
456
433
100
1038
51
465
1016
2363
364
2150
1311
1817
1072
1708
805
2037
1824
