100
-31 -83 45 44
-54 58 -42 96
94 -90 -4 23
-100 -25 73 65
11 -70 -15 -57
66 -27 -56 16
-4 85 -2 -50
45 55 -53 59
94 67 97 62
56 -80 -61 12
-65 89 37 -85
93 -36 -3 3
82 39 31 10
76 24 80 97
53 -39 -86 -88
-98 -49 71 95
-22 56 -46 -67
62 87 -60 68
52 -56 -47 80
-11 -11 84 -93
92 78 4 -56
11 -30 -84 -88
-68 -69 -24 -38
49 -74 45 99
-17 46 -43 87
-43 77 -56 -49
36 6 28 87
42 -4 -29 65
73 31 86 -42
4 7 64 -40
-19 -43 -55 89
83 71 13 -92
42 53 -72 -30
61 -7 95 -16
48 27 21 32
8 27 20 -9
92 32 -18 71
14 -1 -62 96
73 -57 18 -62
23 -46 55 -92
-18 46 -45 -38
-42 -39 -46 -62
-94 50 50 -23
26 -4 91 38
-89 -67 -1 -30
23 91 63 -74
66 -12 -29 99
84 91 85 89
-62 35 -59 67
24 55 -39 -16
-92 65 38 59
54 46 -94 39
-85 -9 -94 62
-71 18 -24 -44
66 -32 82 -100
-43 74 -22 41
22 53 -1 -99
2 -96 54 -6
21 -75 -87 -1
20 -17 94 64
86 90 -42 33
77 36 -55 83
-24 75 76 -72
20 -78 -75 -75
92 87 -58 -6
-28 -46 -98 20
70 77 -90 -46
-77 64 36 -88
-37 -45 41 -11
-16 -81 31 0
-77 69 -48 75
25 -73 24 -43
50 97 -75 11
73 85 -7 19
65 53 20 -91
-48 84 88 -51
-54 63 -18 -71
-24 74 73 66
77 2 -65 -72
38 -87 -48 -48
-41 15 87 -36
-17 -87 18 -80
-32 -9 -33 -27
54 74 29 -27
61 4 4 85
-6 49 -25 44
40 -86 31 -5
-72 79 -67 -35
-47 22 65 -79
-42 -99 34 18
7 -72 -91 42
-39 -85 25 -21
75 -56 8 32
-68 5 -63 95
-22 44 -20 -98
-28 -68 -39 -68
-17 74 -81 -22
-34 40 -30 -100
-54 -43 -12 -16
75 -49 -5 43
2495
1
2
3
4
5
6
7
8
9
10
11
12
13
14
15
16
17
18
19
20
395
2321
359
476
1455
2022
2012
295
1934
635
2354
2470
1294
2116
55
437
447
481
1232
1319
719
1307
1873
1082
1837
2213
766
355
353
1590
323
725
1166
1574
1439
2074
1809
190
2262
2283
1274
903
1985
1703
980
261
470
872
22
703
2474
2412
484
177
1436
732
1171
1315
409
257
156
1181
1597
2100
2414
1611
1829
652
2044
1453
1146
65
1492
436
1003
253
110
1247
2158
536
1255
1214
1585
2066
2438
595
1705
464
56
620
2079
365
1814
846
723
2242
1971
2111
2261
2461
1642
2280
1999
58
2067
1918
2448
1134
215
883
542
1444
1418
2194
1063
280
2269
1943
1142
2120
1438
1550
421
1850
95
1769
1629
2370
1233
1780
871
1883
2065
105
497
246
2125
559
877
643
1537
316
411
1823
172
1696
134
890
562
2107
389
1333
2208
1460
601
1168
1563
760
855
837
373
1716
2460
1088
59
458
2127
2396
2143
2171
1891
2047
504
1220
712
321
2361
658
2441
2373
133
210
613
2426
968
1545
1530
402
1704
825
2259
169
2403
1619
1593
2359
933
2251
1326
72
1836
2245
1956
168
1370
735
565
924
1807
1256
793
740
1907
1464
2121
1440
2240
1433
1674
1424
1030
858
292
2294
904
263
119
990
15
6
412
77
428
2350
2070
998
2186
2168
1865
1853
716
1708
1930
1243
1206
700
44
2402
1217
831
1161
1771
1675
1789
1901
2195
144
525
1864
2193
2097
1942
1845
754
18
769
1744
830
173
1070
965
1767
981
1201
1304
807
626
2459
1887
2060
1688
1434
111
2432
771
416
1076
170
69
955
636
717
1553
2087
324
2103
2439
1584
1567
1021
149
2383
1490
1549
1287
2258
1279
2356
378
763
1053
1533
425
1361
118
1812
233
1430
762
1750
1518
511
1048
1692
1773
739
2431
2377
207
592
718
840
1846
2246
2389
1273
1034
2053
2284
976
53
2371
987
815
41
1700
1143
2423
530
1785
1995
524
2336
2196
1963
902
2058
136
1650
1672
900
1762
605
2128
691
1983
2300
1373
1216
971
243
1489
2223
1184
1039
775
547
1964
1493
889
2165
757
1097
1139
16
2421
1644
1870
1919
330
1087
1133
1546
589
442
440
2466
896
2422
801
480
1633
237
932
2282
1210
690
372
2110
2255
1325
783
679
958
647
1289
1249
1548
410
2117
145
152
799
1387
1987
794
299
1784
1316
36
205
1944
329
543
2159
1336
1293
1792
2442
191
1889
1010
82
260
12
57
1951
80
664
1125
2203
759
39
1278
1607
1198
926
1197
1620
231
571
1513
2322
312
2181
730
1177
574
992
214
1402
2399
2162
1835
1898
467
2098
2134
124
677
1832
873
949
2346
2445
678
167
40
628
1467
192
2386
520
555
2405
1747
1149
1310
67
1912
895
1342
1089
1531
91
47
1393
786
1682
1768
1799
931
2455
755
1831
417
1496
667
304
1885
2367
945
1869
1702
526
1871
654
552
1322
644
988
1637
2320
1241
1977
1007
685
1116
577
282
979
1970
1833
23
259
1698
2169
1376
2235
327
197
1599
2302
1515
957
1922
2041
749
1884
975
1250
1416
851
1108
1598
1015
1283
1830
982
266
967
2008
1073
1362
135
1908
274
2207
2260
1804
1731
727
408
2254
865
301
2472
1311
1104
2086
2202
1182
114
1949
1062
2077
1297
1098
275
1479
818
944
1032
1155
708
2138
2006
776
884
662
553
1040
1828
914
1848
731
868
311
471
531
1931
1806
1560
387
1488
1074
2236
1528
179
2176
1583
1524
2036
496
2045
1193
2152
1473
1628
1793
879
1327
876
10
1935
25
1659
724
2063
291
2289
1786
1343
2347
2226
891
1300
682
160
1271
1867
714
325
182
383
1267
491
922
1447
1420
612
322
2316
770
262
148
208
619
1079
639
809
1459
328
1006
1815
506
252
795
48
165
232
475
1730
1526
1371
212
2473
2204
653
1822
2002
367
433
2381
2408
874
640
584
921
599
1893
2004
546
1813
198
1195
2191
320
953
625
2394
843
2234
1723
2222
1697
2275
1648
418
1558
1940
1872
1119
1099
1972
1484
583
1718
1878
710
1465
2209
2296
276
1051
2298
338
1346
1928
285
1295
920
960
356
823
1114
405
350
1826
1595
1616
961
490
331
1413
1879
1522
804
1499
1299
1483
493
715
376
1959
939
287
2139
454
1775
256
1296
827
1157
2046
2122
610
1348
919
1067
950
1239
1782
1259
2037
1091
278
2153
1733
2083
1714
1320
1109
521
174
1676
334
751
1980
836
1482
2228
1411
219
2360
838
1532
61
225
808
1751
1141
741
1720
2092
1948
176
2440
1386
1084
1802
2198
286
2136
551
856
820
1016
249
1276
227
2073
527
994
1699
385
1090
2290
461
1941
2225
1623
2166
1954
1033
13
585
1576
107
2382
1691
1221
426
1043
298
1976
1790
1478
1791
2026
671
1317
335
2034
1180
35
1240
2325
449
977
200
1002
2133
1824
2023
845
294
473
1939
1921
1056
558
1120
1910
1588
1627
1400
722
985
2418
1175
1009
1401
1153
1456
2199
1840
2230
147
728
1556
2404
1743
1025
1761
1329
570
802
2214
2215
2437
695
1915
533
2342
1661
468
1292
79
930
1469
1763
632
423
1724
2014
1838
1632
996
432
767
1235
973
2452
593
2132
2444
90
1986
1290
1285
2420
178
86
2091
1190
451
2040
1519
568
131
758
187
1510
2201
1470
1461
811
781
1571
560
242
2443
137
1849
1772
704
631
1539
1947
2295
2020
2333
600
1843
429
586
1636
721
2062
1670
1077
162
1882
1024
1917
1974
1110
1144
2105
1521
264
265
2271
621
2326
1989
1779
705
1442
2151
1606
1305
670
938
1236
2112
1138
1357
2304
1596
70
870
1512
1759
1660
2362
1573
68
532
1365
1476
128
1711
1758
400
248
2080
787
940
1170
2415
2085
315
1277
956
1897
2114
942
986
2161
2180
687
1448
1535
363
2170
534
2123
399
862
850
1511
2337
1680
343
1381
201
2076
460
1625
2197
2146
1810
819
1534
822
29
1652
76
702
2270
1058
369
1725
2348
1957
1167
1735
866
1890
2379
888
403
2106
1403
1646
394
1557
2126
1419
798
617
1834
1242
443
2273
736
482
1538
1992
1096
603
2081
886
1936
2005
829
660
1649
446
1215
1471
398
1543
1555
1252
2231
1055
1991
251
1706
2119
434
1663
413
507
1337
157
1458
2164
1122
1657
929
686
11
1428
835
1685
1929
374
1234
2463
2385
2051
1354
816
1874
140
181
1347
1749
1938
1624
1
609
1208
1407
1562
127
1945
1126
2329
2137
655
1542
1426
97
2200
1631
1805
860
1332
2149
1906
1432
2131
1372
2009
1721
2319
204
1600
1162
2157
1113
2108
1641
87
1741
791
828
1776
2308
1253
684
1514
288
2232
2059
1856
1262
396
963
485
918
297
1638
773
1988
656
2263
606
744
2468
803
1601
844
1017
206
130
1500
1961
1019
1655
4
1900
1926
2357
375
897
564
2449
1172
2217
386
1909
2229
1014
346
1640
49
2130
974
701
1194
674
2375
927
1745
121
1367
618
2297
1041
1160
2224
1997
1012
1737
380
1340
1881
1481
393
1196
1665
573
2109
1207
561
661
2464
2458
1309
984
1602
854
1958
1477
390
283
120
1382
1165
503
1421
2407
2406
457
478
1351
2238
737
112
1965
272
1605
2397
51
2256
1664
853
1506
1547
806
1047
116
2135
2457
863
1621
2017
1839
576
2016
597
310
563
1594
1472
21
1847
1054
141
917
1284
1356
1452
1752
1701
2115
2365
459
1487
594
132
1406
1057
439
1046
2140
1587
281
113
313
2428
774
2279
1925
785
362
676
742
129
93
2317
2410
2206
2286
1272
1344
1187
2427
270
1825
1540
937
1565
465
1130
1572
2416
1211
1383
1495
318
726
1851
1552
302
2000
2376
517
1904
544
236
1135
2315
962
2072
745
1237
567
155
1774
706
1821
277
1544
1860
1117
1923
1151
441
1797
1615
1245
2419
1760
1270
1312
1189
424
2241
1451
778
32
1979
37
1509
683
898
1501
2469
878
241
2088
978
1174
62
2278
2089
1689
2003
575
882
83
188
106
195
2430
1147
1330
2227
2390
1127
1695
824
2436
392
489
548
1281
790
66
2249
347
936
1920
1132
947
1788
934
1671
2233
1527
143
2187
2353
26
2118
1712
388
997
1136
2345
1858
514
158
2247
2332
2038
153
681
665
1449
578
20
1564
535
2281
2344
1410
2335
151
2400
566
668
1223
627
1020
50
88
1480
529
1927
186
108
540
995
1186
2425
1673
768
772
2318
515
419
1841
697
213
1770
1491
123
911
1265
499
814
306
2147
1396
1517
537
1536
765
46
360
415
1159
1678
352
1896
518
193
1145
2221
2055
326
1916
305
1188
391
591
590
199
445
1738
1225
337
788
1075
9
993
2471
226
764
1559
2177
941
1566
1264
1123
1955
1541
1756
1018
1192
1064
1441
194
1895
675
1339
1350
2090
1618
1801
1975
472
244
1261
2013
1301
805
711
368
431
887
2349
223
797
2031
2237
33
734
349
1360
906
1254
1577
1422
1392
1709
163
1258
901
796
150
1212
538
1028
2343
479
2309
2035
477
2248
528
1966
1639
928
1246
382
1581
1263
1981
364
1726
1827
1781
1613
1280
99
2184
1529
81
909
2257
1102
2019
693
1617
211
2
469
1740
1990
1425
753
912
117
1902
1787
869
1798
959
512
2411
1302
881
885
556
1378
2355
2266
84
142
2010
713
1855
2338
2475
109
342
651
1429
1231
101
1266
861
709
2330
340
222
641
624
1622
63
792
2015
430
2179
1222
7
1523
1645
2274
348
2293
1364
2102
1199
1080
250
2141
952
2175
2178
1446
2042
615
351
336
834
358
1112
229
659
707
1324
2368
1038
1061
1819
2244
880
1794
339
1666
1586
2301
629
2192
1978
1368
2182
750
1474
2078
972
308
268
73
483
1946
498
1568
969
1610
463
92
2243
2218
826
604
235
1013
1335
1219
1291
2160
864
2210
1516
379
300
2417
2032
1331
2401
1404
435
1103
1353
1722
607
1962
1101
1635
747
2216
1209
1251
1894
1817
1643
104
2099
1859
166
345
494
1095
748
452
645
1415
2462
1746
27
1395
1328
284
2253
1626
1137
1651
366
2001
2351
5
307
1580
519
1431
1937
2142
1475
1158
916
1877
1229
354
1000
1450
2205
1868
650
1036
495
2306
1023
1164
1282
2173
646
1107
1148
2052
1667
1551
2021
1298
907
1717
289
1059
2190
1121
2167
2456
444
663
427
761
1391
381
1218
1796
2064
293
789
833
2007
1905
743
1228
1505
2024
1031
1001
1004
2398
2291
1863
1729
2372
648
1044
1686
1719
196
579
2387
42
847
1050
951
2453
203
1152
30
1647
832
523
1269
2082
1795
1736
2101
1911
1443
1106
779
2129
596
1202
2172
1313
2049
224
2144
258
2183
1178
2331
964
510
1085
2061
1338
1764
239
2163
1029
623
31
2252
1303
2156
1314
488
245
1654
2268
1888
2155
1140
1507
852
1852
1224
43
2096
456
2095
1994
1377
2339
875
1892
438
1842
2310
38
2303
1886
218
54
1385
611
2292
2299
598
146
983
1683
1525
2312
455
115
899
1658
1502
474
1681
522
1486
384
1777
1323
1998
1589
89
1569
602
848
1765
572
2272
2363
317
946
784
221
1748
24
1854
1953
1111
673
2374
2327
1932
74
1185
319
1468
164
680
908
8
60
2454
422
756
1866
2267
2366
2277
2364
1694
1967
1634
1857
333
1591
2314
1968
1150
404
1757
1862
1065
2288
361
1582
1423
1753
2033
1454
1011
52
357
539
1800
255
720
1608
2025
2145
2323
1379
1554
580
554
1612
999
1728
2324
1520
1844
699
2409
508
407
1876
1818
1754
1045
633
1105
800
126
240
2084
370
2341
545
1060
1118
1369
970
2340
989
1653
1899
1042
2039
1435
1334
1037
698
171
1203
1268
492
1238
1984
516
1603
892
1176
657
209
202
189
1405
1950
1131
1035
161
729
637
462
1128
1690
905
2276
1427
1952
296
817
1875
915
1497
688
1213
1226
642
1913
2465
1026
220
1816
608
1008
1355
1727
509
1494
1669
279
309
1244
2393
1352
1739
1903
1656
541
271
397
341
1662
867
64
1374
2451
1086
1445
2028
1275
839
1614
1412
122
1687
666
2150
1366
2189
1766
138
1173
810
2287
910
1306
406
1734
2305
1072
267
2219
1820
2212
94
234
752
2311
502
1083
175
2285
1163
2030
100
1508
96
2380
2391
1248
1191
2446
2094
1996
1803
1071
2154
894
269
841
401
1200
849
581
2069
102
71
1389
486
1068
180
254
2211
746
1960
2250
2011
1286
1398
154
614
1578
98
733
857
2429
17
1503
1081
1288
2057
448
28
694
420
672
1052
1005
332
1375
183
159
1359
935
1414
1808
2352
2054
450
1982
821
2334
2124
812
466
1707
1924
1677
1363
185
1399
2264
2413
1579
1154
2050
513
14
273
923
1260
2113
1204
2220
1358
1318
2395
1463
1732
2239
1093
1679
184
925
782
78
1592
1341
1933
216
2313
1466
1914
228
1027
125
1710
991
2307
777
1713
550
587
1349
1129
638
1742
1205
893
582
954
2093
2392
1811
290
1861
1630
1561
453
557
2027
569
2424
689
1397
634
247
1384
1408
813
913
1485
649
1227
2328
622
1417
1183
1380
966
1094
1684
500
1783
1390
738
1973
2148
230
2104
696
616
1115
842
1124
2265
501
1604
1409
948
1257
2185
1345
1156
1693
505
1504
2056
1457
75
2358
2075
2071
2174
2018
2029
1078
2433
1462
2068
859
1179
1575
1969
217
1715
669
377
1498
1609
1755
1308
1437
692
2435
1092
103
549
314
34
3
1066
45
2384
1778
2388
414
2467
780
303
1100
1169
1668
487
2188
85
2378
1394
1049
1022
1880
1388
2450
2447
943
344
139
371
1230
1321
588
1069
1993
2369
19
2434
2048
2043
238
1570
630
