100
59 -2 -37 156
33 -42 81 192
-142 -156 110 -192
-3 -168 59 -121
163 -107 -49 46
85 -27 -109 155
-195 147 -19 26
-32 15 -130 -30
-112 22 5 39
-14 149 196 152
-54 23 -57 131
-33 139 45 60
-168 26 -143 -194
-80 190 2 143
-51 185 33 72
-55 159 151 -82
161 11 -42 0
-180 75 113 87
-88 -96 159 -111
-40 141 3 92
-110 -134 -79 87
37 143 200 178
29 -134 -8 -100
126 7 -1 -48
3 72 -14 67
135 -106 34 34
-108 -148 -162 -80
-23 -115 123 121
-147 14 -172 72
-2 -74 28 55
-117 139 144 -20
127 13 -64 80
184 168 104 -95
131 -167 -141 -196
152 133 -8 -131
30 178 -84 171
89 -15 125 142
-192 16 166 -163
181 140 18 161
-63 37 46 68
-97 108 198 -132
-34 44 -128 59
-119 -1 59 -15
-198 105 116 64
-138 115 -189 178
-35 177 28 30
126 40 -130 -118
131 -121 26 135
193 -95 -2 185
72 -176 40 171
84 83 126 -67
-79 181 83 138
-128 139 18 -138
-164 85 -168 -103
-83 -96 -113 -111
55 -32 0 20
-58 -155 -193 66
113 -138 -191 73
-144 -91 89 91
62 -186 127 144
-154 -17 -126 54
115 19 -120 60
27 74 -187 -32
-13 -34 66 -105
-168 79 -21 92
79 4 -151 44
55 -131 97 -78
139 141 108 173
-9 161 -149 -64
-123 148 -130 3
-74 116 78 187
-121 13 159 136
-5 -52 179 -199
123 199 -183 -94
85 179 -141 -7
127 -36 99 200
62 184 195 -139
-177 18 0 132
-151 133 10 -196
111 -51 196 -179
112 25 -71 22
176 195 -198 -131
-128 178 -165 144
5 -149 89 -5
-169 79 -143 38
136 -67 116 105
-33 191 -150 97
-116 61 150 -8
-82 -187 -104 -164
77 44 58 16
-148 -98 83 78
-28 -60 16 -38
171 -57 -168 84
-88 -121 -189 23
-107 99 41 -60
-101 -139 -88 15
181 186 95 46
-191 70 68 -63
9 -200 19 -154
28 74 -182 6
2495
1
2
3
4
5
6
7
8
9
10
11
12
13
14
15
16
17
18
19
20
2451
1701
1438
510
64
2107
883
2135
1154
280
1044
1402
370
526
1414
937
1413
455
931
451
2302
34
1518
318
91
1849
845
1660
2205
1943
452
2016
517
896
756
1096
1511
2233
342
747
1816
1331
22
475
1343
812
2304
740
2143
807
875
1514
827
1481
10
2068
635
2244
564
1477
367
2329
595
46
1748
57
2463
2193
1953
2262
1875
1461
1334
75
52
1556
234
237
597
1059
209
876
942
1159
613
2160
1202
672
2325
385
261
277
1688
644
2331
2283
1741
165
2048
242
1497
2435
1296
1683
1982
354
295
2140
1110
2338
487
1302
1669
1472
2124
1717
109
55
485
905
697
369
835
148
1545
1171
960
271
2185
464
2275
1276
335
13
198
145
1068
1036
152
1784
105
1470
1951
434
829
798
2023
1097
476
755
2362
128
1926
251
667
2298
2324
1566
1676
2269
854
550
1878
1777
2053
2125
1294
1538
690
553
1602
790
1535
2080
2288
362
936
1788
2290
2440
1128
559
2245
1213
88
869
1543
1206
449
1324
1233
1429
596
1852
224
291
2358
2035
1258
577
834
554
1092
1504
100
622
2014
350
1411
1248
2430
256
1300
946
1932
534
669
2026
614
1537
2449
2054
2432
258
1204
2350
1542
602
1868
1525
66
874
2310
1106
2355
1101
138
1070
1754
440
1351
600
2426
130
547
1043
979
763
1026
144
1037
73
436
1974
1113
603
2352
1736
900
774
748
366
1441
229
1274
823
1730
2117
1858
1417
1992
1882
634
791
978
2201
950
1473
1640
548
683
1377
1783
2161
112
574
1120
423
221
2159
2276
329
331
641
2337
1035
920
1789
407
561
2241
2434
1076
1773
1184
1148
1969
1319
48
1575
312
642
123
404
2428
671
2037
1078
390
906
498
1502
2183
2315
1610
1980
945
1568
2095
1846
381
585
1123
1862
104
1373
305
1891
1384
2295
250
953
587
153
2316
418
712
1856
1564
2177
1838
2402
839
322
2429
2320
1235
1175
191
495
203
1967
444
1959
1737
1585
1841
496
1199
1766
326
1558
1448
1040
651
161
111
287
2146
848
193
1404
2073
2378
1685
2127
2083
2301
2031
764
1147
688
2100
1861
1509
1038
923
1255
2359
1708
2020
598
1355
1471
1105
1699
2062
365
1925
2335
1451
413
515
267
758
1874
1938
951
2371
629
1919
409
1446
376
2270
1689
1952
363
1828
422
1618
646
1796
2050
1427
2271
1808
1478
425
448
482
2133
1666
1209
792
804
1259
2111
1513
1014
1192
469
1193
1453
506
2034
1765
1409
1527
80
1335
1115
1459
2243
1103
2086
65
2232
92
1407
241
873
500
2167
1578
810
23
1432
709
648
699
987
63
530
14
2045
1631
643
1487
2254
841
969
1285
1323
50
2189
276
2306
1257
1606
522
2321
1348
1433
196
1795
1047
2330
316
1353
2089
1500
2057
2296
1855
1547
314
2417
1672
1695
2120
718
471
299
1549
232
1308
2206
1198
1049
770
1364
568
1205
913
893
1227
1944
701
639
1653
2259
21
20
1832
142
849
2294
2436
32
2420
1755
490
1722
575
2380
1732
2368
197
127
1222
421
357
1252
278
584
503
1224
2339
1499
2096
1490
1714
306
926
294
1532
126
1443
1924
751
1383
538
1759
1613
1030
1620
2148
339
1876
391
1261
1723
374
2255
1622
2376
361
2166
2364
1136
616
1880
282
963
737
1339
1599
1281
1008
830
513
2333
713
386
2277
1668
1798
1580
2153
2395
1155
340
205
1942
1995
2248
1467
429
1139
1807
33
1318
108
227
2291
2116
2013
457
1244
1946
347
1826
934
1362
54
1208
571
1264
992
843
2029
985
2454
581
711
1332
2281
2450
1833
97
2411
269
783
982
1393
1996
2231
255
664
61
1976
1140
2437
1416
150
546
1241
2379
2122
997
202
327
1597
1604
844
2094
1042
1168
1563
359
917
2397
1793
1483
1277
762
1573
714
724
531
1090
1865
556
704
1641
304
1965
1452
279
1390
1006
265
1130
1422
949
1645
2453
1151
387
1901
53
1476
1906
1775
1587
661
1051
44
101
42
2293
2001
212
1466
154
833
98
2147
656
902
1314
1002
2439
1071
1340
1024
45
28
2176
263
1469
1800
977
580
527
167
2326
930
494
43
483
177
1370
119
2459
523
975
772
1864
928
2103
864
1176
1670
106
2382
2207
379
24
1273
1031
1086
1859
1677
497
1994
1589
785
215
12
1005
1886
171
1698
2208
1997
2235
1489
372
2121
882
1260
1245
904
861
1316
1860
1066
533
1845
2319
2
2178
2342
1598
2044
1963
958
1729
2043
2144
921
1782
2274
1444
270
2462
1815
1256
2423
31
1144
2157
333
1847
1394
870
630
800
159
1867
1738
710
1388
1161
2175
863
1243
1817
1350
2126
1077
1824
551
1760
1419
1306
375
2090
837
2309
1219
572
378
1724
660
1719
195
141
2115
1774
592
948
1539
16
859
1185
2131
1831
1304
383
293
2082
1706
189
1694
443
1612
2028
491
996
892
1757
2202
1637
1581
1317
2187
194
1360
2391
944
2327
5
489
1684
78
865
1762
182
1928
1415
2006
1359
417
1898
1770
2065
1107
1116
929
481
1268
813
371
427
1834
927
283
1327
922
2109
681
2052
2228
2456
360
1287
2059
62
999
1367
2041
1381
1761
2405
1570
696
1985
867
235
2030
2340
1911
1392
1947
2242
2424
1098
1595
1948
611
1460
90
297
2475
730
208
1462
1145
1818
1628
1312
1704
1436
110
1560
878
1811
463
2343
914
248
2064
1280
257
570
456
716
822
1251
1357
1720
1715
645
467
990
2322
432
2427
1378
1897
424
1437
1707
1791
610
462
353
2278
201
412
880
2381
903
1099
185
1679
2447
2263
290
901
579
253
1591
1482
801
2007
1279
1156
775
2415
2398
2361
474
188
2038
2466
233
2279
1630
1700
1682
11
1493
7
1552
284
1912
879
826
2433
1266
1216
1450
993
1893
2221
1157
1232
1918
118
1424
1887
885
2414
518
582
468
1111
1768
1961
860
1752
85
1349
178
2469
2215
2421
1045
2021
961
1237
445
1240
2217
565
1726
1561
1920
796
1089
1046
1315
1662
1753
924
2386
1221
2474
1423
352
1978
484
2015
133
2182
1286
654
1515
2344
103
959
897
1009
789
1584
2389
1226
1709
535
168
1464
1819
2448
967
2287
1977
1623
1805
1200
2114
2257
1890
1686
1412
473
665
2261
1361
247
972
262
563
1681
1646
1454
1583
567
1957
18
2383
1781
1776
591
1711
155
1939
2239
1780
1050
439
2216
1263
1122
519
1080
2387
398
393
1420
2234
2184
1909
289
594
1326
1102
2385
782
332
1810
1262
1440
2226
1756
1073
1197
1636
2442
309
638
236
389
2299
1170
2210
2472
1870
102
1018
2151
1238
768
1084
514
134
408
932
479
1152
2446
1790
1825
1696
1074
746
2408
1751
640
2264
1220
1574
259
2199
1391
1690
828
1522
121
2011
1554
2219
2063
2441
1234
1298
1544
842
1975
1744
1971
1019
2008
1629
2141
2345
2200
1903
558
79
2181
1843
2236
2163
2297
1000
2119
2267
1491
1734
1449
1389
1571
868
1692
1142
1223
2040
2203
890
925
728
2025
1962
1137
1739
49
1498
1792
1118
89
1596
1270
784
1820
2085
1231
226
754
805
405
1923
450
637
2105
1930
994
442
458
976
1082
1758
872
1374
1032
787
850
19
1659
1183
1127
1338
668
2067
1884
528
766
199
619
2139
2078
1132
1117
552
137
1395
1586
1771
624
2237
2102
633
692
1386
549
1289
1039
1656
1188
377
935
846
1303
615
636
1406
509
1345
609
447
2224
68
200
260
2009
84
2101
1802
2443
1501
319
1486
1421
1703
2390
769
392
695
281
1299
682
1881
2353
288
1301
1892
438
1398
239
1812
2266
268
1763
395
320
649
1247
2180
336
1705
1801
355
460
190
895
686
1376
2348
608
2305
1553
1336
2004
825
1072
1702
1194
1877
2186
797
388
2282
765
1210
356
2211
1772
2346
446
1712
1435
40
1572
8
1954
2179
1991
348
662
2384
824
1693
157
1457
1872
726
1138
1129
2019
1524
1058
122
1342
2292
1283
2464
1555
1169
1041
1625
1372
1053
1311
2374
1075
1253
2253
1190
1718
254
2046
2198
2312
777
146
1745
17
223
569
898
1743
1937
2403
207
1358
586
210
1271
983
330
285
971
1329
1993
238
2470
132
745
1721
1346
1108
1162
1363
1267
1814
1839
2047
2002
1652
891
1664
933
957
1579
1083
1999
1079
493
884
2104
919
349
1034
2093
2471
1196
1333
2260
2419
1425
505
1003
368
1410
1731
838
2367
2273
143
2247
323
618
1905
1649
2467
1779
808
735
1052
1160
414
2168
626
1218
240
858
1879
222
382
1055
1534
1746
2410
1968
604
2197
593
1027
1442
742
788
1330
435
2071
2097
1590
1984
1250
343
857
1269
1565
680
1012
802
2106
601
313
321
1463
1094
831
1506
759
1328
1986
2370
821
1981
1400
1505
947
539
2404
1369
59
939
2051
974
402
1823
2431
1458
1593
1292
1178
886
2460
1888
1836
1265
344
1617
856
1150
1550
1678
2413
1282
2091
2033
663
1347
325
1529
125
1062
2192
1866
1521
2396
941
2438
1520
47
431
2196
814
532
416
989
486
743
578
722
1081
465
25
2149
693
1733
1146
300
216
2195
1278
184
2300
1735
1033
1964
1054
2174
678
1850
166
179
717
2088
545
888
725
273
220
380
2369
1931
658
341
1837
1747
1671
1112
420
1365
1288
2230
1727
912
1430
1803
1109
1124
2165
1713
2145
2036
1787
2142
252
2172
2223
245
1716
70
560
687
1172
83
2357
1658
583
520
1494
1914
2188
1166
590
1418
1835
2388
1067
1725
99
1480
499
2458
980
2017
741
1907
1614
315
403
1619
1403
1871
1503
149
2238
1697
1021
334
955
576
2317
911
1023
156
1246
691
1371
1141
684
2289
135
2191
2173
511
698
2081
2407
1934
1576
328
2455
2457
749
1829
1456
820
51
1069
1945
1633
2468
1061
76
113
37
275
1857
729
292
1935
187
2409
246
1379
627
2098
2087
1608
679
1272
204
2240
720
428
1667
625
674
1526
26
1382
1830
962
1621
1647
2313
655
1133
1551
952
685
2332
1134
612
852
82
120
1616
984
1655
1179
2412
2445
453
908
1186
708
2137
2400
2393
162
502
1960
2079
1921
1844
1949
1029
2372
727
1217
1455
1635
620
478
1016
2425
910
1848
9
139
2422
981
1523
2049
2024
673
311
58
2171
2123
228
507
2258
1322
95
632
1352
909
916
1917
175
1057
1022
1164
1063
529
767
2154
894
1496
1007
1195
2227
107
1309
2406
124
1769
1056
2164
472
1600
721
488
776
174
2056
1799
1468
1341
81
512
1970
1821
1869
1025
2005
396
2162
1804
723
164
1840
1085
173
2084
703
2416
1902
71
1813
2284
1225
1495
757
1
1474
1632
2285
1149
504
406
1399
705
419
1854
170
1988
1307
296
2169
1153
605
793
1291
589
1182
459
2136
964
2308
1091
1431
781
719
2003
1548
1121
2220
2461
1174
218
1366
1048
2250
1609
853
2225
30
60
158
862
1310
1380
1428
818
2272
2039
855
1445
819
1114
2152
537
1624
1434
1484
477
2130
2150
180
1643
2061
1922
956
1320
1104
1915
1615
1941
2069
274
2323
2194
1894
771
1191
1028
1569
544
1594
1691
1605
151
1508
1863
131
2204
6
1634
1673
1354
2010
1015
492
1927
115
1001
1087
94
302
244
2138
1131
1546
966
72
739
786
899
2347
1592
2394
415
1236
1557
1675
628
1577
1950
1143
2366
540
2465
1163
1401
1181
1794
1900
753
77
454
2212
1710
186
1896
1530
3
1742
160
2256
1488
1627
734
840
1512
1065
2418
2118
1447
733
2334
889
1313
129
702
2318
657
1657
1806
1167
851
1228
2108
1187
56
1889
1885
1119
1387
866
1567
2190
1126
1492
995
36
1904
1955
1397
1405
2373
1822
1214
397
1093
2375
324
1644
555
918
1408
968
1017
623
1582
524
87
1439
140
1011
217
521
2360
760
1284
2336
1588
607
206
1940
525
715
2214
183
806
2452
779
1607
731
317
847
653
1642
2128
566
303
301
2349
399
114
650
1562
676
706
881
364
2365
1293
1100
4
1020
986
1088
1325
411
1396
430
2314
516
1851
2018
907
2129
1541
1873
136
1510
213
2000
1064
732
310
1254
116
1973
2134
988
588
2351
2070
181
1956
815
480
1958
998
35
1207
1626
2246
2156
163
1665
2060
2170
817
1533
1010
1899
1853
1173
508
2307
2354
2099
2265
1767
401
437
1749
752
1687
1135
670
1203
1337
1989
337
2112
2356
1972
86
1189
1910
795
700
659
1797
2113
264
1674
1180
470
2076
2218
1475
2401
811
1177
225
2042
1650
1913
631
2286
1883
794
2473
394
1680
286
1385
1528
1295
2328
1651
1933
1638
780
1479
1375
1601
2022
1842
1060
39
1239
1517
1764
1639
1485
2249
1321
738
1916
970
2058
915
2311
214
2399
599
1785
1531
617
1908
2303
351
2251
940
1809
1507
1290
298
1297
1125
1929
2280
1165
832
41
2055
176
2213
426
373
1516
2268
877
1158
965
2392
542
15
211
621
338
2077
2072
1998
871
2092
1275
2377
562
1663
606
1536
1212
707
652
400
29
809
1603
308
799
74
2252
2132
67
410
744
2209
69
466
2341
266
384
675
816
1987
761
973
1895
943
172
1983
1778
1249
1095
1201
803
2074
1540
954
1661
1013
773
647
219
666
1215
117
2363
1229
1979
93
2222
1344
2012
441
694
2032
2075
307
461
1356
433
1966
243
1004
543
1740
2027
345
96
1465
1611
2229
1305
358
230
2444
2110
346
169
1368
1990
836
1654
1519
1648
272
557
677
778
1230
536
2155
249
1750
938
2158
736
573
501
1936
541
689
1786
991
231
38
1426
2066
1728
1242
27
147
1827
750
887
192
1559
1211
