100
728 374 -251 -393
792 -230 146 -19
361 369 229 -283
-511 343 239 48
-117 208 301 -733
458 -307 58 -645
-282 228 82 -748
592 779 105 -658
744 758 -99 299
430 535 56 -91
178 -594 566 39
18 545 309 263
-28 -601 712 -634
-785 294 -681 326
-386 -675 -686 785
444 381 303 -31
-82 -86 -569 -263
137 688 -669 -622
-138 494 268 -163
445 -411 509 287
324 385 -210 793
585 522 -732 126
-666 -472 -194 134
128 -24 101 -383
798 183 732 144
268 -262 -546 326
-231 443 -436 -135
-557 -458 -581 -553
-606 -380 -497 88
-757 488 410 -483
-207 474 -682 161
-501 631 114 -656
121 -82 -554 437
-540 -546 -278 684
-117 112 344 12
135 -151 -287 295
745 278 -772 13
-278 -654 -790 657
-111 627 -27 -495
-334 569 -226 -589
372 474 613 -677
558 336 446 -742
-613 752 -306 714
588 -406 640 -458
248 -128 118 -181
-131 687 -593 -265
311 52 -535 -277
-233 778 -97 -501
-36 339 286 41
-417 -274 217 361
-656 -9 45 763
-512 202 281 -1
537 -386 -744 688
106 671 -623 695
55 171 633 66
-785 -514 -47 611
-368 -455 -485 758
-764 -794 -584 404
78 -394 456 549
-163 -42 -256 -34
114 536 -737 732
276 -28 490 -490
539 -738 -564 -603
-559 112 43 -723
-726 215 374 572
-377 -312 213 602
-267 432 -270 -90
104 -1 152 -638
249 340 -368 799
-681 -399 333 -518
-558 -299 759 -118
-167 -421 -107 -122
-287 503 145 361
-598 524 -585 663
385 401 -291 -771
-714 141 -282 258
187 357 -45 -28
-708 537 -542 -476
-703 -175 -189 138
-589 -637 -75 161
157 607 150 505
-585 -579 320 460
370 585 631 -699
434 -706 608 203
-652 257 -222 722
-756 -494 -92 -539
-87 240 -581 -779
-714 332 448 484
118 525 335 -607
-782 749 -24 -679
-468 458 137 -511
-365 -340 -38 -330
467 111 750 529
-584 -407 706 750
-82 -269 -182 -527
41 -51 240 299
492 -656 742 -221
417 760 -642 -619
-587 -669 185 470
218 -274 -757 671
2495
1
2
3
4
5
6
7
8
9
10
11
12
13
14
15
16
17
18
19
20
290
2223
1321
764
1434
1901
317
867
1428
636
447
2093
1266
2469
489
1046
1258
2123
273
1141
1978
282
2000
1158
558
96
818
1231
800
384
519
1078
59
1218
1610
390
1132
862
1458
2457
325
1128
516
124
241
1373
1386
742
93
2400
307
513
2048
87
1581
1304
2396
1444
1061
1696
1663
1870
1278
46
1375
1911
896
942
1234
25
879
1471
1528
1186
1150
146
2291
680
134
875
1689
1810
1580
197
1439
2294
517
1690
2339
1323
460
2
1933
1472
1081
1446
2171
1299
2349
2425
2348
1421
1228
2047
1555
1098
2044
1973
2214
1277
924
1393
1527
1427
1483
631
2156
168
407
120
1680
1809
967
1054
234
320
1903
1730
914
679
129
2439
813
763
1076
1646
1719
1469
747
1389
173
424
1768
1003
1097
1006
1939
51
1584
75
1639
1564
443
445
171
508
2030
328
1882
762
2273
1883
1342
91
839
2473
743
3
521
430
1741
1789
1309
1577
537
210
994
846
778
2264
1654
1401
344
533
1000
789
1153
1787
426
216
361
1237
189
1515
696
756
464
588
1282
968
135
1913
2256
65
1023
977
233
2150
1800
885
61
2241
174
2259
349
2247
141
2002
148
1922
758
471
2359
486
1917
1210
1548
1481
310
470
836
698
1571
788
989
296
585
2270
2265
2206
1490
438
435
2196
1516
303
901
1253
1959
119
1701
2353
1538
928
1225
372
1468
1475
2190
1274
2026
2395
1236
1371
1142
2260
1972
786
1030
2099
2129
2345
1013
1764
1722
2028
326
1556
1725
2157
1727
759
2412
2045
1264
549
1405
440
1505
1100
214
1247
1363
2313
1862
2065
178
313
434
908
1491
1742
2446
2055
926
2318
1431
1379
2228
872
2382
1367
1634
857
462
690
127
880
1245
1221
632
658
1546
1130
1295
2042
2352
304
23
586
2053
748
1716
2038
1082
1943
2314
2237
2405
2410
1093
1072
380
2198
1579
1456
806
1452
149
804
1360
2064
2184
882
1340
1650
1306
1107
898
451
159
900
353
597
948
2226
1223
1863
1726
2041
2399
1835
651
295
664
1272
1305
1447
693
1811
1784
404
1322
505
1926
2398
2295
1702
1099
204
364
971
656
207
429
2092
411
623
2074
611
906
363
1855
783
2364
1513
1230
2117
1962
88
292
514
1199
17
1543
2327
1819
1110
1406
2161
2317
1842
1728
1215
1886
1530
1196
465
267
830
979
201
156
236
984
80
9
1031
2366
416
2120
595
976
841
458
980
254
587
838
688
346
2246
1893
2225
1291
1697
2267
105
155
633
1840
2159
278
1904
1874
1829
2252
1369
642
1591
1198
1174
792
323
473
1450
1499
244
1981
1473
410
1308
1222
1826
480
1614
336
1068
78
695
995
2215
1256
1534
904
1448
101
1932
1576
1263
919
598
1129
2378
798
1900
1307
2200
1782
1122
1745
1197
673
2388
708
319
1916
1626
534
851
1791
2374
849
1603
607
1844
1079
1262
566
428
625
793
1881
1536
1763
2269
627
1138
852
502
1969
420
1720
2293
2181
1377
831
647
249
1760
50
784
2389
368
876
1246
1206
1411
1058
2079
1420
1286
1605
1807
2319
1523
459
923
2077
342
2309
990
161
2209
2090
540
1047
641
1343
183
1052
921
1032
2143
965
1684
371
1404
472
1464
1645
609
220
1394
1611
2121
103
2428
580
1585
1990
1674
518
1392
2440
1201
1717
136
2082
2187
2046
840
927
2354
1629
1624
1692
1964
1985
2254
1414
685
2232
69
2475
1478
191
1960
1396
2155
1671
1554
449
1053
131
1382
2224
106
2261
1376
2127
1631
1293
389
436
706
225
302
2351
735
165
95
1207
28
1193
891
1007
1561
624
2001
1292
559
1816
916
2217
1400
1159
48
1769
2052
327
1936
2281
669
1866
1643
1350
2347
975
1649
1185
2437
1442
950
1296
1825
1766
1179
18
2066
1668
538
1083
1799
1436
859
1466
562
1162
903
484
940
226
1366
1453
510
138
2413
572
2073
2122
2341
606
1088
1276
2282
894
1064
227
988
691
1117
1931
2115
2176
1837
2299
83
1739
2456
427
1994
1123
969
810
1934
909
1265
1489
2145
1642
1621
258
2130
2172
2051
497
1205
638
2381
1918
1822
491
1445
511
951
1647
145
2212
1010
2182
1966
2175
1914
1979
1065
701
663
591
1600
1063
1710
1349
397
2027
1346
219
306
203
375
329
2403
298
1347
907
385
348
938
463
996
1630
1407
1208
1160
992
1127
646
356
1269
359
2008
1817
2234
1008
796
842
102
776
2244
1625
1275
266
1035
864
2402
1509
1578
700
1942
82
2103
1028
1550
54
2420
164
283
826
419
1109
2278
2277
542
592
529
1529
1950
1249
1365
2109
2386
130
934
2471
2185
1148
1460
365
1920
1514
2135
1015
1848
1620
616
2230
175
2070
2015
318
478
1437
2024
522
1583
1638
1423
2258
1574
2387
2034
1839
1280
1211
878
1011
1095
568
2023
1984
1324
655
1374
311
1637
2083
1270
415
1429
721
1598
2409
2376
637
1880
750
687
1604
1988
394
1470
787
1454
608
79
128
2311
1075
2007
835
67
817
905
1415
2332
49
1615
469
1780
2418
2033
2298
357
269
2086
665
1235
1257
1738
1238
709
1084
575
2285
252
738
2088
281
2422
70
77
805
2344
1118
339
2195
1999
1619
807
581
2401
1700
2380
1217
125
160
2358
1586
1496
2286
1485
1004
527
379
1183
1831
2392
724
456
869
963
2429
1517
1131
667
547
571
2191
2433
2463
229
1074
982
957
1806
1641
639
1338
2304
245
999
959
398
2357
35
1171
421
1569
987
1804
2467
1457
97
2275
1541
1113
1356
2377
964
1736
2068
2140
2474
1644
962
2331
672
850
1813
1002
2060
858
2419
19
2149
1279
192
1029
1145
1214
902
2301
2274
874
960
1041
1311
1678
217
2207
62
1958
194
1204
1190
142
2179
2363
799
1796
770
1177
712
1194
1875
1812
92
1020
2253
2174
1026
1797
565
1772
1380
22
2421
1398
71
981
1390
1101
1533
2296
2460
1355
68
1927
1660
1545
1957
109
441
212
1116
1940
1627
457
1869
406
170
2443
628
1740
604
1112
1067
1189
1734
1241
208
1607
985
1531
200
116
73
949
1665
1520
1778
873
1133
2243
324
1786
32
1544
1779
1180
2306
2248
1012
256
2441
1906
1057
526
1518
1325
2192
1250
1843
560
2199
2300
1388
915
1707
1091
1103
551
1602
367
1332
602
2138
1956
1905
2336
153
1617
947
400
501
795
1022
552
1783
231
2436
94
1397
2104
1777
1755
886
1137
2128
2072
1759
1673
2333
1062
250
2167
1899
1709
635
1857
1492
1879
388
52
1968
1891
396
345
615
224
41
118
737
2119
223
535
1750
1682
1774
1433
181
1836
2236
1329
1435
1737
2305
1542
1049
1451
176
1362
2415
954
1877
253
590
2379
1794
1184
929
137
2202
854
1301
257
2194
2238
1876
1572
644
1512
2183
1963
1659
781
1077
334
2126
844
293
779
1462
520
765
2435
686
1069
2343
2458
358
2394
1219
1747
1929
1073
525
1357
1212
1594
1821
2222
228
746
276
1757
422
53
2362
2021
1014
27
1161
2025
1983
1798
100
1888
782
925
2095
1664
1915
337
2049
239
523
936
2146
809
1832
2255
1525
1111
1226
11
466
2221
1001
1925
727
169
828
1977
1169
1220
626
2427
2367
578
1996
2151
603
760
1616
569
2210
1711
2447
1661
961
2423
1694
1582
843
1289
1387
2235
1267
1833
1488
1558
2102
2461
391
1718
1721
717
528
1908
1703
1233
1537
177
1980
2239
1946
251
2472
860
193
151
172
1038
1336
1227
2249
1298
1370
530
2019
488
707
2279
1480
1776
1051
425
495
45
2089
543
802
2218
600
827
702
722
1975
1147
1384
683
479
1715
2118
1408
837
1919
1695
2288
945
1090
343
1268
1316
154
2266
492
917
1191
117
1872
1754
553
1930
1871
1526
2169
1497
1192
1119
974
2032
383
1686
689
856
1753
2125
31
2450
373
820
1592
2011
1494
1712
952
2069
829
1508
2431
619
2373
1313
180
991
1368
630
202
1593
333
1339
2384
1867
768
2307
2229
1410
1861
1071
1430
500
157
1987
1140
184
734
2087
285
753
38
847
86
58
1188
1770
2148
970
910
2434
1087
811
1027
1961
493
932
1016
370
289
1284
1176
729
330
1830
1748
351
2075
215
684
274
1102
2370
1935
1443
1510
1521
2078
2449
335
605
1096
893
179
1345
1532
455
2328
978
1846
1566
1164
2462
1623
2320
448
790
892
1852
2018
2003
453
1723
1567
1300
1017
1808
482
382
2231
2406
44
2204
1045
57
2393
2397
1172
808
1860
652
417
2197
593
2063
2094
761
1287
1187
1683
272
2193
13
1974
284
2390
726
2035
64
1005
2105
1820
2081
819
574
305
1441
825
403
199
728
2451
1493
56
402
377
694
1743
2416
2368
1243
1562
1167
1894
2010
1403
1034
1588
386
1889
16
477
545
629
1372
2097
675
205
1200
1858
1895
1474
541
2124
1762
2361
423
166
1163
1495
822
1476
1909
1149
1549
1989
943
1976
506
431
1823
2227
2465
1828
1609
2424
2438
2152
2245
2012
268
861
617
24
1706
2454
2043
1432
767
877
1803
2324
610
1391
211
1152
640
1424
884
309
1351
2076
2166
1125
1094
544
485
1251
299
1419
198
883
2037
1297
1815
246
911
1213
84
2112
1524
2180
2240
1751
360
2414
855
1463
785
1656
1705
1971
1352
1613
1761
277
2059
2020
432
446
14
2342
1632
584
1195
1086
1951
433
1756
6
1570
719
1676
1732
321
548
1713
187
935
682
1551
1865
308
2407
1944
895
332
139
1364
185
803
66
110
2262
1628
1859
993
723
2203
983
1767
564
599
1310
2444
2216
1954
1060
579
2290
1344
1175
314
1105
2208
2442
1255
714
287
1575
1651
140
868
573
1413
1281
1945
1181
554
496
40
1139
2213
2162
261
2452
104
1749
2142
2056
955
1409
392
2054
1498
47
1677
715
2110
1838
1040
74
1438
946
1337
487
1714
338
1353
870
601
294
2107
63
1224
1986
2133
297
275
1402
242
2325
944
1773
34
757
1967
2337
1021
2315
1104
474
1885
582
222
1952
414
1970
123
115
2205
1036
1708
1633
1487
1239
643
2310
240
775
1166
1359
2385
2464
2163
2009
1788
596
816
316
33
76
1635
589
888
618
1341
692
186
1746
2141
2334
2350
1834
2061
1937
2188
1025
1327
577
2323
1
1136
912
832
887
661
1354
347
29
1361
2071
865
2432
354
1765
450
1315
621
2276
2356
1124
620
1151
1902
1758
1507
1666
704
1667
711
1154
1143
986
1818
539
1587
235
2426
107
376
315
1724
60
498
1232
1070
751
1851
2326
2050
1259
2111
1502
1465
1793
1294
2084
966
1165
270
2250
1314
4
1827
209
369
1662
1418
1982
2062
576
37
1178
442
2016
1449
699
271
744
111
2013
668
2329
1348
300
1884
1334
121
2144
190
2186
1440
1568
739
1921
1553
1479
1108
1252
401
1126
1254
1991
766
132
1941
30
322
247
634
1955
341
195
1675
1814
21
1426
2014
2257
122
2369
2091
1501
956
387
1009
613
1044
2280
331
1037
1033
1482
1134
468
1285
515
262
1589
2312
1802
1599
2173
2153
1853
1993
1847
89
213
2158
1704
2242
1484
1795
745
1358
1785
1693
1503
1910
108
1203
1519
243
2417
824
1775
2391
922
232
1928
953
1271
2132
1039
1182
1790
524
1381
801
654
2098
352
147
413
2108
1597
1477
532
881
2360
2168
494
355
2284
340
1699
2101
1066
1135
188
259
1679
1320
1043
1540
10
2189
2272
1417
405
2164
150
43
36
583
265
731
2006
2355
1995
1563
697
1114
1947
439
1565
1997
774
263
395
1652
2383
1948
1335
1459
2371
2113
1878
412
2338
937
1595
920
2114
504
557
725
2453
1801
677
1890
1170
2340
39
780
206
2036
918
475
1422
2330
777
133
2292
2455
237
444
899
1173
1383
645
452
823
1681
2147
1849
536
1080
2448
1670
1412
2177
1216
507
1395
1115
1535
659
772
2289
1056
1781
1850
1672
2170
1085
563
255
815
2287
1601
1461
1248
1653
1669
1841
2178
531
2154
158
1500
1055
2005
499
1121
260
2039
1229
230
1744
939
1636
1024
143
1573
2466
1731
1511
973
490
1319
972
2085
1467
678
1209
749
958
1261
454
671
1892
1557
662
871
1486
730
1896
713
1317
1924
2470
1608
1805
666
81
1260
2040
280
1283
1688
2251
350
791
997
2004
1156
362
2408
2445
301
1897
1547
2411
1687
614
1155
1612
1792
1771
570
1202
670
650
2136
2106
2137
481
1331
1089
288
1290
1965
162
2268
931
1733
238
1752
1333
1658
1618
754
126
26
550
291
561
1622
72
2263
218
1907
163
740
674
998
1326
2468
681
90
676
1590
1146
2100
512
1698
1685
1864
1425
2017
546
393
1559
152
752
2303
509
845
2365
2201
1328
1824
1302
773
5
1244
863
476
797
1168
1399
2321
941
408
1655
2233
381
1912
1018
2335
312
1923
1729
653
2219
42
114
2067
1657
1887
1048
848
2316
1898
814
933
99
1042
812
612
732
2029
1385
1522
366
1596
834
930
1416
378
2372
2058
741
483
1120
703
1606
1648
716
1455
467
2165
98
1640
1506
2430
437
2302
7
594
2346
1303
771
418
12
2116
833
1059
889
1856
2057
733
1854
1873
1240
2134
2211
1378
112
182
1318
1691
1106
461
167
1953
1992
555
2459
736
556
1273
1330
503
221
649
1938
2022
897
622
1949
2322
1735
648
1092
1998
821
113
890
2160
2297
1560
567
1144
794
755
20
2080
1242
1312
248
2220
2375
8
264
1504
1539
866
1019
1050
1157
1868
853
2283
2404
399
1845
286
2308
409
85
2139
1552
2271
913
710
279
55
718
769
2096
657
2131
2031
720
1288
705
374
15
144
660
196
