500
349 -297 466 333
133 46 362 310
219 -456 118 -154
330 83 -472 234
-51 -149 35 -403
-339 37 272 -474
14 298 469 -55
-369 -439 121 -465
196 347 -499 -12
24 487 176 500
-193 -115 217 -342
-112 210 -492 -307
-363 187 -386 -13
263 366 53 -200
-266 483 495 -64
289 259 -246 96
147 -5 -114 -499
-272 -367 -367 421
448 126 346 74
477 -56 -399 219
-358 490 286 413
117 -269 -495 219
-297 -164 -372 256
448 -298 -119 127
477 -135 -99 -293
93 37 80 -36
-360 335 -377 270
86 232 -259 95
-212 -416 -401 153
273 -211 -430 152
-426 -414 263 -267
472 310 230 -154
-266 418 161 -76
42 -317 -276 329
-32 135 219 73
120 413 178 -54
331 338 -45 -31
44 285 178 318
69 -276 -388 31
-293 -295 479 361
341 414 -59 -379
-433 136 -262 158
192 104 181 205
-268 496 -275 55
-100 288 -407 -400
-195 34 489 73
-307 310 236 -76
-22 -240 -463 297
-22 370 270 228
-177 352 257 -273
-215 345 176 -203
279 54 -459 -222
423 387 324 173
-237 -195 374 99
-163 -456 170 285
-145 -95 116 197
-195 -448 -256 438
-212 36 72 97
334 336 278 -234
-121 -455 109 198
475 -380 26 147
376 445 -248 355
345 260 209 377
-102 -102 27 -157
-452 -5 360 -92
-341 26 361 -356
341 -305 -87 148
415 26 344 -185
76 -103 36 286
71 -457 154 -330
-190 -497 363 -36
39 -149 -416 -378
221 -351 443 171
-284 -132 -496 -301
344 121 326 174
357 -441 -453 -19
-341 -64 -491 276
-31 -263 424 -304
128 -334 -500 129
247 -239 324 -144
-489 -273 247 -327
-31 -445 -392 243
-154 118 134 70
-280 294 227 -187
195 22 12 58
84 -117 -274 -329
-150 -178 -357 399
-344 102 -152 -357
-132 -221 -358 -164
-418 -450 -96 187
-72 37 260 237
166 11 377 -309
-178 -358 -403 474
-370 27 -131 372
-253 -147 414 -111
-310 -156 -354 87
-276 -143 -386 128
335 -341 193 349
250 466 154 -48
-71 198 -489 -260
-187 -69 40 223
343 -29 -221 -488
-142 -224 -339 -36
-425 433 -292 -433
48 -403 -37 -404
134 -70 -207 500
-473 324 -149 -8
-167 211 359 294
-307 -269 216 156
460 -381 411 -48
-85 120 333 -118
-471 469 88 -218
-308 328 -276 -124
-72 187 -449 319
-226 -243 -49 78
433 221 83 -189
449 -402 -37 -398
-92 120 6 -186
282 -162 37 413
278 -271 183 -423
-145 -347 57 -280
99 -272 -185 -252
-167 -455 200 -330
-382 -102 462 -438
230 439 453 213
-164 333 421 34
479 -295 -416 362
-26 -235 -193 105
232 -52 389 48
164 -487 143 -3
31 319 344 -232
-116 -191 460 -121
363 465 -360 423
-459 180 183 65
178 178 177 407
337 57 -337 -123
-72 192 69 -6
-139 -211 462 -311
281 -390 -121 -160
-139 -358 -284 -222
239 50 291 -212
221 -220 105 -52
-377 -297 335 19
322 10 -41 -145
-137 485 393 29
-149 -261 5 118
5 -401 463 -95
-443 -424 369 30
-407 -113 308 421
-125 -65 -212 -487
94 391 460 12
-31 -375 -463 313
489 115 211 -28
-72 462 -337 441
191 -87 -370 -334
-403 -36 446 -30
-2 365 -128 -330
-48 319 -475 -399
-13 -104 -212 -377
200 160 235 -392
-164 -26 303 298
88 -418 -452 74
45 296 -101 17
-113 131 125 492
-39 -20 -419 49
434 -104 175 185
240 31 60 169
45 92 -485 453
-444 466 102 445
-493 -64 220 -265
-472 -461 -159 149
172 -447 128 -350
-109 -249 -292 -413
430 -406 397 -58
43 -167 -13 -298
489 -403 495 474
82 413 -313 -444
-296 425 102 -333
180 -130 -264 403
12 376 -451 -240
-74 -215 215 97
-106 -427 461 -73
-379 -376 -437 394
-200 191 -221 -217
73 -254 -289 81
316 424 -178 6
-313 124 257 272
6 -223 244 -24
-14 -116 314 -112
189 108 101 357
-248 -248 -377 -284
-199 -219 113 -48
-119 -414 -376 52
468 -379 -15 428
269 -462 27 -85
421 -108 9 493
-484 263 262 -478
-56 -500 383 -18
-464 320 79 364
11 400 402 -113
-319 -163 83 -23
10 296 -7 -438
-127 183 -144 -388
275 160 160 300
-170 240 118 -338
-209 -486 -257 76
-90 -99 458 33
-311 92 -125 -162
-466 -456 -442 480
462 -4 -456 89
-417 53 -27 -257
-483 213 -363 -76
381 488 -129 67
-39 -39 404 449
79 -373 192 -101
-327 -470 -379 -188
-303 -396 -483 128
119 -405 140 -75
194 155 171 -35
180 39 153 366
-433 372 88 316
358 -186 416 371
467 -400 -140 73
-413 369 400 23
-334 462 -288 104
491 -485 237 -395
359 -168 -456 -436
187 -238 -35 303
-76 446 -22 418
47 -112 -347 428
-159 -171 125 223
286 74 -363 499
-385 423 -59 -450
-24 -416 479 -18
294 475 437 -354
308 -200 -323 -17
-466 -376 -378 133
-334 159 225 457
-356 -274 83 -230
277 -142 -278 -478
-499 -50 239 10
485 -385 446 -2
-329 -103 6 -464
-164 428 481 -463
-86 -323 -344 455
277 60 -85 106
-473 -384 -445 -456
247 353 27 -78
-101 495 -401 88
251 270 378 490
-81 -42 182 -371
82 -235 146 -422
-266 -135 -420 -221
-45 -347 -216 223
-111 439 414 -340
388 -268 -310 -216
-35 371 -378 81
-345 -262 270 174
130 454 30 -243
118 253 -186 -80
486 -468 279 39
-345 48 -425 -155
308 -481 56 19
154 -270 499 -340
108 362 365 -281
-52 490 -453 268
-312 -112 98 -252
38 -192 383 -487
130 259 9 -297
-249 -66 34 -108
367 3 -150 395
-335 112 87 -254
405 -152 -14 -444
-106 -182 483 -313
36 383 227 -374
365 -451 -185 -417
-317 492 -32 -97
-95 -191 216 -460
-392 -299 173 85
-454 395 6 -264
58 262 44 -426
-22 365 202 -358
-140 461 -320 -377
-275 -364 -372 334
170 -342 -132 -207
-68 120 71 -132
146 -179 -150 -366
260 -251 -384 -22
299 -459 75 -52
375 207 75 -173
-423 -101 319 -333
-240 -230 108 -125
178 205 -251 111
182 -496 267 -153
-286 -497 -71 250
180 -354 155 -322
493 397 -137 428
115 -413 396 -99
430 -496 -290 -423
-365 -291 170 -136
352 -59 118 399
449 176 344 53
-39 89 -467 462
-95 -336 358 -362
-343 -471 484 465
415 -241 289 -465
-264 -497 232 32
-55 -34 489 -429
439 -258 -396 18
-276 -156 393 464
-142 -283 115 9
350 -145 -38 1
47 -136 -69 -125
-78 -418 -407 -341
-135 225 222 409
119 -494 -333 370
319 -412 445 -181
168 195 361 473
26 379 -277 -109
316 -272 232 371
-487 126 -301 405
-14 -232 -237 -175
209 -15 -242 -416
-365 -211 65 -362
-125 -242 347 275
-400 -115 251 64
-70 -97 -147 -416
-115 315 391 -219
-271 318 -456 -107
-116 346 -306 288
191 117 179 370
-319 -440 257 282
231 330 -12 159
-109 344 270 198
-428 -380 497 -159
-399 101 385 -366
-298 114 -380 -425
-492 254 494 -231
202 61 -287 439
-461 -345 -165 155
47 -440 -320 -157
286 -283 280 363
-254 -259 -113 415
-15 -133 253 434
-279 136 -78 -383
267 -312 -36 136
-210 159 -315 337
324 -68 4 444
-22 341 -160 31
260 344 -460 -288
-124 -342 76 397
-449 408 151 -445
-494 203 284 -294
120 329 240 219
104 440 274 32
-86 383 -316 -456
388 401 347 -236
409 485 -196 -494
400 224 42 436
-288 407 -413 -427
140 204 181 -150
-227 -227 92 56
-69 -246 -305 -48
9 429 272 -275
-450 29 152 351
303 319 -142 -186
-218 -72 -222 -388
-294 -388 -487 87
339 -32 23 368
-423 -117 234 -325
-227 241 -77 268
-16 304 -213 138
-244 -105 -127 -378
-484 386 -190 74
-428 -282 269 92
310 411 26 -8
-2 -154 -412 -180
96 180 -495 495
416 28 103 -345
-326 -144 -497 56
238 406 459 422
-127 358 308 -298
-11 -496 317 350
-482 -133 -32 -347
90 -401 -479 -259
61 48 474 -206
-315 480 187 -474
-332 118 210 48
133 -19 141 131
-96 206 -146 -39
442 299 -382 -431
51 467 -43 369
430 -385 -429 -371
-103 -451 8 229
392 230 360 -70
147 -79 -410 406
-479 393 -14 -280
-289 -126 241 -312
283 -160 -273 -254
192 206 -121 158
42 336 -118 -186
-477 -210 -382 -324
-276 16 275 201
67 -161 310 486
180 489 121 -429
426 406 222 275
-486 -114 457 417
-477 426 -313 -1
-2 -60 -379 428
-262 229 -47 310
-345 394 -178 429
-151 383 439 414
-297 -151 233 -477
-442 -30 -30 192
-91 311 -204 -12
487 498 -147 -270
-373 -37 275 -122
-77 -23 -424 283
-219 -200 94 15
-373 13 -196 263
-130 -179 236 145
-268 -181 -93 311
272 339 426 383
483 -445 -92 -80
79 -86 -456 -188
101 424 297 -270
-37 462 -147 56
-436 -351 419 -183
-273 123 434 -347
415 -328 -140 -337
-147 450 -458 -352
188 151 281 301
-330 -426 130 -257
-355 -192 -90 428
240 181 -121 -272
-82 161 65 146
102 440 322 289
414 -23 264 -13
231 358 345 268
-450 162 197 -233
-93 67 -227 -390
35 -57 -307 345
-53 484 443 448
-196 113 -255 225
-173 -323 -436 -207
153 -494 -287 -129
-387 -459 -260 208
479 295 -441 217
126 431 -483 259
-461 -476 454 -439
-214 -77 -328 201
443 26 62 -80
487 -49 -250 101
487 299 15 497
470 -242 221 348
68 -27 -134 -358
46 -28 -152 -355
157 -139 -296 -461
-100 -241 -289 -278
-477 -492 340 -296
-431 -104 37 428
121 -170 -269 293
457 -283 -336 -20
101 -170 -77 -344
325 -332 60 -337
-388 -468 -363 434
-36 -316 373 -488
273 332 62 -18
23 -271 -103 -365
339 451 -17 61
351 -130 -229 3
34 -5 -474 144
141 -100 307 -469
-37 137 -354 -459
-18 -234 3 439
220 -206 435 -113
-51 -221 380 335
270 370 130 -14
87 98 -90 -389
-500 220 118 -385
45 -357 -266 -95
469 137 -107 -211
-216 78 220 449
-191 -480 116 -480
-166 263 -300 310
-310 -8 -258 204
-72 279 -372 224
352 473 -397 132
-123 159 -241 94
-1 -107 -113 -153
312 399 -392 -315
-5 -9 -217 469
348 266 -76 151
-331 237 -451 216
285 -85 -244 -146
-159 -276 9 400
-216 -107 -67 -385
457 -164 60 85
336 -259 9 -241
-245 -186 -173 -86
10000
1
2
3
4
5
6
7
8
9
10
11
12
13
14
15
16
17
18
19
20
59454
12593
37167
8516
53104
11737
1904
29036
52095
51066
6673
15563
48689
276
23701
39902
51176
49402
1294
50700
8633
27632
4333
60563
49304
6266
24156
61463
59337
24380
29361
152
31745
28431
14683
3361
49497
16889
54902
55099
55626
19853
61589
61517
51351
48469
20734
12437
15739
55914
19418
17285
16103
5747
3769
7482
18479
38873
3072
10937
43398
53282
61046
57168
9807
23056
8590
57078
61615
33583
9303
6278
12802
7790
40678
25640
50285
19899
52453
21913
3395
60773
31086
11150
17497
35319
35098
50432
12209
42315
23455
40641
23251
16835
46605
50135
52307
14571
52788
10243
30184
7209
57145
61126
57558
54116
59431
58363
5456
30525
19796
53470
23836
1347
19402
9781
4437
19732
36483
29299
5030
11946
43838
31387
41474
4453
14166
51836
21146
12285
3691
25466
56751
27406
20254
6132
44151
38952
49731
54490
7987
58178
43513
32855
16991
60870
40328
61288
5096
21060
44378
61089
36339
38297
32368
43585
32243
49956
53153
1467
17729
58976
13968
32486
572
33901
40648
12832
28693
29587
42642
60335
13239
56310
16054
23895
59163
62203
58245
49049
4482
38026
2116
2285
29424
2697
15317
33800
33679
33563
52930
6632
18547
51393
41674
9787
39355
215
2570
8303
33552
23846
34646
20064
41737
14891
13781
56107
27602
9104
7524
29171
29217
46057
47579
25083
52838
59770
31386
48811
8958
21726
28600
9903
53358
50371
4157
40504
35705
26725
27416
5821
38795
35753
47569
325
16268
41290
51027
22662
835
36325
12147
8117
42021
52598
47516
47902
38642
49507
55946
41624
52151
43432
52515
12035
19594
46403
42108
52636
19769
4743
5366
5316
345
52831
44708
48010
26045
41859
57825
10348
9476
32571
19760
51986
4786
56806
16597
28396
43140
59499
11410
1073
51506
53283
27601
28929
24291
15592
11547
26697
59988
51141
38051
48423
22592
38353
21223
60815
12069
8542
5555
33831
33091
31304
10738
61823
17730
26387
53873
11692
25319
42918
8113
24930
56427
42343
5113
415
26219
38932
21468
53461
9607
54913
32393
24676
46568
18675
4335
42949
50523
5924
58482
30378
24526
20515
46493
40422
47574
16262
9012
13975
6723
27951
35965
49541
49588
32372
27837
19864
19148
42822
10291
6298
11148
42500
5231
40399
43570
50098
11333
14350
51329
21142
5298
51890
60926
232
20226
1855
53519
26798
39635
49036
4573
57247
9409
24059
42967
26352
36975
34091
9185
10549
50685
53865
28333
27131
35420
39771
55860
3978
16663
3051
23637
46010
26474
23926
25634
36901
30374
28257
7045
56807
43473
41146
14473
44730
22843
30337
12590
23733
31014
60281
30850
46581
54975
43678
25503
14441
25647
22360
27985
21720
34455
19958
61443
13508
48504
27109
6060
61359
38154
14900
9134
33986
16916
19299
30264
4199
32753
27676
29142
55003
33856
12687
11763
28856
16386
29048
54010
16897
56854
35750
19844
23064
9636
34193
53292
29566
61486
48994
24760
58213
15244
29227
16075
20214
50756
26607
43760
38945
37384
44279
51248
1342
44477
60986
51242
27919
23598
6146
7587
4829
23636
41913
42618
56562
53683
11347
6477
10990
26345
48707
40059
53707
53611
4887
50079
26928
50749
39626
43366
56423
11131
5374
5952
46329
57592
20695
43496
36865
27995
13275
12224
29668
55898
31486
3705
17540
3920
38536
9218
27182
7834
9407
33488
61111
17006
19276
727
49292
50126
42471
24742
61266
47787
57529
50829
32331
57398
40272
15469
7925
30950
17517
60662
40040
17395
6085
19926
27882
44916
38897
35709
1291
5018
43542
49727
21611
3019
39465
44199
56964
2066
1650
18015
47885
18645
19019
34707
3337
23436
20865
9692
5858
19086
31119
34647
4905
58360
53386
44783
2187
38424
21359
9332
49380
49003
17358
58696
59356
54355
8923
17751
21470
54303
12094
24079
59868
17208
4122
38615
9735
56045
20280
19417
40696
54184
24546
31761
49637
18378
44474
8015
28650
48125
45102
47357
60971
29510
24226
53267
3968
55830
26511
54643
60340
19794
9014
22206
54557
31052
26012
55551
31114
52836
12120
51706
13267
7768
53514
13794
18280
51656
55122
54396
2246
44211
35545
28436
57783
53396
45081
31840
6771
55606
24483
22869
32883
2940
48857
3294
26401
26433
60761
45980
11060
59274
18575
543
453
51291
53572
37166
56402
9
55687
54845
60163
17397
35514
15549
29712
46234
27603
5165
58996
7540
57187
28072
58630
32862
3738
14754
6744
7456
50226
59450
1307
12961
24527
43230
22512
59531
15127
24337
33367
8335
2673
59890
31024
37378
3481
8713
4025
21418
46813
29703
25508
49166
44830
28975
51224
60618
2321
48051
46089
38780
4595
10262
28040
35184
27300
37279
11710
41670
61764
8834
53799
34720
7369
13142
19450
21502
23041
43907
58736
62342
35252
29137
54005
44665
40200
36930
8310
55588
58278
53091
45969
9275
36804
58272
5748
55033
9656
7836
27176
48840
60693
14728
32773
52354
21648
13666
42383
45181
21532
35054
45035
558
10020
46640
10621
59063
8446
33886
9451
52129
50760
10708
32107
37515
46547
48305
7541
1104
53618
44338
33376
50928
56206
54058
5783
30413
34383
11176
37237
30782
48977
11877
18282
18239
27034
4932
30728
16561
29049
2891
30291
60228
12235
44901
49664
23987
28605
60972
7784
55579
789
16010
9947
54506
10800
30534
5779
17177
45795
38348
18824
14968
15167
33578
37562
13324
31684
54648
30253
437
58206
54369
59121
61446
48813
26372
2831
29938
44058
48755
29406
11682
58687
47834
8447
60538
12253
42803
42276
28997
13822
51875
24922
8943
18604
35684
23327
2391
11798
30474
27153
59955
55921
42879
17262
22926
3056
52424
9534
23347
55135
12265
19994
60316
76
59863
51800
11452
39876
34748
19476
29179
28669
27165
23434
14515
17514
19850
37068
27243
20422
18929
5472
60098
52516
46359
60891
38532
2500
59094
50382
60088
30510
21192
51931
4388
52343
3443
24597
10116
51630
22987
1066
9278
25116
35195
25543
10067
34965
20767
39400
56787
53785
14792
30841
59962
37098
28755
52115
29243
3239
61231
58413
34327
55662
33588
42461
41362
37890
13447
15351
37131
37797
36277
45727
41312
32657
10200
55584
898
36267
53488
48361
1246
46701
31208
30009
26839
20842
57050
7432
14099
47436
15973
30085
9158
59570
14401
2466
30835
45999
55547
61664
25868
3844
36519
40054
12937
32746
60232
3407
26142
16620
38799
45952
43624
12144
55406
37835
50921
44206
3062
25295
30692
61354
18443
45664
15467
32465
26852
52493
10146
7956
21422
60889
18899
2812
49576
34539
53824
32249
4392
54653
4159
54980
41267
36972
31632
42518
44890
11218
4416
19191
30035
6080
42806
51641
16400
36090
43493
24682
35416
39770
39470
55333
26439
48067
56580
1794
52310
54433
50732
43944
6495
55229
6147
41066
26665
4190
21035
39299
21110
27894
46035
29871
39652
598
25688
26194
27062
32040
11926
2919
57307
16305
14938
1793
39093
8436
8577
9806
59273
8709
44699
60912
39375
44412
8360
37158
3972
51655
9584
59205
28160
19837
50952
15358
28084
4600
3704
37934
53921
31631
13412
11537
22209
61537
27254
3490
28076
54323
50077
42925
48098
8057
2972
14377
27453
15826
13549
11033
18435
29959
12008
9853
25924
49142
21909
34111
4755
14848
28295
16285
10502
9398
3989
16238
2966
29785
37942
26240
14052
37644
28761
26988
11708
21749
39758
28184
24490
51877
91
23034
7606
46632
45770
2103
52345
33388
17394
554
48282
45496
32303
13664
25938
27705
3262
28108
233
55509
36282
2793
25987
35554
9990
54290
54087
10042
14321
53224
22133
56520
8660
14830
779
4128
42939
61130
24795
27198
60231
33834
19782
40098
41942
49136
34384
36296
11928
53994
46982
7000
27966
42701
10900
10827
52763
18566
35307
51667
55478
19943
18276
21930
13847
48698
60355
61355
58905
60882
4023
5017
42205
14129
31269
14522
40526
31330
17330
38165
45097
55561
51714
27878
27948
11274
23296
4381
56377
36415
25706
29932
4901
18811
49560
430
47401
42013
699
49677
53039
46988
47433
47371
608
40954
2927
10429
35289
29642
9893
41955
10152
38257
27674
6405
42298
21233
34429
13740
53569
26535
56601
4384
31327
52942
39522
41408
52460
35844
33492
8123
29745
2842
56302
2645
44356
28187
32804
27871
54926
60721
52485
12597
46886
54626
2835
42860
61138
38147
10139
15837
36030
19649
33696
24906
13235
8021
22459
15018
54766
15273
38789
1557
56121
55967
35548
14730
25875
33437
48325
22582
31096
38947
39667
9752
11612
38705
24428
47077
11170
970
61490
44372
46939
55399
41533
11423
56246
1549
7811
54988
19001
43506
40880
26485
56577
10583
62359
21170
37780
49946
6671
6895
6980
4430
43059
6814
5321
39848
39882
51187
62202
42620
1004
54670
50228
24686
14274
38831
27519
44063
41144
50191
20875
49009
6527
23045
56129
31474
39431
1896
1329
18836
38323
16169
54463
16425
46162
23702
22550
42661
29565
39928
52103
15941
11810
54827
10267
25626
4739
52514
1457
26600
50172
54366
54908
57730
30161
16191
46192
29211
33745
33167
27628
24012
60879
43880
45377
16464
41458
44686
29740
48598
26288
22279
30292
33670
16317
18414
9053
54495
840
16168
20449
15863
8329
44212
31675
6406
16562
31610
62374
43976
30303
16824
18553
45694
20783
22042
24248
35097
20859
22746
24499
60450
9482
58055
19073
26671
55594
10148
30910
52073
26766
49545
46746
54065
15009
53654
29601
48324
19557
29842
44347
51434
61586
318
55902
38334
10722
45058
44603
9261
30605
49463
11592
42459
22081
5891
57310
39194
25812
38211
18033
46557
17520
27443
33092
44761
973
17017
46124
11448
58582
19372
51688
37686
17530
51866
11362
58466
46238
5325
38699
44385
57466
20832
28391
54809
11933
56185
48939
52988
24768
25534
2189
55312
27105
9841
58718
47725
40589
49502
14503
58116
54849
23710
13745
46153
1605
17582
12221
40663
7313
35222
49818
59675
39303
37153
51921
58249
36164
6116
39923
32703
27218
41723
9288
15902
29928
9599
60630
7066
42310
58684
27999
57933
46490
18365
5818
18889
25621
56405
46692
51481
16675
2080
18158
53880
43720
45982
35091
8917
11291
14634
36055
51951
16859
7350
22860
39536
49374
26739
50180
21429
61420
7450
11804
49807
1106
34881
55796
3694
45141
35825
10791
5253
12339
22633
42558
7992
53597
57060
51783
60007
4996
13620
56201
8690
54520
39102
39735
37556
44657
52413
9524
24623
58189
30722
33965
2351
48295
30497
51025
38446
20582
57091
46771
5964
9157
59840
53390
2444
38907
49191
34425
43996
425
7931
3041
29715
59970
3546
34806
47953
36518
20006
9879
39261
48461
52746
21668
11578
29134
24820
7370
53281
1882
8967
10605
47663
22450
38631
1639
5486
2652
11104
22219
50264
56657
43259
16830
57226
10109
13469
48458
28860
41574
55876
6205
6339
42530
25251
51699
29532
29421
46245
18415
56347
9075
23046
46377
56922
19521
29596
31332
13551
62252
12674
3472
2552
25602
46863
14042
7058
5607
10135
4385
29268
33118
57334
34504
17532
36477
5161
38079
35069
24720
10645
59460
2422
61964
1511
14775
31234
58961
37542
22352
12006
7375
56605
18474
20013
4567
33245
38003
46628
52483
2413
59946
43638
34704
53411
59380
58381
43785
10902
31782
6739
60222
31502
9426
13255
50568
26404
50566
48225
21426
29174
4192
58070
52534
41828
44099
59562
59159
78
17126
46636
50520
29027
24353
15833
62268
49631
16838
25410
29504
33128
55652
32352
61841
6439
8370
61119
26831
58359
44587
57977
34816
16749
25092
1314
18176
34472
22297
4531
2817
16068
21078
50295
32672
7889
45523
15062
31624
29782
30803
3291
14540
58222
20511
4977
54984
3569
30545
8522
13430
51295
39361
16052
42079
39460
51181
15961
5239
38891
23185
24888
24793
40074
42077
23993
37034
972
12898
45504
6442
7640
60313
13863
21154
23916
33689
16220
60182
55858
9425
22650
12511
22438
20378
4865
30033
44530
17361
55618
14638
17386
8507
47667
6926
44932
5474
8298
16981
19576
45905
16374
59244
41340
24690
39436
52784
38496
7867
9304
43707
51336
58451
19070
36524
45054
25037
19437
10580
5033
60367
11840
35802
56140
1160
7468
32549
3934
12487
23499
12023
19268
21160
292
53935
417
47094
45129
58344
4818
18
54319
1046
4660
29699
21122
62037
6069
9211
26483
50163
19726
25204
48009
33447
48394
10329
57372
27983
14089
30620
58841
6292
32978
44935
59414
36459
53306
52111
38758
42712
60320
29365
5348
36987
62040
9477
29563
42594
11074
44469
53441
14526
43963
54831
2503
27492
60726
59136
21388
45915
39868
26865
57236
23579
4809
43150
34473
23835
57540
33449
24394
38926
8252
48624
49802
18345
54932
30331
51671
14898
39985
4635
6900
55356
41393
56552
41542
17002
59473
49042
34011
47324
14548
21828
3163
42769
16431
33451
10936
18085
10153
17102
33542
10340
520
60110
29856
26545
25742
34812
11180
40330
33626
47120
18845
2023
47562
60275
44696
22112
7180
30529
26679
46154
36044
25513
42684
22247
15095
43286
4647
57153
28648
20967
5608
29138
9979
46899
8725
3441
32950
59204
1261
52854
43560
6701
37946
14664
46435
59072
38143
11664
26053
34823
58816
2483
57049
1967
18607
28150
41844
15418
42760
1008
39566
31993
12775
37676
12116
27660
7472
20654
23995
2706
36310
56067
6577
36431
30767
28024
29071
22949
43465
14112
23428
20208
17667
25560
32445
16718
48757
30689
60284
46693
49993
29914
19218
15853
50920
30998
55918
16671
34243
54475
35059
42385
16359
58225
52174
42727
57734
58200
56269
41013
32932
48160
26096
62059
6581
32906
47290
18214
1298
4863
51887
1110
42813
29016
44098
33762
33227
15702
27969
5637
14122
58145
38082
37898
31465
34089
22615
27289
26742
375
1213
24279
35126
34410
57536
50073
50991
7703
49950
31888
47606
23108
60581
35924
32668
36968
26631
61222
17504
3553
4278
39447
31968
56990
31488
58869
33833
61329
42472
44191
50009
19749
36913
58912
24975
45037
8042
36368
50393
2111
17501
51035
33275
7933
31556
56584
54141
3792
53369
44382
24064
62038
61655
8377
20753
28394
34304
28612
60154
23184
40224
55188
5365
57039
55945
35354
54953
13058
43982
28429
31051
8649
24588
507
31411
21756
45454
9374
16662
30467
39559
51056
18565
36327
24752
53508
39341
59498
10203
39164
31011
5376
333
35483
55784
44574
40370
55313
7939
53036
54627
13517
42091
19525
12577
6573
47439
39398
23918
47147
36986
21666
17588
9562
43317
5547
42395
46540
60958
44878
6238
28616
25192
6912
30392
48291
46559
23630
25064
57910
20323
24994
50852
6686
60615
16335
22
41188
27267
10338
3714
25531
27917
9690
13744
9899
58655
11256
30506
17054
37822
472
45000
34663
50862
4808
11787
2130
12825
53945
27554
5639
59027
21805
39914
16717
36317
58320
29440
52974
44575
32769
56679
60651
32055
47470
20801
54104
13405
15925
61904
38800
19033
32020
10062
30533
19232
34545
41636
33194
16457
8039
37997
4481
38595
32039
40241
2495
17536
7194
22120
20577
31017
26573
27811
30147
20342
10319
46709
36679
36497
9396
44021
46548
43911
11681
42210
35744
32551
28216
38671
6534
26919
37926
28066
56197
21787
48616
12113
59759
20240
50477
8652
5725
35499
55431
39740
40731
32726
29305
6020
18946
7561
43125
32722
8394
2944
6296
35210
36531
39151
979
35019
25523
22487
5319
3772
36881
61048
60241
17938
42547
32995
7506
48842
55197
33434
17185
18030
41226
2718
58699
33111
41292
143
13276
51802
21996
44671
27668
40469
61960
12291
37747
24195
43256
5843
21928
19226
59875
20471
23693
32043
34292
40825
28655
54798
38553
1922
35814
32811
57460
19828
50736
38546
6745
17902
5565
4075
21330
34598
20904
53257
44956
57840
48252
59624
1297
29518
41563
45089
6341
24566
21658
35959
45218
28366
15614
34418
15044
50846
39203
56475
37294
41817
8213
57411
22144
52236
31795
12524
57318
27609
29525
54510
5349
42410
62269
34497
62110
25956
43071
10371
44545
27681
15043
18404
37380
21090
37563
23233
57197
1727
60334
35387
7224
35476
16152
19120
44983
7478
4031
61514
6254
53587
28447
35081
45374
49850
18494
60469
26002
55154
33280
32852
49403
25082
20166
44337
30355
59295
51717
2992
44536
17708
54282
60440
52112
10788
50060
30774
12766
58819
18139
53637
44095
32591
7516
1326
20358
45779
2195
44344
54744
32183
3899
52759
5731
10963
971
14506
824
48678
2177
48639
12834
57043
12879
34488
2755
2904
12345
14984
31415
61862
2803
39475
41160
14223
23512
7805
50053
60306
37974
58228
25813
17841
4112
43001
6958
12459
46781
19734
19158
12691
39976
48278
2681
43120
46500
36897
47985
30211
53489
40750
12425
5515
52682
35794
30759
12858
33534
40683
38098
56840
32727
43818
11953
24604
36887
38445
44237
25890
42378
50368
24296
57545
14459
31129
59746
17167
29765
16892
32979
55156
28836
2543
6941
15691
58680
56047
57040
26460
45907
57020
35922
44715
31925
45128
13947
12816
25770
44420
10887
50199
3154
2711
19588
27844
18943
55331
36900
10914
34741
4297
33753
37971
58377
52172
30938
53722
9255
21737
15637
44996
19068
13422
2308
58640
21758
10727
46657
42211
7714
1313
1149
28488
34981
24368
15486
54311
17924
25401
29574
51447
4143
55590
44002
30900
29809
54870
18781
44350
25783
28004
62029
57682
21081
11954
43002
19178
1908
23843
19867
15254
36997
31779
45202
17568
36338
44406
39767
22727
55634
60592
61932
13284
21959
48122
907
52886
7310
4173
55827
17407
12431
22498
33706
8947
9379
34114
55761
18862
61375
50984
61023
1576
37806
37574
23227
12385
37092
59934
47825
44810
21199
20853
40667
28653
57678
53532
36273
47353
45159
48807
43999
8053
41764
56812
53906
12240
52712
32277
8596
15920
30123
51964
991
3209
15511
48036
28339
43048
45995
40070
2280
36984
35970
47157
45963
23198
53066
55220
56441
55371
29523
34868
59075
1454
21630
50747
6608
23996
30633
12070
8861
7975
60324
43143
49343
44717
8420
14629
25891
21614
43530
3290
13903
26687
18629
5153
34392
38190
19510
15355
59426
52519
61291
23036
1483
58591
7436
36715
54940
14665
62266
61553
38769
60044
32659
43385
52432
25899
10204
3670
47002
28357
46069
48746
61353
39736
43956
38866
10879
2492
44264
3305
30612
44702
19187
22186
2237
38162
5459
41853
38100
51716
46817
49272
33155
37833
38360
28080
59049
32686
38019
43026
227
47882
13460
20953
32959
27171
31806
52138
39947
57831
33083
8174
31922
34476
3932
7269
46576
25751
50095
31697
36994
40481
36019
26221
54084
43210
50414
37014
52573
20134
34291
6372
31113
24558
37421
43479
56831
59382
12967
13481
10903
32777
36220
28968
28699
7750
58113
9364
49238
14069
32100
12702
21943
36168
19380
52741
12690
51367
46565
47177
5558
20469
30870
20697
60962
35982
58515
8345
37895
41815
25816
34737
26526
11842
62341
46385
1621
10003
29433
35361
9777
29216
38568
1278
1447
52017
13764
47475
50506
35577
33222
42775
21068
8808
27742
17486
39052
10476
1417
56051
2915
43209
50254
56333
902
23159
17332
29881
58331
3172
25999
2505
29643
2905
53055
16225
55323
44744
40649
23186
23726
6800
27886
23856
48920
40967
36784
27180
62298
4726
22390
7302
17026
55920
45595
22972
43019
44093
53574
21643
30856
53485
26576
39927
32560
24981
36194
50720
59766
14276
51597
28990
24134
26153
320
32416
41951
43756
11488
58739
46095
48833
46795
50641
54571
23339
46410
41383
1027
45747
18465
5268
57735
737
10582
47698
54836
10040
8036
13261
24821
22282
50240
27593
36070
25004
48505
40080
49966
24545
29469
20750
19730
15697
37268
9925
4150
14652
33847
27965
20448
38880
46032
19488
12848
35005
3911
32392
43711
35431
55163
54561
10719
25973
40735
20546
17009
34897
59021
40769
55305
9601
53679
7663
49132
58856
53218
28232
55159
20529
40671
55493
12067
29378
41876
19823
9946
40014
38090
45095
58826
49735
5795
30122
17225
60905
47334
58224
39724
49223
12163
33658
39021
59157
24980
29360
5775
3069
30244
51182
23740
45620
10725
30883
47802
33710
47399
26880
58422
32618
14961
19205
26979
47061
27950
7807
11091
18320
8908
61946
244
2165
8852
62191
33152
21829
62140
39237
26463
21839
23665
60697
439
20303
14475
27515
59358
10305
19303
32381
28746
869
61815
5638
29838
18599
54452
24034
33067
55560
61972
47912
50327
29476
56219
28764
38492
26686
37020
408
27205
56143
12492
44053
48453
43651
49226
32734
59517
25588
43789
36098
3825
12585
18784
29578
57981
4921
26394
34311
40579
62375
35242
9296
44468
57948
13345
31340
41486
50237
3197
54761
59167
21675
4243
54280
54723
11654
58772
14789
60846
30757
9986
40808
17450
8237
37448
54708
44146
41831
16084
40165
14298
41750
49872
24904
12363
9944
59772
39809
62018
44923
51342
30142
51422
12159
46375
35179
41023
59566
57191
13618
33853
47035
11560
39098
59724
23786
61949
41800
30758
24050
13213
24609
36276
56888
1108
4259
60305
11145
24693
3635
7717
42598
22559
47715
34090
11732
60059
44811
19789
50563
5666
50738
26390
9290
38481
16020
48780
57744
40939
34004
33415
1756
9325
55833
61578
18157
10681
60268
21408
6697
42656
60184
34307
6188
45459
49676
28659
23122
14378
54474
26514
14542
55880
46077
45423
7384
55983
58164
37957
51503
12293
35890
12270
42883
8810
61295
44470
31494
21481
44313
61003
26941
41762
44292
54898
33609
27510
33519
53807
23085
17853
33764
2664
8078
7887
24538
21759
50482
26986
45791
55412
18983
20302
29972
52179
4034
41742
55329
29094
5624
14697
7656
13559
58329
54024
10453
29768
31107
3887
24469
5270
5156
26943
4947
14763
50785
45203
59736
3014
26653
44414
44800
48891
54925
6870
5479
14140
49914
42846
31874
17019
10406
18201
35984
29188
38480
15584
8798
36880
11192
46767
17304
50183
45593
5340
9126
41837
7654
30786
57924
53657
46444
35494
18933
30583
31146
56611
43870
23696
40027
44840
20871
4445
31416
7401
3327
58220
26992
29053
47605
24630
49965
48552
5831
6538
21069
32799
55390
5613
52023
50561
8019
55294
52083
43742
53248
23208
14091
52864
50848
51968
9587
4515
60041
13680
44921
563
41260
43655
32076
38430
42583
5140
35731
46515
14575
8419
55350
26367
5572
53885
42290
16643
6664
18075
59901
46413
44152
34388
55108
17547
43559
42729
51323
19313
14371
19159
25283
21843
45699
10967
48572
10058
54693
61622
36873
36330
24890
31869
32241
17373
42648
9949
50083
42976
13641
30311
60180
41747
34797
6729
34862
46111
11703
15552
31509
19778
39227
50682
18236
51891
20764
2497
52422
43200
12497
17171
10350
41722
16017
52408
61834
38256
2624
44363
43788
56345
25517
47979
44855
19477
30273
49216
30852
28331
56033
60245
2607
52087
21827
44746
41702
23627
29320
4652
53353
42147
54730
13389
10236
1586
55118
6631
6246
47
5682
28801
28928
46369
45444
55804
214
34071
60262
32863
32128
39430
1378
9392
18888
60351
27820
60805
39183
20376
3029
48853
46715
43749
1948
50515
33895
29907
26214
53832
31740
27596
54115
16580
8479
58625
40838
1176
10543
23903
44639
45508
39209
60908
52259
26539
49780
21101
21360
2796
18900
48071
49981
30718
38772
2295
36063
51200
53453
18221
54322
25286
23374
42696
22067
28602
549
28918
44572
9973
6796
37315
7701
7447
58109
60266
25789
26302
21404
48730
60502
54397
10540
28353
418
38409
7962
36626
58837
56870
20976
40035
50455
17143
39871
17139
49252
29853
56963
30992
6065
58923
5603
40174
9831
54101
2104
19210
23450
11872
6396
33640
13302
56820
11272
17742
45014
21798
35108
19164
21030
9666
28171
61432
10503
44898
25717
56582
31596
41931
12678
53503
46721
52913
20535
28245
8219
34155
22421
50324
25921
14553
27304
59284
52858
34017
52039
40319
29341
48638
58768
36495
59265
37172
22102
15516
35721
10445
20741
41811
51045
35708
32509
7276
46561
27237
46919
52086
40226
11586
35963
48261
17458
38759
36406
26555
62151
44577
8024
23756
18942
50408
11200
43245
5367
37923
32143
33779
37808
42651
35537
60623
6666
59854
4825
53152
23398
16873
14874
36757
57263
53806
59060
4880
35172
40991
23981
48563
62338
56613
22114
4663
24154
61318
21077
7443
56609
2079
10685
18396
48068
4507
40691
42665
40383
34864
30007
46523
40397
16697
44818
38788
9342
37141
52166
57607
43006
15456
59181
4326
13158
295
16807
6464
5368
41208
1196
11770
27630
32060
8589
45683
58439
9506
20042
10646
30342
42452
42989
48865
53119
56756
39247
12108
31904
26265
8912
11356
46510
41761
30521
60989
34248
38643
675
21981
55125
2182
41037
24429
45003
40234
53494
4559
44809
47339
32229
29449
56772
2327
27861
58059
28684
28641
39245
42907
62223
30625
21836
35767
13942
23675
61408
2882
14286
10277
45325
59711
25954
34641
31652
56081
25390
11215
25090
3788
40971
5450
47947
37437
60824
25480
54906
43387
36430
141
52976
37516
23076
40023
11543
37352
35869
18667
38047
14128
49015
13718
58807
28844
60782
60582
6647
58323
59822
19231
63
42826
25057
20512
32400
51202
21931
54580
53919
20244
12063
60497
9811
2400
57991
49971
55396
7980
25271
41438
41001
59580
34857
13273
23210
10623
20493
37113
1593
57802
27910
60871
58617
24496
36699
41382
36203
46786
26402
24256
13628
33932
35945
35564
18426
60474
2884
61201
61248
37802
27903
36629
27929
56148
34337
41919
17958
44374
15350
35015
54121
24833
31552
13595
40153
28054
50521
31038
13965
47205
34029
39773
53705
40462
17375
44649
34195
25548
51332
15142
21127
9782
1341
18652
55498
39099
62184
35748
19383
30717
55369
31728
3176
21210
38069
6033
800
14403
51980
13600
8017
24157
2612
14955
55813
8245
13377
15750
46298
54368
59465
15017
3724
31475
27633
1346
4651
11693
17778
34964
28549
31983
32916
47359
61573
8766
13078
21914
5086
50708
23401
13172
33752
1396
39075
57877
52828
8751
31569
45451
28407
12359
27293
17888
49250
2441
45447
34635
38099
9062
35472
14986
20922
26510
55199
47152
15541
53841
29372
48186
42855
30487
17666
43254
32741
22425
34037
28446
2530
31230
20836
3757
10302
50585
46862
52795
26482
33684
26119
7794
48856
58612
22941
43741
46773
49294
43922
18242
53220
50934
13797
21674
8130
13846
33682
12481
39883
62348
17557
8466
26991
31347
45114
51352
55468
1906
53931
47072
35275
61746
27094
11471
8147
57483
11326
36371
3031
62034
23554
47640
32743
49387
24367
7453
46799
24309
19723
44869
13673
27026
33905
10274
35429
28793
57881
1112
47671
36436
38174
2651
21228
33134
30370
15782
44401
12474
4235
58649
31035
38440
11064
42953
7272
7390
49821
61481
54522
57514
4475
32697
53285
30530
44954
56565
6681
57
16624
8407
35047
46544
23237
50348
42788
18876
41783
4193
50294
9173
802
7201
16003
60760
23584
13280
41302
9366
50106
6918
1416
7087
20213
40219
35770
24178
6661
58743
16861
29788
38835
22922
39603
49220
6488
61769
41443
9486
32049
47879
36588
20320
30937
61511
57743
32406
37151
3280
7268
24121
5828
53862
60465
51795
5163
29527
4544
22107
23633
23834
2576
36767
20506
22711
49605
20267
15934
1705
48511
20574
29873
48690
12799
32140
53302
52979
59389
30686
61613
47701
39348
599
21835
11556
49205
10358
18931
16471
37648
56002
47666
13429
20585
58642
26788
17886
30006
32253
19330
31986
47963
46258
17575
36382
40087
277
58430
49604
30299
22074
61843
11790
43540
60035
34408
43997
25197
54301
52188
13382
54313
27262
37135
45269
24381
35215
28036
5070
12266
20051
14155
9769
20846
42579
41163
45780
46878
46487
44061
29454
57828
34530
37606
25033
48171
10214
62372
54934
25351
8022
21730
32682
7752
53182
27766
19733
18291
5159
30713
41485
42669
22086
53046
28157
26349
16083
61002
62091
50868
2745
34153
35128
5395
9860
37111
28543
6858
7318
1871
45816
36349
27152
46086
34875
44528
31929
38196
10533
31018
16422
39997
14346
43829
13561
43715
10922
25951
18010
12948
11830
60902
58539
19632
27018
32464
60909
5945
23521
40089
62063
10187
23663
45071
11186
51733
3765
36278
20659
15252
47022
46909
2337
34587
30688
39140
22695
28752
50068
50986
53344
58106
38479
38316
61910
18263
601
5977
4727
50907
39026
54835
23711
58091
61921
40500
40923
57849
22947
48215
1391
41535
18306
25694
21282
41736
47025
3368
20757
10090
43105
52289
20393
61924
34936
20583
171
4093
27439
51770
14210
18043
27040
60588
27801
52038
26025
52549
28604
45757
28917
3106
35528
53019
56771
30797
13845
41248
46301
53723
37953
95
57446
54122
3943
7869
1356
55963
16931
40827
42914
48786
25583
58792
55692
22195
49063
22978
32093
31241
2866
8789
29383
15574
54821
25215
56982
20727
27317
17190
52367
51614
13015
39217
21511
11677
12394
7819
57183
12196
13658
6542
10927
30653
23569
50697
5650
54944
58173
19700
5922
9443
29129
36046
15722
41825
46470
12507
14798
39246
2334
50967
48516
340
22691
54599
15726
13958
48264
41202
38715
58
15335
49500
7944
16651
24901
7367
49155
31301
53159
61247
29051
32073
3692
17213
64
35882
17456
14071
5714
47425
47078
4426
27054
61122
58720
6014
27177
2008
21341
60445
36882
52230
54806
10321
28595
19938
43660
34257
26039
54591
53410
31369
14579
13304
36786
43536
50779
33591
14813
47709
38331
19273
57779
55643
21018
43902
61761
48671
13181
60214
28107
19030
50657
20283
16776
8934
34084
58969
1130
31702
42344
4288
57691
26294
41169
11206
45229
3696
31714
58267
21960
51526
52649
7487
58340
28114
36424
8715
35992
22520
24290
53634
3168
35801
4705
23725
26151
23874
37929
31197
61633
13031
26590
58063
27562
35875
44551
47536
5577
52108
59910
40195
31710
60516
21590
42707
16355
48910
33857
41692
4118
58404
35608
53121
27235
31897
31322
2748
54132
29865
35445
9576
8712
13336
35831
12555
7068
36410
41484
1041
33038
50162
34033
6637
5164
41
17423
24570
41945
1664
27292
1268
18246
6905
3810
58514
57947
46987
11599
6942
62043
21780
53932
31016
17324
53918
21256
22449
21534
12686
51354
13292
57119
4838
33993
56606
30613
53160
29975
37228
25605
39007
20851
43586
40729
47836
59333
2906
3459
54
8228
54470
25651
9790
5312
26825
59408
45019
18034
36837
58283
17440
45920
5304
7056
35103
10157
25986
44514
11857
7894
58648
7467
29029
49197
26883
56212
57167
3442
8248
25341
60420
59630
34424
43313
55223
1371
20109
5025
37724
21451
51837
31118
18964
57858
59931
38792
38401
21934
49114
51870
24765
26910
10417
44518
54871
30523
10452
9190
6078
49892
59115
60876
1895
43425
16603
10643
60603
4480
43261
26202
47866
57412
9995
17797
4558
3846
16616
2020
46469
56068
41477
19713
31149
37054
53793
12551
37370
39009
56863
23596
18296
35116
32077
5940
56539
9087
52133
58160
34852
58693
53424
5190
48372
29068
35147
37327
34096
40491
47781
39711
39095
20024
12404
10381
54967
17524
6444
55674
4667
19317
37116
7164
18319
58215
43469
21998
39222
16024
49812
44404
23239
15507
31923
26989
56678
29429
15217
5390
29997
26642
13970
53593
14013
9999
1966
43607
46957
44674
36184
43892
2027
45492
61345
667
34773
18653
18509
62326
52430
54664
16890
3854
41593
17128
9137
52075
53112
36218
5422
34795
5414
52504
42723
25478
19433
4821
17570
19422
8733
43303
7739
46174
40081
48953
59429
11531
30833
44860
21900
40274
24476
56339
26566
28098
40860
19168
34191
2333
57812
23445
7444
53320
49787
34519
57669
49352
770
14242
57152
518
500
29653
27773
53334
56835
54950
15859
28026
23054
32592
25107
41981
18840
36136
25724
29126
2981
8240
32223
18658
49567
40807
39633
12727
28423
53606
5661
7970
59664
2934
18461
395
48641
26451
42014
36080
53301
23794
4026
60429
45933
42844
33458
19216
13700
58779
6087
13706
59194
33182
55611
18517
61650
28486
2836
41213
26689
47041
56630
19617
21471
39612
58096
61223
37502
36117
14288
56648
56504
30295
16029
41731
52030
20099
8397
6888
906
10696
12169
2216
15774
39179
10742
36505
37469
33549
57906
24677
24813
13180
21297
36971
7251
15723
59495
56122
36557
32968
5519
9941
28507
47603
51545
50944
26471
15494
4691
25935
45739
22291
21148
17329
30780
53965
47974
43670
20186
34551
50342
48747
41087
19872
7218
35291
31908
47227
42585
14302
27161
17978
9106
43396
10584
6407
9789
41339
32082
9877
2858
23491
57179
1565
50536
38363
94
44673
35783
22228
56935
21729
45416
19738
5920
59007
53125
18622
54483
29974
7544
47518
14498
40998
17437
35316
16313
46254
27179
45196
32945
18363
29998
57274
29729
56473
32783
47197
56837
55515
31286
19069
48107
42611
3683
6115
39186
43415
33740
30005
55559
49571
48873
17556
15123
1484
27329
42254
14505
9767
24485
15678
15354
30081
25752
59487
33899
19941
37798
58298
47323
3248
47900
21222
55426
30417
14151
7055
17527
53213
5324
48957
32478
303
45294
696
13943
45656
8046
56809
45724
29189
5974
46097
17046
60808
44019
6914
16997
27722
74
5121
45410
10585
20670
10316
3139
20907
6472
37245
13883
60135
22761
25977
10155
22311
23328
31351
55235
12576
50312
52814
37960
22235
12845
40734
21941
55950
21581
55627
42796
13294
12693
10007
49525
48179
51598
19466
36823
61616
8094
49396
59065
51724
13936
23206
20301
33763
10172
60566
912
20036
22431
11140
7653
11780
53264
38029
19286
24762
6984
18373
13018
48877
61332
42359
15520
22709
29790
41792
5400
34142
59151
47442
6027
21238
20780
44984
17843
10307
42892
21595
37735
6475
58721
43297
55905
51026
22094
53984
14937
41532
25195
40877
12128
24416
5750
39207
24594
55712
51537
27897
29733
8708
23490
52832
207
17123
20172
51842
55227
50702
807
1640
21699
44798
57289
14918
29931
49491
23439
23839
41611
8755
38330
24949
17343
44942
42888
57147
33094
7607
29645
44743
62272
33394
53332
49870
16987
46673
15299
59440
61112
44490
28622
59189
49212
60435
28750
33955
49847
51827
13171
45332
47397
29199
8011
25707
14512
24914
748
60456
18029
7481
26425
38088
43363
56018
41315
5758
51061
10365
40269
47005
34883
60462
336
50390
46459
54954
19408
62217
33832
34893
46995
15786
19669
46575
53617
34945
8512
8676
40157
53271
55115
31139
5691
59005
5992
5489
62001
15531
29479
23427
27400
58678
50666
43712
46016
39249
19776
26563
5320
52509
10278
38617
29490
49758
14988
45501
17417
21355
8842
51070
19063
42996
922
54962
17189
45
18077
15365
25684
3488
7804
40858
11242
53566
45987
36603
12677
42657
56879
13874
17274
22639
56357
9985
56158
35057
37601
58682
14894
35474
441
49898
43987
33562
18705
10401
19302
26261
61809
59401
50215
23581
49844
37708
46934
24884
50075
52717
31164
3156
38008
11994
18591
59250
38291
55326
33281
26585
1063
33520
37722
39031
39760
35768
36824
33081
1720
25963
25313
8980
49927
29474
47362
3012
10039
25615
58094
45029
34822
27209
8200
2738
25254
1040
18581
16153
14941
34838
8594
15399
32011
34616
5055
6050
46230
28437
46134
53553
2247
37251
18625
8432
41400
36974
49044
23006
22899
25420
53831
30990
17939
12744
60158
37329
47101
61635
50413
55714
15721
57758
11557
62077
14352
44879
34019
58462
47109
28028
50231
38057
53752
12978
17315
13014
61969
24300
36849
47892
49661
47903
15779
56169
38245
9878
18709
29436
45936
3520
33825
13150
29087
16455
25759
54832
40902
26520
11492
46996
29
52594
46851
20278
6790
11403
26816
22048
47851
48062
5093
16529
61468
33172
57142
26663
45485
26895
53643
39020
44885
13589
42961
16264
13712
59122
16760
54759
33308
58521
57424
31481
2746
5943
48374
33608
37811
37147
20145
55585
25843
24464
28000
7651
61712
46419
28564
41854
6874
8209
24637
51016
34692
5464
31577
18331
41183
24733
44887
7048
18830
27733
2233
59949
30278
49590
7792
41504
43428
6141
34286
38637
22555
783
18698
46132
9116
59917
38585
8171
4060
28916
47905
44763
57985
43947
50087
10194
16821
60901
12333
6063
26751
48176
48243
16687
7773
10078
42119
6204
35021
20923
10343
16241
43591
5458
51538
3145
55818
46645
6962
21897
35828
35157
49696
13325
57035
32801
49621
3420
21743
34288
32731
18979
27315
52651
16460
25500
36950
32359
2310
55959
38412
39503
20424
29953
53279
48724
47258
884
58536
62299
57347
15060
59809
43732
52633
41758
49827
24481
27143
11663
15326
58493
2596
59526
12983
17758
37568
23576
32133
30400
58887
47523
46425
62075
26554
32714
36953
39459
41084
11281
59209
1088
8137
57838
9103
4967
5525
52315
42030
57027
54775
8593
27494
59305
36075
14744
16099
4592
53509
19990
61328
18362
18701
10245
48573
14924
15131
31893
2873
26236
27008
8717
26215
8116
15478
8197
59482
60446
59781
47296
55823
1061
45163
48289
22638
23747
24898
18123
21687
49916
1193
202
31374
9413
41889
24109
46732
37939
41379
36572
58872
52769
53775
51341
9110
62126
48387
25012
28215
43931
8430
48648
26344
58401
47830
16664
44137
6811
48696
22049
22109
31044
15490
42786
1587
40312
35046
8493
13004
42387
39909
40413
13493
38251
35582
57645
32782
52608
18056
4175
14278
1337
41538
22008
60673
27363
11068
35485
33009
59231
59885
56665
28815
34845
24013
40236
38588
31058
7474
55935
55284
5766
17795
60604
7746
13686
52146
10242
54899
16224
30381
15736
17048
36311
2450
16690
51707
15984
27534
16319
25438
31990
8832
42111
59101
21942
32633
30738
17663
49652
33478
48987
17942
29311
60398
30356
33625
53469
25205
45619
46171
53052
1893
17272
26610
19084
29149
54535
8155
19047
3677
47922
17228
19397
61873
34771
44497
3405
53140
40962
51889
8655
3467
54136
39520
16315
41594
24767
52955
34955
13081
32092
28349
8379
11858
34630
44924
3404
23293
56628
18065
5989
27093
13512
33525
21432
54850
23862
27409
30736
6705
52293
60740
55037
7612
16295
41225
52489
26125
42361
18330
31669
25362
15653
10468
56177
14130
42475
44416
61982
55332
50386
33255
38985
6947
28158
44513
33136
49378
11809
33417
59964
45819
12859
40266
55567
30565
24402
46239
28644
19896
56592
7666
8337
46794
19615
46373
36717
8641
20410
30308
22113
35687
19266
22911
55829
1633
32424
53191
52973
772
22536
404
2869
3138
49124
61515
15644
51403
31102
59268
51616
17186
24878
9437
41503
5564
12031
52584
6684
39716
42109
16758
32770
12719
47585
9910
3151
9662
55665
56512
29114
25223
21235
23211
39108
6996
45211
48145
44802
17571
10404
7010
27561
44076
9647
59769
9203
54879
30193
54004
19471
32096
20385
46577
62305
1777
35908
49833
31471
35661
23044
656
31680
7219
46801
25929
59100
3373
55917
58296
12001
51411
53457
39469
55868
10383
47363
4412
56171
1688
32928
37450
36892
4598
30924
52895
44588
37626
60401
38805
39367
22366
20446
58900
50761
1979
46651
61086
35690
31546
11085
31842
22848
44623
18677
49447
57724
41726
50016
20790
54930
44246
17621
47430
1822
61382
29562
36054
48435
51586
22007
59073
9417
52586
42249
22446
61240
4526
15219
30703
31905
56332
37461
30794
24233
52077
26144
23679
43614
7126
19705
50680
13711
449
1191
40879
4020
20683
15803
45611
2772
55913
32843
16635
13908
18925
57387
54193
40728
29799
33516
17193
54973
53549
33808
47143
42386
32563
34338
46655
20869
5397
48267
28212
51179
27503
24329
37404
14576
45746
40325
15389
59979
52337
25931
26983
34888
20756
32919
36622
52204
29644
15396
42435
28197
27070
23603
45997
54025
15529
39524
4053
11616
42756
4295
48703
35041
44900
14567
2347
33448
2559
26656
7100
18535
16790
54903
8126
455
54448
41074
24020
13925
27786
35973
29333
46608
2430
32537
61824
35549
18107
9747
24882
6357
31775
7378
505
54430
10171
62282
43548
29688
43858
51580
58584
9473
21994
58494
36805
59963
5241
51993
25327
53304
13319
10110
26898
1281
37283
43452
39420
19139
58405
24697
1577
54354
15975
57888
22238
57433
41235
58825
22929
43525
36116
29957
752
23312
20120
897
21750
16787
44573
36702
20025
27942
55249
24274
40056
26088
7342
116
2123
48754
13063
29670
43439
27221
30886
54785
2861
54284
20533
57964
15084
46428
42825
50139
24972
18809
41539
48384
47429
51991
61200
14465
61083
9658
47504
32379
25741
41080
53190
52363
35879
50490
59689
10330
14989
20978
57284
55035
32505
11504
11497
31098
35016
52641
59741
61801
47899
3123
28372
9025
49306
56230
15048
20806
52417
16379
13257
28302
18818
18184
34328
23461
36857
1323
2358
4622
290
33480
24019
23902
44882
17699
38847
44041
32622
17087
45985
28630
45432
1007
54707
9719
49116
56082
56120
55083
13328
45099
8342
40488
33247
45344
19067
43114
24547
32786
252
411
19980
33403
54667
58797
17807
26985
9558
2658
35056
52397
28405
31539
48802
13949
9548
39427
52085
40994
30018
25446
30554
57270
41389
5439
33645
7049
55101
55814
25554
50533
44609
48277
4834
52387
41941
24250
59928
16132
42058
2377
23260
6765
28381
61061
25998
52656
25413
44636
37592
26765
3984
60738
44364
51483
50045
4361
56490
52288
49455
30046
3233
3006
24278
25498
9609
53981
51626
31078
22499
26241
19499
56714
32909
41672
33648
53171
57905
16555
13332
50392
8255
30501
23869
55649
20793
15848
49264
12450
36023
44723
49689
54426
49947
24364
39180
58156
21257
42610
42061
59650
14721
54130
3552
26456
19343
6329
4504
43710
61855
52344
7205
15680
15429
34350
51927
60108
1349
56259
29105
47520
51857
58597
49401
50638
6256
29755
7537
344
35228
16097
7335
31227
59038
6178
31228
58017
56549
3823
56821
33023
52555
44439
32294
38221
21625
7857
21464
45490
60686
29160
18511
9592
21732
36954
20343
56736
48344
26761
54655
3007
17726
15405
27006
17007
60999
29906
56449
31622
17677
36294
31578
29663
59543
1833
57932
4085
12306
3747
38889
17465
15784
60537
30726
2691
16737
15776
19817
28779
9557
42988
30215
32632
27189
51472
38634
27099
49848
21561
2454
35938
19115
3318
46606
45851
25852
30811
13033
18489
51941
53276
44456
503
62340
57823
51621
23941
20420
17227
51011
33632
5527
13597
41729
36722
61118
24386
14170
51152
18309
31184
14063
33770
53933
24106
26974
3301
39346
32984
4682
17595
62006
15001
23559
17848
57468
10248
38516
6255
47931
41640
4549
3330
25581
29622
43228
23983
9192
2920
33198
7469
32371
54201
43890
3414
5098
17402
6366
7451
48776
59384
24879
34159
12837
52568
7391
52467
753
19547
39935
46131
7409
14281
11891
3547
27813
32121
38167
31711
17305
18497
37300
47796
50019
42066
40580
43703
1523
18628
57575
52840
14382
53237
38927
57642
25239
21024
58866
45860
44852
28591
1782
42744
19117
37194
37347
34898
25932
19061
13811
37954
46293
23218
59575
34903
34573
51042
22964
32484
33486
27984
59604
4524
2565
37188
18372
48331
19708
39604
57175
24492
19274
39856
61886
18986
58980
36670
33176
6267
6414
27866
41881
52176
54249
11446
19768
17873
18631
2563
39747
51732
60650
28587
49886
39545
48623
11078
9411
23849
39852
51253
49596
54379
33536
27067
38651
32518
29095
35847
24969
20656
30884
10125
30486
6921
1851
61190
5634
26677
21661
26254
3244
2016
27061
43459
38377
21646
56163
20680
40806
921
58713
12317
22130
13295
53385
3124
60513
40541
45477
27447
55078
43917
19651
25437
30168
527
39181
36176
54336
14735
347
58163
30711
19394
60652
50845
16713
10833
32361
32427
52219
61215
53434
40818
48558
4847
49351
38465
10005
40005
57360
15768
22059
31914
47014
7760
21065
44755
20262
27413
6808
56285
1327
52218
22844
989
58847
54252
23517
14878
21293
46656
39622
60208
17150
33538
41775
32673
5798
21854
55924
47201
9328
426
43672
1017
50882
31359
7119
16681
24761
43343
45398
58941
39457
12093
51681
21602
20088
27083
2272
23805
44886
11808
6099
18165
9500
61428
25176
9935
41179
47409
26951
16156
37726
322
38318
33453
44320
61701
8691
5760
61300
1181
61076
21651
42628
59842
23391
47457
30629
6824
24811
51897
53230
11295
53561
959
53181
6155
61629
12854
20374
41410
20843
47699
34648
23267
22217
48574
5998
53360
59464
22414
34566
24643
55514
12505
2179
30665
986
29226
28329
55306
32120
52720
13434
23980
26723
8537
16073
34781
56701
45242
48604
2100
2544
48579
18424
28393
30106
26395
13153
22548
19503
36638
36474
239
53351
26906
42356
38629
54538
6148
5200
33537
4244
8961
48348
12650
17081
15709
9264
18467
58078
5606
21964
56574
5885
47203
15785
29769
13023
21099
23822
22171
35461
60396
21867
36884
57901
61509
22023
6035
47714
52791
15765
14292
46508
28242
62270
19295
37486
48717
19161
40697
6892
30438
46357
6491
55262
21066
3866
31582
19642
12633
20080
19781
28880
18963
5772
23358
26512
25991
7657
53099
44512
14246
39389
62121
27932
40091
12455
33883
34025
7034
25285
34716
11322
41054
50602
49575
44999
54650
41038
3
16341
56513
27003
52952
40249
11534
16995
8282
48691
50673
55580
42489
29944
29951
13487
50061
32874
32885
3631
57786
40554
21989
31268
8103
31977
60376
13868
41529
11993
45541
4264
31472
4214
40626
7791
52899
44870
14509
6007
14249
20020
148
27433
62273
46043
309
6742
29511
37741
12697
43450
24640
11661
41637
13604
21580
38754
55380
50887
51286
31866
22290
61922
54077
36476
2914
47722
50170
33112
27038
52818
35892
31012
2102
32572
32269
21782
36103
33664
62311
40682
1699
37159
18162
25405
41683
41961
51619
29829
1183
19568
39863
44579
49483
5481
58151
11952
23631
31264
15363
17638
2928
50493
19396
7280
22201
19754
54462
21135
26061
45231
49196
40740
4251
17773
31820
35271
60418
59841
26272
26369
15406
15384
22629
23498
10182
23623
42709
38364
28756
31099
46383
21430
58918
42944
17608
61419
37460
58262
34406
20371
3981
21159
45796
11879
21058
27565
27356
31705
18863
59126
5158
2680
50117
12552
14472
27524
693
38635
25570
13614
27968
13386
35818
11855
22298
2728
44980
23787
37805
30205
43517
30077
57839
25379
41939
62060
59738
53520
19942
27102
13071
8083
2178
20085
14159
27577
4568
24712
33797
10138
3363
30489
47887
41469
20468
50728
45881
51834
44720
26054
38624
8041
58364
86
7780
42766
2795
27517
55090
796
41912
22867
29031
29923
51498
58282
21597
33445
24925
62207
24700
49523
54487
50959
1559
40699
30667
47489
11853
30468
38127
20609
2155
12322
13135
21462
15078
55046
47313
34772
17108
4219
24494
60555
10711
30064
23730
18301
49876
20891
11048
28652
31
8758
5129
54008
7588
59556
22295
45679
45768
21217
41457
47611
9882
28584
25785
46757
50652
33440
27389
13313
2405
52433
1726
55780
20074
49328
55616
45540
41431
36444
25044
5381
35130
57714
2881
60300
7143
39103
48758
34946
51096
38982
40980
58187
59394
45536
21261
52339
60200
8901
22783
49444
26568
36875
36297
14660
9099
32939
49919
24332
54876
20829
14691
18175
59017
21286
28631
49381
13179
12206
6782
28332
61226
4637
5079
4785
43802
51585
58817
9680
43485
52963
19703
20882
42370
261
6726
7788
47908
24773
56065
1538
32468
22700
47019
62188
44567
23101
37185
44796
44270
39657
11355
3134
15530
29423
45688
49408
52715
27098
16855
19490
6910
45187
62234
23773
26476
5218
12637
38249
34870
30162
6899
49607
11277
44635
17122
59047
41162
9916
30246
40932
55438
50292
49163
62201
1230
48921
28803
54350
55803
40544
62351
39609
49002
16059
35392
35816
9180
24101
30993
49989
20724
12326
3269
30716
37288
30422
13198
34063
55624
61218
46990
34562
52148
2545
39781
25154
21390
26442
47619
10030
32547
6409
56396
58870
44833
42708
49460
42007
6119
53771
52792
2684
54134
8878
8517
24326
46831
36995
21571
56765
47097
52447
25646
9605
44539
25345
45481
6273
55174
31178
16157
2526
49781
2462
56849
44140
27275
17972
12619
19662
52421
1814
4236
45719
27250
37505
31871
42004
33108
31446
29257
49913
9617
8309
23622
6070
38304
27612
39615
12160
6844
44488
47898
14583
55031
32546
60877
51363
44068
11114
25477
51404
46482
9533
44252
17749
38647
23624
36295
7603
47971
1147
35543
58188
4606
27087
25900
41313
278
44837
25839
3410
26835
41062
1870
3821
61007
58769
49978
11391
15716
38622
50291
35696
17308
14158
35207
38442
12683
23922
45830
3805
46361
28485
33264
20784
31300
19306
37718
39680
4716
39582
45812
916
15178
20144
35907
57467
50628
57833
41430
54641
56391
38085
45453
37856
50679
12243
9542
60653
58520
22454
25070
11550
9528
47068
39228
15656
20288
4575
61094
40119
60468
35817
49308
13677
30781
56804
14037
32075
36684
27653
56852
7032
1141
28219
25825
36831
30202
1425
14939
3128
39157
52919
27697
9792
53141
60663
3721
60631
28079
29520
13507
44995
9345
43604
43592
27261
4116
17884
6885
30801
16866
34361
59861
21440
49748
11565
61467
45313
40066
35124
6786
28762
12918
31180
41885
55435
25247
44263
51670
62177
37317
1256
16458
30346
24790
59388
51589
12027
58901
47765
1055
35720
19509
11101
49096
37987
43451
27277
28666
21881
46284
18558
25660
39661
7308
16840
62050
52946
20571
55815
27667
21263
38236
59091
43938
35454
61021
19742
1691
56581
61656
48173
38576
15431
40673
39723
2001
15683
6031
52742
52689
40676
57475
46265
25069
51504
34447
25145
24242
12917
39369
17745
2956
2173
48302
25137
1604
32305
45855
8172
45799
24917
16337
26730
56353
56533
30824
51976
32310
34352
11982
38794
26231
51238
27701
35329
57062
46752
57228
26623
43084
57396
34603
15777
1295
61100
35221
34319
54885
42809
41507
4770
26625
3287
43194
4498
59323
5630
14357
43503
10831
29674
5846
19518
28902
15325
2555
14987
42150
44825
59317
26981
14943
350
61103
49048
62166
58845
3118
36032
30863
31168
15045
15115
59982
53406
8256
42089
28872
48025
57704
38806
3663
9232
16008
14197
24054
54800
59343
48370
52197
39266
22742
57710
20720
19453
28780
3160
8776
10066
60634
61974
18750
19212
7599
50554
2152
14619
160
58108
19804
61796
10523
60211
51486
3108
17198
27060
1813
44171
18321
32248
3898
10530
4166
3121
32061
6627
1107
38925
2289
29657
54504
49909
7594
13823
13515
57841
3858
1755
35407
30365
30305
39141
53881
61900
51108
54751
52253
37390
57224
38953
49204
47057
20029
15622
40447
16126
22395
44610
42400
8793
5496
60951
18651
49215
53198
41709
38586
38731
48141
37129
21274
15079
3393
57491
29182
39041
5896
15000
47113
8580
19204
26207
46584
18551
54035
52982
12725
53380
39732
46888
42681
41900
6813
10776
7063
41786
61541
18344
5393
45569
44402
23650
17070
49973
5280
46513
5942
52032
14457
35064
37273
4895
62249
53759
36434
3808
208
39763
31750
6153
53604
55187
53471
33861
3768
48887
24210
53303
3890
23136
32115
12393
38460
51095
13671
51901
52229
26779
30030
5664
4271
49563
26565
8102
30727
5285
58569
59198
4741
16283
38641
1032
10851
43438
41064
19762
34397
57913
1564
21162
27913
4983
30434
60261
31636
36404
53896
23857
36554
57493
9002
46323
55903
61975
6390
16489
55731
10436
22545
17793
22259
10455
49088
21214
49018
20005
40093
57766
13684
39385
34532
40182
36991
4907
28744
56796
40946
24112
43190
43205
1153
6008
32433
17720
16964
54660
7362
10739
40878
38184
11749
4398
23566
11944
21387
8279
61905
5949
57914
54991
60244
9800
36066
10841
48058
14545
19520
2113
58855
52114
17060
43778
19020
17101
54427
25608
4769
37191
31906
51349
55564
59402
37424
15020
52531
12311
220
22994
35327
7723
15208
34454
41767
26396
38753
13829
5797
16747
1375
42682
24259
22433
20997
36109
33849
20135
1124
37591
18300
27867
58000
54661
48779
41325
45150
29621
7845
38545
39485
44770
16691
39493
48426
1222
6098
41973
22815
21948
45348
26080
5169
27977
19277
56368
56659
25567
10531
6532
44117
36377
50151
4709
17055
58632
53345
16358
31974
28680
57437
13782
35643
7352
21401
61128
56101
55202
2332
1389
8785
32315
23982
3886
34247
59936
22634
51726
57972
37084
59022
25782
18022
61390
47891
42635
6447
61369
34527
62304
17347
1622
24596
42099
60483
48123
16670
32239
30980
42982
12516
13860
11964
53909
50822
3202
2105
32923
44709
4944
7900
20256
10959
37984
7410
19375
39354
21893
7288
36381
25001
33195
30424
22009
8391
23599
10053
31305
51085
6216
14429
15675
13472
11619
4105
58335
15616
29427
58136
32211
47747
924
15220
9974
7294
30314
27174
12346
2848
58131
11507
55907
15753
58170
37045
8639
11721
51439
23299
30570
30832
28585
47983
11930
61726
43862
9717
34768
32210
59199
58892
33766
27290
51974
43164
51994
16486
42984
35713
59190
32912
3328
48784
3126
60682
61569
8393
56978
20259
4448
60802
61876
45186
15727
38879
31767
43021
7116
12769
46626
50158
39859
52202
23574
37913
51426
61880
12227
26391
51236
48395
37202
24082
55788
14209
57555
13289
7952
52896
4778
13248
52794
42167
51982
51564
24046
46426
32947
30770
36852
16638
29280
24246
55102
21790
34065
61534
53559
19485
24754
60911
19592
48306
37775
48938
29323
48347
6391
55420
2423
50235
48109
61700
47302
327
17412
17400
45549
29338
47893
61208
17925
61740
34034
4664
6669
25322
15413
57680
19358
4338
39302
22054
49911
50304
8779
52567
40341
24369
47026
30423
54109
50514
38858
3794
10301
48832
32587
30976
7374
14121
26810
2828
35837
61009
21059
41441
27334
34994
51560
47354
37318
29254
21129
50115
46594
46427
51446
26193
37088
17057
12299
29282
52026
328
35339
49235
6935
36639
58110
16550
47320
37293
20265
26713
44411
54817
26945
45295
51128
60907
59123
9504
53207
33005
41634
34905
16903
25774
49071
2443
12738
38549
40394
58123
59248
22807
4363
23535
19501
46343
40405
19880
58208
29470
12478
25687
216
41977
30544
35972
34391
60531
45831
38814
19448
30552
49246
54198
42493
53232
24847
23883
16708
27128
2078
33697
41139
24189
36659
38625
22475
40981
30059
2644
14427
20807
30275
16765
13432
34604
52079
2176
49515
7991
48815
4870
13327
10142
8514
20918
52269
31686
10225
51316
56995
47404
51271
10198
54489
48087
5993
35906
24800
60188
12798
4710
43045
53247
42599
62274
49939
25545
5626
47958
12871
27459
27737
41608
51570
8264
54987
31427
30622
57679
60406
13759
15676
58767
56124
23796
27723
26300
16711
13795
55370
18386
48439
19426
35470
27452
52873
12549
26148
46402
54197
17360
19516
54581
9252
13118
17511
40034
40475
34715
49638
28453
13981
43354
55566
32606
42019
38092
45824
35930
32617
37381
13265
24590
21184
45806
21859
20402
1336
58586
43965
39554
57357
58033
35542
18350
55503
14261
23827
6737
55672
23965
30775
58204
28854
34638
31254
55440
40563
21877
39487
25242
39828
54767
34824
30541
37640
43861
54261
45230
10169
38836
15639
10141
1385
16949
53670
18619
26628
21312
25412
37709
49409
35700
26769
52163
51606
42270
35349
19481
24243
40619
26639
3634
30287
45051
24984
56187
1251
55765
36776
83
32447
42018
38816
47776
43107
11696
967
4249
36920
28857
5757
10532
51049
4924
17202
34183
55519
28623
45846
13832
27117
41130
2986
38535
6203
56277
18799
12708
19764
61080
30977
11455
57328
52440
18548
50283
36587
3937
10971
40995
36562
24908
44055
55100
20142
15617
6998
12519
27856
38170
13019
52053
9051
18639
29681
49027
36356
7178
57415
22083
37720
13642
35619
28858
50144
12089
58444
15374
17788
54887
9249
8410
33560
51814
24992
43320
14297
55318
21631
19377
61139
50302
30323
1150
60668
41411
20046
1954
56056
61871
29502
3180
6075
34272
34427
46156
28905
14444
31266
8319
18091
29158
33102
61440
38285
10015
26946
43790
16556
20864
926
53864
38504
44899
11540
16628
13562
41537
29351
61260
57574
26595
51672
9410
17891
41201
32529
30241
31538
34104
59051
61979
57989
1968
25201
40886
12546
44606
41280
23334
56554
44794
55684
1808
31919
35646
26218
48628
25636
49926
2985
121
13804
59463
56092
53378
49224
56390
31715
42446
40385
40517
17856
2804
18031
5438
10143
60554
5969
31495
2824
14725
37827
5895
23002
21710
27316
35087
45722
10000
2611
3044
33869
14732
24786
46015
31117
39529
8000
15101
9960
57488
42543
41851
6830
17951
59687
60416
632
58015
21012
57788
2161
9047
54135
17892
35158
55051
25803
13249
44815
48447
24323
58087
24748
19709
45301
32410
29942
53161
48259
18032
6565
50243
53310
51487
27755
44121
28582
48366
22236
12510
39152
59874
13133
4623
57664
5359
53206
26441
1956
1861
29651
24941
62320
19893
30958
20221
21093
25678
37907
12274
58899
56706
31793
53459
56927
44458
26487
60132
11382
21971
3828
57288
42980
55375
44104
24255
38500
35397
22876
38484
42208
1832
45371
10802
32879
37548
26768
853
44646
20704
31459
15125
4273
56058
57200
58628
45929
5143
8989
18442
3504
4659
48100
57397
8794
35942
17734
9761
35565
16532
12231
46671
32815
21009
39548
2782
16554
657
15594
1409
32395
34012
53665
34744
50262
41772
17500
44817
54922
31815
49050
38105
49430
3282
43276
33570
26783
61314
58212
33302
4349
26805
41780
19385
51702
1753
30640
40191
48129
14250
15029
61971
47806
40111
52585
7004
45149
3576
46281
27164
22927
37169
19452
4049
10048
722
38612
53607
3674
1610
27952
31531
43613
61407
25725
4784
45489
39808
14198
60797
5389
62293
60766
59700
8692
45792
4059
12187
39312
28806
42812
54090
49917
40106
23914
616
37281
29533
17158
46758
31034
61060
16932
40974
3103
60616
35868
26021
30015
10270
35957
34790
342
38590
53839
20269
11725
16330
4982
42615
13478
60172
15099
47405
55953
22896
19523
452
41905
8764
11165
43374
58862
22030
3549
3129
61805
24920
36583
58707
41240
6810
17817
24962
21472
43797
19195
642
26506
39136
21267
29104
36707
29614
50942
25558
37883
37238
17660
15114
38062
42591
26781
8863
25467
11025
20246
1723
17507
12428
54139
45219
47244
59827
34669
21266
39154
54185
14539
27987
26044
54003
27720
9577
21285
9414
2194
16121
35166
1848
59965
58392
106
33219
9560
5965
60292
43738
29708
5243
56184
37753
18336
53697
13089
39300
33121
26008
21188
13461
48169
22588
26161
61236
11022
21567
47545
45275
48407
30336
3043
19623
33205
56196
2329
45031
30762
32205
2564
35362
50244
39013
31448
27514
18444
34713
33566
29402
36439
59161
54386
41718
52482
3614
30444
1419
3557
22672
37637
56141
10518
35659
30270
61561
12831
62158
43512
18598
38447
10507
50730
1687
43032
29213
61043
62113
26996
18960
50407
31859
44727
14703
42046
32680
56654
4383
1408
23991
32014
57108
45732
46555
20620
27501
25638
46762
5269
49265
37000
44974
33117
14360
36765
31677
44958
3096
54843
25992
47572
5292
43856
12347
46092
45347
11827
61874
29616
2573
31638
20039
18956
11499
31338
16363
21837
42106
32233
36146
42487
46456
49942
45083
48571
15923
53093
52302
2126
27822
30916
50574
59392
6992
11754
57854
11372
33053
19627
31493
26829
6658
756
59116
57015
13881
27716
43460
17538
50874
34848
40606
8965
14315
32802
19365
19025
60173
9821
46612
28491
15453
48164
58117
56856
55352
2862
23783
12175
44583
37132
43051
20048
25739
4376
44707
21519
16810
3396
20010
46088
5266
48128
61638
51823
8685
14836
42632
50916
20736
46705
16050
19012
48321
51330
5350
46950
47141
26377
22125
11601
55574
29276
32245
53675
54202
30031
39729
865
46484
42128
12283
23853
21858
29443
11753
36942
47631
56902
53939
3276
44216
34218
48603
31323
33548
58636
51916
35467
8105
14397
11648
25355
55437
36850
50335
1462
5937
11774
9298
22039
21193
54107
39744
40453
37824
56514
16591
55900
3050
46755
34915
32130
22974
16905
39936
27525
39643
13778
50780
6990
30319
40134
75
16605
43454
36922
33099
32316
51175
15646
16048
56015
17796
46986
40513
26262
10372
10597
29177
60447
56351
36871
13708
58410
9496
8480
38341
14026
50339
26744
57548
12003
41677
7688
37830
39745
43342
57564
18224
12515
5322
14535
60195
31942
52014
55013
61536
24011
1020
30481
36047
59485
36419
49067
28853
40295
48476
7795
62250
31082
33066
54560
59345
54943
59359
5317
5888
41047
7215
40616
53040
61019
24758
23008
28210
5407
4747
9740
30571
24209
36478
51529
12005
4761
47333
24518
60570
59077
59386
36341
27686
28619
31188
44910
44881
26735
50434
37118
28478
59052
13288
35338
26443
33837
33845
47926
9147
58261
45197
112
24029
48245
59583
25898
22729
34658
48694
44267
57771
43339
61600
32890
54338
58531
58504
2918
21185
54400
4158
52672
32072
34354
48688
61124
53948
39588
19177
33844
42636
56239
25456
21653
20232
40895
15402
24516
17140
20069
25798
26791
58134
44348
3617
23289
39230
1644
46704
52999
24678
50856
38411
27280
42213
59478
12653
6766
12786
49574
11273
37965
58291
15124
35401
792
56294
15293
38149
28672
52953
7549
32763
12773
35196
51167
45537
17990
56452
6721
12494
36352
1485
26560
5146
2140
31131
44934
35104
2451
49987
29613
5523
23917
45172
57066
26667
46595
21316
45045
9229
32873
13632
52556
18051
10206
40822
24343
48147
31935
55382
18647
11474
23688
11321
14595
14929
31346
14200
57128
53142
16780
56583
16650
26374
10347
60708
28472
57837
30405
51247
5252
43472
44738
56617
4656
36546
52547
21419
10098
6478
16470
2340
6110
60896
23657
58893
20893
51413
3001
25111
31932
37178
57688
30025
28113
19200
40378
14957
16410
48838
55968
15630
55619
6430
34450
24511
49700
2304
49722
23043
25460
54128
39309
22374
24008
42194
31214
21927
33667
29327
5948
53898
54026
41944
31809
30607
16823
53947
34569
6392
61872
61957
43601
3448
54656
57676
21275
34657
22288
38652
53296
57715
60701
36553
12207
48697
52145
7015
54732
10811
55360
32421
2802
12833
9694
39595
46890
31833
41415
47919
53502
35754
27140
50008
1722
17468
37693
51902
58671
29140
17510
49945
1783
61120
20018
26269
931
44680
37253
1508
17903
25396
60090
13080
15265
4570
33114
25610
35194
35004
25776
3502
34553
56006
54333
22743
56153
61753
14977
34475
60464
54057
18605
21052
54992
4387
30920
7077
19309
59740
53924
27961
33357
17589
35468
33743
4492
6520
30479
37695
50872
10043
61830
49469
15476
60192
53562
12713
787
33877
59764
29586
5103
6838
13598
21778
50003
40487
55925
62112
52512
46031
52879
37351
21747
61506
11280
27962
23628
27370
30532
32170
20614
9603
12381
31895
52537
55646
35106
60661
49108
20935
37645
2064
8869
47270
57598
15970
29326
31662
23319
38771
21670
12857
18390
51213
43751
55824
23394
48858
56805
35290
55372
9436
12809
9763
43437
35114
44119
61619
33326
50317
24160
50234
52897
36783
2474
18325
97
48561
8340
30092
53354
50989
10418
58667
46797
60783
16104
43322
5177
4036
16630
34756
14015
33390
22407
50468
34036
33413
62277
1854
40359
51001
20660
5065
44080
6425
46496
46405
41185
2129
47807
55330
23053
26326
29808
16155
33765
22177
51268
49364
22749
24763
18758
9650
18154
47740
10911
19081
38074
14796
54811
30261
61572
40259
30204
20454
19619
