1000
-34 -434 -120 -281
-137 -89 455 205
-243 -326 43 -381
432 323 -87 -336
-67 112 -133 330
180 356 434 -320
52 166 174 422
-343 302 12 350
364 391 -38 -216
-42 21 -492 -303
439 465 -317 -320
451 395 240 286
236 135 122 -244
77 288 439 123
-250 -151 473 -68
-6 -105 22 -153
-37 359 -314 30
-107 35 455 463
306 145 -143 97
-160 -347 169 448
-47 396 -494 474
-20 265 -290 445
-337 454 429 9
265 -86 388 179
217 -286 -204 356
43 -381 -59 410
-197 194 -322 -238
259 256 90 324
382 95 136 438
456 -255 357 57
-484 489 66 121
-417 280 268 500
-164 138 257 380
-413 293 -308 -290
192 290 177 -91
110 331 -137 112
96 369 -29 -218
266 327 -229 -151
-131 383 -110 217
216 -28 -332 423
-286 -324 73 -50
303 204 484 425
-167 -133 -217 274
435 500 -408 67
460 -434 231 37
407 65 -368 -203
-257 -147 -131 -264
446 353 -19 -370
318 -234 141 -471
400 -300 143 193
378 497 31 101
-137 108 89 9
451 113 211 -310
81 -486 -141 -321
-359 292 -164 31
15 282 -6 373
-461 2 -25 -261
78 -287 -193 131
77 -387 261 -65
333 -235 -261 23
-251 16 148 228
121 -284 -65 208
346 -244 404 304
365 -166 92 -433
444 0 447 -392
-121 -422 -276 8
-154 415 -334 53
-125 496 327 -470
471 -143 298 -390
6 -256 -157 -484
164 -61 -256 -311
-356 -255 -12 -455
-369 -234 435 -23
-32 198 -305 -41
357 -386 -330 -417
2 -241 246 91
179 330 -173 -181
-308 224 376 137
97 -485 368 -402
-442 246 314 461
-335 -262 222 -415
-291 -17 73 -70
500 -447 -488 236
-226 437 219 440
-198 -456 20 383
-147 287 -361 346
-305 -247 66 -405
188 222 88 -29
-37 477 11 -73
-9 65 -496 -500
297 -337 -294 -51
-482 258 389 -496
-73 488 -256 487
-68 493 389 -436
465 498 3 69
-277 -216 -31 434
363 254 -301 252
-344 -299 -20 55
-125 -139 62 -328
-81 276 8 32
156 213 389 -55
-143 22 307 118
-263 146 280 341
-222 -402 -339 -243
-246 -231 279 -211
-283 265 -349 -276
210 452 -252 -94
-89 306 -475 120
-239 -295 -285 -188
-6 357 272 430
-13 352 452 173
138 -132 -261 471
-17 82 -153 -304
-338 484 266 -431
-100 -23 -396 -119
104 421 -347 -316
141 -292 327 288
276 -444 -49 256
242 -183 -495 0
-487 344 -120 -1
130 -427 122 -115
162 66 131 224
-128 200 -35 304
-34 158 343 -186
247 -76 302 288
-16 417 482 -478
420 275 -492 119
91 -112 464 88
461 239 180 -5
-139 -59 7 -443
-33 -446 68 -182
-305 -27 -443 -364
-309 -385 -333 -381
249 153 240 -462
-45 -215 364 401
-312 -487 -89 -100
-208 138 22 -472
-10 -478 -482 430
-223 42 150 -249
363 -495 -227 343
327 -38 66 -188
304 24 108 -352
188 65 -125 -94
63 20 -61 32
-383 -373 210 -435
381 -293 40 -210
338 -445 -399 260
-186 440 38 266
-440 259 -227 -175
341 -255 -496 -214
-193 476 468 145
-380 -366 -355 -306
228 -127 -56 422
258 395 273 168
-109 69 -15 68
-255 -396 -397 254
-129 492 62 -24
-34 -451 -292 -207
106 137 271 335
-454 147 -384 280
394 -372 -395 -196
293 305 -41 360
206 -67 65 152
-387 -477 -9 -490
-410 -137 -58 -460
192 37 64 330
217 135 219 427
-402 411 -274 428
31 319 136 310
-299 -17 86 -123
340 -290 208 419
101 84 -355 -324
-498 237 -205 -492
-294 463 -295 96
129 289 -283 52
-237 155 -473 -226
470 257 -499 -177
-471 -377 -306 322
29 -378 441 -121
348 -296 438 236
67 69 -269 -36
-239 -301 151 384
-57 366 36 -123
-410 198 -325 384
82 441 164 -110
29 383 382 440
211 -342 -300 -247
-48 -160 311 491
225 -229 -114 62
81 -183 213 -62
225 307 -377 408
161 99 -180 118
-255 228 -77 437
-107 -330 -352 -443
-192 -471 260 262
175 134 -276 -11
-128 330 417 -75
-56 347 279 274
-415 -456 -305 176
335 -151 -318 -188
-420 -283 -36 252
121 397 -138 -233
-280 223 22 -49
182 -156 194 -493
-397 67 -8 458
-98 90 -442 -36
474 111 -283 76
432 -353 -204 -206
-421 318 318 238
-409 229 479 197
-476 -208 -149 314
-461 488 -274 78
398 -344 26 152
-423 63 -297 255
196 -312 -442 36
127 -62 440 309
399 -401 41 263
397 -386 -449 366
-492 -114 458 -499
36 429 -114 -449
-39 173 -393 162
434 105 -404 351
479 -99 -264 269
-228 241 368 -9
-87 -87 238 310
410 -195 195 264
-266 -22 170 116
424 -311 -491 457
-340 -141 348 -40
-428 -84 291 -279
-265 -400 248 -79
-228 412 -191 -422
-206 148 -147 299
-39 474 -451 -256
263 -7 28 -251
-29 310 -491 -219
-85 91 -38 -97
-24 491 -477 -33
314 -43 -345 -300
-278 6 237 -171
-336 -195 -29 -473
474 -263 118 -454
-223 26 16 -368
249 464 437 -36
423 65 299 464
-174 446 -17 475
-179 -113 46 445
105 388 320 273
15 96 -125 -496
-400 -155 404 -279
-271 -9 -21 -306
138 -338 422 289
46 484 377 -263
174 -424 -56 290
16 -181 91 -349
455 450 302 -426
-92 -81 -118 -242
-89 -247 -50 298
18 181 97 -318
17 -140 -47 -120
-36 197 306 177
487 -252 -266 141
-191 12 384 -439
103 -127 -318 -154
113 415 -374 39
211 86 312 460
-189 94 254 17
-451 -216 -493 352
99 171 25 333
419 119 -270 309
-383 -289 -435 482
-276 -127 -224 375
25 417 449 92
402 -234 242 500
-393 -290 282 -254
443 -95 -69 85
-170 72 121 -420
312 79 -402 -373
-166 -467 253 -341
-399 -202 33 -476
473 -29 414 134
348 -431 301 -196
-426 80 -60 271
114 414 -361 318
207 -19 312 -4
462 -320 309 -451
-381 -304 474 335
466 396 292 285
332 293 387 -160
459 258 175 -175
165 -201 -283 -53
-85 319 -415 -365
-235 -495 -470 -440
-205 440 288 -370
-27 -100 354 -146
14 -96 -234 17
287 392 -272 391
369 -144 -264 402
-119 -233 424 -369
271 109 -101 -358
-354 -344 35 -314
-195 348 -158 471
-371 364 427 -289
57 -228 362 429
-384 -142 -126 494
-167 471 103 -330
-80 -309 -255 1
-405 162 -408 319
-360 264 83 -460
98 221 20 -250
473 229 -178 219
-97 -495 490 -291
470 -230 315 426
-91 195 161 -310
-364 388 -488 215
197 -497 -401 -368
-299 -399 195 349
-471 -417 103 -487
197 -473 -377 23
457 -498 449 268
459 421 264 219
222 -83 431 478
-95 -23 -63 314
-402 -140 8 450
66 148 94 -198
-4 50 436 -220
318 -372 -88 -307
-114 -143 454 -355
-85 -47 250 -403
-358 -434 -493 147
-227 -142 -110 -326
-95 -2 435 260
202 237 -370 -445
-1 127 20 89
168 258 -117 338
-33 386 202 -291
55 -445 240 -13
350 -166 -311 -76
-234 120 412 473
263 -4 -467 -134
-229 -107 -107 -175
92 178 228 75
-376 252 -347 -271
240 405 218 -416
-47 400 -237 -93
379 283 -419 51
-346 -204 -312 -235
93 76 74 424
-7 -77 175 -289
-235 -425 -267 373
-458 -309 250 -178
-73 53 217 108
161 -471 2 -328
5 -424 -338 489
472 10 -175 -429
-445 341 194 -146
21 366 464 292
35 -116 -323 -351
-322 287 165 -102
-30 -204 248 -94
447 -271 78 323
147 -294 489 -206
-108 -148 35 436
335 -240 -262 365
208 0 88 -381
-198 -499 31 -135
-200 -433 421 -237
-14 455 -20 -114
-254 196 -463 -317
175 231 -433 -82
-218 -170 24 15
299 -38 415 257
-187 212 276 -38
-353 48 -490 -131
-486 -477 467 -478
298 -256 255 303
-168 37 -87 331
390 -253 330 134
399 303 -193 -427
-86 -455 299 439
138 -226 -282 -45
163 -184 21 77
163 405 -249 -315
499 -165 -15 -204
-293 -314 218 -125
121 -243 253 283
214 57 251 153
-309 -413 -319 274
-492 56 262 197
-48 2 330 162
27 -72 -422 -182
61 -191 -174 -166
419 49 214 -90
450 421 -447 -169
450 344 -258 -446
-273 473 141 420
118 -333 -456 122
348 426 406 -192
-65 -424 220 111
337 354 397 232
403 -267 -319 351
-46 223 138 -281
77 128 -354 75
25 -381 196 165
113 -212 315 -201
-11 -72 -404 -229
316 -144 245 354
-103 86 -160 -456
-345 -112 -189 -36
217 -356 339 192
399 -481 447 -416
106 41 -500 -137
462 -349 406 465
23 481 110 -192
-467 -198 -305 -370
-120 97 452 229
-141 -74 142 -145
-307 -385 -160 -447
-458 -331 1 -76
360 -238 165 51
435 51 289 -33
182 -429 204 207
262 -366 305 94
-421 -26 -62 259
-258 -162 -91 420
404 -67 446 -440
362 341 -91 264
-105 -432 496 218
34 -31 -418 -352
444 175 406 -232
-165 -90 261 263
239 -491 433 -181
-440 -361 462 -328
313 12 300 268
-145 -418 448 -317
261 453 197 386
471 240 7 -273
-118 330 -458 -77
57 360 5 388
-260 292 -17 205
-12 241 -173 -97
-184 -412 447 -11
443 407 341 95
467 -225 -408 191
352 -208 -464 135
219 384 -270 349
-137 -329 359 313
-12 215 -244 282
-383 335 -214 -24
-258 407 -221 12
-440 25 -429 450
215 412 137 483
16 -278 -411 -217
145 442 -325 361
289 -54 -101 -55
147 472 244 -326
-45 -454 136 -337
-150 -352 377 -150
92 154 -1 -411
-29 100 -43 -352
-53 200 -207 49
-206 -17 270 11
-299 296 -210 -212
-192 181 -329 -371
320 -440 -186 -344
382 59 352 -4
453 326 -500 470
-492 -315 -62 -247
-284 429 97 54
32 453 350 339
-156 306 -370 159
242 88 465 246
-381 40 39 383
5 88 -215 -260
-417 474 -169 33
-320 263 -178 208
24 -404 88 -79
94 369 -404 3
-310 -170 269 207
226 -142 441 -477
-254 -17 -228 -498
450 -420 -426 385
327 -245 224 309
-376 294 304 -137
-137 -186 -150 31
394 -46 -500 -454
161 -124 340 -123
41 55 -174 -208
239 184 -315 -302
149 -318 111 -362
337 304 133 -222
311 207 355 -463
-97 -184 288 -462
-420 -116 -337 -438
412 -121 -113 260
374 -203 281 -248
310 -385 -127 -62
-211 -167 355 290
-59 -383 -271 140
-317 -446 -477 -324
13 357 476 -196
141 325 -44 -199
-287 -498 260 -64
-376 299 -254 -54
146 -101 -464 244
-152 -457 -381 -373
-470 490 156 -286
78 289 46 -35
-433 -386 353 -210
-496 -275 454 -169
411 -9 -34 -357
-166 8 86 -211
434 -284 -89 -414
287 -161 159 417
265 130 270 -413
-446 -367 -338 146
-18 -209 -255 57
68 231 13 136
258 -271 -159 37
322 415 -499 183
46 -222 -111 173
456 -161 -430 445
15 345 413 -265
193 193 9 117
391 -299 153 -216
466 -321 -192 -203
398 -221 -233 356
71 148 -320 217
-385 313 -243 406
55 408 -78 244
-436 -38 133 -496
435 -405 380 465
-48 434 -226 221
-125 134 -301 248
-419 478 270 244
101 -322 -403 -287
308 -320 340 20
80 235 -383 -313
367 -218 -254 -397
16 178 -265 375
71 -473 -344 -346
439 -137 94 393
282 137 32 -74
-451 116 45 182
152 51 -485 -428
63 61 61 -394
-205 411 -292 -229
450 202 396 11
275 150 329 -499
-111 36 -200 -113
-290 256 -188 -62
-59 -125 -82 -381
-296 112 -104 -279
62 -26 -329 377
81 -454 -435 176
159 28 -377 -157
-308 -388 -274 352
-459 -313 -491 -458
272 40 475 -408
-394 373 -166 457
-114 286 -394 327
-390 -89 166 14
24 -427 108 -70
387 470 206 -6
-320 256 -482 473
-165 -9 447 164
133 -256 -374 -284
-25 -88 143 -89
495 -15 99 5
84 187 -17 443
237 -426 110 494
453 -93 390 -34
42 486 -292 -165
106 -38 165 346
-140 -316 25 176
-443 -297 -102 315
319 -371 -407 -49
-418 486 135 -467
313 -339 -347 -497
460 -316 457 -155
-229 -349 177 -147
-215 239 99 154
478 -286 -240 -2
-440 -102 -322 105
453 196 -57 -71
403 175 443 137
-26 -58 -141 327
-202 -31 -293 -432
-352 453 183 240
-243 -258 -28 -139
-111 -244 271 245
62 477 374 356
47 -27 -249 5
-144 -231 317 -315
-124 -157 -164 2
-306 486 -446 236
411 -179 229 246
394 -460 430 -216
-194 310 49 54
114 -189 291 -315
-480 226 -248 417
-179 -259 109 146
-403 -80 265 290
99 -40 -299 -209
-207 -64 275 -164
11 174 408 273
-116 -304 -298 -3
95 63 349 -4
-25 -327 379 262
-65 418 -257 -128
-83 255 372 -407
78 -350 -326 56
436 -353 117 -64
285 450 271 -9
-160 210 487 42
-294 181 -112 -483
451 227 473 352
-100 492 113 -182
-365 83 106 -362
-337 -242 114 216
-209 -69 397 411
134 312 -479 -449
267 -205 401 -487
422 298 -119 218
179 -401 -389 -37
-354 -56 297 292
-180 50 -257 285
425 180 71 -177
406 126 -172 31
-498 -416 221 410
1 -328 133 -174
222 -389 129 481
-445 -121 439 -63
-415 101 -162 446
-193 174 375 -148
446 -334 -51 248
-194 109 7 337
-487 491 -345 350
-413 -428 231 401
-264 -205 275 -279
467 -198 -16 -387
-96 -291 -53 -188
111 492 91 -354
-356 -6 -232 230
47 -263 -277 266
-397 -2 -26 387
337 -204 -317 187
-132 316 -382 270
478 -292 65 457
102 -109 249 355
-274 -65 -382 396
98 -392 -37 -433
466 1 492 402
-385 -179 -8 -433
26 -206 -15 434
122 -63 -249 375
-300 -65 483 -367
368 426 -288 188
-311 -397 416 484
42 -310 -22 -135
-225 -222 -261 364
178 3 340 54
-182 -496 329 449
-192 5 -49 -29
121 322 359 220
42 105 25 -8
70 -11 252 84
-55 34 -455 74
-434 -385 118 215
-67 45 -87 95
420 -371 417 6
98 50 -391 -162
-451 -80 335 -92
195 -297 -125 -475
180 499 171 -58
-80 -205 -303 109
11 405 -81 384
181 -227 -156 -35
-411 -357 -483 336
277 264 451 -369
-109 84 92 142
324 -165 155 376
177 -131 119 485
413 442 372 -396
-71 318 395 26
222 -315 -89 357
456 -475 320 -277
485 -360 215 -50
95 -80 231 170
389 415 7 -162
-25 358 382 375
162 -35 -266 302
-13 -37 293 -59
-72 -472 -457 -82
295 325 -193 329
373 -400 14 -154
-232 88 383 -110
152 136 -483 -101
263 320 -453 99
-270 -484 -245 179
128 -74 73 -415
-53 -19 59 -49
-160 489 -174 141
-242 177 156 -108
-379 -456 176 499
414 201 -400 -168
-4 428 213 -223
-83 78 -147 380
-236 -220 497 -327
-497 381 19 -81
246 15 306 36
-444 439 -363 296
350 315 390 39
196 309 -259 -208
282 -136 79 -489
-116 267 425 368
195 -259 465 -216
-477 464 -435 482
286 -123 67 238
268 482 -440 186
-50 239 349 457
154 138 -365 -112
-179 192 -322 -380
489 -6 -33 274
-399 -426 356 -119
-301 382 -185 159
203 185 297 169
281 -428 -438 131
35 192 180 -358
35 -227 111 112
-171 -481 206 497
-478 92 335 -266
-10 -293 467 -166
-49 133 -347 276
-187 47 -76 -52
-476 419 220 74
441 -251 -153 -182
53 -249 342 366
264 -424 454 100
-184 286 462 -482
-181 145 -197 380
136 -57 -175 347
-206 189 195 212
433 -252 -64 -53
12 290 -350 166
-226 238 86 81
-317 -499 2 204
74 -165 82 -350
281 194 115 471
-394 2 449 -49
329 75 161 350
-14 -364 -140 -373
212 328 -211 -195
-160 130 237 122
56 -412 8 74
-59 -306 -342 312
441 55 327 169
-224 168 44 47
-42 -54 301 356
-106 191 150 -136
-123 -314 -36 187
-111 407 451 -497
390 -121 -286 119
35 -432 204 -404
-13 -404 -233 338
-426 217 164 -268
-449 302 105 123
307 -131 -151 -56
463 -260 278 286
469 336 -165 287
-280 182 380 323
-206 -252 463 388
348 21 -438 -173
456 -364 -396 223
463 51 294 -230
497 -424 90 70
-260 -252 -49 7
318 -165 -484 408
8 261 322 62
-478 -429 -206 -429
-165 -288 453 69
-238 427 495 47
404 296 61 -389
-68 -18 -116 259
447 390 72 157
-165 403 -23 469
296 135 467 -320
471 190 404 490
-88 -257 445 -127
-452 -110 -181 267
-256 164 487 -464
-257 -318 105 153
458 -231 -289 436
-311 -212 255 -462
-234 171 -310 436
-192 366 -435 -360
-282 394 -257 209
-439 429 -79 -419
-459 120 -441 -7
214 -475 200 -477
-343 -152 -76 318
390 -423 83 -395
-267 -217 -435 -355
-30 -109 -26 148
-118 372 -201 393
-317 261 -398 -341
229 -34 348 -393
176 -190 -205 420
481 -14 -299 -424
499 274 278 -56
-229 -190 -287 -383
460 -142 169 -286
256 382 66 -97
240 -151 -365 371
-317 299 -281 -19
-67 398 140 -129
229 356 -107 -482
229 -287 -437 -272
-57 85 88 -322
75 -407 105 -130
336 7 -407 -339
-137 -255 440 289
284 346 87 469
-137 500 104 289
-422 252 479 382
424 -58 454 -388
-338 -455 -196 95
250 -403 36 -95
297 -122 310 224
149 -45 -160 -250
-318 68 375 -365
217 29 -328 242
-363 18 386 82
439 194 244 -305
226 88 -182 59
354 440 201 -130
39 85 207 -261
-198 -69 456 -202
325 -439 -334 -212
410 -440 260 -191
-239 284 -9 370
194 323 317 -260
-23 -330 -329 9
379 -203 -335 -356
185 -321 -386 -28
-29 -38 -32 -289
266 171 -54 -411
169 270 362 131
232 -258 -21 36
-221 488 130 -348
120 -160 -39 -104
301 -371 -67 385
-461 477 -461 -266
-113 7 393 194
333 442 140 438
46 -323 28 -327
487 -325 428 -246
-44 -299 485 -298
460 -430 -101 398
-306 101 101 227
358 159 -230 -86
125 108 382 -278
-304 424 284 -6
-259 -329 32 233
477 -453 408 328
-219 225 -395 -324
413 6 -327 -321
-488 382 -412 -422
-464 -302 169 -324
305 -372 -424 46
-484 -260 212 -79
-121 -72 145 -433
-31 418 64 -474
88 90 350 -300
-241 492 78 -263
-243 7 -345 248
-466 186 416 -103
-347 -458 -274 439
210 -374 -494 16
-160 123 -386 -236
300 -210 134 -31
-205 2 -37 301
-43 229 132 -413
216 219 -60 -160
-413 -63 -117 44
-27 -40 169 55
22 -130 354 150
-224 208 499 81
269 -360 -215 -462
208 -53 -409 -62
-124 453 -196 -210
315 -283 215 229
250 383 110 474
421 -198 -217 -115
194 -156 340 -455
329 68 118 323
326 -120 442 -187
-182 -404 -191 419
-222 -329 68 199
117 -315 358 -385
-301 175 293 2
257 141 -133 -131
93 375 437 41
-251 357 135 286
183 -270 449 -40
441 318 19 -254
-283 418 -484 -383
-170 -249 -45 478
212 -252 -176 -27
-80 -78 130 218
239 -112 484 -310
-49 -495 -416 -2
210 369 22 -107
-11 -135 -72 -241
53 50 226 163
-36 -417 122 -108
497 -124 -419 -397
-388 -126 294 148
134 -45 -264 -447
441 -227 -440 216
438 -457 130 290
420 -272 -286 121
162 73 -247 359
-192 348 -139 -488
384 259 -3 -362
469 -21 75 51
-65 -361 162 496
-25 493 188 -401
-371 -163 -326 212
356 239 -326 410
156 -135 -387 293
-53 403 -326 393
285 316 -322 -389
-346 177 415 -185
344 206 153 -459
-135 -287 -373 420
-213 -481 379 -2
-29 395 -40 -56
-383 -87 262 329
232 -14 -202 -122
-284 23 234 331
440 233 417 1
-476 -376 117 226
82 -404 450 -365
-227 236 427 378
307 328 78 422
173 -283 -22 -37
-497 -118 169 455
170 -424 225 94
-370 -483 237 409
-347 63 87 4
-499 -135 -225 187
-211 465 -297 -423
-51 246 394 285
-461 90 -425 188
-223 99 421 -286
385 301 138 260
211 391 303 448
244 -276 -453 -15
370 371 -208 444
302 153 -381 42
57 -13 -446 -205
-207 -402 -298 -267
-366 294 -267 -146
-367 200 219 -499
94 -51 -338 -342
-208 380 369 -238
34 498 209 -331
-139 122 389 -191
488 -397 -356 -419
110 -373 23 137
-265 -191 -99 216
-396 319 -483 456
309 204 420 -455
-97 126 -244 -30
-223 -272 -233 165
-299 270 -253 -484
285 -13 -128 245
27 -285 65 244
368 -344 -236 -242
90 216 -333 -249
-465 52 207 226
48 -379 -131 136
-210 430 384 340
-261 295 -365 38
398 -168 6 -385
226 394 -148 73
487 455 -211 -12
326 173 82 500
101 24 -36 143
-471 190 29 279
118 -377 -144 496
487 410 -205 121
435 261 365 341
25 -241 130 -420
143 -273 111 -192
135 99 -291 -40
-343 433 -206 -216
-46 -476 376 183
345 165 -437 -40
10000
1
2
3
4
5
6
7
8
9
10
11
12
13
14
15
16
17
18
19
20
246288
167620
130583
117814
98555
101212
190518
218293
50540
43037
248194
233596
169711
124789
147349
197737
14307
11240
178594
30636
205238
86530
236765
194557
76029
166256
108482
180987
207795
52174
161109
71152
106718
181137
142117
204193
140113
214547
20990
48894
57445
184907
218364
91422
37454
181647
1937
139557
148798
214528
159733
243824
64914
33471
43660
220482
116428
186066
244786
201963
40274
22218
25758
108363
50457
215467
31704
192422
81744
159334
119886
89150
80597
33974
241090
102915
235820
56571
32501
125702
116030
115832
75739
112798
219894
143085
154858
173976
80077
101262
81084
180287
57282
128723
140241
187428
189676
3598
107866
20137
179625
218963
162981
77731
137452
84126
185045
192731
212556
85896
170033
39710
90368
119070
190613
238809
196661
173322
130777
181317
52310
205800
215177
126351
75388
42612
30379
120816
68535
185071
180928
212066
225778
176868
7913
102688
55541
249381
231701
55679
109039
135967
30333
138113
137595
231385
56767
202118
128368
117733
113921
33114
191000
235515
77488
88428
127121
42705
241398
36212
93665
48831
9582
231203
215350
81318
98911
31370
80446
138734
238186
199723
206933
176279
186107
9365
195356
26711
223581
67506
182758
21171
117190
240151
94658
131863
249507
118622
234693
9967
222142
14858
128602
207834
158731
230828
200085
219588
188389
42137
26072
14346
111839
123286
30472
239612
172202
237786
162624
75699
23623
247516
41429
219307
30337
25519
188007
82910
52917
44175
201734
11454
11495
128472
237080
8076
99232
200741
201385
133173
17515
163778
121037
112319
244768
100351
27026
136379
239531
243844
103342
134322
51335
55118
247217
212685
129972
201697
248885
143543
136819
187279
108206
115378
26440
98682
205266
118367
27853
25539
17850
103258
86717
230685
150588
122291
179814
7923
98053
75058
109924
9599
44806
217112
39050
66348
57045
135712
138347
149448
197806
167338
229791
104883
186349
134823
120985
126654
3076
170486
249573
143865
222598
122992
122719
2562
173733
21227
168811
198020
195676
22727
166670
33250
134568
118047
113801
233361
20547
62007
188639
13316
206949
55106
202649
139919
166998
137550
7237
189489
158310
197736
224995
195441
247385
221155
4982
181890
243878
155349
146687
198254
116171
24423
42051
164513
110461
159854
133373
160849
129518
22316
79171
233952
219746
57573
143609
203051
110176
219247
75650
136757
48762
183492
168459
96846
210902
38895
21298
167667
165538
75081
249094
110912
200663
235368
157812
28155
173381
85020
6078
238418
103198
157132
128242
6148
233068
149037
155850
93112
10995
66129
18523
226244
177626
91806
197584
107420
246432
126864
211299
111341
39096
115543
242291
206019
232676
34040
173356
108064
164616
9909
59987
242822
69858
41091
215617
222139
86265
237260
232240
124749
67997
42167
76134
160779
171176
233817
36986
73123
36677
77683
205906
227887
68353
113470
150097
219967
180248
167413
21529
111106
155923
7305
82353
23765
72905
135303
173250
150711
72556
48813
87714
761
120758
139478
216500
90962
50317
67621
131034
160162
190106
68583
129718
147555
195732
22276
98541
15814
182896
245373
101350
63465
113467
131791
150666
97690
238234
143716
146089
32224
96959
85894
115690
4703
86416
2655
157188
42489
154328
198468
248410
176751
62040
78953
141470
133511
37512
248822
235022
44569
182281
159553
159380
129111
115988
103540
6453
198745
89329
151034
38827
183901
61245
162790
56716
112996
161578
155668
73394
9102
188675
24484
149620
232482
138073
132688
214663
248490
121123
78573
253
147524
153753
246327
114494
231485
186624
226033
83341
64157
104819
127116
223787
129564
53465
173817
228249
237546
65649
163863
102882
163750
225748
33357
195401
181643
63538
188584
71160
37019
131128
224041
19776
189863
12527
62727
92606
119731
82475
178116
198748
192073
134475
191497
16284
4641
209708
87796
8950
57962
91718
56174
200917
27964
143944
190317
235090
232169
163347
7522
165289
198630
85798
244713
7059
168087
24575
61076
247595
119328
158777
49552
30754
135650
87010
82961
178096
183572
202756
231889
223322
130116
104547
13716
203283
197371
54899
200376
101042
198553
20959
196442
156654
843
39275
97426
243860
34889
31862
110090
118176
248547
1610
161883
189584
186256
220451
19109
43267
156297
148742
185888
215096
148479
3618
127461
47333
68125
41515
132540
38495
31327
106454
183701
232246
145913
196156
12990
131210
237321
3761
4217
124397
123762
100888
206318
25575
181653
231682
169629
135191
120713
155519
101074
216721
192502
71579
45722
139784
181862
245400
41402
206305
199784
23036
86158
163965
84236
192181
68453
66054
220077
108144
187189
192245
229975
72187
236402
204228
61712
236819
187604
41895
44483
128341
203880
63080
128206
85344
207473
42501
103090
185850
205546
38371
158270
140634
22318
239161
66903
136499
68902
158552
108910
243936
86671
67704
2366
148259
116641
60033
7304
122243
199876
15831
11242
95128
78858
196947
68052
52340
71566
215116
130535
50427
94928
174075
169319
46982
192481
24248
131240
128784
210851
141299
163350
171594
189740
9837
32917
211918
77611
38592
77675
149922
118599
203839
151523
82681
64896
91878
221599
26550
140307
72004
110969
244779
241282
213381
126034
36507
84629
123744
229257
143361
96440
38400
36387
36910
186497
191884
34085
233548
100419
92871
62010
25976
171882
191433
245698
17430
64138
198370
142977
47067
229164
1887
114669
2448
14095
174469
129316
74292
207166
231352
140321
228749
132107
187211
85146
40902
121960
226751
98293
203983
127022
210058
96584
35498
207376
212052
206706
44216
23963
45032
175948
174657
39602
45491
46096
175047
72240
35294
71127
234075
31970
41781
10467
247695
133975
172954
178559
27258
176472
210214
209465
238946
89055
63668
243245
45448
110044
75684
204461
242809
117706
177971
11924
172575
160996
233063
24847
72770
81497
11107
112539
168737
160561
30645
244405
33093
209540
44211
13074
154273
80576
215714
239776
134588
162281
23793
124443
25228
57756
130703
92284
213046
76668
242490
89463
248538
66989
132192
153394
231609
188152
210399
111450
202323
40705
1582
146030
96767
127948
4681
71525
97805
74939
63924
50757
155954
154090
133049
53143
243718
80734
86764
173394
125754
46415
222818
99796
218948
73012
220385
31767
132068
142623
2454
84631
9248
149215
184707
14499
75619
148078
169285
123342
43585
243206
116280
93517
98518
210244
75892
122972
81929
65785
95560
98094
45389
58905
73979
144700
117485
59540
188033
76565
133628
34919
70260
13375
158186
175897
133036
70442
184016
157917
234461
217185
81477
26355
138424
61274
129146
56205
88102
197327
156268
217114
120174
243849
31093
52059
40348
239256
1564
136011
61230
40711
93359
243472
133190
160967
240822
118506
179398
156329
191351
243777
190733
132707
209246
103337
239409
139904
72265
171941
127374
72488
96802
201263
243333
73704
238966
73218
136804
105655
109276
153384
49002
10342
5865
50801
14812
8861
218104
115123
46557
92826
105763
107375
91671
6450
222816
116071
242126
171321
161460
131568
13356
238631
221356
32568
213388
179503
229679
52472
138173
52223
241815
82585
95202
169295
112001
183792
221783
126130
167446
58166
156423
239218
225219
219837
243094
149841
240224
179577
10101
85575
185682
161831
28181
242981
212182
205246
193000
21511
216408
23456
145751
53382
75232
232646
190892
23372
133675
115789
159386
241078
249014
167500
172212
222929
99872
37137
182654
191460
122714
42685
81311
44363
110621
164534
131643
54102
129867
84719
16265
217256
179130
100052
40618
160937
114015
244422
41251
113530
174844
159343
100275
29896
143695
53139
100155
30708
45647
10861
97102
206951
156252
102942
195796
180850
110115
70927
32310
23090
159580
2621
141624
220763
203412
34397
65619
238687
102929
216690
186766
91660
201919
90489
218138
14445
224456
8832
69204
173192
236912
143387
201702
215895
84673
20998
131062
211377
80400
231384
11521
133383
226237
21069
214176
84703
90004
165135
148
102046
126753
231510
83728
72035
219058
217199
120126
214963
165040
65244
17278
29968
246006
96491
92466
45485
175621
142820
48156
236759
186909
39740
245834
25336
239844
145154
121668
13697
89755
60731
17085
80710
114827
212886
9273
146033
203768
143758
139788
137699
142539
105100
134102
235170
153031
195013
83317
113471
187461
206519
164575
114278
6842
198158
224604
79871
48189
223971
16969
35280
185407
32567
26347
14771
50476
178896
135911
96108
59392
175071
125835
245742
44061
229019
210732
178635
88329
71870
124101
232640
32535
123242
186097
96624
240121
28593
33501
104332
188728
27669
39662
236093
65480
237194
87135
21884
53061
90314
54270
56637
24118
235250
202898
91176
126280
141538
187692
127295
28069
101413
175065
84691
184296
191192
236963
112389
59233
206931
72765
28003
95711
154886
216193
142321
107821
72844
162212
85450
157849
161433
74306
27568
72974
189795
47724
2538
145018
120688
199566
214883
115198
222597
214618
72971
60713
242748
26786
142111
125997
157893
173526
142266
143288
10503
12629
221515
14577
201850
109068
20934
78582
76163
121415
70832
40811
32784
28930
65332
180430
116809
107288
83685
237505
130920
179181
177928
66161
108249
173778
13939
2514
88564
40911
207581
84634
170546
53902
52674
9412
118513
56315
96166
36936
153677
187625
119024
234177
204396
70896
241380
157551
248353
44150
158380
116552
71602
46364
163254
180610
5618
95888
113301
189922
149936
73933
50586
113836
165698
103796
144236
118287
4325
52163
184245
112401
238268
41186
175771
36281
217683
154619
21371
31383
9844
49977
111208
233856
143029
241237
18922
102358
9262
165270
218643
8635
175746
114259
116445
232394
36874
72860
241665
159422
53095
224345
235630
201333
157412
131437
210155
116721
186906
182580
71060
53495
21771
200450
201627
32445
150002
62551
95178
35503
178990
161719
195277
78106
176547
101174
217308
219044
147496
60140
19221
127095
46574
223223
3320
49306
33430
225411
86937
72074
29121
169065
56102
54295
49806
225996
213430
248970
245784
110195
56659
93645
11951
135691
71908
41269
215006
64013
94264
146187
125554
165970
211895
124262
118804
32050
222904
189705
85909
226530
77957
131766
35267
157694
96510
111292
142195
101883
141218
149304
140224
181497
165375
105134
45098
95605
138412
243285
185785
55599
8307
240492
211660
225450
6479
118224
71520
103481
167576
132473
123221
187974
148294
237332
69196
175222
134095
62751
211963
150313
216223
226660
244172
185646
46624
17753
121342
173946
183747
102268
221990
78703
113259
231855
147264
15107
101683
238667
229422
166470
15212
91246
77224
47637
33803
48183
172663
59328
29609
248468
23094
186034
11767
151846
70986
6861
95174
215310
40908
76569
227299
77711
11904
27171
72075
72095
188690
171732
246149
12315
225931
20244
60132
39924
195707
115654
79560
7488
8168
96814
15523
224948
201909
227128
132382
146646
31942
148108
142413
88551
221919
136493
220807
220334
71222
2066
138772
143158
212679
71250
112562
181616
214086
6819
102885
202361
66918
205317
247913
47839
137020
210637
20645
181449
5148
27635
114350
124849
16038
202508
139891
213253
188581
204903
236315
103973
110794
65390
72629
168724
142339
166889
190878
123912
63185
99416
48496
105837
167219
42800
44719
20054
101166
175271
227181
27665
144175
238146
1313
165513
111669
36510
70790
153558
33201
236806
35794
80898
40390
122318
60664
211294
182145
242699
43139
227741
193957
123698
75557
164086
130043
140368
136348
133226
9230
228064
76866
137067
69316
197265
116730
80516
221892
137493
201993
87223
135774
201507
161157
61945
240247
124081
158665
76171
37372
239220
160339
161315
205543
126799
228814
137967
190479
162301
56919
56802
88347
65594
133593
103643
36959
87017
158461
174395
138633
64802
136986
192880
9055
15712
70334
20598
156248
157882
17668
117994
38765
61201
225596
160173
102620
13702
93383
198627
150383
229810
160345
74454
18955
160043
15595
119337
182645
150812
67215
73311
246719
218591
196537
235853
205451
165903
138599
229351
242466
44075
171760
142422
148692
4877
31882
19412
170498
154979
3382
58579
41614
219547
67711
48860
196376
31175
234719
152392
170444
207986
21944
5775
133158
106519
15794
134144
184516
247168
80359
90663
143143
90139
148373
9107
114933
192139
126481
57070
1559
48523
22077
222566
93888
30860
63943
105817
24408
207641
84850
41609
72681
130826
125512
100784
210570
9827
158561
215163
100716
11074
10711
104140
247826
240741
192092
193412
196290
195974
25613
114305
101315
122825
101725
83333
35754
194214
186259
10434
86366
30808
206591
88224
164724
28112
119285
77548
190277
68699
33311
65285
118315
242069
32031
107844
224903
215441
111890
51862
119026
650
113590
213444
230172
236121
128234
54954
132183
237882
177561
30861
118163
4827
56559
166531
192160
186276
212791
249426
117483
165077
213472
115317
16554
68800
48803
111950
93348
115576
231714
201980
106511
153317
60070
41309
197727
33625
246408
190735
187623
181705
133977
127493
6355
5206
165940
179412
121695
39720
42704
206581
204890
27626
23431
197684
20785
62963
16148
191104
3068
248796
199048
248134
161125
80221
3186
93689
248238
247577
180125
12095
195935
96632
62422
197986
133626
133325
66498
23637
195156
111046
169460
27336
109652
174693
205917
145517
133291
44963
100028
15108
12567
59951
147463
151935
182895
206690
99328
29810
202809
60085
226338
21274
247534
16671
200944
113185
117016
136682
150149
121422
53241
200930
151629
111113
89235
115673
151049
99504
231086
159041
208175
118005
145297
120253
111199
34395
117950
189882
133064
60291
214505
22978
174142
10481
233717
212417
138571
54824
160336
57658
8413
193628
72566
47570
102198
209664
189396
75345
217849
83650
43703
186939
154067
170224
116243
46599
195331
135121
142695
200709
244146
216719
79828
33406
57247
126294
24545
216536
5657
163266
109031
81557
207078
99704
30672
177154
146629
22782
134652
165960
202681
86939
43738
33989
73589
116601
85736
46955
199904
46740
10707
162667
244700
31962
155870
58149
65172
3947
167873
238280
183986
210079
221728
113183
90040
198843
211145
242196
126998
63705
22279
62768
64838
11033
225360
168461
85821
193713
87499
179168
59902
75106
5522
74724
219721
237501
16317
106811
36120
72910
37582
121573
236526
1404
43378
126096
27997
47184
222117
128184
201652
85714
68816
246753
219577
97526
97371
144545
62817
171763
229484
36529
38683
7689
16224
248642
185047
185567
141162
74305
178072
203837
242163
17352
199319
230941
83265
114072
23438
113271
29624
191856
96669
87068
188009
179023
629
43297
72109
171084
88877
54979
243567
184808
141052
217565
128674
63723
33251
204403
23116
119168
62657
217622
11508
136790
181941
60137
104471
145428
75756
107659
25911
191032
150755
161089
119672
169253
225151
155928
91381
193901
93110
214679
99115
81812
176564
49662
113962
119224
3807
2763
27671
130907
103660
194440
56274
198390
63280
18939
16226
153082
134737
214499
236712
108415
191779
205711
65658
211320
125436
243213
95519
217267
131147
183532
177179
42855
245089
242764
166107
81501
60861
237040
29870
212047
229995
145723
21108
186291
189219
145828
69725
151902
66585
136892
248471
210957
86326
9447
61769
223799
172005
240775
185894
138375
97710
74300
116275
241692
109149
120346
5552
37196
1216
49771
109296
159768
159684
28353
27257
214559
111424
26856
182820
217974
135882
27831
139674
220936
116672
139175
39817
111133
20823
132184
152763
173549
227570
161050
246330
51798
141631
121199
117776
84862
110162
95289
110208
217409
181048
238901
49554
74340
174550
219240
117482
163914
219883
100465
2740
186972
73430
218701
110835
90941
216341
76145
206092
122088
29604
100414
34717
115626
83586
144024
28550
185966
165075
29427
126564
229540
76180
107986
7245
199128
120367
226822
50533
89346
124762
111885
74973
78098
7721
139338
180597
115590
203507
95082
34703
35461
186101
133440
219056
164478
178711
50214
137492
155543
87493
147773
74019
65527
216627
88252
37554
225562
171565
103691
195962
66310
78836
148063
1446
192805
225863
107416
218380
87665
44386
163252
150338
230163
209935
215341
106550
122517
136321
91450
114917
39951
109327
189080
240008
248132
18147
235838
3118
241300
25569
140364
60575
39463
54407
32014
60569
42868
240909
70860
139219
193313
196795
160952
221809
35759
188242
11744
137602
53967
179061
2411
68488
188703
170194
147841
7121
25354
64807
94393
175052
246121
114384
201630
34840
168850
195268
50483
66295
26897
233224
114674
55987
170594
248294
212300
5637
50228
14163
242194
130346
185172
169234
133817
97935
214089
138822
188334
186910
231062
80163
179541
210313
101297
239272
106500
122506
12683
811
187207
118148
197423
248503
99261
43010
70380
152327
151707
49571
81817
207714
98750
81821
244759
1881
205927
112382
75204
119487
121343
96768
91587
151536
111402
121273
230588
164850
203445
116480
41110
46667
248109
123812
210136
142253
238773
207134
33004
133551
46153
96451
86473
155195
233790
117137
40384
105029
74855
146672
117561
180550
122371
48247
48471
202700
79847
205685
247968
181452
119124
73535
114247
157923
26739
103653
85388
223933
151624
104071
126677
151813
99220
191018
98081
67522
90796
24623
235148
88360
86540
238799
80733
164425
241600
183925
143781
190984
10459
39502
109160
126513
32714
95813
27752
45579
154350
92024
36560
133876
180629
223651
228128
166138
194132
205493
222539
102623
188222
65094
235011
135738
162363
128839
145608
110802
135947
37887
228379
205776
146890
87043
93044
33451
138751
76423
224341
36858
103459
231321
144909
80438
8888
237630
138565
199439
160277
222244
120112
185696
236013
128017
4007
18092
162896
228839
165379
63626
43790
201152
243608
79326
130799
20217
218869
43370
203056
186223
116407
150918
44001
123008
162640
58043
137123
246321
1182
162818
172704
237674
209279
158399
58762
161376
233240
104206
195696
229031
177841
184175
82051
126199
146734
102647
219957
151070
5824
83802
126505
158606
45060
59792
245764
159497
162753
25650
199772
35473
187854
225952
235184
106330
164570
206316
1475
121015
231789
81499
186374
139400
112552
23887
29893
19517
92297
170084
83318
156869
91083
146056
145393
45749
181881
66478
225532
59306
220606
92699
5949
57307
136889
151311
68700
22082
111780
999
186762
161801
227468
109962
161774
100429
24899
188198
64324
14341
22264
148653
219015
27764
128069
82030
232808
49553
249629
58329
128129
721
130472
111298
158682
140954
10316
127662
33241
9808
239251
151993
110616
181345
23471
101675
130274
58541
105834
80967
70082
69945
231403
198058
140722
234562
20220
117533
142521
144183
103191
205003
73265
199167
56857
137603
91872
9085
237268
36057
170661
123995
24407
55034
168042
114498
247135
106819
88568
65091
53406
188230
65370
112168
49671
83362
73378
224551
126148
99246
123453
60466
35556
168176
86586
32490
19238
198887
38027
37797
109138
4912
233164
38245
208158
156537
150685
124759
22525
247196
136961
125694
135785
203287
196301
1264
122846
176189
114735
74366
148342
175561
235122
126355
52337
220543
218386
76985
104696
58982
98459
126956
105020
147639
85016
117710
99255
85079
48861
153423
35019
143986
154937
135466
197485
94638
57513
81171
193804
136910
199199
56220
55271
206986
47448
84860
90069
90255
122025
67730
50130
241583
161557
59453
80492
110784
159347
217383
133954
125738
216309
144678
70524
24276
29460
206383
137296
135736
239044
179496
152208
136252
244770
118394
59486
74372
149627
203870
207280
191876
74360
27579
91003
39739
31621
13888
73457
124607
66743
38257
96699
93408
67404
36747
219816
38567
22269
73358
245517
40570
128024
7914
101653
213234
154716
215610
176679
202375
120313
45121
188451
74412
97039
79579
81845
41886
27468
202352
6760
90835
239333
124221
54972
232319
243476
169447
66984
219874
151540
107445
204110
40764
47649
174077
223962
203512
43034
84998
196238
26998
77658
121118
19316
152153
44348
112708
124418
33158
55832
164956
235754
242215
17692
151073
201006
2004
214387
79816
16857
11428
89776
151833
9790
208649
82546
156703
174191
91157
77473
11340
72902
139776
102029
200594
118773
162292
248712
241468
158291
101443
73281
10334
199783
245774
49268
119628
2770
242949
3257
38405
184522
189388
147687
122492
10174
115519
14029
73467
32847
79199
202426
113883
2211
8275
93262
141593
157906
185883
82374
228895
227434
100827
125972
32668
97868
134453
233488
126473
209740
78240
98322
159009
138494
170443
245071
156586
204105
29313
96458
101932
167124
3358
139969
180741
230542
198240
81267
116514
67085
23258
157433
23676
58870
115983
72952
239290
63682
142793
131928
117530
30813
245294
213887
198851
154694
68113
113636
10241
26045
240372
238444
138562
67071
243606
28543
176336
150091
139617
202500
205156
156694
138606
210859
125899
189057
239298
54639
126839
112538
22949
155091
170576
65741
80159
125010
203416
33182
231828
155725
230338
232885
74239
95563
123568
137091
166345
93674
3498
198927
27488
53269
157996
238689
173829
139341
2338
83635
16930
111901
208441
239798
205998
95347
129618
176341
31846
108267
179822
123992
138410
234240
94224
208955
108256
170104
110522
136652
53050
246556
191177
230159
78401
58258
5554
41544
238542
72703
77919
130467
224425
93384
50543
244953
55406
157971
2339
26798
244356
34602
168658
143578
92575
79124
179309
106970
56906
90339
232951
68151
52995
74714
235846
197257
195946
30457
95111
44178
96382
55635
221428
196739
237495
14784
45224
211404
163402
267
196143
134267
125800
112698
114644
138675
60977
206478
43854
209984
202638
241783
209495
171988
184765
226420
103577
36815
33454
121564
191600
12995
216224
22140
173231
68
189809
156651
50119
173847
42744
125633
141912
138892
238738
168104
16068
170786
180662
42521
137478
156089
135032
82564
36459
146610
66937
215773
4572
16141
10275
32866
52106
38421
93897
191763
129525
221135
1409
121330
200207
31646
36445
95800
81341
102488
118323
135942
159006
9359
8448
45717
69010
6008
90494
179094
88402
96270
135250
26706
120711
198287
114951
5654
3041
163918
104636
77989
34073
181911
131093
53171
210330
200717
185038
204977
134886
109879
207824
3832
63832
28640
197309
90252
116545
32830
165160
79907
15123
130987
84934
232847
124189
19833
186212
58775
90242
228140
237685
32708
28998
158811
209895
177599
151946
216613
138298
157664
179713
213557
151939
70187
132652
148302
103986
46999
26827
192292
226602
153278
103085
44813
131618
70951
48679
160255
46367
212711
203829
228061
71943
140341
242436
122504
171181
194034
217152
244459
57887
9489
152891
229840
26752
84109
10074
137778
155015
24120
208029
8374
85850
228533
129223
217580
214399
223887
37273
77435
108036
5955
104010
247740
234691
217302
30782
54124
69813
195724
123887
133039
52100
180425
79976
107068
11814
68726
79868
238616
102856
1863
122441
141195
26157
106147
208719
129919
61479
83497
227211
46066
62203
47854
27231
85397
34210
72909
17160
175425
230653
70949
118722
149807
106902
205006
71759
134031
165178
120200
167351
57460
193649
125674
204331
97387
214594
193264
84709
55086
17464
133023
41444
31958
177109
120413
91119
23513
149985
26922
32213
169219
235132
18750
37191
136439
125136
111037
223072
89966
166176
109024
34695
204556
108769
89455
152089
96934
187191
49489
98417
73314
90969
207980
199753
125971
205429
132759
4098
127518
198962
140404
137385
190734
73676
186716
209249
165962
239947
188788
53262
156566
238943
2544
134154
159389
99908
195880
231197
150194
222581
52872
221148
210978
39458
162249
120694
178786
196312
182029
106250
30175
54590
59409
135579
31100
187883
163603
154636
130145
121611
65950
170299
98331
77629
217282
248953
71535
112993
19475
15270
185005
39357
249730
77831
116002
249491
134137
119435
81964
165316
155597
124961
5399
82411
21144
111084
152000
145134
222672
99495
132703
209042
70730
228158
240516
11249
55761
56565
207040
139325
249173
223274
122230
119697
112646
34148
210521
10885
88671
111389
99497
110674
219846
26145
23853
226094
95666
110296
205483
63928
65550
33925
234669
194054
46215
134473
126588
15887
199123
215717
80987
147831
57791
199919
222623
236637
118896
211751
161538
136416
136389
154632
5180
130475
178715
231195
70728
240633
180546
40617
164028
212596
224650
185182
60185
119454
239025
93746
223838
152884
36654
179037
106024
164112
135558
98348
226144
144042
168407
74307
215017
129382
240872
240664
177229
107501
85928
57095
41321
5847
143604
143488
130900
87612
20332
45132
192115
153987
219706
28988
80487
184925
179684
244687
69277
229818
116853
186394
247806
224405
108603
22204
40094
177185
14512
249035
107579
146365
6212
194084
112272
118376
47528
59750
156295
158148
84142
150612
129116
60406
201749
162969
16878
42509
145693
177729
242504
72058
195211
100563
150894
71965
81883
104194
117584
228936
4659
149130
21965
73861
244413
206420
168063
97335
223091
137243
60429
65144
172086
58219
1870
120146
184645
22108
154514
192514
92956
15315
48757
102064
112260
162589
200044
114123
238823
217310
48617
169989
28271
179060
107798
131722
197387
181792
101848
60058
89620
162659
118129
36917
73598
119657
98973
96594
155038
56048
42126
120658
118682
28135
6495
148636
246573
153111
28742
184910
193806
82342
28866
56261
34170
13215
245997
10247
58121
98268
130989
66708
78823
126088
158874
23180
234734
241176
37172
167190
206297
11692
101732
141708
58242
22139
160146
117420
16680
102901
39798
25550
209034
241923
2023
122798
26989
193819
35255
179076
175331
237467
183932
219641
171015
159837
218558
18206
42151
58792
83907
137093
143060
241835
63368
36624
236976
193045
153698
64259
59751
219213
159709
165906
175372
155454
130744
114646
6336
228372
173593
43608
213479
120212
74605
177001
59136
185422
68231
25570
205706
29895
47128
80630
243927
196760
32965
219297
41908
10085
114637
185223
33293
109549
241413
242368
183852
151121
24718
132008
57647
109628
66801
169895
179752
215301
99522
192541
188142
91518
175675
103484
31668
193971
247842
202466
31379
127755
175918
10006
166038
67415
28099
55818
231591
107938
237473
186006
137864
109624
141979
84728
9964
176553
242009
79878
57666
150410
206516
217967
103526
58500
40426
165915
23566
77522
89462
12264
132356
91646
102227
71014
82992
103490
11823
319
85432
45276
11259
169077
68646
152984
113773
126607
247548
130668
12526
192711
44951
13477
101568
217450
202801
170739
184571
72660
98297
178673
183343
164708
142661
163392
228168
43032
45318
76561
186794
139694
248258
138431
134714
219382
230977
227079
58730
19209
81058
5626
18381
174659
94042
227639
80423
161466
48390
3588
22164
83542
77247
125996
227689
157211
189408
59620
101696
126014
18525
133467
10866
30654
93207
220474
236437
231757
35757
114205
92929
137527
169375
100497
204316
238818
224791
172185
134439
49710
59015
5984
140514
97005
158566
54232
231767
234421
142542
35495
170184
112896
91511
12730
141939
66765
94940
209497
69666
201267
21218
219660
218452
175247
66378
50509
241644
45410
16495
37256
212824
181608
114457
187838
196175
234980
89149
180943
164951
210228
193592
153628
232743
140133
7600
14796
146233
129665
24383
243142
68249
75010
174150
152106
14951
13955
149900
14276
27995
16875
154293
180036
154148
127724
8577
159623
67716
140353
241177
184690
47478
233198
86682
74337
116092
97085
71413
74845
123773
128911
54745
7541
92167
36228
102854
139613
222871
62218
229690
121292
221272
151982
41003
87903
237472
61057
113879
77557
19256
43935
229951
8875
197788
209862
169770
30064
132854
156560
198897
198461
101440
100217
180847
52825
240242
109553
26166
242801
39547
130428
216272
160542
125809
155330
245655
215646
91823
174161
232460
8640
69148
207916
151511
73613
24843
52660
235778
7070
126868
157667
116054
192204
77895
232740
46116
34501
51509
26491
249548
199964
102661
145657
50470
66832
135459
100376
131156
148227
59519
238768
191446
242167
90587
121254
137413
155965
222218
136229
10924
173841
114081
6978
132754
230403
157731
120310
72917
180006
23697
243782
4707
192524
217042
128226
180514
111781
37572
174560
107750
111737
206686
236754
18651
229277
126645
52754
10239
127413
27348
221950
197947
54910
119498
82610
238176
205489
142524
247782
146412
25226
40601
28943
24092
120056
114316
169164
158436
79943
161739
163299
205281
129674
203650
113857
155155
54882
228152
146355
138552
62554
3756
240638
127360
130270
29291
234025
85188
33510
30477
81779
223386
7316
198971
241615
38145
34819
67759
131775
214421
193440
8353
2893
64369
15085
9710
102826
183633
239478
117479
205657
85580
103465
209403
125431
144290
229587
81770
160986
176880
162597
89394
181713
5446
210132
193131
63111
107086
115497
14381
74527
147971
134394
217537
101402
146252
177322
49669
127690
122495
145372
193338
59011
38094
70169
185092
102791
214570
195972
218341
113568
63453
119570
44098
173042
4644
229382
142557
168170
61998
156097
190517
248855
28682
128114
238352
83806
85402
165136
1424
119922
160635
29747
166816
4696
239828
27402
1213
103515
199179
211053
84007
131525
245494
198940
148451
176060
203771
225028
24691
160982
58496
130117
113047
148614
60785
182256
112845
158592
188659
245741
9199
33575
182723
77259
29364
36694
128727
109928
151565
78132
37787
142153
149474
69368
81294
108202
177853
70720
4183
57493
168242
53487
5739
22174
91545
184242
4851
174165
57200
169470
196255
211258
25068
26202
146872
112254
106579
129488
124059
192786
201407
238782
36594
233959
139863
174568
121976
195183
79004
13545
149335
160548
171509
226897
138032
51066
182846
166143
71896
90576
227425
156293
195891
196087
227723
74325
140825
67141
115609
133900
21909
17569
165958
19346
28589
182519
149668
122662
10297
139094
167085
232006
20104
29351
6843
86543
226127
64169
72355
231337
76032
30068
76773
49279
241740
201825
44025
103815
204412
179445
245543
184158
35976
223588
165126
89188
197181
186662
131349
19100
147898
86485
29370
146229
16573
243646
195744
114648
121678
171425
192982
180111
208635
219138
214666
115608
193138
29093
200802
30525
28031
111991
152560
4810
202903
6980
5579
127063
786
22573
80667
170936
41507
142518
237031
249506
154711
56248
137208
69213
224024
3193
212309
220104
29921
216702
69696
35030
236194
16456
230663
16088
145036
67778
102110
166274
139226
5222
61250
42540
150389
242650
211862
213932
246771
212572
88837
7479
130395
100546
247822
94385
197776
12495
130523
203935
208509
14494
239967
108639
80818
141345
23714
31999
169023
76891
15524
38823
133851
45429
23587
132889
3520
124035
14444
85823
171444
170771
47035
211082
96520
63517
157278
126258
60911
118307
138049
231909
70045
198705
180934
177938
167882
11928
95687
160539
38757
226450
238251
198527
156615
115752
190503
226562
137947
226270
194977
205301
178099
158037
2494
4782
115130
134719
134531
5855
163293
860
3684
166396
39367
213836
227102
247085
140012
173375
173144
236090
68557
55151
2799
54224
46651
35633
147057
236427
83244
32064
143364
244012
161795
77712
249746
191924
224656
177697
237326
110387
4666
128618
78208
49941
10485
109130
27938
100526
241061
215061
137618
18948
77643
88937
187062
144095
202678
187014
138522
180950
107755
85682
164036
60923
11103
203883
4946
192748
68454
173707
37420
43691
22126
44621
62011
188512
44470
244441
108402
150494
221389
2431
152627
53074
56422
165716
172877
189709
39374
21616
4548
90096
38095
83056
82604
14935
206645
234011
118268
90911
176798
130262
171767
73193
28375
138730
204935
79036
171431
80344
27116
23081
33613
161655
111001
137969
90100
173727
39993
26845
225826
241927
241902
38356
154001
2033
119866
208150
134283
189921
19148
42244
202377
20548
22942
171780
66598
97583
242761
36656
84645
58502
177665
73793
223384
247096
58914
66599
82813
208942
27828
114510
75720
164931
85504
90474
204779
65615
178529
241855
180995
154209
149801
87933
176009
203434
231778
84231
123247
95459
190992
238008
97765
120232
121522
66502
196273
197852
239765
238274
20176
103107
162092
49691
46063
248679
111350
29423
206921
69941
43799
140414
240789
213825
239441
171419
117324
178923
232694
222785
221459
42293
3925
138269
233027
34335
24195
185039
225038
23385
75254
62494
136034
30357
90263
62287
241930
119296
113702
239085
210823
242741
123632
104990
175412
237122
21734
249499
91603
93502
48060
109231
198719
86901
166192
22016
182553
215340
94535
220470
70975
224803
32117
225106
181291
64692
39871
163632
230334
160031
52206
48996
134025
209659
209680
87938
2767
127597
3180
37469
28434
184935
88437
136267
193371
136611
27407
221392
18310
238081
71797
111730
24488
54272
222554
240109
23266
35558
122423
47779
181299
168392
117690
183116
154686
125403
107516
169454
231784
29969
24783
13213
123239
19225
245926
139635
158636
199105
200769
132474
212339
248622
94428
103972
65217
193961
43334
241436
78263
56319
101592
2371
242668
141766
44445
214903
192912
198602
2699
239817
181181
11424
236960
67134
43292
212470
95908
167612
116234
205972
116057
141796
41158
148660
107870
168566
68581
79168
138865
101169
190627
88144
120362
84104
248127
98827
41618
151628
216843
117142
70899
124752
96863
193959
118621
8032
68350
28469
94732
137037
209897
243630
154603
206673
94689
185398
174736
163217
168530
2637
126537
171135
146118
215700
241619
59457
149315
11172
167835
247393
51866
64578
90825
213673
85405
166395
41035
50067
35422
248037
170342
91909
236268
63363
95637
23662
142336
111324
8068
65910
220008
87363
166020
164383
96242
17162
21652
217487
9678
212541
32221
215465
180477
234384
101792
168665
139282
239618
46193
98882
214877
116763
13333
180441
186861
157381
67755
202830
154162
191312
95017
142107
119238
190366
138385
58627
93125
146250
140917
90335
113748
88729
239104
203827
148915
9951
148805
79810
90304
241215
243528
180228
158911
163026
73018
89609
104735
97406
100673
222654
117049
223992
238961
55392
37978
29966
105208
635
193224
96136
144241
115657
111978
163460
229500
24067
83348
192279
171885
36277
154685
132753
215662
12942
129133
140804
4193
245136
12556
192033
47672
207062
217845
67922
168044
43405
6726
97680
132535
206586
155865
142798
183469
210683
248985
246390
152462
235565
209213
28249
170753
96437
215508
246176
84981
180168
90219
77853
125451
42284
33432
188387
236080
20335
99251
33485
58013
248282
45770
77772
28776
85593
192926
41924
21513
204677
166139
176943
221305
185401
150792
77532
195027
134626
26176
224332
75210
150832
64400
14236
23035
28372
45054
180265
125266
94610
31620
183614
230752
57134
53217
72778
181339
163479
172802
97877
14190
71174
219137
74196
236898
103716
233844
203681
186103
186521
81116
10224
236968
127111
61264
43810
115906
82924
220433
99545
110256
154197
116969
208034
107145
106916
55029
82074
68266
122279
127041
115219
212890
201002
22281
59993
177835
850
148191
128185
199868
147159
16738
245705
116518
170290
48822
117040
207663
112621
233537
158955
37548
80197
60668
163141
29997
6257
120409
211878
219715
193832
226555
187994
14554
156696
123344
239907
49438
97908
89576
55844
179405
127656
201991
20035
28297
43894
153050
161956
48091
183568
13492
10268
44519
4629
49374
213649
64389
190452
187654
160133
77351
17010
168895
169291
82069
156872
92761
198198
39665
88207
77854
129250
201168
66057
108147
59360
167723
78450
111316
116029
133683
83768
119511
172567
97902
192069
115586
162527
66560
49737
55433
207093
199530
147223
126849
153495
113229
121648
184615
132969
193914
30047
190260
69795
152228
230916
94277
199935
94627
45873
97301
186226
116257
17914
220106
208063
71994
116903
91480
242715
136829
131135
133809
122978
125655
203969
156655
172050
145412
111505
158402
199664
91965
13961
85094
21755
202907
76292
51489
48417
121327
169896
66724
222496
176802
230627
88906
222737
24305
156552
156453
27536
62947
209498
95087
701
136615
207162
185418
38065
135132
98017
179340
230774
68284
6681
184565
145132
190690
214890
28020
133893
107096
94258
182184
140204
60289
158807
202263
77878
243650
201350
126548
56816
100562
130672
87754
159445
20233
4206
210389
233803
101257
19269
125416
38269
54176
183771
5499
112203
49562
165981
61797
88738
174317
65693
106790
195109
53130
225659
246522
56977
225479
93350
97848
195270
135622
30100
28537
225165
35515
179655
178435
4498
236858
48326
38112
245697
127895
107467
1012
124524
62637
3792
209592
69803
120153
160044
177911
83807
225656
194431
159882
4059
144305
223562
200335
126010
166302
67079
141866
22054
41193
109145
165770
225135
132949
207290
161172
72759
110116
5546
96369
31865
102554
65039
140856
41163
217573
71850
102769
150281
21474
178566
151520
243050
64279
25740
205314
199265
188958
127949
63961
241464
63047
7707
90094
19247
176685
156989
11835
135883
40408
188171
163799
61726
136846
23636
206031
228858
105669
213129
219483
11130
149663
75482
207395
95343
37593
145925
216921
224900
71272
56148
215694
96770
109783
40934
145728
229645
40984
175794
192126
214865
65117
174523
199499
8740
246742
150709
120271
130894
173979
107183
10683
22119
172321
66847
37969
56849
157523
212739
166100
15741
126250
230483
38043
235535
75882
34074
27845
186282
124899
70497
106870
142430
74695
174922
135799
248576
152606
18424
238426
81387
153113
37379
160823
17571
208926
199183
134417
240804
177690
42733
64054
12121
144955
72479
26174
200112
143870
27996
175386
113570
163071
41028
156164
215279
39148
86033
81075
89825
137498
234661
126450
10308
16730
171049
148275
178597
93182
154917
87968
123516
82853
242268
198335
215654
185414
231284
28129
147025
129961
69223
24683
117879
4205
248145
167976
106963
215608
228975
122138
193153
82191
12210
72617
134775
220222
189145
157343
228478
226849
55117
196430
145418
132568
18838
87811
27088
180499
243098
148697
112750
101038
228642
91269
223239
73695
132645
65075
40697
72338
179011
121166
208835
92738
88001
207319
43667
47305
175568
146433
215250
151044
157907
191671
98892
26646
4527
139798
221060
205951
183195
53769
227399
22612
12934
211549
149071
78471
228235
165062
184981
223432
101429
189178
164433
246797
12572
33676
59272
156515
18927
20724
96784
65371
31112
61994
68122
243949
224859
112682
42902
244264
101132
125938
232838
19590
192540
237567
44323
86493
124391
210786
182552
89252
133265
12862
47910
93092
103549
132484
108505
143834
1547
177877
214611
35242
127777
241513
195791
101514
125642
126556
6742
200071
243376
71501
116849
8096
245964
226806
136189
46003
127385
35784
57371
17792
114333
207593
32661
209392
220061
100505
166589
107350
70758
154147
211601
212497
239962
146837
148628
34446
37396
52228
101993
55120
213260
72196
223877
96188
232037
68954
12310
116608
68412
160152
183915
34631
109004
184443
132093
142543
151287
242587
63039
101779
112572
48423
108230
33314
60578
128759
160456
240423
144168
152665
187055
18412
147116
112118
227097
72495
66927
163385
96322
213208
77508
240585
205759
183319
217395
179852
5251
50227
99799
50048
19520
131593
79660
167559
193611
156157
189747
231172
206525
50710
223106
235921
65513
201538
10690
29632
59828
54341
82185
196782
31178
111569
134676
95204
193309
175515
204160
129060
228192
142980
198690
139536
89191
26001
151425
37708
216204
54447
48564
193743
203169
102920
239713
31987
20396
247197
145921
136750
83480
35281
215927
1517
246872
24148
121496
239581
187647
110825
219107
65733
214402
24527
66027
234861
85916
210621
177155
35813
14521
10738
12636
104312
223782
151289
247475
65561
57529
160943
61067
132188
165
93449
38725
150559
30328
8734
79819
78714
16273
117556
227749
100564
24677
117844
26003
182643
179126
180814
243438
229768
51454
191224
112453
145906
15141
200192
77860
156197
238554
50761
204964
118271
199409
87087
27980
8347
3445
195989
34213
26107
171695
157816
176919
88085
19912
114130
184143
36786
183156
216677
129467
137646
229227
130500
28274
132389
205814
34007
88903
232568
243123
162252
73992
246518
94155
239512
70678
224188
177342
22540
163110
157608
48260
109206
243214
41490
206041
52469
144195
79084
158335
126503
135818
27196
116006
233267
164328
245934
47203
153491
240434
109662
104521
25484
104931
93497
3786
72152
154834
71242
24819
167469
238127
123102
86750
24041
220811
71266
89838
146744
101625
107809
5209
29064
203531
155845
181302
88344
32900
119817
186923
114344
187696
234469
88186
28204
185321
6052
185011
72234
83216
174156
109078
107720
165645
157448
130444
187158
127412
21756
139416
194904
200716
196964
22645
235384
173938
41483
89069
121798
143754
218593
223392
64488
216589
216734
48416
140820
44039
156923
10527
182430
26691
4010
107968
225192
60642
201747
230891
1657
29876
225913
4958
124897
70322
31371
218587
94884
39906
129187
145451
5804
114716
91645
48351
192856
140412
193767
168781
83096
83252
195624
88958
22750
222340
216390
81904
89577
153831
136128
84385
96612
230983
191614
148683
135490
178168
106213
95449
1742
200473
180965
124970
102897
208500
137655
45879
17424
115062
225845
65893
233843
45245
145847
167365
172304
192397
46992
4932
11588
61159
60905
195547
129131
114193
209806
185980
49138
84840
115946
115639
198467
172150
78361
114759
105154
127055
66359
28862
216374
114307
184844
31418
92763
126774
248924
82575
145735
61519
38625
249694
102101
1285
238814
76358
115683
36603
16374
136445
106348
121631
206056
38174
132378
36900
165583
161081
58743
182097
147243
127036
244271
180100
203521
173176
92178
78995
142781
44902
98559
226232
24769
4631
79296
165498
39020
75888
249412
121232
112948
212593
40851
178038
150737
132864
171516
65653
150839
91007
142656
146270
83862
29625
184993
71913
97464
206718
192421
52858
27334
116977
128353
182775
9611
37303
30317
92203
151348
232437
231834
188779
207253
219703
150941
218335
49866
127024
198163
153574
229882
164509
44739
161149
69484
215932
206048
2981
224379
114522
85562
37633
62080
198351
43891
152069
242142
122269
71613
170596
55839
134076
29334
196731
132957
107568
105131
100495
136290
90644
52981
90277
96984
82702
24646
100301
184986
11784
44173
173342
237707
151831
126701
238017
2441
16614
90895
238356
78787
218864
145172
8570
61826
27473
99281
164288
192519
247975
147537
240110
223914
180473
93691
171982
182995
215822
191593
10989
38394
178604
41742
184216
44919
76825
92201
236800
166022
21454
52897
117043
25468
158207
26796
209528
18662
41040
148009
207312
44932
85285
242271
129569
157474
2111
221201
241167
135601
33761
65846
108959
140202
103261
133750
58717
79982
13063
13569
144915
88180
206692
3981
123730
207681
64280
191117
148819
83857
85120
192138
164290
72913
203875
57357
248370
100346
121189
51646
224137
94124
122342
48290
174363
55409
161462
206862
247123
172972
146779
87826
38740
90996
180994
84714
152996
152604
77476
82222
42938
110367
247976
142509
70017
79423
20750
128171
216688
81741
152626
154879
229695
165944
242983
127018
20095
85856
13090
241151
36851
101727
139113
222223
235632
148806
222607
92343
48176
56153
78126
238279
4343
25291
157014
79364
93235
131897
241373
108829
194831
188456
96960
13039
88324
94414
139852
152760
226652
130556
117343
175342
237217
216945
105771
114536
189012
178284
136537
206729
16333
178531
213167
137282
146006
115355
18644
153645
73541
139667
89675
196449
123259
87625
135732
41933
93433
161582
246608
57926
26785
10662
153193
207024
114120
60187
84424
70373
70621
219042
190822
110879
238481
71120
51518
124191
138327
198926
61635
140909
15370
140118
110061
8357
215985
66810
196772
139344
65170
197594
182413
84952
130812
122859
207785
207544
208142
234912
135509
4994
7838
86339
225528
9880
17989
28913
193118
39564
25171
126736
65765
103682
198242
168214
115518
37072
199005
166335
119996
142511
144634
21161
45880
36393
133090
138242
35958
216837
172684
233083
98714
83490
53817
48312
84915
178819
128874
116170
102972
218505
193096
126000
113917
181326
122307
123599
42803
245831
243406
88830
149502
99828
2491
188487
97132
19814
42294
152496
68015
190237
196250
74591
138564
244697
104657
92866
230899
164413
58497
229559
90505
33891
228589
184241
474
102880
194101
207325
56955
118155
94719
99191
208973
95617
9832
153229
209774
17036
97195
234506
91456
212838
61493
53424
108896
111344
197110
26657
97444
174445
197824
34827
119260
59881
162290
213939
191190
152788
83178
217751
54692
100196
68057
171083
197829
219687
74267
235757
78574
82958
248386
40904
149926
177940
30965
224873
112852
39934
152575
46864
40110
100813
118823
191440
123125
143672
97343
143486
112262
65437
2901
150534
216403
45648
248357
38019
85322
96080
213080
190847
58692
51865
184562
233560
88511
24323
249689
199402
169354
196647
32755
43603
2154
230014
242539
227066
74167
57293
36463
109766
73781
152459
56076
15006
46189
88949
81999
3930
89473
47722
15943
216616
102052
145489
211724
94654
133685
81439
56477
222368
21375
56881
226677
29979
14091
190183
240824
1520
123230
58420
203746
62684
20040
188857
137358
104411
61065
91076
229119
41445
59934
176330
51538
186483
22311
51874
198850
72960
70245
130716
23967
679
73716
212334
21926
93588
202637
68443
134917
137999
18511
30123
220457
238960
54652
216551
55470
74792
241878
222237
120178
182507
99610
122760
40844
160930
192111
53811
98144
204016
221296
157239
161473
229151
59044
173654
50502
178774
63316
244130
154478
146361
234694
143863
24906
77459
57637
110892
197808
33835
177148
149827
27084
80071
26928
120842
14388
190114
141816
116108
138090
197559
191534
40538
32264
11487
26143
66758
98850
248894
73462
167200
174141
110563
113039
110566
249164
229129
163135
89979
16667
34974
161648
203625
116678
50186
21639
71286
101882
183638
69124
116554
215561
105559
90328
103335
90290
140777
126330
109357
67536
231330
183979
110612
75794
48850
74911
9176
249263
198455
39294
66764
189813
227815
121914
40612
17041
77237
47603
97205
81506
75930
134121
238547
214813
176913
17985
64841
43062
204871
248870
129506
14906
40096
121197
62103
143771
136295
57457
63641
230877
93769
51051
189764
239588
33409
96704
222808
32091
126947
11344
177656
113547
233916
161489
45472
238177
87995
201102
26751
223547
195619
102441
37495
240778
188161
117396
166824
54035
200550
150158
192745
129230
17364
225318
113216
180355
188344
123207
137895
49130
174401
132708
237073
1850
137711
88007
3547
121859
32303
178930
170057
208807
235397
22631
63398
238071
165109
62410
110743
130513
73163
71543
95104
120803
135512
194254
2390
181009
158176
32161
139415
98446
143122
23539
180019
57842
225572
136939
35053
35404
48381
221288
208208
48912
222990
150902
152545
49492
31002
200617
224267
106370
92854
11600
21372
202813
114223
36618
110860
233364
10943
140694
80257
143784
232200
156786
194732
77303
211351
210243
158849
42683
196019
186693
217637
207014
26244
86792
43320
215638
149846
59026
110838
115335
27134
119104
18168
82806
73427
139208
75130
42688
130298
17846
14912
20395
192897
204388
17379
158365
38474
126511
63147
178477
151259
139345
138768
242229
89357
181448
223641
114185
134517
129722
32713
37997
164364
124317
81827
38454
181561
155531
22483
95901
193736
153083
114701
6196
16440
96888
118231
10111
76983
42617
132449
32878
15139
24377
168607
179915
224086
80593
241995
104137
14290
122765
38914
177410
208801
163700
237878
201524
54376
147926
138008
53836
167164
27146
136324
105952
34222
37851
159371
119226
50217
76880
123445
65078
126710
149417
162954
115647
1535
126200
230671
64552
165551
156408
200434
173530
130869
172795
19065
194341
28049
227419
244297
143415
30744
61165
80452
187701
195521
4940
142286
72719
40656
113391
17725
67400
129446
163865
180935
189579
19302
188608
18992
137330
115407
243349
203856
224886
92423
173469
222071
127067
84331
167449
205879
74436
211586
149241
116391
90560
48136
175852
30179
196161
197743
168048
221699
134747
150661
27427
171111
97439
51657
2358
128200
225605
75108
108667
147703
194611
163258
212373
120678
219943
32335
144384
217712
176994
232560
81585
154180
193232
232849
28323
28162
202275
23699
131779
36210
166243
61565
138342
165495
108553
223360
183648
120643
66150
115666
9116
192450
148511
239671
217831
26432
21956
8247
170108
92241
201243
235623
241580
207494
15346
247399
155868
61435
133646
70597
154784
23260
53306
234158
28810
23093
216744
111139
116932
58751
143780
68637
182124
224540
104911
195318
23149
73396
104338
35983
168238
96459
207371
19257
186955
233727
191091
121916
238882
36593
29875
55994
137806
145791
79738
76094
221051
220420
32308
226051
213851
247185
49979
132084
151047
246302
41941
10131
222285
149103
42867
50854
20814
3619
7710
192319
196808
115818
133818
30
120669
190120
199205
204103
63575
202407
201476
222432
25366
153288
133765
229822
165691
99897
114588
33632
63146
83966
5373
53690
154291
133847
219339
95818
43675
158671
138176
155408
139356
231490
10872
36498
206629
97600
79646
169982
225610
28568
164436
185884
219121
207355
78467
4402
185657
181213
151504
157815
79096
120811
211142
98291
188415
148935
193560
149535
163102
111346
2420
5661
2050
242240
83311
66017
18885
225208
117870
245297
35645
1903
215477
168046
53404
204202
113677
72188
21694
189410
32065
75117
62389
191119
189210
94520
59343
222371
151335
87376
14257
104228
54020
75573
34918
13841
5544
214045
127841
129630
108022
152112
68669
38946
58642
86284
161961
157927
244618
124350
231063
5694
223745
110903
212459
124134
170368
180434
38480
160191
18370
202793
158660
111541
140391
178998
159271
37158
117106
55981
168039
102118
6635
206720
112112
239315
196327
156916
148514
212093
125722
32093
62905
130379
137367
86875
95356
75403
105192
210949
123282
102127
173973
58813
9883
194409
50019
145460
164553
168322
216781
85208
212563
202729
169092
140541
138435
188682
213344
142815
103827
50244
104589
167921
191649
111343
25418
130934
30411
51957
177371
244907
74849
13917
204176
195205
183529
123824
219830
229940
22690
56663
112535
191455
132847
763
61505
230095
107664
155096
26386
110739
21838
33050
126716
37773
103524
232863
125509
38907
102254
106154
45594
56079
240334
221670
172175
38913
155993
107028
7531
119043
65968
247443
93176
193576
14999
208885
193623
214260
170218
196171
185746
84431
222111
79666
96327
37017
59188
74769
8390
58120
238357
125640
109133
118386
196745
73515
210653
216333
119472
190283
64332
204212
7699
233777
203780
16509
156062
22516
247850
247142
108923
142772
61205
201420
29818
220105
163728
134927
63330
1675
171620
119211
115257
6045
143062
117763
201367
185349
146239
160442
6999
147930
47045
41403
195159
124156
233815
40397
211844
72867
28289
68389
77697
224651
112324
23695
38571
86520
45383
173246
221770
39642
85722
55491
215862
132904
99367
30783
72637
30155
69454
169665
236104
173184
187562
64510
187689
231891
40113
158127
240260
88912
243529
213869
4488
128223
182419
79739
98849
237757
199718
162044
163049
86224
42268
55921
216240
42799
200320
153436
248193
120905
139083
85836
232600
6626
25507
225045
103444
148447
73037
243741
234107
8741
28260
143008
55916
196341
223425
83522
213038
129137
140493
235323
173819
18175
152895
93535
124157
201147
10535
93373
201415
148034
38870
198068
190978
72651
194701
17280
120886
2439
71062
203952
3397
52422
82755
71674
66760
208025
136428
38820
249062
44224
198419
162159
236007
204546
60485
196007
203743
190768
121504
527
187162
139916
144549
25603
159576
82763
80780
121562
171118
49909
139630
148056
191347
241569
180247
148621
140574
118147
27186
2282
244674
134606
216967
113746
245586
115203
135033
126952
22692
93320
32385
86122
213203
7321
205791
187881
104850
45232
81997
27954
240769
105290
73732
247838
242352
203962
59662
86415
207160
228615
95672
214687
131499
57448
166394
90720
107482
113939
201808
178893
34312
78874
128105
244587
74259
44270
107507
93070
97044
246722
21257
240184
23709
45222
56899
70309
61491
183118
132215
24871
101903
60617
204121
161827
10396
212887
212779
59770
213504
228922
34578
136624
81974
48408
240006
238484
187266
216706
60448
52053
2638
152794
70429
146004
145333
187391
201893
63642
16626
220371
225746
118020
239520
133293
32008
107409
129291
143819
238399
114246
21934
190668
143592
192739
43502
148775
164142
219070
173862
97817
7004
238640
69303
121566
96938
164588
74518
108109
12135
192209
167471
83730
44308
16936
246085
130370
208185
87645
120805
231709
224157
201075
115560
184429
2490
40375
219150
67880
62432
176555
242424
1486
201591
142269
94478
189494
199452
34726
218285
59573
173596
82874
205121
88096
17273
122250
37234
73590
36027
34670
1171
45428
108576
98993
20968
118595
231381
124366
141950
236817
110204
102451
181518
90648
170862
242343
212357
54074
105316
132741
96096
126632
34655
106868
104419
14274
106632
220842
163619
168647
173354
2233
235925
52025
125457
183055
164377
42905
204808
93324
11746
92175
245010
8174
45381
2340
57880
198161
184999
67289
139641
119391
85881
7881
134466
127722
51122
173395
124007
210157
180010
79492
170339
32599
141460
156644
13929
54429
210240
195430
15819
12807
183066
55918
107624
198235
103595
135900
49495
98767
73065
164276
50026
29417
81040
230085
31208
18768
149060
225976
179688
110673
177970
122766
79744
47682
69558
35476
199880
19074
133033
170871
90161
168452
245735
43157
159068
111234
248717
148115
211705
79229
103914
179878
82578
162312
49337
157408
114580
144777
186296
115306
49602
213327
26078
247419
36116
195324
125912
93022
46286
105990
78668
196090
193509
152971
90149
58324
113788
149643
129462
44830
115385
5828
106848
140999
80278
117191
50658
15041
187629
188465
183977
248892
63350
125820
197277
59584
153779
198494
200566
77423
144087
183274
85535
220881
231969
7051
212583
125229
153308
163581
53087
107513
37939
36306
189529
138287
123014
141725
88336
206407
106166
5266
54566
178163
191838
105037
66615
103921
69768
145999
77585
159786
16544
114508
68792
229784
142034
165681
249649
240879
84827
113303
120134
2232
141909
151059
191068
148739
45356
173898
91262
194451
149882
72192
28460
94958
134153
52448
38191
219143
135554
69205
83173
123943
99222
183683
41451
165985
99669
229985
127723
79019
36940
66594
194171
212065
131280
214914
173423
189029
68880
152183
204597
179007
157111
64443
172464
189727
196252
116053
220489
30568
131010
234258
187220
86568
209845
185715
174951
65623
151936
8934
20943
64857
204833
98266
39851
85103
170305
219805
58518
67981
198668
181061
228165
194639
7569
230472
127217
17399
174855
92397
237158
124069
3616
249337
38393
13951
97788
71585
140851
203113
47322
238144
35014
78199
207855
206128
161599
69906
104897
140779
40218
110057
161036
53472
74826
29788
3667
187216
171762
123741
159079
85101
97497
149038
6123
108670
66827
128540
107402
105241
170557
16236
166965
196149
108291
91998
59922
230368
154436
237137
91126
244586
104585
200373
30695
16891
4313
108983
40939
207176
15838
125680
221899
139884
208362
193597
64855
200938
18017
122971
42493
244605
3259
114408
121710
14853
244492
129889
123860
61728
167661
89174
117492
44832
23076
111256
18025
174556
161768
230605
80205
206858
133564
185101
125785
176829
244527
230707
225478
131561
219941
199754
55586
147309
249418
58965
129834
13194
104171
100607
242484
11885
136950
106734
197991
35179
72226
181007
32966
143214
29288
182065
139027
210730
198531
91913
20345
97442
4738
83035
194784
133469
97770
115782
131778
163753
6447
178223
183704
97041
117354
228257
247759
26584
185161
215757
45636
167255
197930
50608
104277
249117
145706
170144
187591
146276
64561
112241
56054
41641
125822
182423
82123
239845
241030
223821
35161
89261
93574
229729
77845
27687
216293
204205
232314
191874
194262
49813
30885
124740
224637
23982
77487
234897
36781
147525
98899
247877
225250
6805
207994
190013
164236
238718
50278
47339
21537
101480
112734
123708
102359
173990
145952
80574
82012
152469
20421
111630
79741
1414
192827
120508
86458
198274
44172
35596
28443
240090
239896
69526
133991
56923
130260
57043
91146
141970
239031
66609
210945
152255
184453
198217
241171
132955
180054
95325
235673
179151
19799
91233
15451
215446
182261
240359
40946
129273
194126
112182
159692
212677
163902
180786
76011
153948
407
165547
109420
205853
16538
192226
218076
173758
98630
7115
25430
125521
31586
131834
215064
236651
208530
27562
245962
106439
81651
1853
113601
15564
3797
56866
49666
208615
74348
241007
162695
221680
230166
38414
128942
30388
117986
33623
109728
157538
159582
236492
74866
106853
198700
190621
72184
106532
166194
31919
120048
64607
96842
4720
215915
68618
165481
227578
76681
232419
49047
18420
45885
67371
180828
33435
215648
57700
44425
131338
146899
223790
71404
20509
114077
210209
234526
136231
133519
135067
233447
124980
170343
105225
97251
219403
168494
226838
61832
88154
69712
201902
61188
111010
175508
62518
216251
445
15728
158424
209100
215202
68851
222370
222287
153161
217649
27914
212045
57827
65926
220112
228788
64393
169009
30612
182319
143195
197206
119463
110301
69415
227179
236023
131829
164609
169356
152970
108740
204696
225066
128845
123593
5466
127567
131043
221421
105203
78185
235842
230319
76379
59622
227708
140269
105483
178051
186912
151914
59249
19117
76177
242139
71860
113005
154385
201206
192304
184617
109748
142549
202014
41589
127180
217794
98530
163950
130607
206312
222653
52852
96883
3923
5111
58141
14133
202414
67673
194489
42396
68703
28033
222251
232509
200024
158683
63049
137514
126446
6552
204671
46766
37455
157578
75799
194552
180533
212419
48602
117281
102472
12484
20681
102279
13926
205446
194862
126326
227227
106994
247364
220610
42749
79832
229846
213792
187743
40639
83528
144246
40471
214682
44685
212489
63006
170731
31740
217742
249254
12749
15764
60262
212359
67933
172121
159249
156080
196751
71315
21622
234024
73907
165344
160030
31227
198332
171908
166532
222235
2479
107070
4062
60727
133417
132597
78625
195178
215265
59950
107154
54589
53287
77679
211688
23262
92943
120630
219046
233875
87139
31959
70620
45757
201038
125333
134457
199443
184383
175329
64849
107050
218461
94410
241940
27443
12971
3069
13880
106398
18119
146370
99122
224874
202320
211343
111204
15192
128350
66402
77664
88623
48726
92677
45561
223018
4438
59660
5299
248444
196819
35165
33885
153674
59230
15168
114194
91620
13438
207211
245181
91701
249068
123374
4939
88548
96980
202218
91578
190485
15325
41500
116549
48061
139926
40651
12236
128781
105810
191305
127826
3750
178375
14211
230344
238666
179620
124638
82534
17824
26193
246611
104836
5006
175084
45292
121202
60368
176782
19549
94006
17463
2593
59895
102859
158754
215560
220971
202222
27444
101741
25859
139399
185736
223030
217221
155585
118189
123553
23991
152042
131967
109112
139259
132792
96197
236742
88316
165464
200728
21831
158134
176186
117522
145320
235839
178800
219657
27574
80999
179014
212520
226565
82612
241732
14881
71563
74143
100895
51574
120245
73136
1091
177923
105407
2911
114599
176043
42412
175602
221098
16990
190830
216289
242052
165056
166818
66861
163948
206022
48920
173745
193159
176968
179339
243815
162483
89266
109419
52592
138062
185104
37115
118445
68087
200808
104454
33895
47186
24254
62222
109663
68786
62269
209128
34513
239440
132292
153710
138760
6079
19190
54821
151055
181219
27791
18141
248815
88164
171035
102310
191116
140894
120426
126789
85145
139224
27861
135772
63591
114261
106780
105361
233497
110936
162813
154822
174168
212200
90174
28699
148787
170323
62167
156571
144989
77133
244349
188920
116114
202483
6741
14025
187110
105572
227704
24251
14223
187200
16188
160568
37535
56317
174057
246184
171863
249083
686
17711
132442
94321
103088
179337
179327
172472
110160
197379
157730
202049
52868
11642
79050
58867
125850
53196
8177
34781
241517
102997
209076
90676
110094
45140
206371
165025
57628
219156
171458
181072
120100
195111
49696
78854
196993
131542
40389
36012
185813
224564
208096
195004
41704
159620
132239
215210
46017
57499
188119
154534
32653
152775
100383
149018
29229
84194
183050
71107
4972
189707
202725
39532
104284
90679
99953
236675
36683
43160
64359
195025
197913
4495
227628
97865
196584
195965
179116
72547
80140
158096
109733
61099
40449
210685
205751
175060
199289
55330
226456
172439
140727
193215
76169
203719
211535
1013
133892
75877
47587
98233
189928
234871
144365
86230
28419
4013
225053
89633
97947
233170
30895
171417
242446
65738
193374
57545
13474
239027
145003
87306
8990
248356
218009
84246
24070
32559
166812
37340
50455
4888
108245
128764
215893
201705
205302
230565
202416
145324
246523
107365
51084
74470
134731
202376
123643
186313
122626
92472
155218
130843
214046
38418
2912
19234
191315
132123
37091
193270
176090
85628
39945
124482
172125
200493
54209
28286
58841
239347
243627
58151
47920
230240
105621
168067
138004
52601
7494
91452
170250
112891
193181
232946
38064
135044
226106
219534
33116
137496
2207
4275
55826
61628
193008
161206
63025
144477
186784
61120
140348
193466
98316
150842
201542
100296
12708
69366
75932
125169
248048
123260
104441
187702
115047
154722
74270
85876
71846
136397
211355
220000
121980
100192
185206
7832
218500
230480
222690
27392
223709
210364
155878
140876
122191
165085
117781
148630
10978
95541
15630
24307
147967
30429
225037
86596
161560
24603
166009
107570
77573
61758
93830
239182
240060
63259
99813
167752
80208
153047
162888
78741
119560
6188
242976
228835
214639
159591
25784
55801
136140
145773
239794
51733
1243
24852
123909
182548
79306
220078
47560
34336
56115
5944
126903
22826
15688
85385
170983
116218
243802
168004
33468
115971
170918
248317
32073
5146
242222
227625
185443
166733
156979
67333
186031
50701
240623
126314
161905
236063
34056
234689
211783
96483
67979
26365
79974
207471
53739
249167
96531
213086
69030
35353
31598
232666
75718
69048
41682
11884
117736
8675
132165
212597
116848
229833
57418
174785
198156
197877
198502
98357
26463
99918
155903
5106
194421
97689
167710
11038
160521
241978
66674
235701
141055
97609
10356
27850
246781
86172
23313
20435
180474
92078
102657
152976
233691
164365
180037
48040
232563
116909
216695
221548
138901
110516
56865
19812
244448
125105
218522
107135
157558
194438
128218
203888
115550
230246
171408
165590
143458
174733
196712
35276
114335
34628
241780
95865
220622
21265
120224
203232
40757
161488
242596
132577
215704
49725
238771
114913
211118
63577
739
235771
65342
240698
14856
118749
34367
69679
102001
199469
61742
175303
102242
216120
13443
202385
247208
245512
111647
161342
85855
232278
30256
238192
19239
239223
176390
28098
189377
210370
36008
16052
33032
82402
193246
144408
142968
186533
84103
194005
243556
189761
191549
79057
120575
185640
124235
205310
193087
12680
17137
117773
232174
127432
168943
24568
150555
108075
157914
112520
208448
44941
228090
542
152473
82707
63441
67824
144298
196977
112861
42781
49252
106001
66878
39223
205192
81316
240367
71864
142786
96736
137848
133553
83657
69391
56371
79130
109193
38282
52703
69351
155326
237807
64566
134572
85914
134021
177670
94026
158296
81449
213744
19903
165890
71787
172468
248166
28265
242660
20537
121534
241504
49516
229309
213871
234457
133767
157522
247099
79571
183221
173426
70984
244499
146029
8066
55007
125688
12522
36337
147847
92164
182151
16233
204437
53383
28709
78266
83624
89021
53441
103078
94528
69597
236462
223535
109755
5888
186825
5104
156279
199021
118891
75745
167607
64882
161059
63958
45103
136519
235631
184710
223679
141702
203270
235117
7126
204800
224734
179627
51904
109718
100448
201781
17812
200272
73330
240346
79675
67019
184427
190681
67282
90381
31271
245067
85615
38092
68103
52418
147331
74027
84670
140558
172658
135857
245792
156592
203972
110858
240502
43439
223950
61760
215289
207650
156391
207708
30511
77380
92246
61858
163199
220719
45723
208553
132431
121435
120794
96530
132795
42921
143927
118478
209103
30690
152266
47812
147340
234631
99878
142591
244290
91953
220144
10357
217717
227683
39140
218611
81769
140880
214081
60632
132590
53127
22209
51077
148120
97150
47916
150872
142905
34087
41739
174925
66382
141000
118699
227056
17439
35599
71886
22590
161602
148476
141038
36045
15649
180603
127923
183384
174330
92455
80708
54758
162338
21150
27229
106962
243850
55396
197253
196425
52696
90851
86780
43408
91289
118468
64110
135039
19606
28252
78371
24266
3642
32783
24964
139157
188540
154735
22207
142191
180468
61277
9581
204079
11000
91825
136236
117880
234170
224010
130917
23803
31335
50250
48943
154366
183403
112333
192575
186984
4646
29285
43540
47645
62688
202181
59916
164360
9063
88751
119835
101276
173523
214485
99325
232571
15000
18822
139925
38916
37737
241572
245727
106768
177376
30897
8937
74921
46736
42776
222282
170634
181888
109834
150150
129985
181741
236251
220685
142481
94709
132147
133128
241489
188061
1817
43250
118477
17253
198144
119721
131272
189073
209943
218317
220821
112098
173977
67949
59344
120229
65417
120918
194626
144598
157327
91447
104825
52520
215112
36894
68317
4052
199313
11125
75731
118623
131466
211975
187255
117107
218219
43794
54213
2554
50098
120432
177213
186896
153157
51810
67497
193610
20289
134578
8479
132609
219404
228426
14617
194230
30800
192131
228316
170201
173637
248188
75556
91968
136690
229338
196592
84627
193852
199292
40405
64976
40430
225147
14370
98169
50613
220765
166321
17693
13257
42484
118430
119520
142534
128004
167394
198123
43144
162505
137165
202390
9371
61288
234347
7937
554
196885
96196
137942
247489
121646
75300
142406
246065
186177
61295
249183
218367
169517
34370
184662
214550
20429
77047
151353
219252
2896
225763
141051
23992
157368
131538
209624
104592
4185
209663
127564
184329
173251
71961
32022
102424
136164
65772
44184
231588
66675
97716
104928
229925
178790
232171
70168
428
97986
14253
82096
182702
148855
15714
225900
182909
71552
219279
111027
62421
26918
137104
132224
126702
190800
200096
105230
22696
180491
225307
113838
84441
5670
158902
173202
231839
153688
242695
132300
160950
212275
32623
63541
101573
130926
64383
62919
8648
67424
108506
35607
130544
7221
99140
120067
190606
169893
76053
93627
180217
177878
243101
126854
194878
59598
139569
116509
171936
183213
72563
195384
94436
226808
92867
10798
37387
91814
103217
122228
238475
4318
103575
220027
201131
22434
14748
196619
155009
163024
91582
96893
175274
201505
14741
73142
230396
140042
96160
174625
86755
167387
52424
137784
204350
15152
59170
20512
37792
107286
45833
41937
147728
80031
80671
66068
144552
111002
206080
80118
71601
126535
99854
118111
150844
247589
150167
227412
232228
14461
111206
133375
67277
104061
130731
75748
30753
70189
178436
119210
156849
30762
146808
6651
205283
232224
228319
73769
206390
2836
216337
158531
27091
176180
10952
20583
45745
105860
66089
41776
66162
30727
134398
59743
194172
231697
240355
184128
198736
219928
170659
231861
177794
241582
111034
56908
40574
190027
78105
140069
144633
172706
85900
249645
138813
4526
57804
45168
213697
52164
100061
25224
248101
174673
90017
25577
184236
130198
84847
101270
213170
145456
237663
122980
220597
120181
248010
