292
0 1
0 2
0 3
0 4
0 5
1 4
1 5
2 0
2 1
2 2
2 3
2 4
3 0
3 1
3 3
3 4
3 5
4 1
4 3
4 4
4 5
5 0
5 5
6 0
6 2
6 4
7 1
7 2
8 2
8 4
8 5
9 1
9 4
10 0
10 1
10 3
10 5
11 4
11 5
12 1
12 4
12 5
13 1
13 3
13 5
14 1
14 2
15 0
15 1
15 2
15 5
16 2
17 1
17 2
17 4
18 1
18 2
18 3
18 4
19 2
19 4
20 0
20 1
20 4
20 5
21 0
21 1
21 3
21 4
22 0
22 2
23 4
23 5
24 0
24 2
24 3
24 5
25 0
25 1
25 3
25 4
26 3
26 4
27 0
27 1
27 2
27 3
27 4
27 5
28 0
28 3
28 5
29 1
29 2
29 3
30 0
30 3
30 4
31 0
31 5
32 3
33 3
33 4
34 2
34 4
34 5
35 1
35 2
36 0
36 2
36 3
37 0
37 1
37 2
37 5
38 2
38 3
38 4
39 2
39 3
40 0
40 1
40 4
40 5
41 0
41 1
41 2
41 3
41 5
42 0
42 3
42 5
43 2
43 3
43 4
43 5
44 1
44 2
44 3
44 5
45 3
46 5
47 4
47 5
48 0
48 1
48 2
48 5
49 2
49 5
50 1
50 2
50 4
51 1
51 3
51 4
51 5
52 1
52 2
52 3
52 4
53 1
53 2
53 5
54 3
55 0
55 2
55 5
56 2
56 3
56 5
57 2
57 3
57 4
58 2
58 3
58 4
59 0
59 3
59 4
60 2
60 5
61 0
61 5
62 0
62 1
62 2
63 0
63 1
63 2
63 3
63 5
64 4
64 5
65 4
66 0
66 1
66 5
67 1
67 2
67 4
67 5
68 0
68 3
68 5
69 0
69 4
70 0
70 3
70 4
70 5
71 0
71 2
71 4
71 5
72 1
72 5
73 2
73 5
74 1
74 2
74 5
75 1
75 3
75 5
76 0
76 1
76 5
77 0
77 1
77 4
78 3
79 1
79 2
79 3
79 5
80 1
80 5
82 3
83 1
83 4
83 5
84 0
84 1
84 2
84 3
85 0
86 1
86 3
86 4
86 5
87 1
87 2
87 3
87 4
88 2
89 2
89 3
89 5
90 1
90 2
90 5
91 1
91 3
91 4
92 1
92 3
92 4
92 5
93 1
93 3
93 4
93 5
94 0
94 1
94 2
95 2
95 3
95 4
95 5
96 3
96 5
97 1
97 2
97 3
97 4
98 4
99 0
99 1
99 2
99 3
99 5
