150
0 0
0 1
0 2
0 3
0 4
0 5
4 0
4 1
4 2
4 3
4 4
4 5
8 0
8 1
8 2
8 3
8 4
8 5
12 0
12 1
12 2
12 3
12 4
12 5
16 0
16 1
16 2
16 3
16 4
16 5
20 0
20 1
20 2
20 3
20 4
20 5
24 0
24 1
24 2
24 3
24 4
24 5
28 0
28 1
28 2
28 3
28 4
28 5
32 0
32 1
32 2
32 3
32 4
32 5
36 0
36 1
36 2
36 3
36 4
36 5
40 0
40 1
40 2
40 3
40 4
40 5
44 0
44 1
44 2
44 3
44 4
44 5
48 0
48 1
48 2
48 3
48 4
48 5
52 0
52 1
52 2
52 3
52 4
52 5
56 0
56 1
56 2
56 3
56 4
56 5
60 0
60 1
60 2
60 3
60 4
60 5
64 0
64 1
64 2
64 3
64 4
64 5
68 0
68 1
68 2
68 3
68 4
68 5
72 0
72 1
72 2
72 3
72 4
72 5
76 0
76 1
76 2
76 3
76 4
76 5
80 0
80 1
80 2
80 3
80 4
80 5
84 0
84 1
84 2
84 3
84 4
84 5
88 0
88 1
88 2
88 3
88 4
88 5
92 0
92 1
92 2
92 3
92 4
92 5
96 0
96 1
96 2
96 3
96 4
96 5
