296
0 0
0 2
0 3
0 4
1 0
1 2
1 4
2 1
2 2
2 3
3 0
3 1
3 2
3 3
3 4
4 2
4 3
5 1
5 3
5 5
6 0
6 5
7 2
7 4
8 2
8 4
8 5
9 3
9 4
10 0
10 1
10 3
10 5
11 0
11 3
12 0
12 3
12 4
12 5
13 0
13 1
13 2
13 4
13 5
14 0
14 1
15 2
15 4
15 5
16 0
16 3
16 4
17 1
17 4
17 5
18 3
18 5
21 0
21 1
21 5
22 3
22 5
23 1
23 3
23 4
24 0
24 2
24 3
25 0
25 1
25 2
25 3
25 4
25 5
27 1
27 2
27 5
28 0
28 1
28 2
28 4
29 0
29 4
29 5
30 0
30 3
30 5
31 3
31 4
31 5
32 2
32 3
32 4
32 5
33 1
33 2
33 5
34 1
34 5
35 3
35 4
35 5
36 0
36 1
36 3
36 4
36 5
37 0
37 2
37 3
37 4
37 5
38 0
38 1
38 2
39 0
39 1
40 2
40 3
40 4
40 5
42 0
42 2
42 3
42 4
43 3
43 4
44 1
44 2
45 0
45 1
45 3
45 5
46 0
46 1
46 2
46 3
46 5
47 0
47 3
47 4
47 5
48 0
48 1
48 2
49 1
49 4
50 1
50 3
50 5
51 0
51 1
51 2
51 3
51 4
52 0
52 1
52 2
52 3
54 0
54 1
54 3
54 4
55 0
55 4
56 1
56 2
56 4
57 0
57 1
57 4
57 5
58 1
58 3
59 2
59 4
60 0
60 1
60 2
61 1
61 3
61 4
62 0
62 1
62 2
62 4
62 5
63 0
63 4
64 2
64 3
64 4
65 0
65 2
65 5
66 2
66 3
67 1
67 4
67 5
68 0
68 1
69 2
69 3
69 5
70 4
70 5
71 1
72 1
72 2
72 3
73 0
73 1
73 3
73 4
73 5
74 1
74 3
74 4
75 0
75 3
76 2
77 1
77 2
77 5
78 0
78 1
78 2
78 4
79 0
79 3
80 1
80 2
81 4
81 5
82 0
82 1
82 2
83 0
83 2
83 3
83 4
83 5
84 2
84 3
85 0
85 3
85 4
85 5
86 2
86 4
87 1
87 2
87 3
87 4
87 5
88 0
88 3
89 1
89 3
89 4
89 5
90 0
90 3
90 4
90 5
91 2
91 3
91 5
92 2
92 3
93 2
93 3
93 5
94 0
94 1
94 2
94 3
94 4
95 0
95 1
95 2
95 3
95 4
95 5
96 2
97 1
97 2
97 3
97 4
98 1
98 2
98 3
98 5
99 0
99 4
