341
0 0
0 1
0 2
0 4
0 5
1 0
1 1
1 2
1 3
2 1
2 2
3 0
3 4
3 5
4 0
4 4
5 0
5 4
6 3
6 5
7 1
7 5
8 0
8 4
9 0
9 1
9 3
10 0
10 2
10 3
11 3
11 4
11 5
12 0
12 1
12 3
12 5
13 1
13 4
14 1
14 2
14 4
15 0
15 1
15 4
16 0
16 3
16 5
17 0
17 1
17 2
17 5
18 1
18 2
18 3
18 4
19 1
19 2
19 5
20 0
20 1
20 2
20 3
20 4
20 5
21 1
21 5
22 0
22 1
22 2
22 4
22 5
23 0
23 3
23 4
23 5
24 1
24 2
24 3
24 4
24 5
25 0
25 3
25 4
25 5
26 2
26 4
27 1
27 3
27 4
27 5
28 1
28 4
29 0
29 3
29 4
29 5
30 0
30 1
30 2
30 4
30 5
31 0
31 1
31 4
32 2
32 4
32 5
33 0
33 1
33 2
33 4
33 5
34 1
34 3
34 4
34 5
35 0
35 1
35 4
35 5
36 0
36 2
36 3
36 4
37 0
37 2
37 3
37 4
37 5
38 2
38 5
39 0
39 2
40 0
40 2
40 4
41 0
41 1
41 4
41 5
42 0
42 1
42 2
42 4
42 5
43 0
43 4
43 5
44 0
44 1
44 4
45 0
45 4
45 5
46 1
46 3
46 4
46 5
47 0
47 2
47 3
48 0
48 3
48 4
48 5
49 0
49 2
49 3
49 4
49 5
50 0
50 1
50 2
50 3
50 4
50 5
51 3
51 5
52 0
52 1
52 2
53 0
53 1
53 3
53 4
54 0
54 4
55 2
56 1
56 4
56 5
57 0
57 1
57 2
57 3
57 4
58 3
58 4
59 0
59 1
59 2
60 0
60 1
60 2
60 3
60 4
61 0
61 1
61 2
61 5
62 0
62 2
62 3
63 0
63 1
63 2
63 3
63 4
64 2
64 3
65 2
65 3
66 1
66 2
66 3
67 2
67 4
68 1
68 2
68 3
68 4
69 0
69 2
69 3
69 5
70 2
70 3
70 4
71 1
71 2
71 3
72 0
72 2
72 4
73 1
73 5
74 0
74 2
74 3
74 4
74 5
75 0
75 1
75 2
75 3
75 4
76 0
76 4
76 5
77 0
77 2
77 4
77 5
78 3
78 4
78 5
79 0
79 1
79 2
80 0
80 1
80 3
80 4
80 5
81 2
81 3
81 4
82 0
82 2
82 4
83 2
83 5
84 1
84 2
84 3
84 4
84 5
85 1
85 3
85 5
86 1
86 3
86 4
86 5
87 0
87 4
87 5
88 1
88 2
88 4
88 5
89 0
89 3
89 5
90 2
90 3
90 4
90 5
91 1
91 3
91 4
92 2
92 3
92 4
92 5
93 0
93 1
93 2
94 0
94 1
94 2
94 3
95 0
95 2
95 3
95 4
96 1
96 2
96 5
97 2
97 5
98 0
98 1
98 2
98 5
99 1
99 2
99 3
99 4
99 5
