8757642 10 1932
253619 5072374
1924 38475
89196 1783914
204617 4092332
306791 6135818
397144 7942876
417457 8349135
276232 5524636
95620 1912397
222569 4451380
277028 5540555
6310 126192
430327 8606540
203289 4065771
321429 6428576
196195 3923892
321258 6425151
313420 6268391
53912 1078237
265114 5302274
42970 859398
212531 4250620
379266 7585312
49693 993852
133843 2676858
421147 8422938
224876 4497519
32373 647457
201769 4035373
52433 1048653
301061 6021211
27657 553140
127637 2552731
238372 4767431
55090 1101794
30676 613520
196875 3937499
155312 3106236
47328 946554
263213 5264259
146213 2924258
111595 2231895
431297 8625935
231689 4633778
370725 7414494
70537 1410735
198190 3963798
432919 8658373
315341 6306813
366961 7339218
353886 7077720
91265 1825299
417383 8347657
8036 160713
93634 1872680
372790 7455800
215620 4312395
387548 7750956
239705 4794100
313692 6273838
139459 2789173
179097 3581931
63395 1267895
201570 4031396
55658 1113160
132386 2647715
423221 8464417
232360 4647196
148358 2967151
94783 1895660
219574 4391471
332341 6646811
38128 762554
33849 676978
203138 4062751
365267 7305335
369464 7389273
330110 6602200
308737 6174733
431466 8629315
221067 4421338
102834 2056673
191042 3820837
363985 7279691
236058 4721154
150434 3008677
412502 8250035
153189 3063778
312907 6258136
18533 370659
284071 5681417
150142 3002837
254690 5093794
397106 7942111
270719 5414377
332861 6657217
44818 896355
286247 5724939
191022 3820438
339016 6780311
95230 1904598
342124 6842476
107636 2152715
254429 5088575
184481 3689613
194648 3892956
119909 2398180
49603 992056
437206 8744120
27967 559336
332872 6657438
289181 5783611
161401 3228018
150386 3007719
202363 4047257
279411 5588219
273941 5478819
245361 4907216
153826 3076515
206631 4132616
294130 5882597
101752 2035034
309211 6184216
12712 254239
5677 113533
150691 3013820
149812 2996238
201821 4036415
208804 4176076
362836 7256715
365352 7307038
239321 4786418
185599 3711979
57117 1142334
63671 1273416
218550 4370994
246578 4931554
43359 867176
229054 4581075
360581 7211613
123886 2477720
202830 4056593
35824 716477
118204 2364077
92257 1845139
381988 7639759
250116 5002317
78295 1565893
291332 5826631
283876 5677514
108299 2165980
191912 3838235
240278 4805560
248731 4974614
255814 5116274
18557 371133
334456 6689116
136001 2720015
227919 4558376
116674 2333474
2295 45897
221375 4427495
413056 8261117
378600 7571995
7092 141832
4141 82820
61670 1233393
39157 783135
411269 8225379
91684 1833677
369893 7397859
54173 1083456
254725 5094497
341241 6824815
20820 416397
90068 1801358
40629 812577
248448 4968951
46553 931056
117131 2342617
187355 3747091
435878 8717559
388398 7767954
183936 3678713
272338 5446759
194845 3896897
208100 4161993
190721 3814414
404202 8084036
136385 2727692
76990 1539793
337014 6740273
382066 7641311
248625 4972500
225824 4516479
112325 2246499
342582 6851640
92482 1849638
108634 2172677
10978 219555
381347 7626935
274497 5489936
5670 113397
321547 6430938
140342 2806834
338185 6763693
334917 6698336
124069 2481372
144622 2892437
386175 7723494
346345 6926892
172112 3442234
151161 3023216
391811 7836220
276551 5531012
317955 6359098
331520 6630398
344181 6883620
227918 4558356
277225 5544496
50361 1007217
65980 1319595
429953 8599058
16419 328378
435297 8705934
319587 6391740
147483 2949655
433520 8670393
280819 5616380
63089 1261778
368337 7366736
317092 6341832
259003 5180059
407197 8143931
38249 764979
321370 6427396
331413 6628252
278687 5573731
270301 5406017
367225 7344495
263828 5276554
404085 8081699
300923 6018458
405120 8102396
250180 5003597
412548 8250952
214707 4294134
329481 6589613
209657 4193138
339829 6796575
266179 5323572
279484 5589678
154229 3084576
137591 2751819
252594 5051879
432800 8655996
265859 5317176
218595 4371897
308407 6168132
175327 3506538
166918 3338358
196356 3927113
284408 5688154
284334 5686673
266382 5327636
338178 6763554
332459 6649180
426602 8532032
322278 6445557
393998 7879954
433589 8671780
150178 3003555
68025 1360493
335599 6711971
377821 7556412
222471 4449415
297528 5950558
423236 8464720
269750 5394996
78515 1570291
130186 2603716
231633 4632654
403718 8074356
180774 3615480
388139 7762779
140530 2810593
27441 548816
237558 4751156
25047 500940
207289 4145772
293766 5875315
206058 4121153
1376 27519
158895 3177893
25358 507156
257207 5144131
175627 3512538
110128 2202555
330659 6613173
171300 3425992
288417 5768334
200908 4018158
45159 903171
392494 7849874
111458 2229158
296257 5925140
11668 233353
39325 786500
251203 5024057
372031 7440619
198365 3967297
176328 3526551
408623 8172457
430923 8618457
216398 4327954
255648 5112953
160060 3201196
80948 1618954
407887 8157731
206854 4137071
199505 3990091
23433 468655
85503 1710058
394525 7890497
330555 6611099
276565 5531297
379415 7588296
357178 7143556
250832 5016638
36696 733912
417344 8346876
325781 6515613
178750 3574997
383460 7669195
53789 1075772
131457 2629135
118476 2369516
36018 720358
401612 8032233
369510 7390197
222019 4440374
168652 3373039
156983 3139657
191579 3831576
410968 8219359
409363 8187252
206732 4134633
259117 5182331
426021 8520413
9503 190060
234 4678
371175 7423492
176781 3535616
73233 1464659
33481 669619
354078 7081551
126262 2525239
282869 5657376
259844 5196880
40131 802619
303819 6076378
177739 3554780
262142 5242837
343828 6876560
221977 4439534
361632 7232633
217517 4350332
59895 1197897
422149 8442972
249035 4980693
24280 485596
20505 410096
380256 7605117
410958 8219158
43175 863499
378696 7573920
81283 1625655
152218 3044353
3343 66853
49712 994238
6382 127639
65832 1316638
162725 3254499
369073 7381459
247707 4954140
269975 5399499
267388 5347752
93531 1870620
91342 1826840
132967 2659336
404944 8098877
72067 1441332
86161 1723215
265378 5307560
188527 3770540
133922 2678438
49174 983474
5244 104877
84534 1690673
312622 6252433
151530 3030597
435326 8706511
282458 5649154
263215 5264292
290636 5812720
281250 5624995
226113 4522256
354388 7087753
287285 5745691
120031 2400618
290505 5810094
41003 820053
298435 5968693
397720 7954394
73470 1469397
272890 5457797
96748 1934955
225115 4502293
280580 5611599
377254 7545075
434435 8688692
74649 1492976
221433 4428652
153415 3068295
32886 657716
212155 4243097
232596 4651912
276260 5525192
43460 869191
126152 2523035
148345 2966899
138111 2762220
144994 2899877
32113 642253
434330 8686595
37607 752137
36032 720638
354678 7093555
427073 8541451
269539 5390771
212887 4257731
108039 2160772
134268 2685353
147423 2948453
379995 7599897
258288 5165752
432300 8646000
29513 590257
61849 1236978
423528 8470558
24486 489720
25322 506439
197592 3951833
437421 8748419
432925 8658496
69562 1391237
205049 4100977
18249 364971
51447 1028937
332444 6648879
265304 5306074
199163 3983257
179924 3598477
17513 350251
45973 919454
288295 5765894
419169 8383377
406506 8130111
8525 170491
306071 6121416
100360 2007197
149830 2996592
417096 8341913
238366 4767312
32499 649978
381648 7632960
303475 6069500
347578 6951560
286032 5720636
26578 531555
324268 6485354
102049 2040979
389227 7784540
148044 2960880
169749 3394973
366603 7332055
363633 7272651
172520 3450393
366008 7320157
297476 5949513
74398 1487954
423553 8471054
372315 7446299
74764 1495275
270337 5406740
10437 208734
166784 3335673
293133 5862657
303815 6076291
362853 7257058
92506 1850115
36297 725933
77759 1555173
275446 5508913
435564 8711278
71935 1438700
283325 5666500
62863 1257251
262551 5251018
412328 8246555
116121 2322417
225541 4510819
281788 5635759
304782 6095632
120873 2417455
256984 5139671
122160 2443198
174458 3489155
329362 6587237
204374 4087479
261220 5224393
29122 582440
354760 7095196
32028 640552
338130 6762595
436837 8736740
415529 8310572
412886 8257719
366904 7338080
35010 700194
202681 4053618
207894 4157875
46607 932132
412106 8242117
99958 1999156
207033 4140660
233245 4664900
186631 3732611
391 7811
432865 8657294
298584 5971674
178005 3560100
386876 7737515
322310 6446195
353465 7069299
42488 849757
182649 3652974
304875 6097493
46887 937732
435645 8712896
236405 4728092
410995 8219891
112772 2255440
63722 1274431
143052 2861031
47884 957676
72992 1459831
385643 7712859
419624 8392474
71056 1421117
389805 7796093
53920 1078396
295566 5911319
117589 2351777
417604 8352075
413340 8266798
17827 356538
408344 8166880
156015 3120298
373371 7467416
51103 1022057
215991 4319814
437339 8746772
203185 4063698
357177 7143533
307095 6141895
411874 8237479
352975 7059494
234427 4688540
386659 7733177
217849 4356974
412313 8246255
259715 5194294
342616 6852312
351142 7022833
194090 3881800
32224 644471
13085 261695
59991 1199817
365794 7315880
222838 4456754
25521 510419
89737 1794737
248810 4976194
81633 1632654
90653 1813052
362651 7253018
45466 909319
283066 5661319
130332 2606635
27139 542771
127412 2548239
302942 6058839
311907 6238132
389896 7797912
409164 8183278
41193 823851
101487 2029731
37889 757773
193426 3868516
399804 7996075
434851 8697017
416949 8338976
324551 6491013
214480 4289597
16982 339640
417445 8348899
229954 4599077
72062 1441233
238603 4772054
189826 3796513
109522 2190434
192845 3856892
225665 4513294
108982 2179639
207979 4159576
75054 1501072
97850 1956993
378245 7564900
207574 4151474
248116 4962313
314822 6296438
44197 883940
368221 7364417
16782 335634
276410 5528191
177511 3550218
122847 2456936
91020 1820392
251016 5020312
94636 1892717
43401 868014
433029 8660576
143496 2869919
105016 2100313
173877 3477539
305315 6106296
326872 6537433
331837 6636738
386488 7729757
235827 4716540
366583 7331658
225579 4511576
207159 4143175
2107 42140
249365 4987294
276834 5536672
241153 4823058
341118 6822354
324775 6495497
376405 7528099
148818 2976357
412665 8253294
435674 8713475
121335 2426693
307563 6151253
30690 613794
343797 6875935
46935 938698
350117 7002334
168058 3361154
423094 8461874
8512 170239
426802 8536032
340105 6802095
199579 3991574
160991 3219815
218548 4370956
12673 253455
184301 3686011
386323 7726459
84875 1697499
297654 5953078
362540 7250792
251828 5036551
14864 297278
143878 2877560
194097 3881932
115991 2319813
55230 1104591
148450 2968996
276941 5538817
380671 7613412
78546 1570915
177504 3550075
124032 2480632
157683 3153654
137151 2743018
52901 1058012
212615 4252293
232558 4651152
377530 7550595
316373 6327451
411300 8225991
147239 2944777
70519 1410375
381751 7635020
27251 545016
97509 1950171
298420 5968394
341448 6828951
234935 4698691
106954 2139079
166702 3334037
311233 6224655
436414 8728276
281412 5628235
66480 1329599
138094 2761878
415471 8309411
255068 5101351
94508 1890156
49794 995876
308089 6161771
57714 1154280
384058 7681158
34890 697799
292668 5853352
394474 7889475
201130 4022591
258635 5172696
139743 2794859
348081 6961616
273490 5469796
346171 6923416
81226 1624515
356196 7123918
103262 2065232
29433 588654
198413 3968254
93703 1874055
23768 475353
59124 1182478
190165 3803298
165468 3309352
423192 8463835
261899 5237971
238948 4778959
381219 7624376
301360 6027191
21682 433633
188953 3779051
5460 109193
182519 3650373
192013 3840256
395363 7907251
135692 2713833
20554 411078
229953 4599054
264528 5290554
277706 5554112
131633 2632651
19223 384460
396668 7933357
39182 783635
274551 5491014
103676 2073519
263443 5268851
122320 2446399
416593 8331860
279947 5598938
115931 2318617
57018 1140357
164777 3295535
314177 6283536
277925 5558493
37732 754636
346996 6939919
137642 2752835
113515 2270298
387825 7756498
149567 2991334
382301 7646017
220009 4400177
296465 5929291
143231 2864618
114140 2282800
410142 8202834
205376 4107513
175696 3513919
212257 4245139
190794 3815872
293281 5865613
106475 2129497
21451 429016
246146 4922920
217744 4354874
45413 908254
231620 4632394
208010 4160194
151278 3025558
282615 5652293
417964 8359279
311598 6231957
218165 4363299
245560 4911199
409170 8183396
124818 2496358
283382 5667636
259426 5188518
59739 1194775
333894 6677873
17510 350199
131695 2633899
151733 3034651
91468 1829359
36723 734458
347841 6956816
247829 4956578
336520 6730398
176794 3535878
426382 8527635
378713 7574253
227450 4549000
29829 596573
18718 374352
206242 4124837
235611 4712213
62475 1249494
52004 1040074
253073 5061455
34418 688360
76907 1538137
83009 1660172
405279 8105574
265491 5309812
392059 7841177
158621 3172415
413867 8277334
408257 8165138
349710 6994199
236097 4721938
51960 1039200
300361 6007212
75147 1502932
181455 3629099
324120 6482394
90176 1803514
161216 3224315
115895 2317897
87283 1745657
407632 8152636
32862 657235
218211 4364217
367357 7347132
125230 2504597
388624 7772475
398655 7973096
126023 2520452
436001 8720019
410907 8218133
133818 2676359
150215 3004293
42912 858240
6519 130380
169248 3384959
302282 6045639
186941 3738816
359272 7185439
72712 1454236
403671 8073415
73911 1478216
123867 2477336
187134 3742677
398795 7975899
102363 2047255
65783 1315655
366234 7324678
404511 8090213
276026 5520511
313929 6278572
13291 265815
259684 5193679
136106 2722117
237418 4748360
283132 5662634
85870 1717392
77400 1547996
241478 4829554
156335 3126693
391561 7831211
377295 7545900
174967 3499334
26947 538933
243401 4868020
408027 8160539
206503 4130058
49720 994395
243527 4870537
17223 344460
129271 2585417
431579 8631578
242378 4847554
381392 7627839
237545 4750894
217197 4343934
365072 7301439
25205 504092
205178 4103552
36143 722855
102847 2056939
26152 523031
253695 5073896
199806 3996119
195347 3906938
2543 50855
260890 5217792
384066 7681317
34629 692578
51272 1025432
10943 218857
167207 3344138
7830 156591
198008 3960157
381766 7635317
164570 3291391
24812 496239
8410 168192
372321 7446413
344553 6891060
144528 2890553
302746 6054912
276615 5532298
390196 7803916
387950 7758993
11541 230814
287920 5758397
143422 2868431
359876 7197516
276620 5532393
46381 927615
107077 2141537
130921 2618415
179478 3589553
209353 4187055
100308 2006151
418436 8368713
348745 6974894
183679 3673580
76828 1536554
316824 6336477
244372 4887431
228896 4577917
318441 6368813
354737 7094734
118732 2374636
23383 467658
189076 3781513
47124 942477
355117 7102338
167760 3355198
239436 4788718
28645 572893
86755 1735093
113368 2267359
306416 6128311
316543 6330860
91573 1831451
336075 6721493
339152 6783040
320082 6401639
37224 744478
269201 5384020
341051 6821015
62622 1252438
125163 2503253
186241 3724818
169843 3396856
338778 6775551
271314 5426272
353410 7068197
39929 798576
63053 1261056
238787 4775732
113115 2262299
100457 2009140
336854 6737073
318585 6371696
134160 2683195
165186 3303711
132823 2656453
433632 8672632
164776 3295518
364372 7287438
288594 5771876
296613 5932258
194576 3891511
257454 5149074
97970 1959396
207686 4153718
300760 6015199
395989 7919774
33160 663198
400534 8010675
416646 8332915
895 17893
163514 3270275
269524 5390471
8563 171252
33127 662538
399129 7982578
219498 4389960
356540 7130800
184994 3699871
120743 2414852
213247 4264935
402979 8059575
292431 5848611
139781 2795616
98512 1970238
420819 8416374
46434 928674
192131 3842619
88588 1771760
15259 305176
147202 2944039
323595 6471894
396727 7934537
428558 8571158
32398 647951
9625 192491
420966 8419313
349621 6992420
348181 6963614
280957 5619131
315285 6305697
368270 7365397
238919 4778379
89149 1782974
3516 70312
359570 7191393
67802 1356036
265651 5313020
228772 4575436
149548 2990952
253750 5074995
30671 613420
406967 8139331
398861 7977220
223642 4472836
139624 2792476
334999 6699977
147947 2958934
91574 1831471
133260 2665195
55888 1117760
167252 3345037
104008 2080156
113633 2272657
317978 6359559
196485 3929696
129584 2591673
284639 5692772
120764 2415280
45410 908196
305448 6108958
240012 4800237
19908 398157
149649 2992978
347240 6944797
203960 4079194
138872 2777433
121465 2429292
299390 5987793
345364 6907276
153423 3068458
256260 5125191
356661 7133218
162988 3259760
105119 2102379
232915 4658292
182872 3657440
3916 78314
213912 4278237
372423 7448460
313087 6261734
50150 1002996
99145 1982892
125029 2500575
217692 4353833
396381 7927612
175676 3513518
293233 5864652
133675 2673500
18745 374895
40037 800738
251902 5038033
298460 5969200
27103 542051
309458 6189152
211518 4230357
417650 8353000
425134 8502672
38646 772911
159629 3192576
215749 4314974
287915 5758293
350567 7011333
182600 3651991
282602 5652034
122899 2457973
323971 6479415
39384 787673
251306 5026114
318569 6371379
191779 3835571
63453 1269051
11097 221931
378583 7571655
167349 3346978
405337 8106737
433631 8672614
322290 6445795
52281 1045614
188691 3773814
375775 7515498
408107 8162133
70434 1408676
383103 7662052
349322 6986434
7875 157492
63024 1260472
175697 3513940
169444 3388876
65384 1307672
304116 6082315
415565 8311296
398043 7960854
393640 7872799
48542 970833
118755 2375093
302137 6042737
255917 5118336
282118 5642358
222531 4450617
121674 2433478
300399 6007978
355642 7112838
119825 2396491
112441 2248818
12025 240500
117260 2345195
26851 537019
168487 3369740
225934 4518674
242970 4859393
243687 4873737
219970 4399398
15764 315271
405667 8113334
240546 4810915
186567 3731335
29309 586178
358512 7170234
353774 7075477
363575 7271495
404491 8089817
82954 1659079
233722 4674440
207421 4148418
98435 1968695
342926 6858515
210720 4214392
372880 7457598
264927 5298536
261338 5226752
269100 5381991
217380 4347598
345665 6913293
95791 1915811
137296 2745919
340713 6814254
292468 5849352
243487 4869738
305561 6111216
118407 2368139
80601 1612019
428374 8567473
394889 7897772
306077 6121539
329830 6596594
112519 2250374
295043 5900858
357104 7142072
123404 2468075
53396 1067914
372863 7457259
316188 6323757
96144 1922872
15615 312292
294890 5897792
152391 3047817
147199 2943977
27087 541737
243947 4878939
180556 3611119
144831 2896617
173440 3468798
270437 5408736
115542 2310837
51612 1032240
324635 6492695
398019 7960371
172551 3451012
31882 637640
309103 6182057
416045 8320893
276713 5534258
234663 4693259
361204 7224078
265468 5309355
156982 3139635
131137 2622734
199243 3984853
169758 3395152
266440 5328799
420866 8417311
250424 5008473
178285 3565691
241333 4826653
144638 2892757
228847 4576940
228194 4563872
102159 2043174
264118 5282359
224071 4481419
70393 1407851
256091 5121816
317705 6354094
68622 1372432
132428 2648551
384230 7684595
46678 933555
178607 3572134
291893 5837857
436337 8726735
372678 7453556
109730 2194596
390892 7817840
79515 1590297
35745 714894
127032 2540631
63664 1273273
76238 1524760
388880 7777598
390058 7801151
136862 2737238
61081 1221618
237864 4757278
419986 8399712
264864 5297280
394426 7888511
199013 3980257
138835 2776699
11477 229535
219939 4398771
187774 3755476
321449 6428974
323472 6469440
283669 5673380
333081 6661613
95492 1909840
325508 6510159
53640 1072794
204625 4092497
66043 1320852
136375 2727495
358198 7163958
71136 1422720
68955 1379093
92859 1857176
136298 2725958
123062 2461234
195994 3919879
292455 5849097
26499 529973
408064 8161274
111092 2221835
4560049 496217
8240715 2550563
2305717 598393
8267601 7169118
8197322 2670921
596778 2206682
6629536 6420666
7496719 5930639
5539562 3452029
3424516 2416722
7673910 442625
8383118 179250
7921797 5942189
1064284 1380183
1240458 2149571
810442 4765166
8166581 322858
3902012 2088024
4566705 7991643
1748805 4968788
4342041 3642263
2396269 2554743
4991393 1984348
5256321 3329637
6430397 874311
3602375 1849371
4980811 5732320
1123708 6107683
1144608 3813567
60118 4849555
6396188 2488701
3926830 4002439
6179678 5222079
5089957 2044320
1861331 743824
227674 8475226
4619337 8496410
5139126 4594537
7402418 8408373
5434719 1922426
3733305 8050449
5434042 802557
4794534 558248
1759378 2020257
6578956 4411562
2752377 1745766
7353273 4882460
1013518 7002247
8665541 4805493
1451115 6686932
5026386 70165
6692363 5457957
1806647 7099679
3171864 4118803
500707 5295698
2946572 3246245
1894974 5278129
1095485 2860291
4224154 2652778
3932379 4674865
298345 4215451
7854930 4971648
4285003 7617547
3248545 6268114
527736 2517788
320327 1811836
5726834 6363568
3271864 6072298
8605200 4187909
1841919 1217005
3556828 3770745
8252153 4520087
6410737 6315150
4772951 82935
4496685 1557424
3084676 4331061
8152475 8108118
4368508 4062513
2318777 5381268
7436091 1595519
852420 3707474
920594 6538957
6554239 5062544
3418670 227381
3413193 8746947
6881126 659122
8019083 3369522
415584 3125389
3136642 2912844
2421460 341655
1402695 7780981
5796778 3400154
5273065 1174336
8379173 7497467
7704365 3439792
5630986 982997
878548 7678981
1687461 5740916
7458406 6438581
1263769 4933132
8338098 5174787
133273 7706054
5448566 2510407
7440467 2967111
5073678 3863958
3703074 3466788
7868457 3417110
1637685 182394
6322653 7239714
2314772 2611139
8443970 8161251
5168847 4074443
4311432 7474712
4841068 6806179
6784608 1676684
7909180 1682261
4173405 7173975
4841750 1790222
7497568 423622
2438396 2241394
2388803 2383895
4422673 3821726
1896200 5393575
5878042 410059
5847765 3982580
3058025 1842640
4792229 6101027
7566861 2072174
8293863 7800940
6308791 86008
7089451 6393812
3598743 2620197
4211565 2179353
6564806 3706014
2333073 34342
1173307 3204561
8093833 329957
6968600 5607077
6252165 5470293
5148364 4747193
8080388 1587470
92701 7091458
3298869 1257065
3948279 1904421
560688 6209142
1590132 519293
6935446 8237889
3241350 5005321
6539563 2245224
6716701 7568445
8703985 4633846
8021963 8172383
6093692 2063993
8504250 2579932
725736 1087802
5804476 3057747
8604137 3922681
4142035 2162757
1690662 7629421
3362009 8255032
7121174 4845954
6863232 5557164
3561105 8669252
1975011 131770
714682 8128656
79950 1233781
1892527 4517403
1096831 6761362
740049 7552854
8361816 1759910
4792507 3241248
8564181 6434356
6208304 2450083
1120241 591124
1754225 2702445
8721546 888818
874937 5349281
1267818 5646336
4865741 5490508
2665465 4388727
8091482 6753394
3616163 4952748
1725396 1695628
454408 2835805
4544861 311122
3877787 6265138
4912012 8082892
7387786 5881275
6245779 8108322
717864 7009806
813840 5001431
1019658 848819
1283886 1945157
2195272 5741426
6951805 1524848
3624744 7937134
7661464 3940216
5672997 5898253
6791482 5360183
6204145 3449244
7391779 8486113
4670690 7752843
8466006 4195619
2958283 4141817
7068895 5277004
1272850 4066467
5436026 5141471
7527383 8666092
3443221 345414
955263 6629124
7508846 1143039
3549340 764932
6230613 1636515
8106859 6362061
2364640 1075263
6613489 7189169
7758024 1293725
6741810 3032230
2082875 4199819
3806896 8532064
1663217 4947126
4739937 188838
2572255 6386045
2290603 5358059
7622671 3299699
6133044 5138266
5181061 5172739
2700380 5843816
3802045 3914820
7033121 1199448
2551894 2605949
1797520 5124879
1524589 4758238
2092577 5460762
2311362 3829051
8256678 8685498
3785023 6665174
1762453 5068146
4668770 3993259
852150 6085422
3545587 4384068
7626328 6892011
4038320 145737
7755950 2240549
4407260 4916802
5584707 7892015
4976055 7308808
3740219 4118124
8377172 6826811
3163750 7784365
5362935 4082345
1063242 6038938
6276714 6160959
4631166 4260527
8611742 1407510
304499 7838709
6128384 7088382
4480331 6340913
764786 1251267
2975087 7653129
7401750 7476948
5750180 6715374
1628591 5010344
2998741 7197799
3736057 228687
667237 1292925
5372828 8685768
5023083 5957209
7770692 2540939
2101146 6225807
1845473 2921211
8501790 1671228
7161520 1170767
4912459 1962174
4148793 8520733
1370908 1123764
1485572 5579970
7701370 3553894
1302383 3392508
8386346 7081065
773755 7401706
79026 7586801
3390993 8165524
2076968 4874483
1060805 4025401
1788341 4612922
3515653 7131437
2293709 6419918
3848957 3908788
5902991 1615675
2840202 5372125
1585903 5134025
7249597 4695117
7316446 163925
7930323 7478021
726758 5272059
4522704 2038025
7663204 3812620
1834060 8209691
3160085 1200835
8648653 7906071
1272641 6011958
8175636 2627124
784464 3838048
3942155 2660689
4089960 558965
1379204 3196937
3514562 3874635
4166880 8370722
8168334 3572296
5756937 1421175
5551703 3119400
4705136 6654571
6141483 3001600
8513109 775615
1781532 3910745
7851096 2450045
5564048 6470398
8605723 513606
3589394 8241559
290546 7278973
6049902 694199
6194647 8672442
7814969 6751206
837297 809296
7559636 5291121
7317426 7897305
3280041 6460761
218610 582945
2363320 246111
5635439 5117271
6451192 997508
937869 3925133
3546893 1230102
1995758 2004132
2122154 2659011
3707327 4467974
4450359 1196781
6491035 4007710
2732769 5466865
3801922 6627978
230461 3701160
1439827 7288547
2173158 8089007
1836937 7840769
4357738 8037242
1116138 5352987
4246633 5533649
2934758 7092495
1225997 1824087
6964166 8691668
6798716 8324759
5753339 4530075
4828498 1918295
5328314 7136127
4742868 7290695
1920453 591113
6021176 2021333
1348678 306144
7525462 2279002
4520451 2985627
5778145 7063970
5239187 4352257
4505945 7312816
8289301 8696949
7158280 4208998
7369805 712720
1557436 4995003
5778147 7902705
2918952 4654643
4646324 7343157
8718459 509147
1602363 2700261
6798562 1728593
727221 5468107
5091568 2739498
2116634 6769717
7665598 6785008
4793426 7319825
3515120 6789788
4615438 8474703
2527695 3457878
8620779 6449483
5506996 6292893
7421227 3345706
1553281 7181061
1690820 3413707
8134745 6675362
8186119 6390240
5400447 2182409
3075909 70677
5887804 7560589
4595498 5641760
5841494 7865046
1408084 2274377
609609 1923773
7591874 2381225
2548603 2989166
3407338 3183131
5722340 2504735
456976 5636485
352094 1848650
4329374 7694745
2176977 8511078
5193599 152386
8682954 8288999
5800028 1117592
1085020 832029
3293142 4911460
4563967 1371275
7059134 7068464
8158218 1817232
1941057 3938737
2759467 4298499
3384181 2705682
3849426 3764078
130341 5773447
6731250 5778650
859488 5069452
595423 5725282
8587220 6426794
739330 7617314
2025957 6030596
4487343 4928593
3601653 6505214
613896 2805041
1063459 6486069
7089665 3715811
8169577 4809984
309419 8016791
5407852 1226995
6064626 3521667
1628099 7381265
4998454 3419501
8184204 2297528
3664623 5529334
5629103 3042311
4649803 8149370
1391592 3024920
7656250 7210288
5206967 8315079
8128765 71204
2479770 4022368
1173884 4532510
6990368 2472962
7941853 2556269
2007911 6694140
6946631 4484981
1996210 5378682
8384833 2807538
8201450 5715434
4221377 4748863
4853123 213779
5183301 6021301
6650624 1510108
5930726 1321762
902916 8582734
2252823 5264949
3170818 3963490
4733145 2882884
6379821 8364448
2823812 1206452
1349240 2622341
1555227 7834684
1425428 2719285
679764 3630784
261608 8054611
6705595 5742683
814358 812301
5962391 8408814
4805360 7804192
1664829 1644889
8744507 120652
7460291 5699254
7192265 6774217
7547942 822900
4927589 4123972
1791613 3940529
1557258 208894
7969045 491327
973787 1348670
3278821 152334
4084823 5137703
4380185 1316653
6265497 1002809
6344809 7750676
2268788 7827927
1761871 2357884
8431756 7369067
4436525 4420614
5744059 5888453
2798446 4252880
377553 6800219
4578276 8482649
2346911 8166725
4825991 3417270
8431218 874693
1303261 7984920
965429 6987192
765067 448626
2979047 4332455
381344 7205754
4730600 6976362
8734786 6641608
6510583 8536635
1017387 6411277
5556534 7513081
1137178 7803211
2667011 3193152
2416544 8260543
4301221 7784557
2829172 8077228
157716 4419898
4988348 891721
8553227 4964636
6155613 1288114
3535702 8571511
3932283 6773482
701742 4688380
1038235 6744498
4217491 493218
3164224 8236515
3055123 4761728
7668425 5704565
1610129 3017285
4052027 3089887
201930 7303036
1760416 1844155
5366110 1996982
1949716 8703655
5352891 891301
5845802 5359227
4053174 697796
676026 2489857
7409452 8310202
3076061 7976194
7797792 2384720
4975512 6155966
5768510 6205067
8034484 5949207
1298269 240586
4976850 1535875
6066460 8095868
1138300 437067
3348237 4016798
8227137 3886878
6454517 2464760
2641467 8366021
2185037 3083968
7239479 2050198
4370935 4233417
1710882 1254083
2663615 3097487
6772124 740704
4731906 5612385
386464 6727869
5111696 6255662
4838943 5713189
7450078 1708670
3358448 7291739
5218560 1826543
7606545 3235574
2651704 1553092
1215887 4087977
5661726 732512
4520691 3651308
5446326 3030342
4054363 1765254
55906 2810860
3567330 1505885
8313818 1992181
5168820 4130946
2339760 6976354
2038485 4794811
2288280 6113793
3062639 4530172
7289501 1948698
6851279 4970894
2672107 1091190
8097241 219004
6650078 8321766
7030427 2399585
4568237 784983
2133890 6824363
7156438 90838
3814129 3429318
439484 2954380
2188744 6604826
4730168 3359027
7133308 6694178
1522141 380457
6045112 6309937
4351903 4106484
2855546 114581
1454468 8542318
1590113 2082623
4550593 1567225
5160794 8410440
5713061 3741254
3406479 5174486
4752162 65245
6210413 6392964
3565183 1990218
7263252 4305347
5783795 2371087
6044689 6211396
5693686 7567015
1151928 4902653
4619926 2717497
4080052 3316139
5973133 2789852
6534234 6667257
439847 5495490
7376076 1706276
8306618 2758920
4986981 3273418
2518591 8541546
7054087 5767725
4080980 229814
5970627 4408741
2928746 7943224
3102280 732981
8369473 8126542
2050903 1181175
672184 829083
3744855 7371660
1280826 1478955
6882085 8568233
5721461 6575575
6529307 2171156
6006541 1576297
1402146 3845983
6899918 3447578
4841212 2060946
5779687 6932302
4972704 6237278
2990912 365784
6736891 7953620
1018177 5912126
6868510 7391378
2969910 4056066
8396504 4523524
5123655 8418683
8534169 8706252
