10000000 3333334 3000
1 4998500
1 4998501
1 4998502
1 4998503
1 4998504
1 4998505
1 4998506
1 4998507
1 4998508
1 4998509
1 4998510
1 4998511
1 4998512
1 4998513
1 4998514
1 4998515
1 4998516
1 4998517
1 4998518
1 4998519
1 4998520
1 4998521
1 4998522
1 4998523
1 4998524
1 4998525
1 4998526
1 4998527
1 4998528
1 4998529
1 4998530
1 4998531
1 4998532
1 4998533
1 4998534
1 4998535
1 4998536
1 4998537
1 4998538
1 4998539
1 4998540
1 4998541
1 4998542
1 4998543
1 4998544
1 4998545
1 4998546
1 4998547
1 4998548
1 4998549
1 4998550
1 4998551
1 4998552
1 4998553
1 4998554
1 4998555
1 4998556
1 4998557
1 4998558
1 4998559
1 4998560
1 4998561
1 4998562
1 4998563
1 4998564
1 4998565
1 4998566
1 4998567
1 4998568
1 4998569
1 4998570
1 4998571
1 4998572
1 4998573
1 4998574
1 4998575
1 4998576
1 4998577
1 4998578
1 4998579
1 4998580
1 4998581
1 4998582
1 4998583
1 4998584
1 4998585
1 4998586
1 4998587
1 4998588
1 4998589
1 4998590
1 4998591
1 4998592
1 4998593
1 4998594
1 4998595
1 4998596
1 4998597
1 4998598
1 4998599
1 4998600
1 4998601
1 4998602
1 4998603
1 4998604
1 4998605
1 4998606
1 4998607
1 4998608
1 4998609
1 4998610
1 4998611
1 4998612
1 4998613
1 4998614
1 4998615
1 4998616
1 4998617
1 4998618
1 4998619
1 4998620
1 4998621
1 4998622
1 4998623
1 4998624
1 4998625
1 4998626
1 4998627
1 4998628
1 4998629
1 4998630
1 4998631
1 4998632
1 4998633
1 4998634
1 4998635
1 4998636
1 4998637
1 4998638
1 4998639
1 4998640
1 4998641
1 4998642
1 4998643
1 4998644
1 4998645
1 4998646
1 4998647
1 4998648
1 4998649
1 4998650
1 4998651
1 4998652
1 4998653
1 4998654
1 4998655
1 4998656
1 4998657
1 4998658
1 4998659
1 4998660
1 4998661
1 4998662
1 4998663
1 4998664
1 4998665
1 4998666
1 4998667
1 4998668
1 4998669
1 4998670
1 4998671
1 4998672
1 4998673
1 4998674
1 4998675
1 4998676
1 4998677
1 4998678
1 4998679
1 4998680
1 4998681
1 4998682
1 4998683
1 4998684
1 4998685
1 4998686
1 4998687
1 4998688
1 4998689
1 4998690
1 4998691
1 4998692
1 4998693
1 4998694
1 4998695
1 4998696
1 4998697
1 4998698
1 4998699
1 4998700
1 4998701
1 4998702
1 4998703
1 4998704
1 4998705
1 4998706
1 4998707
1 4998708
1 4998709
1 4998710
1 4998711
1 4998712
1 4998713
1 4998714
1 4998715
1 4998716
1 4998717
1 4998718
1 4998719
1 4998720
1 4998721
1 4998722
1 4998723
1 4998724
1 4998725
1 4998726
1 4998727
1 4998728
1 4998729
1 4998730
1 4998731
1 4998732
1 4998733
1 4998734
1 4998735
1 4998736
1 4998737
1 4998738
1 4998739
1 4998740
1 4998741
1 4998742
1 4998743
1 4998744
1 4998745
1 4998746
1 4998747
1 4998748
1 4998749
1 4998750
1 4998751
1 4998752
1 4998753
1 4998754
1 4998755
1 4998756
1 4998757
1 4998758
1 4998759
1 4998760
1 4998761
1 4998762
1 4998763
1 4998764
1 4998765
1 4998766
1 4998767
1 4998768
1 4998769
1 4998770
1 4998771
1 4998772
1 4998773
1 4998774
1 4998775
1 4998776
1 4998777
1 4998778
1 4998779
1 4998780
1 4998781
1 4998782
1 4998783
1 4998784
1 4998785
1 4998786
1 4998787
1 4998788
1 4998789
1 4998790
1 4998791
1 4998792
1 4998793
1 4998794
1 4998795
1 4998796
1 4998797
1 4998798
1 4998799
1 4998800
1 4998801
1 4998802
1 4998803
1 4998804
1 4998805
1 4998806
1 4998807
1 4998808
1 4998809
1 4998810
1 4998811
1 4998812
1 4998813
1 4998814
1 4998815
1 4998816
1 4998817
1 4998818
1 4998819
1 4998820
1 4998821
1 4998822
1 4998823
1 4998824
1 4998825
1 4998826
1 4998827
1 4998828
1 4998829
1 4998830
1 4998831
1 4998832
1 4998833
1 4998834
1 4998835
1 4998836
1 4998837
1 4998838
1 4998839
1 4998840
1 4998841
1 4998842
1 4998843
1 4998844
1 4998845
1 4998846
1 4998847
1 4998848
1 4998849
1 4998850
1 4998851
1 4998852
1 4998853
1 4998854
1 4998855
1 4998856
1 4998857
1 4998858
1 4998859
1 4998860
1 4998861
1 4998862
1 4998863
1 4998864
1 4998865
1 4998866
1 4998867
1 4998868
1 4998869
1 4998870
1 4998871
1 4998872
1 4998873
1 4998874
1 4998875
1 4998876
1 4998877
1 4998878
1 4998879
1 4998880
1 4998881
1 4998882
1 4998883
1 4998884
1 4998885
1 4998886
1 4998887
1 4998888
1 4998889
1 4998890
1 4998891
1 4998892
1 4998893
1 4998894
1 4998895
1 4998896
1 4998897
1 4998898
1 4998899
1 4998900
1 4998901
1 4998902
1 4998903
1 4998904
1 4998905
1 4998906
1 4998907
1 4998908
1 4998909
1 4998910
1 4998911
1 4998912
1 4998913
1 4998914
1 4998915
1 4998916
1 4998917
1 4998918
1 4998919
1 4998920
1 4998921
1 4998922
1 4998923
1 4998924
1 4998925
1 4998926
1 4998927
1 4998928
1 4998929
1 4998930
1 4998931
1 4998932
1 4998933
1 4998934
1 4998935
1 4998936
1 4998937
1 4998938
1 4998939
1 4998940
1 4998941
1 4998942
1 4998943
1 4998944
1 4998945
1 4998946
1 4998947
1 4998948
1 4998949
1 4998950
1 4998951
1 4998952
1 4998953
1 4998954
1 4998955
1 4998956
1 4998957
1 4998958
1 4998959
1 4998960
1 4998961
1 4998962
1 4998963
1 4998964
1 4998965
1 4998966
1 4998967
1 4998968
1 4998969
1 4998970
1 4998971
1 4998972
1 4998973
1 4998974
1 4998975
1 4998976
1 4998977
1 4998978
1 4998979
1 4998980
1 4998981
1 4998982
1 4998983
1 4998984
1 4998985
1 4998986
1 4998987
1 4998988
1 4998989
1 4998990
1 4998991
1 4998992
1 4998993
1 4998994
1 4998995
1 4998996
1 4998997
1 4998998
1 4998999
1 4999000
1 4999001
1 4999002
1 4999003
1 4999004
1 4999005
1 4999006
1 4999007
1 4999008
1 4999009
1 4999010
1 4999011
1 4999012
1 4999013
1 4999014
1 4999015
1 4999016
1 4999017
1 4999018
1 4999019
1 4999020
1 4999021
1 4999022
1 4999023
1 4999024
1 4999025
1 4999026
1 4999027
1 4999028
1 4999029
1 4999030
1 4999031
1 4999032
1 4999033
1 4999034
1 4999035
1 4999036
1 4999037
1 4999038
1 4999039
1 4999040
1 4999041
1 4999042
1 4999043
1 4999044
1 4999045
1 4999046
1 4999047
1 4999048
1 4999049
1 4999050
1 4999051
1 4999052
1 4999053
1 4999054
1 4999055
1 4999056
1 4999057
1 4999058
1 4999059
1 4999060
1 4999061
1 4999062
1 4999063
1 4999064
1 4999065
1 4999066
1 4999067
1 4999068
1 4999069
1 4999070
1 4999071
1 4999072
1 4999073
1 4999074
1 4999075
1 4999076
1 4999077
1 4999078
1 4999079
1 4999080
1 4999081
1 4999082
1 4999083
1 4999084
1 4999085
1 4999086
1 4999087
1 4999088
1 4999089
1 4999090
1 4999091
1 4999092
1 4999093
1 4999094
1 4999095
1 4999096
1 4999097
1 4999098
1 4999099
1 4999100
1 4999101
1 4999102
1 4999103
1 4999104
1 4999105
1 4999106
1 4999107
1 4999108
1 4999109
1 4999110
1 4999111
1 4999112
1 4999113
1 4999114
1 4999115
1 4999116
1 4999117
1 4999118
1 4999119
1 4999120
1 4999121
1 4999122
1 4999123
1 4999124
1 4999125
1 4999126
1 4999127
1 4999128
1 4999129
1 4999130
1 4999131
1 4999132
1 4999133
1 4999134
1 4999135
1 4999136
1 4999137
1 4999138
1 4999139
1 4999140
1 4999141
1 4999142
1 4999143
1 4999144
1 4999145
1 4999146
1 4999147
1 4999148
1 4999149
1 4999150
1 4999151
1 4999152
1 4999153
1 4999154
1 4999155
1 4999156
1 4999157
1 4999158
1 4999159
1 4999160
1 4999161
1 4999162
1 4999163
1 4999164
1 4999165
1 4999166
1 4999167
1 4999168
1 4999169
1 4999170
1 4999171
1 4999172
1 4999173
1 4999174
1 4999175
1 4999176
1 4999177
1 4999178
1 4999179
1 4999180
1 4999181
1 4999182
1 4999183
1 4999184
1 4999185
1 4999186
1 4999187
1 4999188
1 4999189
1 4999190
1 4999191
1 4999192
1 4999193
1 4999194
1 4999195
1 4999196
1 4999197
1 4999198
1 4999199
1 4999200
1 4999201
1 4999202
1 4999203
1 4999204
1 4999205
1 4999206
1 4999207
1 4999208
1 4999209
1 4999210
1 4999211
1 4999212
1 4999213
1 4999214
1 4999215
1 4999216
1 4999217
1 4999218
1 4999219
1 4999220
1 4999221
1 4999222
1 4999223
1 4999224
1 4999225
1 4999226
1 4999227
1 4999228
1 4999229
1 4999230
1 4999231
1 4999232
1 4999233
1 4999234
1 4999235
1 4999236
1 4999237
1 4999238
1 4999239
1 4999240
1 4999241
1 4999242
1 4999243
1 4999244
1 4999245
1 4999246
1 4999247
1 4999248
1 4999249
1 4999250
1 4999251
1 4999252
1 4999253
1 4999254
1 4999255
1 4999256
1 4999257
1 4999258
1 4999259
1 4999260
1 4999261
1 4999262
1 4999263
1 4999264
1 4999265
1 4999266
1 4999267
1 4999268
1 4999269
1 4999270
1 4999271
1 4999272
1 4999273
1 4999274
1 4999275
1 4999276
1 4999277
1 4999278
1 4999279
1 4999280
1 4999281
1 4999282
1 4999283
1 4999284
1 4999285
1 4999286
1 4999287
1 4999288
1 4999289
1 4999290
1 4999291
1 4999292
1 4999293
1 4999294
1 4999295
1 4999296
1 4999297
1 4999298
1 4999299
1 4999300
1 4999301
1 4999302
1 4999303
1 4999304
1 4999305
1 4999306
1 4999307
1 4999308
1 4999309
1 4999310
1 4999311
1 4999312
1 4999313
1 4999314
1 4999315
1 4999316
1 4999317
1 4999318
1 4999319
1 4999320
1 4999321
1 4999322
1 4999323
1 4999324
1 4999325
1 4999326
1 4999327
1 4999328
1 4999329
1 4999330
1 4999331
1 4999332
1 4999333
1 4999334
1 4999335
1 4999336
1 4999337
1 4999338
1 4999339
1 4999340
1 4999341
1 4999342
1 4999343
1 4999344
1 4999345
1 4999346
1 4999347
1 4999348
1 4999349
1 4999350
1 4999351
1 4999352
1 4999353
1 4999354
1 4999355
1 4999356
1 4999357
1 4999358
1 4999359
1 4999360
1 4999361
1 4999362
1 4999363
1 4999364
1 4999365
1 4999366
1 4999367
1 4999368
1 4999369
1 4999370
1 4999371
1 4999372
1 4999373
1 4999374
1 4999375
1 4999376
1 4999377
1 4999378
1 4999379
1 4999380
1 4999381
1 4999382
1 4999383
1 4999384
1 4999385
1 4999386
1 4999387
1 4999388
1 4999389
1 4999390
1 4999391
1 4999392
1 4999393
1 4999394
1 4999395
1 4999396
1 4999397
1 4999398
1 4999399
1 4999400
1 4999401
1 4999402
1 4999403
1 4999404
1 4999405
1 4999406
1 4999407
1 4999408
1 4999409
1 4999410
1 4999411
1 4999412
1 4999413
1 4999414
1 4999415
1 4999416
1 4999417
1 4999418
1 4999419
1 4999420
1 4999421
1 4999422
1 4999423
1 4999424
1 4999425
1 4999426
1 4999427
1 4999428
1 4999429
1 4999430
1 4999431
1 4999432
1 4999433
1 4999434
1 4999435
1 4999436
1 4999437
1 4999438
1 4999439
1 4999440
1 4999441
1 4999442
1 4999443
1 4999444
1 4999445
1 4999446
1 4999447
1 4999448
1 4999449
1 4999450
1 4999451
1 4999452
1 4999453
1 4999454
1 4999455
1 4999456
1 4999457
1 4999458
1 4999459
1 4999460
1 4999461
1 4999462
1 4999463
1 4999464
1 4999465
1 4999466
1 4999467
1 4999468
1 4999469
1 4999470
1 4999471
1 4999472
1 4999473
1 4999474
1 4999475
1 4999476
1 4999477
1 4999478
1 4999479
1 4999480
1 4999481
1 4999482
1 4999483
1 4999484
1 4999485
1 4999486
1 4999487
1 4999488
1 4999489
1 4999490
1 4999491
1 4999492
1 4999493
1 4999494
1 4999495
1 4999496
1 4999497
1 4999498
1 4999499
1 4999500
1 4999501
1 4999502
1 4999503
1 4999504
1 4999505
1 4999506
1 4999507
1 4999508
1 4999509
1 4999510
1 4999511
1 4999512
1 4999513
1 4999514
1 4999515
1 4999516
1 4999517
1 4999518
1 4999519
1 4999520
1 4999521
1 4999522
1 4999523
1 4999524
1 4999525
1 4999526
1 4999527
1 4999528
1 4999529
1 4999530
1 4999531
1 4999532
1 4999533
1 4999534
1 4999535
1 4999536
1 4999537
1 4999538
1 4999539
1 4999540
1 4999541
1 4999542
1 4999543
1 4999544
1 4999545
1 4999546
1 4999547
1 4999548
1 4999549
1 4999550
1 4999551
1 4999552
1 4999553
1 4999554
1 4999555
1 4999556
1 4999557
1 4999558
1 4999559
1 4999560
1 4999561
1 4999562
1 4999563
1 4999564
1 4999565
1 4999566
1 4999567
1 4999568
1 4999569
1 4999570
1 4999571
1 4999572
1 4999573
1 4999574
1 4999575
1 4999576
1 4999577
1 4999578
1 4999579
1 4999580
1 4999581
1 4999582
1 4999583
1 4999584
1 4999585
1 4999586
1 4999587
1 4999588
1 4999589
1 4999590
1 4999591
1 4999592
1 4999593
1 4999594
1 4999595
1 4999596
1 4999597
1 4999598
1 4999599
1 4999600
1 4999601
1 4999602
1 4999603
1 4999604
1 4999605
1 4999606
1 4999607
1 4999608
1 4999609
1 4999610
1 4999611
1 4999612
1 4999613
1 4999614
1 4999615
1 4999616
1 4999617
1 4999618
1 4999619
1 4999620
1 4999621
1 4999622
1 4999623
1 4999624
1 4999625
1 4999626
1 4999627
1 4999628
1 4999629
1 4999630
1 4999631
1 4999632
1 4999633
1 4999634
1 4999635
1 4999636
1 4999637
1 4999638
1 4999639
1 4999640
1 4999641
1 4999642
1 4999643
1 4999644
1 4999645
1 4999646
1 4999647
1 4999648
1 4999649
1 4999650
1 4999651
1 4999652
1 4999653
1 4999654
1 4999655
1 4999656
1 4999657
1 4999658
1 4999659
1 4999660
1 4999661
1 4999662
1 4999663
1 4999664
1 4999665
1 4999666
1 4999667
1 4999668
1 4999669
1 4999670
1 4999671
1 4999672
1 4999673
1 4999674
1 4999675
1 4999676
1 4999677
1 4999678
1 4999679
1 4999680
1 4999681
1 4999682
1 4999683
1 4999684
1 4999685
1 4999686
1 4999687
1 4999688
1 4999689
1 4999690
1 4999691
1 4999692
1 4999693
1 4999694
1 4999695
1 4999696
1 4999697
1 4999698
1 4999699
1 4999700
1 4999701
1 4999702
1 4999703
1 4999704
1 4999705
1 4999706
1 4999707
1 4999708
1 4999709
1 4999710
1 4999711
1 4999712
1 4999713
1 4999714
1 4999715
1 4999716
1 4999717
1 4999718
1 4999719
1 4999720
1 4999721
1 4999722
1 4999723
1 4999724
1 4999725
1 4999726
1 4999727
1 4999728
1 4999729
1 4999730
1 4999731
1 4999732
1 4999733
1 4999734
1 4999735
1 4999736
1 4999737
1 4999738
1 4999739
1 4999740
1 4999741
1 4999742
1 4999743
1 4999744
1 4999745
1 4999746
1 4999747
1 4999748
1 4999749
1 4999750
1 4999751
1 4999752
1 4999753
1 4999754
1 4999755
1 4999756
1 4999757
1 4999758
1 4999759
1 4999760
1 4999761
1 4999762
1 4999763
1 4999764
1 4999765
1 4999766
1 4999767
1 4999768
1 4999769
1 4999770
1 4999771
1 4999772
1 4999773
1 4999774
1 4999775
1 4999776
1 4999777
1 4999778
1 4999779
1 4999780
1 4999781
1 4999782
1 4999783
1 4999784
1 4999785
1 4999786
1 4999787
1 4999788
1 4999789
1 4999790
1 4999791
1 4999792
1 4999793
1 4999794
1 4999795
1 4999796
1 4999797
1 4999798
1 4999799
1 4999800
1 4999801
1 4999802
1 4999803
1 4999804
1 4999805
1 4999806
1 4999807
1 4999808
1 4999809
1 4999810
1 4999811
1 4999812
1 4999813
1 4999814
1 4999815
1 4999816
1 4999817
1 4999818
1 4999819
1 4999820
1 4999821
1 4999822
1 4999823
1 4999824
1 4999825
1 4999826
1 4999827
1 4999828
1 4999829
1 4999830
1 4999831
1 4999832
1 4999833
1 4999834
1 4999835
1 4999836
1 4999837
1 4999838
1 4999839
1 4999840
1 4999841
1 4999842
1 4999843
1 4999844
1 4999845
1 4999846
1 4999847
1 4999848
1 4999849
1 4999850
1 4999851
1 4999852
1 4999853
1 4999854
1 4999855
1 4999856
1 4999857
1 4999858
1 4999859
1 4999860
1 4999861
1 4999862
1 4999863
1 4999864
1 4999865
1 4999866
1 4999867
1 4999868
1 4999869
1 4999870
1 4999871
1 4999872
1 4999873
1 4999874
1 4999875
1 4999876
1 4999877
1 4999878
1 4999879
1 4999880
1 4999881
1 4999882
1 4999883
1 4999884
1 4999885
1 4999886
1 4999887
1 4999888
1 4999889
1 4999890
1 4999891
1 4999892
1 4999893
1 4999894
1 4999895
1 4999896
1 4999897
1 4999898
1 4999899
1 4999900
1 4999901
1 4999902
1 4999903
1 4999904
1 4999905
1 4999906
1 4999907
1 4999908
1 4999909
1 4999910
1 4999911
1 4999912
1 4999913
1 4999914
1 4999915
1 4999916
1 4999917
1 4999918
1 4999919
1 4999920
1 4999921
1 4999922
1 4999923
1 4999924
1 4999925
1 4999926
1 4999927
1 4999928
1 4999929
1 4999930
1 4999931
1 4999932
1 4999933
1 4999934
1 4999935
1 4999936
1 4999937
1 4999938
1 4999939
1 4999940
1 4999941
1 4999942
1 4999943
1 4999944
1 4999945
1 4999946
1 4999947
1 4999948
1 4999949
1 4999950
1 4999951
1 4999952
1 4999953
1 4999954
1 4999955
1 4999956
1 4999957
1 4999958
1 4999959
1 4999960
1 4999961
1 4999962
1 4999963
1 4999964
1 4999965
1 4999966
1 4999967
1 4999968
1 4999969
1 4999970
1 4999971
1 4999972
1 4999973
1 4999974
1 4999975
1 4999976
1 4999977
1 4999978
1 4999979
1 4999980
1 4999981
1 4999982
1 4999983
1 4999984
1 4999985
1 4999986
1 4999987
1 4999988
1 4999989
1 4999990
1 4999991
1 4999992
1 4999993
1 4999994
1 4999995
1 4999996
1 4999997
1 4999998
1 4999999
1 5000000
1 5000001
1 5000002
1 5000003
1 5000004
1 5000005
1 5000006
1 5000007
1 5000008
1 5000009
1 5000010
1 5000011
1 5000012
1 5000013
1 5000014
1 5000015
1 5000016
1 5000017
1 5000018
1 5000019
1 5000020
1 5000021
1 5000022
1 5000023
1 5000024
1 5000025
1 5000026
1 5000027
1 5000028
1 5000029
1 5000030
1 5000031
1 5000032
1 5000033
1 5000034
1 5000035
1 5000036
1 5000037
1 5000038
1 5000039
1 5000040
1 5000041
1 5000042
1 5000043
1 5000044
1 5000045
1 5000046
1 5000047
1 5000048
1 5000049
1 5000050
1 5000051
1 5000052
1 5000053
1 5000054
1 5000055
1 5000056
1 5000057
1 5000058
1 5000059
1 5000060
1 5000061
1 5000062
1 5000063
1 5000064
1 5000065
1 5000066
1 5000067
1 5000068
1 5000069
1 5000070
1 5000071
1 5000072
1 5000073
1 5000074
1 5000075
1 5000076
1 5000077
1 5000078
1 5000079
1 5000080
1 5000081
1 5000082
1 5000083
1 5000084
1 5000085
1 5000086
1 5000087
1 5000088
1 5000089
1 5000090
1 5000091
1 5000092
1 5000093
1 5000094
1 5000095
1 5000096
1 5000097
1 5000098
1 5000099
1 5000100
1 5000101
1 5000102
1 5000103
1 5000104
1 5000105
1 5000106
1 5000107
1 5000108
1 5000109
1 5000110
1 5000111
1 5000112
1 5000113
1 5000114
1 5000115
1 5000116
1 5000117
1 5000118
1 5000119
1 5000120
1 5000121
1 5000122
1 5000123
1 5000124
1 5000125
1 5000126
1 5000127
1 5000128
1 5000129
1 5000130
1 5000131
1 5000132
1 5000133
1 5000134
1 5000135
1 5000136
1 5000137
1 5000138
1 5000139
1 5000140
1 5000141
1 5000142
1 5000143
1 5000144
1 5000145
1 5000146
1 5000147
1 5000148
1 5000149
1 5000150
1 5000151
1 5000152
1 5000153
1 5000154
1 5000155
1 5000156
1 5000157
1 5000158
1 5000159
1 5000160
1 5000161
1 5000162
1 5000163
1 5000164
1 5000165
1 5000166
1 5000167
1 5000168
1 5000169
1 5000170
1 5000171
1 5000172
1 5000173
1 5000174
1 5000175
1 5000176
1 5000177
1 5000178
1 5000179
1 5000180
1 5000181
1 5000182
1 5000183
1 5000184
1 5000185
1 5000186
1 5000187
1 5000188
1 5000189
1 5000190
1 5000191
1 5000192
1 5000193
1 5000194
1 5000195
1 5000196
1 5000197
1 5000198
1 5000199
1 5000200
1 5000201
1 5000202
1 5000203
1 5000204
1 5000205
1 5000206
1 5000207
1 5000208
1 5000209
1 5000210
1 5000211
1 5000212
1 5000213
1 5000214
1 5000215
1 5000216
1 5000217
1 5000218
1 5000219
1 5000220
1 5000221
1 5000222
1 5000223
1 5000224
1 5000225
1 5000226
1 5000227
1 5000228
1 5000229
1 5000230
1 5000231
1 5000232
1 5000233
1 5000234
1 5000235
1 5000236
1 5000237
1 5000238
1 5000239
1 5000240
1 5000241
1 5000242
1 5000243
1 5000244
1 5000245
1 5000246
1 5000247
1 5000248
1 5000249
1 5000250
1 5000251
1 5000252
1 5000253
1 5000254
1 5000255
1 5000256
1 5000257
1 5000258
1 5000259
1 5000260
1 5000261
1 5000262
1 5000263
1 5000264
1 5000265
1 5000266
1 5000267
1 5000268
1 5000269
1 5000270
1 5000271
1 5000272
1 5000273
1 5000274
1 5000275
1 5000276
1 5000277
1 5000278
1 5000279
1 5000280
1 5000281
1 5000282
1 5000283
1 5000284
1 5000285
1 5000286
1 5000287
1 5000288
1 5000289
1 5000290
1 5000291
1 5000292
1 5000293
1 5000294
1 5000295
1 5000296
1 5000297
1 5000298
1 5000299
1 5000300
1 5000301
1 5000302
1 5000303
1 5000304
1 5000305
1 5000306
1 5000307
1 5000308
1 5000309
1 5000310
1 5000311
1 5000312
1 5000313
1 5000314
1 5000315
1 5000316
1 5000317
1 5000318
1 5000319
1 5000320
1 5000321
1 5000322
1 5000323
1 5000324
1 5000325
1 5000326
1 5000327
1 5000328
1 5000329
1 5000330
1 5000331
1 5000332
1 5000333
1 5000334
1 5000335
1 5000336
1 5000337
1 5000338
1 5000339
1 5000340
1 5000341
1 5000342
1 5000343
1 5000344
1 5000345
1 5000346
1 5000347
1 5000348
1 5000349
1 5000350
1 5000351
1 5000352
1 5000353
1 5000354
1 5000355
1 5000356
1 5000357
1 5000358
1 5000359
1 5000360
1 5000361
1 5000362
1 5000363
1 5000364
1 5000365
1 5000366
1 5000367
1 5000368
1 5000369
1 5000370
1 5000371
1 5000372
1 5000373
1 5000374
1 5000375
1 5000376
1 5000377
1 5000378
1 5000379
1 5000380
1 5000381
1 5000382
1 5000383
1 5000384
1 5000385
1 5000386
1 5000387
1 5000388
1 5000389
1 5000390
1 5000391
1 5000392
1 5000393
1 5000394
1 5000395
1 5000396
1 5000397
1 5000398
1 5000399
1 5000400
1 5000401
1 5000402
1 5000403
1 5000404
1 5000405
1 5000406
1 5000407
1 5000408
1 5000409
1 5000410
1 5000411
1 5000412
1 5000413
1 5000414
1 5000415
1 5000416
1 5000417
1 5000418
1 5000419
1 5000420
1 5000421
1 5000422
1 5000423
1 5000424
1 5000425
1 5000426
1 5000427
1 5000428
1 5000429
1 5000430
1 5000431
1 5000432
1 5000433
1 5000434
1 5000435
1 5000436
1 5000437
1 5000438
1 5000439
1 5000440
1 5000441
1 5000442
1 5000443
1 5000444
1 5000445
1 5000446
1 5000447
1 5000448
1 5000449
1 5000450
1 5000451
1 5000452
1 5000453
1 5000454
1 5000455
1 5000456
1 5000457
1 5000458
1 5000459
1 5000460
1 5000461
1 5000462
1 5000463
1 5000464
1 5000465
1 5000466
1 5000467
1 5000468
1 5000469
1 5000470
1 5000471
1 5000472
1 5000473
1 5000474
1 5000475
1 5000476
1 5000477
1 5000478
1 5000479
1 5000480
1 5000481
1 5000482
1 5000483
1 5000484
1 5000485
1 5000486
1 5000487
1 5000488
1 5000489
1 5000490
1 5000491
1 5000492
1 5000493
1 5000494
1 5000495
1 5000496
1 5000497
1 5000498
1 5000499
1 5000500
1 5000501
1 5000502
1 5000503
1 5000504
1 5000505
1 5000506
1 5000507
1 5000508
1 5000509
1 5000510
1 5000511
1 5000512
1 5000513
1 5000514
1 5000515
1 5000516
1 5000517
1 5000518
1 5000519
1 5000520
1 5000521
1 5000522
1 5000523
1 5000524
1 5000525
1 5000526
1 5000527
1 5000528
1 5000529
1 5000530
1 5000531
1 5000532
1 5000533
1 5000534
1 5000535
1 5000536
1 5000537
1 5000538
1 5000539
1 5000540
1 5000541
1 5000542
1 5000543
1 5000544
1 5000545
1 5000546
1 5000547
1 5000548
1 5000549
1 5000550
1 5000551
1 5000552
1 5000553
1 5000554
1 5000555
1 5000556
1 5000557
1 5000558
1 5000559
1 5000560
1 5000561
1 5000562
1 5000563
1 5000564
1 5000565
1 5000566
1 5000567
1 5000568
1 5000569
1 5000570
1 5000571
1 5000572
1 5000573
1 5000574
1 5000575
1 5000576
1 5000577
1 5000578
1 5000579
1 5000580
1 5000581
1 5000582
1 5000583
1 5000584
1 5000585
1 5000586
1 5000587
1 5000588
1 5000589
1 5000590
1 5000591
1 5000592
1 5000593
1 5000594
1 5000595
1 5000596
1 5000597
1 5000598
1 5000599
1 5000600
1 5000601
1 5000602
1 5000603
1 5000604
1 5000605
1 5000606
1 5000607
1 5000608
1 5000609
1 5000610
1 5000611
1 5000612
1 5000613
1 5000614
1 5000615
1 5000616
1 5000617
1 5000618
1 5000619
1 5000620
1 5000621
1 5000622
1 5000623
1 5000624
1 5000625
1 5000626
1 5000627
1 5000628
1 5000629
1 5000630
1 5000631
1 5000632
1 5000633
1 5000634
1 5000635
1 5000636
1 5000637
1 5000638
1 5000639
1 5000640
1 5000641
1 5000642
1 5000643
1 5000644
1 5000645
1 5000646
1 5000647
1 5000648
1 5000649
1 5000650
1 5000651
1 5000652
1 5000653
1 5000654
1 5000655
1 5000656
1 5000657
1 5000658
1 5000659
1 5000660
1 5000661
1 5000662
1 5000663
1 5000664
1 5000665
1 5000666
1 5000667
1 5000668
1 5000669
1 5000670
1 5000671
1 5000672
1 5000673
1 5000674
1 5000675
1 5000676
1 5000677
1 5000678
1 5000679
1 5000680
1 5000681
1 5000682
1 5000683
1 5000684
1 5000685
1 5000686
1 5000687
1 5000688
1 5000689
1 5000690
1 5000691
1 5000692
1 5000693
1 5000694
1 5000695
1 5000696
1 5000697
1 5000698
1 5000699
1 5000700
1 5000701
1 5000702
1 5000703
1 5000704
1 5000705
1 5000706
1 5000707
1 5000708
1 5000709
1 5000710
1 5000711
1 5000712
1 5000713
1 5000714
1 5000715
1 5000716
1 5000717
1 5000718
1 5000719
1 5000720
1 5000721
1 5000722
1 5000723
1 5000724
1 5000725
1 5000726
1 5000727
1 5000728
1 5000729
1 5000730
1 5000731
1 5000732
1 5000733
1 5000734
1 5000735
1 5000736
1 5000737
1 5000738
1 5000739
1 5000740
1 5000741
1 5000742
1 5000743
1 5000744
1 5000745
1 5000746
1 5000747
1 5000748
1 5000749
1 5000750
1 5000751
1 5000752
1 5000753
1 5000754
1 5000755
1 5000756
1 5000757
1 5000758
1 5000759
1 5000760
1 5000761
1 5000762
1 5000763
1 5000764
1 5000765
1 5000766
1 5000767
1 5000768
1 5000769
1 5000770
1 5000771
1 5000772
1 5000773
1 5000774
1 5000775
1 5000776
1 5000777
1 5000778
1 5000779
1 5000780
1 5000781
1 5000782
1 5000783
1 5000784
1 5000785
1 5000786
1 5000787
1 5000788
1 5000789
1 5000790
1 5000791
1 5000792
1 5000793
1 5000794
1 5000795
1 5000796
1 5000797
1 5000798
1 5000799
1 5000800
1 5000801
1 5000802
1 5000803
1 5000804
1 5000805
1 5000806
1 5000807
1 5000808
1 5000809
1 5000810
1 5000811
1 5000812
1 5000813
1 5000814
1 5000815
1 5000816
1 5000817
1 5000818
1 5000819
1 5000820
1 5000821
1 5000822
1 5000823
1 5000824
1 5000825
1 5000826
1 5000827
1 5000828
1 5000829
1 5000830
1 5000831
1 5000832
1 5000833
1 5000834
1 5000835
1 5000836
1 5000837
1 5000838
1 5000839
1 5000840
1 5000841
1 5000842
1 5000843
1 5000844
1 5000845
1 5000846
1 5000847
1 5000848
1 5000849
1 5000850
1 5000851
1 5000852
1 5000853
1 5000854
1 5000855
1 5000856
1 5000857
1 5000858
1 5000859
1 5000860
1 5000861
1 5000862
1 5000863
1 5000864
1 5000865
1 5000866
1 5000867
1 5000868
1 5000869
1 5000870
1 5000871
1 5000872
1 5000873
1 5000874
1 5000875
1 5000876
1 5000877
1 5000878
1 5000879
1 5000880
1 5000881
1 5000882
1 5000883
1 5000884
1 5000885
1 5000886
1 5000887
1 5000888
1 5000889
1 5000890
1 5000891
1 5000892
1 5000893
1 5000894
1 5000895
1 5000896
1 5000897
1 5000898
1 5000899
1 5000900
1 5000901
1 5000902
1 5000903
1 5000904
1 5000905
1 5000906
1 5000907
1 5000908
1 5000909
1 5000910
1 5000911
1 5000912
1 5000913
1 5000914
1 5000915
1 5000916
1 5000917
1 5000918
1 5000919
1 5000920
1 5000921
1 5000922
1 5000923
1 5000924
1 5000925
1 5000926
1 5000927
1 5000928
1 5000929
1 5000930
1 5000931
1 5000932
1 5000933
1 5000934
1 5000935
1 5000936
1 5000937
1 5000938
1 5000939
1 5000940
1 5000941
1 5000942
1 5000943
1 5000944
1 5000945
1 5000946
1 5000947
1 5000948
1 5000949
1 5000950
1 5000951
1 5000952
1 5000953
1 5000954
1 5000955
1 5000956
1 5000957
1 5000958
1 5000959
1 5000960
1 5000961
1 5000962
1 5000963
1 5000964
1 5000965
1 5000966
1 5000967
1 5000968
1 5000969
1 5000970
1 5000971
1 5000972
1 5000973
1 5000974
1 5000975
1 5000976
1 5000977
1 5000978
1 5000979
1 5000980
1 5000981
1 5000982
1 5000983
1 5000984
1 5000985
1 5000986
1 5000987
1 5000988
1 5000989
1 5000990
1 5000991
1 5000992
1 5000993
1 5000994
1 5000995
1 5000996
1 5000997
1 5000998
1 5000999
1 5001000
1 5001001
1 5001002
1 5001003
1 5001004
1 5001005
1 5001006
1 5001007
1 5001008
1 5001009
1 5001010
1 5001011
1 5001012
1 5001013
1 5001014
1 5001015
1 5001016
1 5001017
1 5001018
1 5001019
1 5001020
1 5001021
1 5001022
1 5001023
1 5001024
1 5001025
1 5001026
1 5001027
1 5001028
1 5001029
1 5001030
1 5001031
1 5001032
1 5001033
1 5001034
1 5001035
1 5001036
1 5001037
1 5001038
1 5001039
1 5001040
1 5001041
1 5001042
1 5001043
1 5001044
1 5001045
1 5001046
1 5001047
1 5001048
1 5001049
1 5001050
1 5001051
1 5001052
1 5001053
1 5001054
1 5001055
1 5001056
1 5001057
1 5001058
1 5001059
1 5001060
1 5001061
1 5001062
1 5001063
1 5001064
1 5001065
1 5001066
1 5001067
1 5001068
1 5001069
1 5001070
1 5001071
1 5001072
1 5001073
1 5001074
1 5001075
1 5001076
1 5001077
1 5001078
1 5001079
1 5001080
1 5001081
1 5001082
1 5001083
1 5001084
1 5001085
1 5001086
1 5001087
1 5001088
1 5001089
1 5001090
1 5001091
1 5001092
1 5001093
1 5001094
1 5001095
1 5001096
1 5001097
1 5001098
1 5001099
1 5001100
1 5001101
1 5001102
1 5001103
1 5001104
1 5001105
1 5001106
1 5001107
1 5001108
1 5001109
1 5001110
1 5001111
1 5001112
1 5001113
1 5001114
1 5001115
1 5001116
1 5001117
1 5001118
1 5001119
1 5001120
1 5001121
1 5001122
1 5001123
1 5001124
1 5001125
1 5001126
1 5001127
1 5001128
1 5001129
1 5001130
1 5001131
1 5001132
1 5001133
1 5001134
1 5001135
1 5001136
1 5001137
1 5001138
1 5001139
1 5001140
1 5001141
1 5001142
1 5001143
1 5001144
1 5001145
1 5001146
1 5001147
1 5001148
1 5001149
1 5001150
1 5001151
1 5001152
1 5001153
1 5001154
1 5001155
1 5001156
1 5001157
1 5001158
1 5001159
1 5001160
1 5001161
1 5001162
1 5001163
1 5001164
1 5001165
1 5001166
1 5001167
1 5001168
1 5001169
1 5001170
1 5001171
1 5001172
1 5001173
1 5001174
1 5001175
1 5001176
1 5001177
1 5001178
1 5001179
1 5001180
1 5001181
1 5001182
1 5001183
1 5001184
1 5001185
1 5001186
1 5001187
1 5001188
1 5001189
1 5001190
1 5001191
1 5001192
1 5001193
1 5001194
1 5001195
1 5001196
1 5001197
1 5001198
1 5001199
1 5001200
1 5001201
1 5001202
1 5001203
1 5001204
1 5001205
1 5001206
1 5001207
1 5001208
1 5001209
1 5001210
1 5001211
1 5001212
1 5001213
1 5001214
1 5001215
1 5001216
1 5001217
1 5001218
1 5001219
1 5001220
1 5001221
1 5001222
1 5001223
1 5001224
1 5001225
1 5001226
1 5001227
1 5001228
1 5001229
1 5001230
1 5001231
1 5001232
1 5001233
1 5001234
1 5001235
1 5001236
1 5001237
1 5001238
1 5001239
1 5001240
1 5001241
1 5001242
1 5001243
1 5001244
1 5001245
1 5001246
1 5001247
1 5001248
1 5001249
1 5001250
1 5001251
1 5001252
1 5001253
1 5001254
1 5001255
1 5001256
1 5001257
1 5001258
1 5001259
1 5001260
1 5001261
1 5001262
1 5001263
1 5001264
1 5001265
1 5001266
1 5001267
1 5001268
1 5001269
1 5001270
1 5001271
1 5001272
1 5001273
1 5001274
1 5001275
1 5001276
1 5001277
1 5001278
1 5001279
1 5001280
1 5001281
1 5001282
1 5001283
1 5001284
1 5001285
1 5001286
1 5001287
1 5001288
1 5001289
1 5001290
1 5001291
1 5001292
1 5001293
1 5001294
1 5001295
1 5001296
1 5001297
1 5001298
1 5001299
1 5001300
1 5001301
1 5001302
1 5001303
1 5001304
1 5001305
1 5001306
1 5001307
1 5001308
1 5001309
1 5001310
1 5001311
1 5001312
1 5001313
1 5001314
1 5001315
1 5001316
1 5001317
1 5001318
1 5001319
1 5001320
1 5001321
1 5001322
1 5001323
1 5001324
1 5001325
1 5001326
1 5001327
1 5001328
1 5001329
1 5001330
1 5001331
1 5001332
1 5001333
1 5001334
1 5001335
1 5001336
1 5001337
1 5001338
1 5001339
1 5001340
1 5001341
1 5001342
1 5001343
1 5001344
1 5001345
1 5001346
1 5001347
1 5001348
1 5001349
1 5001350
1 5001351
1 5001352
1 5001353
1 5001354
1 5001355
1 5001356
1 5001357
1 5001358
1 5001359
1 5001360
1 5001361
1 5001362
1 5001363
1 5001364
1 5001365
1 5001366
1 5001367
1 5001368
1 5001369
1 5001370
1 5001371
1 5001372
1 5001373
1 5001374
1 5001375
1 5001376
1 5001377
1 5001378
1 5001379
1 5001380
1 5001381
1 5001382
1 5001383
1 5001384
1 5001385
1 5001386
1 5001387
1 5001388
1 5001389
1 5001390
1 5001391
1 5001392
1 5001393
1 5001394
1 5001395
1 5001396
1 5001397
1 5001398
1 5001399
1 5001400
1 5001401
1 5001402
1 5001403
1 5001404
1 5001405
1 5001406
1 5001407
1 5001408
1 5001409
1 5001410
1 5001411
1 5001412
1 5001413
1 5001414
1 5001415
1 5001416
1 5001417
1 5001418
1 5001419
1 5001420
1 5001421
1 5001422
1 5001423
1 5001424
1 5001425
1 5001426
1 5001427
1 5001428
1 5001429
1 5001430
1 5001431
1 5001432
1 5001433
1 5001434
1 5001435
1 5001436
1 5001437
1 5001438
1 5001439
1 5001440
1 5001441
1 5001442
1 5001443
1 5001444
1 5001445
1 5001446
1 5001447
1 5001448
1 5001449
1 5001450
1 5001451
1 5001452
1 5001453
1 5001454
1 5001455
1 5001456
1 5001457
1 5001458
1 5001459
1 5001460
1 5001461
1 5001462
1 5001463
1 5001464
1 5001465
1 5001466
1 5001467
1 5001468
1 5001469
1 5001470
1 5001471
1 5001472
1 5001473
1 5001474
1 5001475
1 5001476
1 5001477
1 5001478
1 5001479
1 5001480
1 5001481
1 5001482
1 5001483
1 5001484
1 5001485
1 5001486
1 5001487
1 5001488
1 5001489
1 5001490
1 5001491
1 5001492
1 5001493
1 5001494
1 5001495
1 5001496
1 5001497
1 5001498
1 5001499
