8078651 1 2852
1 4245
2 8490
3 12735
4 16980
5 21225
6 25470
7 29715
8 33960
9 38205
10 42450
11 46695
12 50940
13 55185
14 59430
15 63675
16 67920
17 72165
18 76410
19 80655
20 84900
21 89145
22 93390
23 97635
24 101880
25 106125
26 110370
27 114615
28 118860
29 123105
30 127350
31 131595
32 135840
33 140085
34 144330
35 148575
36 152820
37 157065
38 161310
39 165555
40 169800
41 174045
42 178290
43 182535
44 186780
45 191025
46 195270
47 199515
48 203760
49 208005
50 212250
51 216495
52 220740
53 224985
54 229230
55 233475
56 237720
57 241965
58 246210
59 250455
60 254700
61 258945
62 263190
63 267435
64 271680
65 275925
66 280170
67 284415
68 288660
69 292905
70 297150
71 301395
72 305640
73 309885
74 314130
75 318375
76 322620
77 326865
78 331110
79 335355
80 339600
81 343845
82 348090
83 352335
84 356580
85 360825
86 365070
87 369315
88 373560
89 377805
90 382050
91 386295
92 390540
93 394785
94 399030
95 403275
96 407520
97 411765
98 416010
99 420255
100 424500
101 428745
102 432990
103 437235
104 441480
105 445725
106 449970
107 454215
108 458460
109 462705
110 466950
111 471195
112 475440
113 479685
114 483930
115 488175
116 492420
117 496665
118 500910
119 505155
120 509400
121 513645
122 517890
123 522135
124 526380
125 530625
126 534870
127 539115
128 543360
129 547605
130 551850
131 556095
132 560340
133 564585
134 568830
135 573075
136 577320
137 581565
138 585810
139 590055
140 594300
141 598545
142 602790
143 607035
144 611280
145 615525
146 619770
147 624015
148 628260
149 632505
150 636750
151 640995
152 645240
153 649485
154 653730
155 657975
156 662220
157 666465
158 670710
159 674955
160 679200
161 683445
162 687690
163 691935
164 696180
165 700425
166 704670
167 708915
168 713160
169 717405
170 721650
171 725895
172 730140
173 734385
174 738630
175 742875
176 747120
177 751365
178 755610
179 759855
180 764100
181 768345
182 772590
183 776835
184 781080
185 785325
186 789570
187 793815
188 798060
189 802305
190 806550
191 810795
192 815040
193 819285
194 823530
195 827775
196 832020
197 836265
198 840510
199 844755
200 849000
201 853245
202 857490
203 861735
204 865980
205 870225
206 874470
207 878715
208 882960
209 887205
210 891450
211 895695
212 899940
213 904185
214 908430
215 912675
216 916920
217 921165
218 925410
219 929655
220 933900
221 938145
222 942390
223 946635
224 950880
225 955125
226 959370
227 963615
228 967860
229 972105
230 976350
231 980595
232 984840
233 989085
234 993330
235 997575
236 1001820
237 1006065
238 1010310
239 1014555
240 1018800
241 1023045
242 1027290
243 1031535
244 1035780
245 1040025
246 1044270
247 1048515
248 1052760
249 1057005
250 1061250
251 1065495
252 1069740
253 1073985
254 1078230
255 1082475
256 1086720
257 1090965
258 1095210
259 1099455
260 1103700
261 1107945
262 1112190
263 1116435
264 1120680
265 1124925
266 1129170
267 1133415
268 1137660
269 1141905
270 1146150
271 1150395
272 1154640
273 1158885
274 1163130
275 1167375
276 1171620
277 1175865
278 1180110
279 1184355
280 1188600
281 1192845
282 1197090
283 1201335
284 1205580
285 1209825
286 1214070
287 1218315
288 1222560
289 1226805
290 1231050
291 1235295
292 1239540
293 1243785
294 1248030
295 1252275
296 1256520
297 1260765
298 1265010
299 1269255
300 1273500
301 1277745
302 1281990
303 1286235
304 1290480
305 1294725
306 1298970
307 1303215
308 1307460
309 1311705
310 1315950
311 1320195
312 1324440
313 1328685
314 1332930
315 1337175
316 1341420
317 1345665
318 1349910
319 1354155
320 1358400
321 1362645
322 1366890
323 1371135
324 1375380
325 1379625
326 1383870
327 1388115
328 1392360
329 1396605
330 1400850
331 1405095
332 1409340
333 1413585
334 1417830
335 1422075
336 1426320
337 1430565
338 1434810
339 1439055
340 1443300
341 1447545
342 1451790
343 1456035
344 1460280
345 1464525
346 1468770
347 1473015
348 1477260
349 1481505
350 1485750
351 1489995
352 1494240
353 1498485
354 1502730
355 1506975
356 1511220
357 1515465
358 1519710
359 1523955
360 1528200
361 1532445
362 1536690
363 1540935
364 1545180
365 1549425
366 1553670
367 1557915
368 1562160
369 1566405
370 1570650
371 1574895
372 1579140
373 1583385
374 1587630
375 1591875
376 1596120
377 1600365
378 1604610
379 1608855
380 1613100
381 1617345
382 1621590
383 1625835
384 1630080
385 1634325
386 1638570
387 1642815
388 1647060
389 1651305
390 1655550
391 1659795
392 1664040
393 1668285
394 1672530
395 1676775
396 1681020
397 1685265
398 1689510
399 1693755
400 1698000
401 1702245
402 1706490
403 1710735
404 1714980
405 1719225
406 1723470
407 1727715
408 1731960
409 1736205
410 1740450
411 1744695
412 1748940
413 1753185
414 1757430
415 1761675
416 1765920
417 1770165
418 1774410
419 1778655
420 1782900
421 1787145
422 1791390
423 1795635
424 1799880
425 1804125
426 1808370
427 1812615
428 1816860
429 1821105
430 1825350
431 1829595
432 1833840
433 1838085
434 1842330
435 1846575
436 1850820
437 1855065
438 1859310
439 1863555
440 1867800
441 1872045
442 1876290
443 1880535
444 1884780
445 1889025
446 1893270
447 1897515
448 1901760
449 1906005
450 1910250
451 1914495
452 1918740
453 1922985
454 1927230
455 1931475
456 1935720
457 1939965
458 1944210
459 1948455
460 1952700
461 1956945
462 1961190
463 1965435
464 1969680
465 1973925
466 1978170
467 1982415
468 1986660
469 1990905
470 1995150
471 1999395
472 2003640
473 2007885
474 2012130
475 2016375
476 2020620
477 2024865
478 2029110
479 2033355
480 2037600
481 2041845
482 2046090
483 2050335
484 2054580
485 2058825
486 2063070
487 2067315
488 2071560
489 2075805
490 2080050
491 2084295
492 2088540
493 2092785
494 2097030
495 2101275
496 2105520
497 2109765
498 2114010
499 2118255
500 2122500
501 2126745
502 2130990
503 2135235
504 2139480
505 2143725
506 2147970
507 2152215
508 2156460
509 2160705
510 2164950
511 2169195
512 2173440
513 2177685
514 2181930
515 2186175
516 2190420
517 2194665
518 2198910
519 2203155
520 2207400
521 2211645
522 2215890
523 2220135
524 2224380
525 2228625
526 2232870
527 2237115
528 2241360
529 2245605
530 2249850
531 2254095
532 2258340
533 2262585
534 2266830
535 2271075
536 2275320
537 2279565
538 2283810
539 2288055
540 2292300
541 2296545
542 2300790
543 2305035
544 2309280
545 2313525
546 2317770
547 2322015
548 2326260
549 2330505
550 2334750
551 2338995
552 2343240
553 2347485
554 2351730
555 2355975
556 2360220
557 2364465
558 2368710
559 2372955
560 2377200
561 2381445
562 2385690
563 2389935
564 2394180
565 2398425
566 2402670
567 2406915
568 2411160
569 2415405
570 2419650
571 2423895
572 2428140
573 2432385
574 2436630
575 2440875
576 2445120
577 2449365
578 2453610
579 2457855
580 2462100
581 2466345
582 2470590
583 2474835
584 2479080
585 2483325
586 2487570
587 2491815
588 2496060
589 2500305
590 2504550
591 2508795
592 2513040
593 2517285
594 2521530
595 2525775
596 2530020
597 2534265
598 2538510
599 2542755
600 2547000
601 2551245
602 2555490
603 2559735
604 2563980
605 2568225
606 2572470
607 2576715
608 2580960
609 2585205
610 2589450
611 2593695
612 2597940
613 2602185
614 2606430
615 2610675
616 2614920
617 2619165
618 2623410
619 2627655
620 2631900
621 2636145
622 2640390
623 2644635
624 2648880
625 2653125
626 2657370
627 2661615
628 2665860
629 2670105
630 2674350
631 2678595
632 2682840
633 2687085
634 2691330
635 2695575
636 2699820
637 2704065
638 2708310
639 2712555
640 2716800
641 2721045
642 2725290
643 2729535
644 2733780
645 2738025
646 2742270
647 2746515
648 2750760
649 2755005
650 2759250
651 2763495
652 2767740
653 2771985
654 2776230
655 2780475
656 2784720
657 2788965
658 2793210
659 2797455
660 2801700
661 2805945
662 2810190
663 2814435
664 2818680
665 2822925
666 2827170
667 2831415
668 2835660
669 2839905
670 2844150
671 2848395
672 2852640
673 2856885
674 2861130
675 2865375
676 2869620
677 2873865
678 2878110
679 2882355
680 2886600
681 2890845
682 2895090
683 2899335
684 2903580
685 2907825
686 2912070
687 2916315
688 2920560
689 2924805
690 2929050
691 2933295
692 2937540
693 2941785
694 2946030
695 2950275
696 2954520
697 2958765
698 2963010
699 2967255
700 2971500
701 2975745
702 2979990
703 2984235
704 2988480
705 2992725
706 2996970
707 3001215
708 3005460
709 3009705
710 3013950
711 3018195
712 3022440
713 3026685
714 3030930
715 3035175
716 3039420
717 3043665
718 3047910
719 3052155
720 3056400
721 3060645
722 3064890
723 3069135
724 3073380
725 3077625
726 3081870
727 3086115
728 3090360
729 3094605
730 3098850
731 3103095
732 3107340
733 3111585
734 3115830
735 3120075
736 3124320
737 3128565
738 3132810
739 3137055
740 3141300
741 3145545
742 3149790
743 3154035
744 3158280
745 3162525
746 3166770
747 3171015
748 3175260
749 3179505
750 3183750
751 3187995
752 3192240
753 3196485
754 3200730
755 3204975
756 3209220
757 3213465
758 3217710
759 3221955
760 3226200
761 3230445
762 3234690
763 3238935
764 3243180
765 3247425
766 3251670
767 3255915
768 3260160
769 3264405
770 3268650
771 3272895
772 3277140
773 3281385
774 3285630
775 3289875
776 3294120
777 3298365
778 3302610
779 3306855
780 3311100
781 3315345
782 3319590
783 3323835
784 3328080
785 3332325
786 3336570
787 3340815
788 3345060
789 3349305
790 3353550
791 3357795
792 3362040
793 3366285
794 3370530
795 3374775
796 3379020
797 3383265
798 3387510
799 3391755
800 3396000
801 3400245
802 3404490
803 3408735
804 3412980
805 3417225
806 3421470
807 3425715
808 3429960
809 3434205
810 3438450
811 3442695
812 3446940
813 3451185
814 3455430
815 3459675
816 3463920
817 3468165
818 3472410
819 3476655
820 3480900
821 3485145
822 3489390
823 3493635
824 3497880
825 3502125
826 3506370
827 3510615
828 3514860
829 3519105
830 3523350
831 3527595
832 3531840
833 3536085
834 3540330
835 3544575
836 3548820
837 3553065
838 3557310
839 3561555
840 3565800
841 3570045
842 3574290
843 3578535
844 3582780
845 3587025
846 3591270
847 3595515
848 3599760
849 3604005
850 3608250
851 3612495
852 3616740
853 3620985
854 3625230
855 3629475
856 3633720
857 3637965
858 3642210
859 3646455
860 3650700
861 3654945
862 3659190
863 3663435
864 3667680
865 3671925
866 3676170
867 3680415
868 3684660
869 3688905
870 3693150
871 3697395
872 3701640
873 3705885
874 3710130
875 3714375
876 3718620
877 3722865
878 3727110
879 3731355
880 3735600
881 3739845
882 3744090
883 3748335
884 3752580
885 3756825
886 3761070
887 3765315
888 3769560
889 3773805
890 3778050
891 3782295
892 3786540
893 3790785
894 3795030
895 3799275
896 3803520
897 3807765
898 3812010
899 3816255
900 3820500
901 3824745
902 3828990
903 3833235
904 3837480
905 3841725
906 3845970
907 3850215
908 3854460
909 3858705
910 3862950
911 3867195
912 3871440
913 3875685
914 3879930
915 3884175
916 3888420
917 3892665
918 3896910
919 3901155
920 3905400
921 3909645
922 3913890
923 3918135
924 3922380
925 3926625
926 3930870
927 3935115
928 3939360
929 3943605
930 3947850
931 3952095
932 3956340
933 3960585
934 3964830
935 3969075
936 3973320
937 3977565
938 3981810
939 3986055
940 3990300
941 3994545
942 3998790
943 4003035
944 4007280
945 4011525
946 4015770
947 4020015
948 4024260
949 4028505
950 4032750
951 4036995
952 4041240
953 4045485
954 4049730
955 4053975
956 4058220
957 4062465
958 4066710
959 4070955
960 4075200
961 4079445
962 4083690
963 4087935
964 4092180
965 4096425
966 4100670
967 4104915
968 4109160
969 4113405
970 4117650
971 4121895
972 4126140
973 4130385
974 4134630
975 4138875
976 4143120
977 4147365
978 4151610
979 4155855
980 4160100
981 4164345
982 4168590
983 4172835
984 4177080
985 4181325
986 4185570
987 4189815
988 4194060
989 4198305
990 4202550
991 4206795
992 4211040
993 4215285
994 4219530
995 4223775
996 4228020
997 4232265
998 4236510
999 4240755
1000 4245000
1001 4249245
1002 4253490
1003 4257735
1004 4261980
1005 4266225
1006 4270470
1007 4274715
1008 4278960
1009 4283205
1010 4287450
1011 4291695
1012 4295940
1013 4300185
1014 4304430
1015 4308675
1016 4312920
1017 4317165
1018 4321410
1019 4325655
1020 4329900
1021 4334145
1022 4338390
1023 4342635
1024 4346880
1025 4351125
1026 4355370
1027 4359615
1028 4363860
1029 4368105
1030 4372350
1031 4376595
1032 4380840
1033 4385085
1034 4389330
1035 4393575
1036 4397820
1037 4402065
1038 4406310
1039 4410555
1040 4414800
1041 4419045
1042 4423290
1043 4427535
1044 4431780
1045 4436025
1046 4440270
1047 4444515
1048 4448760
1049 4453005
1050 4457250
1051 4461495
1052 4465740
1053 4469985
1054 4474230
1055 4478475
1056 4482720
1057 4486965
1058 4491210
1059 4495455
1060 4499700
1061 4503945
1062 4508190
1063 4512435
1064 4516680
1065 4520925
1066 4525170
1067 4529415
1068 4533660
1069 4537905
1070 4542150
1071 4546395
1072 4550640
1073 4554885
1074 4559130
1075 4563375
1076 4567620
1077 4571865
1078 4576110
1079 4580355
1080 4584600
1081 4588845
1082 4593090
1083 4597335
1084 4601580
1085 4605825
1086 4610070
1087 4614315
1088 4618560
1089 4622805
1090 4627050
1091 4631295
1092 4635540
1093 4639785
1094 4644030
1095 4648275
1096 4652520
1097 4656765
1098 4661010
1099 4665255
1100 4669500
1101 4673745
1102 4677990
1103 4682235
1104 4686480
1105 4690725
1106 4694970
1107 4699215
1108 4703460
1109 4707705
1110 4711950
1111 4716195
1112 4720440
1113 4724685
1114 4728930
1115 4733175
1116 4737420
1117 4741665
1118 4745910
1119 4750155
1120 4754400
1121 4758645
1122 4762890
1123 4767135
1124 4771380
1125 4775625
1126 4779870
1127 4784115
1128 4788360
1129 4792605
1130 4796850
1131 4801095
1132 4805340
1133 4809585
1134 4813830
1135 4818075
1136 4822320
1137 4826565
1138 4830810
1139 4835055
1140 4839300
1141 4843545
1142 4847790
1143 4852035
1144 4856280
1145 4860525
1146 4864770
1147 4869015
1148 4873260
1149 4877505
1150 4881750
1151 4885995
1152 4890240
1153 4894485
1154 4898730
1155 4902975
1156 4907220
1157 4911465
1158 4915710
1159 4919955
1160 4924200
1161 4928445
1162 4932690
1163 4936935
1164 4941180
1165 4945425
1166 4949670
1167 4953915
1168 4958160
1169 4962405
1170 4966650
1171 4970895
1172 4975140
1173 4979385
1174 4983630
1175 4987875
1176 4992120
1177 4996365
1178 5000610
1179 5004855
1180 5009100
1181 5013345
1182 5017590
1183 5021835
1184 5026080
1185 5030325
1186 5034570
1187 5038815
1188 5043060
1189 5047305
1190 5051550
1191 5055795
1192 5060040
1193 5064285
1194 5068530
1195 5072775
1196 5077020
1197 5081265
1198 5085510
1199 5089755
1200 5094000
1201 5098245
1202 5102490
1203 5106735
1204 5110980
1205 5115225
1206 5119470
1207 5123715
1208 5127960
1209 5132205
1210 5136450
1211 5140695
1212 5144940
1213 5149185
1214 5153430
1215 5157675
1216 5161920
1217 5166165
1218 5170410
1219 5174655
1220 5178900
1221 5183145
1222 5187390
1223 5191635
1224 5195880
1225 5200125
1226 5204370
1227 5208615
1228 5212860
1229 5217105
1230 5221350
1231 5225595
1232 5229840
1233 5234085
1234 5238330
1235 5242575
1236 5246820
1237 5251065
1238 5255310
1239 5259555
1240 5263800
1241 5268045
1242 5272290
1243 5276535
1244 5280780
1245 5285025
1246 5289270
1247 5293515
1248 5297760
1249 5302005
1250 5306250
1251 5310495
1252 5314740
1253 5318985
1254 5323230
1255 5327475
1256 5331720
1257 5335965
1258 5340210
1259 5344455
1260 5348700
1261 5352945
1262 5357190
1263 5361435
1264 5365680
1265 5369925
1266 5374170
1267 5378415
1268 5382660
1269 5386905
1270 5391150
1271 5395395
1272 5399640
1273 5403885
1274 5408130
1275 5412375
1276 5416620
1277 5420865
1278 5425110
1279 5429355
1280 5433600
1281 5437845
1282 5442090
1283 5446335
1284 5450580
1285 5454825
1286 5459070
1287 5463315
1288 5467560
1289 5471805
1290 5476050
1291 5480295
1292 5484540
1293 5488785
1294 5493030
1295 5497275
1296 5501520
1297 5505765
1298 5510010
1299 5514255
1300 5518500
1301 5522745
1302 5526990
1303 5531235
1304 5535480
1305 5539725
1306 5543970
1307 5548215
1308 5552460
1309 5556705
1310 5560950
1311 5565195
1312 5569440
1313 5573685
1314 5577930
1315 5582175
1316 5586420
1317 5590665
1318 5594910
1319 5599155
1320 5603400
1321 5607645
1322 5611890
1323 5616135
1324 5620380
1325 5624625
1326 5628870
1327 5633115
1328 5637360
1329 5641605
1330 5645850
1331 5650095
1332 5654340
1333 5658585
1334 5662830
1335 5667075
1336 5671320
1337 5675565
1338 5679810
1339 5684055
1340 5688300
1341 5692545
1342 5696790
1343 5701035
1344 5705280
1345 5709525
1346 5713770
1347 5718015
1348 5722260
1349 5726505
1350 5730750
1351 5734995
1352 5739240
1353 5743485
1354 5747730
1355 5751975
1356 5756220
1357 5760465
1358 5764710
1359 5768955
1360 5773200
1361 5777445
1362 5781690
1363 5785935
1364 5790180
1365 5794425
1366 5798670
1367 5802915
1368 5807160
1369 5811405
1370 5815650
1371 5819895
1372 5824140
1373 5828385
1374 5832630
1375 5836875
1376 5841120
1377 5845365
1378 5849610
1379 5853855
1380 5858100
1381 5862345
1382 5866590
1383 5870835
1384 5875080
1385 5879325
1386 5883570
1387 5887815
1388 5892060
1389 5896305
1390 5900550
1391 5904795
1392 5909040
1393 5913285
1394 5917530
1395 5921775
1396 5926020
1397 5930265
1398 5934510
1399 5938755
1400 5943000
1401 5947245
1402 5951490
1403 5955735
1404 5959980
1405 5964225
1406 5968470
1407 5972715
1408 5976960
1409 5981205
1410 5985450
1411 5989695
1412 5993940
1413 5998185
1414 6002430
1415 6006675
1416 6010920
1417 6015165
1418 6019410
1419 6023655
1420 6027900
1421 6032145
1422 6036390
1423 6040635
1424 6044880
1425 6049125
1426 6053370
1427 6057615
1428 6061860
1429 6066105
1430 6070350
1431 6074595
1432 6078840
1433 6083085
1434 6087330
1435 6091575
1436 6095820
1437 6100065
1438 6104310
1439 6108555
1440 6112800
1441 6117045
1442 6121290
1443 6125535
1444 6129780
1445 6134025
1446 6138270
1447 6142515
1448 6146760
1449 6151005
1450 6155250
1451 6159495
1452 6163740
1453 6167985
1454 6172230
1455 6176475
1456 6180720
1457 6184965
1458 6189210
1459 6193455
1460 6197700
1461 6201945
1462 6206190
1463 6210435
1464 6214680
1465 6218925
1466 6223170
1467 6227415
1468 6231660
1469 6235905
1470 6240150
1471 6244395
1472 6248640
1473 6252885
1474 6257130
1475 6261375
1476 6265620
1477 6269865
1478 6274110
1479 6278355
1480 6282600
1481 6286845
1482 6291090
1483 6295335
1484 6299580
1485 6303825
1486 6308070
1487 6312315
1488 6316560
1489 6320805
1490 6325050
1491 6329295
1492 6333540
1493 6337785
1494 6342030
1495 6346275
1496 6350520
1497 6354765
1498 6359010
1499 6363255
1500 6367500
1501 6371745
1502 6375990
1503 6380235
1504 6384480
1505 6388725
1506 6392970
1507 6397215
1508 6401460
1509 6405705
1510 6409950
1511 6414195
1512 6418440
1513 6422685
1514 6426930
1515 6431175
1516 6435420
1517 6439665
1518 6443910
1519 6448155
1520 6452400
1521 6456645
1522 6460890
1523 6465135
1524 6469380
1525 6473625
1526 6477870
1527 6482115
1528 6486360
1529 6490605
1530 6494850
1531 6499095
1532 6503340
1533 6507585
1534 6511830
1535 6516075
1536 6520320
1537 6524565
1538 6528810
1539 6533055
1540 6537300
1541 6541545
1542 6545790
1543 6550035
1544 6554280
1545 6558525
1546 6562770
1547 6567015
1548 6571260
1549 6575505
1550 6579750
1551 6583995
1552 6588240
1553 6592485
1554 6596730
1555 6600975
1556 6605220
1557 6609465
1558 6613710
1559 6617955
1560 6622200
1561 6626445
1562 6630690
1563 6634935
1564 6639180
1565 6643425
1566 6647670
1567 6651915
1568 6656160
1569 6660405
1570 6664650
1571 6668895
1572 6673140
1573 6677385
1574 6681630
1575 6685875
1576 6690120
1577 6694365
1578 6698610
1579 6702855
1580 6707100
1581 6711345
1582 6715590
1583 6719835
1584 6724080
1585 6728325
1586 6732570
1587 6736815
1588 6741060
1589 6745305
1590 6749550
1591 6753795
1592 6758040
1593 6762285
1594 6766530
1595 6770775
1596 6775020
1597 6779265
1598 6783510
1599 6787755
1600 6792000
1601 6796245
1602 6800490
1603 6804735
1604 6808980
1605 6813225
1606 6817470
1607 6821715
1608 6825960
1609 6830205
1610 6834450
1611 6838695
1612 6842940
1613 6847185
1614 6851430
1615 6855675
1616 6859920
1617 6864165
1618 6868410
1619 6872655
1620 6876900
1621 6881145
1622 6885390
1623 6889635
1624 6893880
1625 6898125
1626 6902370
1627 6906615
1628 6910860
1629 6915105
1630 6919350
1631 6923595
1632 6927840
1633 6932085
1634 6936330
1635 6940575
1636 6944820
1637 6949065
1638 6953310
1639 6957555
1640 6961800
1641 6966045
1642 6970290
1643 6974535
1644 6978780
1645 6983025
1646 6987270
1647 6991515
1648 6995760
1649 7000005
1650 7004250
1651 7008495
1652 7012740
1653 7016985
1654 7021230
1655 7025475
1656 7029720
1657 7033965
1658 7038210
1659 7042455
1660 7046700
1661 7050945
1662 7055190
1663 7059435
1664 7063680
1665 7067925
1666 7072170
1667 7076415
1668 7080660
1669 7084905
1670 7089150
1671 7093395
1672 7097640
1673 7101885
1674 7106130
1675 7110375
1676 7114620
1677 7118865
1678 7123110
1679 7127355
1680 7131600
1681 7135845
1682 7140090
1683 7144335
1684 7148580
1685 7152825
1686 7157070
1687 7161315
1688 7165560
1689 7169805
1690 7174050
1691 7178295
1692 7182540
1693 7186785
1694 7191030
1695 7195275
1696 7199520
1697 7203765
1698 7208010
1699 7212255
1700 7216500
1701 7220745
1702 7224990
1703 7229235
1704 7233480
1705 7237725
1706 7241970
1707 7246215
1708 7250460
1709 7254705
1710 7258950
1711 7263195
1712 7267440
1713 7271685
1714 7275930
1715 7280175
1716 7284420
1717 7288665
1718 7292910
1719 7297155
1720 7301400
1721 7305645
1722 7309890
1723 7314135
1724 7318380
1725 7322625
1726 7326870
1727 7331115
1728 7335360
1729 7339605
1730 7343850
1731 7348095
1732 7352340
1733 7356585
1734 7360830
1735 7365075
1736 7369320
1737 7373565
1738 7377810
1739 7382055
1740 7386300
1741 7390545
1742 7394790
1743 7399035
1744 7403280
1745 7407525
1746 7411770
1747 7416015
1748 7420260
1749 7424505
1750 7428750
1751 7432995
1752 7437240
1753 7441485
1754 7445730
1755 7449975
1756 7454220
1757 7458465
1758 7462710
1759 7466955
1760 7471200
1761 7475445
1762 7479690
1763 7483935
1764 7488180
1765 7492425
1766 7496670
1767 7500915
1768 7505160
1769 7509405
1770 7513650
1771 7517895
1772 7522140
1773 7526385
1774 7530630
1775 7534875
1776 7539120
1777 7543365
1778 7547610
1779 7551855
1780 7556100
1781 7560345
1782 7564590
1783 7568835
1784 7573080
1785 7577325
1786 7581570
1787 7585815
1788 7590060
1789 7594305
1790 7598550
1791 7602795
1792 7607040
1793 7611285
1794 7615530
1795 7619775
1796 7624020
1797 7628265
1798 7632510
1799 7636755
1800 7641000
1801 7645245
1802 7649490
1803 7653735
1804 7657980
1805 7662225
1806 7666470
1807 7670715
1808 7674960
1809 7679205
1810 7683450
1811 7687695
1812 7691940
1813 7696185
1814 7700430
1815 7704675
1816 7708920
1817 7713165
1818 7717410
1819 7721655
1820 7725900
1821 7730145
1822 7734390
1823 7738635
1824 7742880
1825 7747125
1826 7751370
1827 7755615
1828 7759860
1829 7764105
1830 7768350
1831 7772595
1832 7776840
1833 7781085
1834 7785330
1835 7789575
1836 7793820
1837 7798065
1838 7802310
1839 7806555
1840 7810800
1841 7815045
1842 7819290
1843 7823535
1844 7827780
1845 7832025
1846 7836270
1847 7840515
1848 7844760
1849 7849005
1850 7853250
1851 7857495
1852 7861740
1853 7865985
1854 7870230
1855 7874475
1856 7878720
1857 7882965
1858 7887210
1859 7891455
1860 7895700
1861 7899945
1862 7904190
1863 7908435
1864 7912680
1865 7916925
1866 7921170
1867 7925415
1868 7929660
1869 7933905
1870 7938150
1871 7942395
1872 7946640
1873 7950885
1874 7955130
1875 7959375
1876 7963620
1877 7967865
1878 7972110
1879 7976355
1880 7980600
1881 7984845
1882 7989090
1883 7993335
1884 7997580
1885 8001825
1886 8006070
1887 8010315
1888 8014560
1889 8018805
1890 8023050
1891 8027295
1892 8031540
1893 8035785
1894 8040030
1895 8044275
1896 8048520
1897 8052765
1898 8057010
1899 8061255
1900 8065500
1901 8069745
1902 8073990
2229620 2467615
1112845 716396
6781875 1099936
7000962 4527302
961543 6451800
7428359 1202144
6924937 3745715
603668 1019762
4051280 318912
2626809 1751232
2238802 4143652
6890120 6593020
5310253 648856
1441095 344863
6414703 7099438
5249326 7915144
1405589 543645
1493280 3055889
5498488 7058534
4038426 2151905
7620475 4319370
6740988 2997782
5058167 390814
5315891 2849128
2872449 2794033
5701745 6497673
3777386 1820603
7950059 6270940
1075327 7451521
304924 5640790
5705115 2759441
3876909 3183480
3519637 824850
2399206 6763345
4690860 2932147
1503596 3656220
1204823 5982368
1198818 6957117
6138268 7640808
2333408 7385121
3450700 3866491
5844940 4145962
7860413 1021087
921600 91631
1743322 6872937
7284209 4547952
5084216 1359165
3308339 6026042
2110426 4781615
5559135 5793721
2909481 2355367
3275374 6708078
283139 580324
2619203 2408149
2996895 7337662
7012396 6442720
147796 8040129
1675090 7834852
3768932 3370375
7195791 1917173
1873028 1579921
4117571 2060353
7780623 168411
4001107 1265674
3397459 2103320
795621 4406451
5393079 95330
2198640 4827310
6095097 6854245
3243591 4725378
4480306 7822238
1011489 6997051
4593507 4109609
5205856 3466031
8039616 6439899
2230295 5391706
321681 6303698
878521 2499852
4148966 5341639
6615750 3573737
3791036 279922
4083989 5717150
7006548 4250536
2647005 7830669
382270 7980595
7761647 6761140
3014549 4224157
4171386 334207
540923 1894677
3268938 3899638
5801597 3271748
3087655 6501708
6141578 6888121
6444038 1639487
3981148 300997
6729568 2510139
3888914 5558101
6270064 3069004
2850315 3310701
6710091 2274983
7219562 5272871
2114812 1210421
2512643 7925507
3965166 881166
1944410 6728110
1530170 6338103
3211399 5166551
5705902 5198411
3881624 1127041
4414671 7772660
7960674 5581931
6646904 1477544
211803 7998116
6259912 7984214
6968532 2224479
5613225 3152499
7767282 6509840
7101367 3230850
1659688 3482621
5678618 2842273
5059669 6062595
3127200 1065282
3938677 6803201
3758979 2755556
2164050 3232270
675160 7533727
4972519 4818880
2813452 634995
7211547 5075809
7966829 5662422
7824781 3011126
3991367 3227890
7189763 3771008
4242555 2875849
6759532 3034167
4106267 4593331
5640 1597271
3751665 968194
5463448 6957065
2595508 1208656
3015459 7587324
1568755 811379
2214552 810640
1742207 4475702
7712452 109490
5258624 1712001
7664970 3830213
5838974 3043629
1361266 4667848
6228310 4942179
4188769 3897347
7889200 7936657
4987122 1100006
6064499 4194285
1083920 6900752
428222 1049292
5840633 2859264
6851110 203166
2421796 2364439
5236005 329563
301849 2414221
6664182 7699515
2745719 7945908
4340306 5586320
733239 7169023
6566866 14695
5955384 6067721
104251 3059409
6208970 3212981
4866651 3413553
1222282 103170
1291793 1057508
1424391 7220432
1968052 4237244
1070838 775368
1037479 6181753
447425 2034419
1592190 1331867
3473376 3100383
5138698 7718686
3963744 1257392
4963732 7145202
1213177 7448379
5299618 3879070
778959 7666952
4004749 5301849
7147168 940281
6652001 3186607
5340741 3953022
7186161 460860
5226712 1465449
3333421 1173927
4418242 4587342
3369519 1101187
6707703 3347158
3051996 5099833
4725546 7099919
6559747 3540255
5241953 4863204
587239 7631299
3820056 2108559
3849713 7911906
3465958 6396981
7347609 6356211
7819194 1809657
699393 8038867
5668344 6022265
519436 467731
2173411 2791831
7011834 6991854
1636437 3854286
8048380 1409148
3494762 7533376
1203944 1963993
3249907 3020565
2168715 3084848
5364497 2696192
5047658 2837378
7437967 3125864
6561953 2978427
8047791 4864363
7088343 7742689
6251451 6732623
627778 3693711
443379 4098401
3026891 1140710
2993437 7086792
7582751 5273175
5053163 6936347
1349772 339654
1397230 6054
1550293 1169978
389370 6924468
4943671 3280017
2459352 7198510
3846077 5210689
4357910 1673409
77581 7305407
6256453 6728894
347963 1292893
7317323 3750213
609581 7686294
5036631 4991866
4766042 51078
3736868 986732
816243 4201605
215908 8032593
4751194 4129422
492723 5229759
4655159 7374274
5777385 6761156
1937258 5373822
5290032 4981441
7665246 492138
2750535 4941332
422237 5137028
352325 4159329
3640646 6125318
3013734 6789190
1329002 3705578
7248474 5562621
6814609 3240646
815749 2282899
5966425 7466573
8071178 7906322
947375 7715621
3847320 701836
5909204 2101874
399221 373706
3158242 7026614
359951 2137617
2023504 2717225
2993172 7611480
3550552 4404616
2756922 4277331
5574961 6014284
6583731 1618417
2887302 1272355
5028667 4045874
7578541 375691
7077288 7691386
4528653 3551626
4561161 37069
3427602 6280773
2162281 234361
229352 3468021
8061177 1524858
2532985 6192796
7266276 5941023
1719282 7662574
5651369 1673782
5737074 4116403
2096821 3949027
2447441 796086
4580765 2058004
6191791 1125121
2264166 866503
2868365 4665414
6626057 5504722
7945130 7253157
1409354 4334458
7070563 4921911
7489335 1521381
1791742 6268133
7216362 2845785
2763782 4481620
4403381 6744500
2560530 3051358
456214 4092328
4550484 5921975
3076585 6487789
1010363 7066073
5075891 4020050
4486980 3161404
7384936 2699929
4434310 4767261
7074895 5378186
2927629 4748587
6215835 4648397
7623114 3258496
3805469 4051987
4671213 3564153
3537186 1688036
2375296 7604728
6781375 6735749
2426686 2401506
5012461 2210832
35726 3437543
1678350 4970513
2786421 824252
2252534 3670280
3142405 1169278
1952048 6942628
657839 7215553
8025908 822934
4738241 4117149
3044925 3265474
4109671 7703973
1456318 4143974
3749569 8051786
980718 5509613
2574845 6152860
4868451 4155517
7620656 3217995
7922168 7887595
1672840 7957406
610766 7410636
4853590 5236772
2408154 410433
4553016 5148442
5148615 3951605
4061612 6054594
4339909 6537018
1273170 6259061
3214357 6249208
4223792 7119783
5017643 6340674
3659461 5696712
1678314 2653192
5488128 738062
208977 466656
341449 4554013
1340120 3002392
3538689 2489904
2889672 3141559
2176964 1962866
1519722 7875360
6657688 88955
2895080 1201738
7467042 7768863
2500067 6401566
3504575 2244600
1090209 1151208
1964741 5581336
947289 3006181
2708330 7495426
5812394 4290698
4320800 6622545
1070282 1020836
5461398 3954052
5864391 3117588
3991190 5066982
1935049 990670
3160339 7816437
5866385 142625
6051605 5580847
7849084 2309064
5947374 24723
3900394 5745349
1853455 6722786
6675161 255664
3307828 4990952
7822584 4771344
1714521 738873
330745 2063003
3597351 6504085
7134111 3878892
8065902 7515853
6829699 1791165
7789995 1186944
4509312 2494903
6560464 6755060
1797052 4478278
3230967 4347697
7872595 4363513
802566 286547
2230260 2676212
1920383 6816823
4669863 1059649
6538020 563027
3187230 1489280
470032 3846061
4342556 6073360
891083 6926980
2154664 7042137
3833740 3400813
1938079 5094368
3169894 5082639
1192385 5021279
2370992 1083010
1789313 1480216
4821051 4543356
3470570 7768888
2611046 4556697
7776158 7664833
1173922 1953329
4001182 2571843
122860 2206303
2824421 445506
206287 3725663
4937318 5861925
7624155 5042819
3683336 1066459
1269244 3217462
1530033 7975683
698310 3301359
4007023 3721059
3855717 1595610
2286629 4807226
6041652 4262377
7925420 6761423
4581854 8033884
491481 4094725
6280416 6696625
5651506 2910494
5708839 1739245
7607771 7686174
1636434 5276105
6548233 7919613
202264 3315583
3696162 2760752
1727478 7704837
3974804 3035198
6405617 2132261
5827243 6840865
5019424 2097674
6791102 4390634
5316906 4331312
1105343 2358873
3354666 1554911
2510092 4469329
1550788 1251189
6137011 4532736
568252 2945298
635798 3724180
1988666 1247533
4206460 4029199
2775721 3982773
4407509 724284
1291836 1159350
6536865 5185565
1396551 3207234
3137165 6717406
4312693 5105070
3732575 3897830
3903115 5403499
3890725 3197947
5907822 4770780
1542512 6921919
1835969 3979326
133771 4021789
6826307 4225256
2990950 7344267
1650296 6760298
78289 2265369
4644881 4796903
6273262 2695145
4589160 5282158
7047817 1887445
6829154 6270691
2899436 4319967
1680465 7944742
6364480 3657346
2698800 186123
5345834 5724107
1775264 1712035
125246 4084430
6422775 3214027
3679297 5495697
478025 662820
2718630 3234511
2552693 467898
6795228 2640374
336418 1790420
2280819 5148963
453821 4678829
2086996 2385861
2709113 6253231
2372464 5970207
6055012 5211417
3667058 7491177
1537275 1898998
2992074 2600343
4467746 894663
724317 3101167
7676506 2306727
4197512 6680622
1571420 4699374
4580561 4234848
273845 118514
1943363 2392587
5356039 28058
228457 6469393
3775692 3577348
1754542 1744488
4433437 2215057
793870 7334694
4795179 5778778
5292012 6199954
3452769 5387352
3020722 887297
7471901 1274084
4134908 6290188
6849471 5820385
499936 3512812
4767871 6518086
2988615 6208604
5456635 1073206
1075099 238478
2247120 2426425
7176710 7161241
840554 2565412
7842643 2036876
870756 6120473
4738399 1136367
6717806 6683207
6308690 4260996
6551034 1450259
2276038 1988552
3476304 43785
859259 4822593
6757663 3240850
2062774 3955723
4617100 2571423
2216776 2149684
5687114 5783577
2564413 6916164
5933351 6002682
5314057 4132212
5794014 1242850
6656633 5582981
2092271 433396
6358113 2869713
288780 8025384
7266398 7673155
5363033 6820565
5920328 4050331
7922917 1168445
304161 4647557
5307321 4206698
6882542 4527186
4862789 7102026
2168330 4760933
184175 2011763
3045589 4875143
961604 4806169
7084612 5218114
4017078 1930715
2029402 1958210
6332903 2916603
3786789 5226579
5029126 5015736
6835494 7125061
7866632 7227133
4002222 1549502
5541263 7330285
1556058 7956628
2309139 2113823
6275847 6710154
1875624 1115092
3817258 2362922
5090744 430710
7415371 813545
5125346 6289048
791592 7945796
4589718 6324157
3125250 6166
1711459 1300352
955743 2426844
3983773 1604164
6526353 8064016
4981956 7617499
7195603 2724035
5804902 7279162
4901888 944438
4712172 493502
1604978 7742219
2418693 3150128
3610917 6075479
6013838 4137690
7915032 3596609
4048523 1538029
1568678 2399882
3454364 1177266
5223940 4190082
4890068 2152878
738497 2809895
7107401 3740579
1535447 7374673
5693655 2595572
3356874 1052987
4716875 1220216
5141611 3935574
5374444 7088214
6000175 6628091
1760925 7023392
5099136 5854946
1440867 3715669
4183573 2049844
99612 1118863
5827418 3939793
7107765 781222
2662996 5008518
3287307 7588100
4524176 2808078
420573 5923682
3680552 3140792
7561456 7306812
7713662 7738242
5203037 1171023
4296871 5212170
358539 1820183
137564 8066591
1565375 7683071
7357135 7428677
7800302 1840182
988181 7475350
1622189 2385428
1540452 3602550
6820579 6334141
419594 705043
317000 7339372
3234328 5224237
4964738 960619
2286808 3030748
6460767 517739
1900375 6568456
3281452 2401751
6368749 7004730
4839569 1792523
7406758 6507107
39660 3226551
3046075 2285934
1275956 5010300
2548925 3852860
2339663 482532
6240061 3896867
3095714 2169534
1889933 264587
3551261 4539336
2423762 6644268
5136251 4202379
3321172 964851
7731664 2581460
4093049 2010048
6287937 5556826
7281715 1242449
8016139 6914582
6352840 7695639
1748810 2275056
3244701 4297706
1288300 8006741
2612733 2120216
4826406 3761221
7379129 4247158
4829714 7698523
431883 466625
3839415 4924429
5147668 7818990
3171811 6146975
318733 4610855
562021 7598930
668736 2566599
368842 1522498
7317416 5363204
2448993 6324011
2271943 4280132
1492408 1836918
2337273 650486
7654701 611976
6901530 2979208
1932883 6313949
4552250 5036956
3886096 5923344
533624 4325694
1860757 6183912
3427039 4235846
4384385 140033
576079 3058784
166889 1978542
79093 6722664
949416 4263688
6460886 3416609
603983 5243451
7939143 2610544
1390491 7360403
1664682 4082323
4843691 5948140
6559592 6307363
2332804 4900290
7696666 1677371
4658697 5333534
2702075 5329117
2217201 1678925
5813064 2540747
6100566 986047
2771054 2630973
6344518 971017
4412623 4257098
3455223 4461181
3106381 1914969
3382610 6156467
7714686 4347337
4417641 4821458
3343832 6413601
7425654 5540614
411985 1904908
1997765 275266
7403704 2240291
1428689 7660544
7429287 2347924
1964415 7755958
6684682 1247870
768810 3305640
2991812 929485
5689969 7336443
6571521 975803
4611187 3831578
4324954 4727991
1282561 7827893
4955941 2796242
5210612 4624010
7633427 7362710
3069724 5400945
5861063 2498779
6119305 7016865
3811763 3350063
2535251 7352365
4403405 2407780
2298549 1294651
6746672 148504
7004818 718392
3826949 3130108
1084386 7232202
4188064 4318831
2800986 6200432
6801802 3252521
2062221 1138476
137255 2701305
1192093 5001544
5054524 6733259
5807885 2590308
958186 7263363
2558820 2638713
2438174 6753273
1283325 1226555
2986403 3075582
948858 8000488
1479795 5565304
2751136 2533124
1838159 1263193
6674346 6193332
6490352 7664407
4212424 4285265
6494769 4579735
7499356 813791
2889115 7480995
3492899 7892479
6617984 5604513
998301 635614
1870213 6645652
6429317 5780269
7929025 3370316
1748569 7014980
5266666 609654
5674822 7229909
6195558 5167273
7449609 4436347
4164 6024657
5349634 1634178
1756890 4776039
7710138 4989091
6522618 7035158
6605797 3123178
4252318 751570
3025259 2915142
6036204 314617
507777 7923462
2544445 2528165
6382995 120135
4597894 5873050
1180573 4370910
4193737 804763
7607613 7657961
1304164 1314570
4929088 4712418
3122972 1731877
6727923 804048
7139609 4672202
5915063 6405166
1592752 212254
2231351 7423205
1472977 7102427
779051 6091894
3930606 5570114
2267219 5695839
7685792 2316967
6836890 7918879
416534 1492925
1589735 5586197
5823490 1290136
6367991 7613910
5001793 1045819
7122095 2102949
3491339 4317739
2878757 4966598
7915277 829128
7611284 4592902
2280554 7514621
6384070 1465573
7744287 3873591
1184731 4378263
1104827 7941778
1418964 1020395
4384174 3918029
5621638 1924781
6862212 4816730
4385844 3963987
4421465 7515643
3351942 4981534
2157907 796315
2269434 576933
664966 6997714
2749772 4989533
3462446 2628400
5623001 4815602
3492460 5927741
2391574 4247683
4058906 7137502
5744541 3380017
5586692 1166206
4732496 2977763
7689199 4553118
2937322 3954398
645648 2207993
3257533 1657291
2629445 2941866
3342151 6212993
5701858 1192417
338213 7790513
5798152 4230787
6456442 480294
5532316 5815025
2911082 5720624
7151329 1564563
7298782 4182237
3133313 3404899
1472137 6160452
1039521 3999637
486769 169059
6121398 6339039
7170935 4406568
5447839 5058551
5184992 2828878
6321969 2863642
4343676 7075862
3780996 5538583
4903520 4105829
1390341 4491449
840866 4011462
6809762 5007682
1635222 7332801
6586284 596658
7165224 1716841
2361850 343419
738594 5671162
2765863 4596080
4278840 3721502
7351494 81671
5340050 4225241
5891659 875175
2887193 6069484
2665258 1871594
7681097 4248000
7016463 5839110
2799887 770292
6616198 4829888
5211748 3492631
7797061 6868718
3642558 2391781
7760320 5462967
441757 4676179
1384132 3416026
2781593 4889458
176688 769132
4241566 1742143
7040799 6800426
4709473 216315
11651 3506157
1236754 167994
5916256 877858
5467902 2804849
7377800 7240120
797761 86632
4134975 1446618
3972814 7318006
343117 101854
7456168 552143
2473612 7271713
2318114 7123719
3531686 4446617
7073791 7886510
6866295 2150383
2067289 2470372
947602 3408790
3027773 1764935
6224999 1933948
8020118 7812262
579446 6892904
4210549 6994603
174911 2045958
4087703 4957001
2270427 2211108
4238399 7711933
5152392 4863714
2318061 5686052
4537566 28985
1050426 3489108
5798465 2923254
2820853 6045741
