5381243 1414 2688
1 3001
2 6002
3 9003
4 12004
5 15005
6 18006
7 21007
8 24008
9 27009
10 30010
11 33011
12 36012
13 39013
14 42014
15 45015
16 48016
17 51017
18 54018
19 57019
20 60020
21 63021
22 66022
23 69023
24 72024
25 75025
26 78026
27 81027
28 84028
29 87029
30 90030
31 93031
32 96032
33 99033
34 102034
35 105035
36 108036
37 111037
38 114038
39 117039
40 120040
41 123041
42 126042
43 129043
44 132044
45 135045
46 138046
47 141047
48 144048
49 147049
50 150050
51 153051
52 156052
53 159053
54 162054
55 165055
56 168056
57 171057
58 174058
59 177059
60 180060
61 183061
62 186062
63 189063
64 192064
65 195065
66 198066
67 201067
68 204068
69 207069
70 210070
71 213071
72 216072
73 219073
74 222074
75 225075
76 228076
77 231077
78 234078
79 237079
80 240080
81 243081
82 246082
83 249083
84 252084
85 255085
86 258086
87 261087
88 264088
89 267089
90 270090
91 273091
92 276092
93 279093
94 282094
95 285095
96 288096
97 291097
98 294098
99 297099
100 300100
101 303101
102 306102
103 309103
104 312104
105 315105
106 318106
107 321107
108 324108
109 327109
110 330110
111 333111
112 336112
113 339113
114 342114
115 345115
116 348116
117 351117
118 354118
119 357119
120 360120
121 363121
122 366122
123 369123
124 372124
125 375125
126 378126
127 381127
128 384128
129 387129
130 390130
131 393131
132 396132
133 399133
134 402134
135 405135
136 408136
137 411137
138 414138
139 417139
140 420140
141 423141
142 426142
143 429143
144 432144
145 435145
146 438146
147 441147
148 444148
149 447149
150 450150
151 453151
152 456152
153 459153
154 462154
155 465155
156 468156
157 471157
158 474158
159 477159
160 480160
161 483161
162 486162
163 489163
164 492164
165 495165
166 498166
167 501167
168 504168
169 507169
170 510170
171 513171
172 516172
173 519173
174 522174
175 525175
176 528176
177 531177
178 534178
179 537179
180 540180
181 543181
182 546182
183 549183
184 552184
185 555185
186 558186
187 561187
188 564188
189 567189
190 570190
191 573191
192 576192
193 579193
194 582194
195 585195
196 588196
197 591197
198 594198
199 597199
200 600200
201 603201
202 606202
203 609203
204 612204
205 615205
206 618206
207 621207
208 624208
209 627209
210 630210
211 633211
212 636212
213 639213
214 642214
215 645215
216 648216
217 651217
218 654218
219 657219
220 660220
221 663221
222 666222
223 669223
224 672224
225 675225
226 678226
227 681227
228 684228
229 687229
230 690230
231 693231
232 696232
233 699233
234 702234
235 705235
236 708236
237 711237
238 714238
239 717239
240 720240
241 723241
242 726242
243 729243
244 732244
245 735245
246 738246
247 741247
248 744248
249 747249
250 750250
251 753251
252 756252
253 759253
254 762254
255 765255
256 768256
257 771257
258 774258
259 777259
260 780260
261 783261
262 786262
263 789263
264 792264
265 795265
266 798266
267 801267
268 804268
269 807269
270 810270
271 813271
272 816272
273 819273
274 822274
275 825275
276 828276
277 831277
278 834278
279 837279
280 840280
281 843281
282 846282
283 849283
284 852284
285 855285
286 858286
287 861287
288 864288
289 867289
290 870290
291 873291
292 876292
293 879293
294 882294
295 885295
296 888296
297 891297
298 894298
299 897299
300 900300
301 903301
302 906302
303 909303
304 912304
305 915305
306 918306
307 921307
308 924308
309 927309
310 930310
311 933311
312 936312
313 939313
314 942314
315 945315
316 948316
317 951317
318 954318
319 957319
320 960320
321 963321
322 966322
323 969323
324 972324
325 975325
326 978326
327 981327
328 984328
329 987329
330 990330
331 993331
332 996332
333 999333
334 1002334
335 1005335
336 1008336
337 1011337
338 1014338
339 1017339
340 1020340
341 1023341
342 1026342
343 1029343
344 1032344
345 1035345
346 1038346
347 1041347
348 1044348
349 1047349
350 1050350
351 1053351
352 1056352
353 1059353
354 1062354
355 1065355
356 1068356
357 1071357
358 1074358
359 1077359
360 1080360
361 1083361
362 1086362
363 1089363
364 1092364
365 1095365
366 1098366
367 1101367
368 1104368
369 1107369
370 1110370
371 1113371
372 1116372
373 1119373
374 1122374
375 1125375
376 1128376
377 1131377
378 1134378
379 1137379
380 1140380
381 1143381
382 1146382
383 1149383
384 1152384
385 1155385
386 1158386
387 1161387
388 1164388
389 1167389
390 1170390
391 1173391
392 1176392
393 1179393
394 1182394
395 1185395
396 1188396
397 1191397
398 1194398
399 1197399
400 1200400
401 1203401
402 1206402
403 1209403
404 1212404
405 1215405
406 1218406
407 1221407
408 1224408
409 1227409
410 1230410
411 1233411
412 1236412
413 1239413
414 1242414
415 1245415
416 1248416
417 1251417
418 1254418
419 1257419
420 1260420
421 1263421
422 1266422
423 1269423
424 1272424
425 1275425
426 1278426
427 1281427
428 1284428
429 1287429
430 1290430
431 1293431
432 1296432
433 1299433
434 1302434
435 1305435
436 1308436
437 1311437
438 1314438
439 1317439
440 1320440
441 1323441
442 1326442
443 1329443
444 1332444
445 1335445
446 1338446
447 1341447
448 1344448
449 1347449
450 1350450
451 1353451
452 1356452
453 1359453
454 1362454
455 1365455
456 1368456
457 1371457
458 1374458
459 1377459
460 1380460
461 1383461
462 1386462
463 1389463
464 1392464
465 1395465
466 1398466
467 1401467
468 1404468
469 1407469
470 1410470
471 1413471
472 1416472
473 1419473
474 1422474
475 1425475
476 1428476
477 1431477
478 1434478
479 1437479
480 1440480
481 1443481
482 1446482
483 1449483
484 1452484
485 1455485
486 1458486
487 1461487
488 1464488
489 1467489
490 1470490
491 1473491
492 1476492
493 1479493
494 1482494
495 1485495
496 1488496
497 1491497
498 1494498
499 1497499
500 1500500
501 1503501
502 1506502
503 1509503
504 1512504
505 1515505
506 1518506
507 1521507
508 1524508
509 1527509
510 1530510
511 1533511
512 1536512
513 1539513
514 1542514
515 1545515
516 1548516
517 1551517
518 1554518
519 1557519
520 1560520
521 1563521
522 1566522
523 1569523
524 1572524
525 1575525
526 1578526
527 1581527
528 1584528
529 1587529
530 1590530
531 1593531
532 1596532
533 1599533
534 1602534
535 1605535
536 1608536
537 1611537
538 1614538
539 1617539
540 1620540
541 1623541
542 1626542
543 1629543
544 1632544
545 1635545
546 1638546
547 1641547
548 1644548
549 1647549
550 1650550
551 1653551
552 1656552
553 1659553
554 1662554
555 1665555
556 1668556
557 1671557
558 1674558
559 1677559
560 1680560
561 1683561
562 1686562
563 1689563
564 1692564
565 1695565
566 1698566
567 1701567
568 1704568
569 1707569
570 1710570
571 1713571
572 1716572
573 1719573
574 1722574
575 1725575
576 1728576
577 1731577
578 1734578
579 1737579
580 1740580
581 1743581
582 1746582
583 1749583
584 1752584
585 1755585
586 1758586
587 1761587
588 1764588
589 1767589
590 1770590
591 1773591
592 1776592
593 1779593
594 1782594
595 1785595
596 1788596
597 1791597
598 1794598
599 1797599
600 1800600
601 1803601
602 1806602
603 1809603
604 1812604
605 1815605
606 1818606
607 1821607
608 1824608
609 1827609
610 1830610
611 1833611
612 1836612
613 1839613
614 1842614
615 1845615
616 1848616
617 1851617
618 1854618
619 1857619
620 1860620
621 1863621
622 1866622
623 1869623
624 1872624
625 1875625
626 1878626
627 1881627
628 1884628
629 1887629
630 1890630
631 1893631
632 1896632
633 1899633
634 1902634
635 1905635
636 1908636
637 1911637
638 1914638
639 1917639
640 1920640
641 1923641
642 1926642
643 1929643
644 1932644
645 1935645
646 1938646
647 1941647
648 1944648
649 1947649
650 1950650
651 1953651
652 1956652
653 1959653
654 1962654
655 1965655
656 1968656
657 1971657
658 1974658
659 1977659
660 1980660
661 1983661
662 1986662
663 1989663
664 1992664
665 1995665
666 1998666
667 2001667
668 2004668
669 2007669
670 2010670
671 2013671
672 2016672
673 2019673
674 2022674
675 2025675
676 2028676
677 2031677
678 2034678
679 2037679
680 2040680
681 2043681
682 2046682
683 2049683
684 2052684
685 2055685
686 2058686
687 2061687
688 2064688
689 2067689
690 2070690
691 2073691
692 2076692
693 2079693
694 2082694
695 2085695
696 2088696
697 2091697
698 2094698
699 2097699
700 2100700
701 2103701
702 2106702
703 2109703
704 2112704
705 2115705
706 2118706
707 2121707
708 2124708
709 2127709
710 2130710
711 2133711
712 2136712
713 2139713
714 2142714
715 2145715
716 2148716
717 2151717
718 2154718
719 2157719
720 2160720
721 2163721
722 2166722
723 2169723
724 2172724
725 2175725
726 2178726
727 2181727
728 2184728
729 2187729
730 2190730
731 2193731
732 2196732
733 2199733
734 2202734
735 2205735
736 2208736
737 2211737
738 2214738
739 2217739
740 2220740
741 2223741
742 2226742
743 2229743
744 2232744
745 2235745
746 2238746
747 2241747
748 2244748
749 2247749
750 2250750
751 2253751
752 2256752
753 2259753
754 2262754
755 2265755
756 2268756
757 2271757
758 2274758
759 2277759
760 2280760
761 2283761
762 2286762
763 2289763
764 2292764
765 2295765
766 2298766
767 2301767
768 2304768
769 2307769
770 2310770
771 2313771
772 2316772
773 2319773
774 2322774
775 2325775
776 2328776
777 2331777
778 2334778
779 2337779
780 2340780
781 2343781
782 2346782
783 2349783
784 2352784
785 2355785
786 2358786
787 2361787
788 2364788
789 2367789
790 2370790
791 2373791
792 2376792
793 2379793
794 2382794
795 2385795
796 2388796
797 2391797
798 2394798
799 2397799
800 2400800
801 2403801
802 2406802
803 2409803
804 2412804
805 2415805
806 2418806
807 2421807
808 2424808
809 2427809
810 2430810
811 2433811
812 2436812
813 2439813
814 2442814
815 2445815
816 2448816
817 2451817
818 2454818
819 2457819
820 2460820
821 2463821
822 2466822
823 2469823
824 2472824
825 2475825
826 2478826
827 2481827
828 2484828
829 2487829
830 2490830
831 2493831
832 2496832
833 2499833
834 2502834
835 2505835
836 2508836
837 2511837
838 2514838
839 2517839
840 2520840
841 2523841
842 2526842
843 2529843
844 2532844
845 2535845
846 2538846
847 2541847
848 2544848
849 2547849
850 2550850
851 2553851
852 2556852
853 2559853
854 2562854
855 2565855
856 2568856
857 2571857
858 2574858
859 2577859
860 2580860
861 2583861
862 2586862
863 2589863
864 2592864
865 2595865
866 2598866
867 2601867
868 2604868
869 2607869
870 2610870
871 2613871
872 2616872
873 2619873
874 2622874
875 2625875
876 2628876
877 2631877
878 2634878
879 2637879
880 2640880
881 2643881
882 2646882
883 2649883
884 2652884
885 2655885
886 2658886
887 2661887
888 2664888
889 2667889
890 2670890
891 2673891
892 2676892
893 2679893
894 2682894
895 2685895
896 2688896
897 2691897
898 2694898
899 2697899
900 2700900
901 2703901
902 2706902
903 2709903
904 2712904
905 2715905
906 2718906
907 2721907
908 2724908
909 2727909
910 2730910
911 2733911
912 2736912
913 2739913
914 2742914
915 2745915
916 2748916
917 2751917
918 2754918
919 2757919
920 2760920
921 2763921
922 2766922
923 2769923
924 2772924
925 2775925
926 2778926
927 2781927
928 2784928
929 2787929
930 2790930
931 2793931
932 2796932
933 2799933
934 2802934
935 2805935
936 2808936
937 2811937
938 2814938
939 2817939
940 2820940
941 2823941
942 2826942
943 2829943
944 2832944
945 2835945
946 2838946
947 2841947
948 2844948
949 2847949
950 2850950
951 2853951
952 2856952
953 2859953
954 2862954
955 2865955
956 2868956
957 2871957
958 2874958
959 2877959
960 2880960
961 2883961
962 2886962
963 2889963
964 2892964
965 2895965
966 2898966
967 2901967
968 2904968
969 2907969
970 2910970
971 2913971
972 2916972
973 2919973
974 2922974
975 2925975
976 2928976
977 2931977
978 2934978
979 2937979
980 2940980
981 2943981
982 2946982
983 2949983
984 2952984
985 2955985
986 2958986
987 2961987
988 2964988
989 2967989
990 2970990
991 2973991
992 2976992
993 2979993
994 2982994
995 2985995
996 2988996
997 2991997
998 2994998
999 2997999
1000 3001000
1001 3004001
1002 3007002
1003 3010003
1004 3013004
1005 3016005
1006 3019006
1007 3022007
1008 3025008
1009 3028009
1010 3031010
1011 3034011
1012 3037012
1013 3040013
1014 3043014
1015 3046015
1016 3049016
1017 3052017
1018 3055018
1019 3058019
1020 3061020
1021 3064021
1022 3067022
1023 3070023
1024 3073024
1025 3076025
1026 3079026
1027 3082027
1028 3085028
1029 3088029
1030 3091030
1031 3094031
1032 3097032
1033 3100033
1034 3103034
1035 3106035
1036 3109036
1037 3112037
1038 3115038
1039 3118039
1040 3121040
1041 3124041
1042 3127042
1043 3130043
1044 3133044
1045 3136045
1046 3139046
1047 3142047
1048 3145048
1049 3148049
1050 3151050
1051 3154051
1052 3157052
1053 3160053
1054 3163054
1055 3166055
1056 3169056
1057 3172057
1058 3175058
1059 3178059
1060 3181060
1061 3184061
1062 3187062
1063 3190063
1064 3193064
1065 3196065
1066 3199066
1067 3202067
1068 3205068
1069 3208069
1070 3211070
1071 3214071
1072 3217072
1073 3220073
1074 3223074
1075 3226075
1076 3229076
1077 3232077
1078 3235078
1079 3238079
1080 3241080
1081 3244081
1082 3247082
1083 3250083
1084 3253084
1085 3256085
1086 3259086
1087 3262087
1088 3265088
1089 3268089
1090 3271090
1091 3274091
1092 3277092
1093 3280093
1094 3283094
1095 3286095
1096 3289096
1097 3292097
1098 3295098
1099 3298099
1100 3301100
1101 3304101
1102 3307102
1103 3310103
1104 3313104
1105 3316105
1106 3319106
1107 3322107
1108 3325108
1109 3328109
1110 3331110
1111 3334111
1112 3337112
1113 3340113
1114 3343114
1115 3346115
1116 3349116
1117 3352117
1118 3355118
1119 3358119
1120 3361120
1121 3364121
1122 3367122
1123 3370123
1124 3373124
1125 3376125
1126 3379126
1127 3382127
1128 3385128
1129 3388129
1130 3391130
1131 3394131
1132 3397132
1133 3400133
1134 3403134
1135 3406135
1136 3409136
1137 3412137
1138 3415138
1139 3418139
1140 3421140
1141 3424141
1142 3427142
1143 3430143
1144 3433144
1145 3436145
1146 3439146
1147 3442147
1148 3445148
1149 3448149
1150 3451150
1151 3454151
1152 3457152
1153 3460153
1154 3463154
1155 3466155
1156 3469156
1157 3472157
1158 3475158
1159 3478159
1160 3481160
1161 3484161
1162 3487162
1163 3490163
1164 3493164
1165 3496165
1166 3499166
1167 3502167
1168 3505168
1169 3508169
1170 3511170
1171 3514171
1172 3517172
1173 3520173
1174 3523174
1175 3526175
1176 3529176
1177 3532177
1178 3535178
1179 3538179
1180 3541180
1181 3544181
1182 3547182
1183 3550183
1184 3553184
1185 3556185
1186 3559186
1187 3562187
1188 3565188
1189 3568189
1190 3571190
1191 3574191
1192 3577192
1193 3580193
1194 3583194
1195 3586195
1196 3589196
1197 3592197
1198 3595198
1199 3598199
1200 3601200
1201 3604201
1202 3607202
1203 3610203
1204 3613204
1205 3616205
1206 3619206
1207 3622207
1208 3625208
1209 3628209
1210 3631210
1211 3634211
1212 3637212
1213 3640213
1214 3643214
1215 3646215
1216 3649216
1217 3652217
1218 3655218
1219 3658219
1220 3661220
1221 3664221
1222 3667222
1223 3670223
1224 3673224
1225 3676225
1226 3679226
1227 3682227
1228 3685228
1229 3688229
1230 3691230
1231 3694231
1232 3697232
1233 3700233
1234 3703234
1235 3706235
1236 3709236
1237 3712237
1238 3715238
1239 3718239
1240 3721240
1241 3724241
1242 3727242
1243 3730243
1244 3733244
1245 3736245
1246 3739246
1247 3742247
1248 3745248
1249 3748249
1250 3751250
1251 3754251
1252 3757252
1253 3760253
1254 3763254
1255 3766255
1256 3769256
1257 3772257
1258 3775258
1259 3778259
1260 3781260
1261 3784261
1262 3787262
1263 3790263
1264 3793264
1265 3796265
1266 3799266
1267 3802267
1268 3805268
1269 3808269
1270 3811270
1271 3814271
1272 3817272
1273 3820273
1274 3823274
1275 3826275
1276 3829276
1277 3832277
1278 3835278
1279 3838279
1280 3841280
1281 3844281
1282 3847282
1283 3850283
1284 3853284
1285 3856285
1286 3859286
1287 3862287
1288 3865288
1289 3868289
1290 3871290
1291 3874291
1292 3877292
1293 3880293
1294 3883294
1295 3886295
1296 3889296
1297 3892297
1298 3895298
1299 3898299
1300 3901300
1301 3904301
1302 3907302
1303 3910303
1304 3913304
1305 3916305
1306 3919306
1307 3922307
1308 3925308
1309 3928309
1310 3931310
1311 3934311
1312 3937312
1313 3940313
1314 3943314
1315 3946315
1316 3949316
1317 3952317
1318 3955318
1319 3958319
1320 3961320
1321 3964321
1322 3967322
1323 3970323
1324 3973324
1325 3976325
1326 3979326
1327 3982327
1328 3985328
1329 3988329
1330 3991330
1331 3994331
1332 3997332
1333 4000333
1334 4003334
1335 4006335
1336 4009336
1337 4012337
1338 4015338
1339 4018339
1340 4021340
1341 4024341
1342 4027342
1343 4030343
1344 4033344
1345 4036345
1346 4039346
1347 4042347
1348 4045348
1349 4048349
1350 4051350
1351 4054351
1352 4057352
1353 4060353
1354 4063354
1355 4066355
1356 4069356
1357 4072357
1358 4075358
1359 4078359
1360 4081360
1361 4084361
1362 4087362
1363 4090363
1364 4093364
1365 4096365
1366 4099366
1367 4102367
1368 4105368
1369 4108369
1370 4111370
1371 4114371
1372 4117372
1373 4120373
1374 4123374
1375 4126375
1376 4129376
1377 4132377
1378 4135378
1379 4138379
1380 4141380
1381 4144381
1382 4147382
1383 4150383
1384 4153384
1385 4156385
1386 4159386
1387 4162387
1388 4165388
1389 4168389
1390 4171390
1391 4174391
1392 4177392
1393 4180393
1394 4183394
1395 4186395
1396 4189396
1397 4192397
1398 4195398
1399 4198399
1400 4201400
1401 4204401
1402 4207402
1403 4210403
1404 4213404
1405 4216405
1406 4219406
1407 4222407
1408 4225408
1409 4228409
1410 4231410
1411 4234411
1412 4237412
1413 4240413
1414 4243414
1415 4246415
1416 4249416
1417 4252417
1418 4255418
1419 4258419
1420 4261420
1421 4264421
1422 4267422
1423 4270423
1424 4273424
1425 4276425
1426 4279426
1427 4282427
1428 4285428
1429 4288429
1430 4291430
1431 4294431
1432 4297432
1433 4300433
1434 4303434
1435 4306435
1436 4309436
1437 4312437
1438 4315438
1439 4318439
1440 4321440
1441 4324441
1442 4327442
1443 4330443
1444 4333444
1445 4336445
1446 4339446
1447 4342447
1448 4345448
1449 4348449
1450 4351450
1451 4354451
1452 4357452
1453 4360453
1454 4363454
1455 4366455
1456 4369456
1457 4372457
1458 4375458
1459 4378459
1460 4381460
1461 4384461
1462 4387462
1463 4390463
1464 4393464
1465 4396465
1466 4399466
1467 4402467
1468 4405468
1469 4408469
1470 4411470
1471 4414471
1472 4417472
1473 4420473
1474 4423474
1475 4426475
1476 4429476
1477 4432477
1478 4435478
1479 4438479
1480 4441480
1481 4444481
1482 4447482
1483 4450483
1484 4453484
1485 4456485
1486 4459486
1487 4462487
1488 4465488
1489 4468489
1490 4471490
1491 4474491
1492 4477492
1493 4480493
1494 4483494
1495 4486495
1496 4489496
1497 4492497
1498 4495498
1499 4498499
1500 4501500
1501 4504501
1502 4507502
1503 4510503
1504 4513504
1505 4516505
1506 4519506
1507 4522507
1508 4525508
1509 4528509
1510 4531510
1511 4534511
1512 4537512
1513 4540513
1514 4543514
1515 4546515
1516 4549516
1517 4552517
1518 4555518
1519 4558519
1520 4561520
1521 4564521
1522 4567522
1523 4570523
1524 4573524
1525 4576525
1526 4579526
1527 4582527
1528 4585528
1529 4588529
1530 4591530
1531 4594531
1532 4597532
1533 4600533
1534 4603534
1535 4606535
1536 4609536
1537 4612537
1538 4615538
1539 4618539
1540 4621540
1541 4624541
1542 4627542
1543 4630543
1544 4633544
1545 4636545
1546 4639546
1547 4642547
1548 4645548
1549 4648549
1550 4651550
1551 4654551
1552 4657552
1553 4660553
1554 4663554
1555 4666555
1556 4669556
1557 4672557
1558 4675558
1559 4678559
1560 4681560
1561 4684561
1562 4687562
1563 4690563
1564 4693564
1565 4696565
1566 4699566
1567 4702567
1568 4705568
1569 4708569
1570 4711570
1571 4714571
1572 4717572
1573 4720573
1574 4723574
1575 4726575
1576 4729576
1577 4732577
1578 4735578
1579 4738579
1580 4741580
1581 4744581
1582 4747582
1583 4750583
1584 4753584
1585 4756585
1586 4759586
1587 4762587
1588 4765588
1589 4768589
1590 4771590
1591 4774591
1592 4777592
1593 4780593
1594 4783594
1595 4786595
1596 4789596
1597 4792597
1598 4795598
1599 4798599
1600 4801600
1601 4804601
1602 4807602
1603 4810603
1604 4813604
1605 4816605
1606 4819606
1607 4822607
1608 4825608
1609 4828609
1610 4831610
1611 4834611
1612 4837612
1613 4840613
1614 4843614
1615 4846615
1616 4849616
1617 4852617
1618 4855618
1619 4858619
1620 4861620
1621 4864621
1622 4867622
1623 4870623
1624 4873624
1625 4876625
1626 4879626
1627 4882627
1628 4885628
1629 4888629
1630 4891630
1631 4894631
1632 4897632
1633 4900633
1634 4903634
1635 4906635
1636 4909636
1637 4912637
1638 4915638
1639 4918639
1640 4921640
1641 4924641
1642 4927642
1643 4930643
1644 4933644
1645 4936645
1646 4939646
1647 4942647
1648 4945648
1649 4948649
1650 4951650
1651 4954651
1652 4957652
1653 4960653
1654 4963654
1655 4966655
1656 4969656
1657 4972657
1658 4975658
1659 4978659
1660 4981660
1661 4984661
1662 4987662
1663 4990663
1664 4993664
1665 4996665
1666 4999666
1667 5002667
1668 5005668
1669 5008669
1670 5011670
1671 5014671
1672 5017672
1673 5020673
1674 5023674
1675 5026675
1676 5029676
1677 5032677
1678 5035678
1679 5038679
1680 5041680
1681 5044681
1682 5047682
1683 5050683
1684 5053684
1685 5056685
1686 5059686
1687 5062687
1688 5065688
1689 5068689
1690 5071690
1691 5074691
1692 5077692
1693 5080693
1694 5083694
1695 5086695
1696 5089696
1697 5092697
1698 5095698
1699 5098699
1700 5101700
1701 5104701
1702 5107702
1703 5110703
1704 5113704
1705 5116705
1706 5119706
1707 5122707
1708 5125708
1709 5128709
1710 5131710
1711 5134711
1712 5137712
1713 5140713
1714 5143714
1715 5146715
1716 5149716
1717 5152717
1718 5155718
1719 5158719
1720 5161720
1721 5164721
1722 5167722
1723 5170723
1724 5173724
1725 5176725
1726 5179726
1727 5182727
1728 5185728
1729 5188729
1730 5191730
1731 5194731
1732 5197732
1733 5200733
1734 5203734
1735 5206735
1736 5209736
1737 5212737
1738 5215738
1739 5218739
1740 5221740
1741 5224741
1742 5227742
1743 5230743
1744 5233744
1745 5236745
1746 5239746
1747 5242747
1748 5245748
1749 5248749
1750 5251750
1751 5254751
1752 5257752
1753 5260753
1754 5263754
1755 5266755
1756 5269756
1757 5272757
1758 5275758
1759 5278759
1760 5281760
1761 5284761
1762 5287762
1763 5290763
1764 5293764
1765 5296765
1766 5299766
1767 5302767
1768 5305768
1769 5308769
1770 5311770
1771 5314771
1772 5317772
1773 5320773
1774 5323774
1775 5326775
1776 5329776
1777 5332777
1778 5335778
1779 5338779
1780 5341780
1781 5344781
1782 5347782
1783 5350783
1784 5353784
1785 5356785
1786 5359786
1787 5362787
1788 5365788
1789 5368789
1790 5371790
1791 5374791
1792 5377792
5366903 545419
2192658 2991038
1028786 4027947
3886728 1492858
2315242 24315
2314526 3994290
3545347 2800393
329158 935225
4286346 4364515
4018244 2634687
2657496 3636342
2992609 2187731
4747601 1929663
4415239 5240434
4491437 2205359
2988165 3956868
1939107 734530
4597959 1798346
4638324 3559378
704531 2308119
968919 352418
4610074 3396761
932056 3025296
1330984 988447
1092401 2613035
3672907 5223394
5127566 1469642
2913153 4983303
2631383 3302434
3649556 4015292
93465 4247228
586706 3003721
5283037 3121633
3464036 2333254
2683223 2148560
5009572 28037
4502589 4680988
4857644 783943
3034006 357302
2494850 5045723
2782093 957760
1110264 5008191
1089966 877583
831846 2094365
1633562 367365
3109923 2795262
4370637 3081404
2299337 4829560
1859782 1939047
5283441 319168
4408323 2650111
3813024 3535283
3132983 2596832
3642899 3873842
207384 403863
3619753 2903554
635195 790137
1090532 1648334
1403843 4665649
4454745 3021242
4750188 3678603
493602 1986717
2196465 3231351
2167410 130928
4885248 2227258
156837 2778542
3555596 2210974
5280496 3494306
4818082 1482650
3141461 4172847
2546799 4600232
3273649 3854003
3310746 1406200
2258646 3538837
4606962 2785188
3486878 1987932
5310320 3340119
4900666 1551978
3111667 562084
3002722 577915
5303695 2322016
3301203 3998115
2072478 3839121
598963 2955913
2576833 401528
4514477 3952332
3796047 3791087
1741035 1482852
5297407 4241534
5219115 2890226
3395483 4335570
5357779 4113698
4691047 4007986
1842691 4691435
1793219 5155428
2088093 2372906
3540694 2773487
4296541 638329
1522947 2426397
4551229 4063644
5165447 4969543
4359539 884975
1542410 4071956
3724954 3178651
1907188 2940246
4437444 509869
119751 1005444
3378584 413773
3403670 2515350
4771912 907379
4798335 3148523
1123947 3470723
3710190 153749
1585060 1114776
338021 4480047
1508178 2827627
4237724 459923
2150442 2761272
2993396 4126999
4276095 4681903
3005992 5355756
2855929 3646712
4107226 365273
1369097 1831177
4000181 1567509
4902328 4605708
2796956 2688656
4060442 1139609
387973 511350
192953 3023351
993507 3644594
1506489 1275109
1485424 1535020
139705 2458912
4728505 1442169
3207122 2901859
1658304 5130308
1641457 2916769
4144843 5218416
2373422 4519151
1808020 3017788
251126 525677
4100364 1898977
1985064 756428
4505193 3322340
1111387 475568
2648955 2609496
5011554 2113743
4458882 1794936
2085298 2054185
5065454 3746051
2877519 643547
5302212 2313689
3071 4219699
1847461 1184505
151780 1221920
1201393 1796258
148428 3577420
5088466 3276670
3769979 271433
3752957 2754318
1286162 2156543
899183 2057111
1414338 1073617
3372765 4067755
5179458 1617089
2995355 1553700
1739425 4464444
1101648 3046993
2027395 854215
512766 4347671
2570521 3848114
5051922 5155730
5218152 4646440
3103251 1693511
1909388 3013351
4012271 2322641
1592491 5192692
3213847 3125986
4108234 3116750
3231501 3365712
839048 850673
4429843 2898358
4797446 2901194
4783673 3235807
5307096 4258833
2091755 4850145
3845427 2223700
1520101 4579696
1138035 3830
1301009 4980241
936461 4129312
1585104 2089762
980639 3049225
438032 2333844
1688824 4857556
2310396 2464860
5164350 5066856
331442 2266757
4166147 4484414
4456938 3710507
2802941 3790353
964284 1893454
1454892 3887317
2214612 4430772
2482199 2801387
1770476 2316785
2210705 4698434
3069930 2482612
1381622 1360375
4348761 2706205
3587098 3307971
3954062 5044412
1190170 265505
4355605 4683537
5003066 4028865
1606805 3549153
1993733 306048
4955627 5051874
3056409 4046257
2444980 5054091
150674 1893686
1485671 5099083
3750372 5051673
544588 2719502
3931841 739414
3343482 3715007
1792668 5299691
2954158 2280598
4474175 4400751
1442810 30646
1966130 3120214
383193 3219114
2126106 5374045
4810131 3421520
4112457 2007439
1521617 1296648
3765855 2592500
1686161 3350888
105582 60155
539689 2305120
4376205 2801916
1061717 2025720
3804865 2724227
5024978 1430404
3213427 2270424
3894211 2789954
3757743 1147802
2294802 1659823
654549 3717571
1572157 4140971
431778 3636626
3975847 2349052
1367079 2776580
3539629 3301405
1102419 2597729
3037021 3739897
2260442 5015546
1974778 4605735
1110520 1596871
1689114 4863628
38366 877662
4769392 2758539
516946 3196114
147866 1600971
4181945 649715
2625168 3266334
642452 5154581
1344577 4380336
4844145 205458
1012025 169423
3794688 1263459
961565 524111
4036638 1190850
375829 4824342
4265532 217232
425516 3396028
1993693 3855036
1217025 76352
3517644 1255007
3006537 3240325
2410097 5243167
1653311 4281683
3200847 754600
605493 5237712
4248825 3478571
800304 3849472
2222947 456897
3333099 4907980
1417654 2658782
5271773 608620
5149706 3049025
4386250 4132815
1063249 327328
2590416 1597936
1551636 2162780
164152 701531
675599 4709947
2804369 5087791
952908 1510148
3335611 3237356
5086063 2360573
4984665 538384
2669796 3068728
2071846 606289
1556567 1132108
3313921 163654
2062111 133764
4046554 3912401
4183900 4870399
2660035 2501373
5124566 2763780
2467680 2725089
2615690 165964
1918220 670465
1678769 394595
5331 4167455
333839 3614177
3935992 913946
2870157 5272021
4240646 2120433
3416688 2715704
2792428 298537
2039840 837900
2453243 898663
4508498 3861582
963176 1530976
3172454 4355027
1734005 3760163
4333078 158701
946029 3606340
449280 1535818
4656454 3422100
3346555 2467387
4920702 2198077
59026 91430
3908341 2312263
1230064 1362333
1795205 3549921
266654 3500151
3873970 70844
1115481 3605296
2895470 3008125
3966538 2825001
864050 934257
4117261 2599596
1571536 4722228
2376844 1418348
1012002 1017611
403925 3626004
2602719 820225
107020 2402697
2199484 1266039
3078475 1766552
2496841 783303
7943 2582123
2272454 688689
3502062 4007505
5057264 1627166
4700734 4236258
1604106 4055729
726476 2446430
3308059 1693459
3744393 2284383
1768922 4603188
5356415 893700
1279735 1922160
3010912 4583069
2605516 1366998
3773308 194462
2922546 509417
87938 1748288
12010 1871297
963352 1437684
383540 3856370
2764637 3196942
991841 4317736
2619312 761467
2116907 4511769
4714984 1808369
4654607 3963793
1498575 5178474
4296628 4656621
4566426 3664854
2764889 278459
1952140 2732899
421774 2447312
4911657 5017938
5222841 1761727
4497110 3095474
3381028 5369866
715782 975643
4325829 287296
13257 5005390
4685459 1627731
586541 4814799
5313952 617919
4097641 1545018
3435928 359622
4464372 3651559
3320832 2271052
1733157 4476712
2122965 1332485
4582229 3844095
450620 3327662
357565 3946344
1646828 2127342
1336116 913525
91234 1194415
5265245 834953
3370839 838017
3817170 5350413
3871729 2815229
4714344 796116
4403029 1280520
3916412 3398349
5376410 3106553
2753878 936033
1683970 728901
610201 3562289
2338886 4277027
4299430 863614
1183355 5243215
4540169 3872147
711263 1202167
698779 4474908
2816941 1712889
2699313 4064416
1158989 1833639
4039176 4411658
1642198 4272572
2784059 1015790
66541 1795341
4392976 1862807
4010508 4005435
2818826 3928863
4098124 4288828
1560052 728536
973915 5101428
2307248 128833
1078089 2291428
565221 3495408
2220184 2809848
797480 761481
3643331 187437
46720 4547466
3365922 4326770
2460941 1976510
1044142 58822
3345055 1167780
3273561 926686
79332 2024043
4734225 2456515
4643300 2237826
3469586 115182
3185440 1005795
3865963 169770
2697888 4676138
4874390 5192604
579345 3665536
2969477 1045953
751971 4214486
1556456 3342196
3256481 607098
144422 4046793
1278278 4023727
1634196 3004652
3035290 4894420
3053207 4329460
867479 5147456
3908946 3204664
1128108 5073962
61724 4188282
1846670 3560330
962719 4945260
4697404 2079437
3682021 666285
984330 2512438
1490988 2008385
951712 4544410
111149 2204550
1629921 5323712
1423745 2233263
200514 5047757
3720188 5002704
4221117 1595387
2703755 3686924
649314 4238100
3228106 4878007
1466093 3381437
5001206 2381584
4575180 4820756
602749 3821204
1513286 477571
5331186 2048093
906093 443306
1893166 5374645
4114900 815091
562768 4141920
1566432 1874713
66271 2819580
3591468 2569855
4472101 3215049
4217393 30584
1908952 236728
265615 5339464
372652 869402
2170347 2780516
2075704 4627820
2968056 1818852
2209229 43844
2443124 2858731
1038335 463218
4987250 3272872
3789254 1070730
2096258 1974022
1598760 4639878
1556053 3252049
2624201 2951230
1683469 3314715
764684 576826
789862 2575347
58709 662144
4285490 3406028
4863535 3803679
1792407 392714
5376392 2315044
1726450 2171776
3254506 2687325
1083970 4132369
3791599 2157576
3686809 2624004
1396417 195448
1366892 2129827
3821153 562643
4135244 1828181
1481325 1631878
877638 4311007
3190080 2065178
3036924 3532581
4994558 3231276
5044157 4549273
1108058 3194197
1189169 4309341
2782451 451492
3063026 4691285
4136469 3704596
3801869 628422
1345857 2346846
3152701 4350204
2490371 2761208
3182541 196045
385560 3777663
2169203 4765133
2395268 1510786
1790623 2098215
349032 2705465
1038305 1486576
4495056 545795
4944763 2982619
3806385 81326
909212 4048933
3403581 1861202
2205883 642099
132930 5072575
1866465 4165397
2889034 1338293
4761379 3470155
1188791 5052249
110375 3092005
3272685 81070
3328721 3218639
574838 5089823
1486336 235579
396536 4674651
2786854 4577812
1505307 826919
4988501 5361953
4598383 1770190
2461010 4512373
4630515 1194720
1580585 5352311
4931325 1640105
1621986 1304898
4928792 2919586
4301164 5249545
4845946 2827921
1107399 4191886
745449 2486776
1739727 4240299
1528845 3986196
1770987 2928836
966218 580142
48690 3528620
4775951 320497
2869392 2903888
4034766 4929668
833215 2906063
668740 103998
4029609 2710550
3420203 515450
1333614 420879
1524388 5097049
42472 2710543
3412666 2862272
5281780 2512645
3157606 3704336
4096665 428180
2210160 1646391
4101715 5270320
1332185 4865930
5364512 1972597
102534 385847
2307493 3382278
4323540 1310952
3687270 1149179
5026574 2023545
1583404 5269148
1924640 3741199
628796 4009826
2682886 4314834
4128098 922336
71145 4205981
2155695 736525
2246512 2259001
4654007 4228364
814894 3548594
5217826 2515274
4753411 4570054
18322 4611485
1865560 3711944
4016178 5254528
3480988 5026541
3181413 190233
4931163 5082055
3918355 4973809
1784407 1963987
459764 1546123
5256142 2980561
2011335 1753912
291256 2208721
2470792 5357153
1632325 5252970
4085722 2322210
4477129 1525568
782794 4372359
523769 4486219
4581936 1927742
3986407 3149482
3964759 998182
3158670 4249953
3656282 4884888
4836747 3219108
2938919 4498484
4217613 4374889
530294 4540576
3608809 2637055
4795369 5254468
1919740 1462039
2429013 2836018
4511527 535521
556102 3202531
2769194 2395906
3291121 3136293
2430680 1709219
3725298 1268759
3319840 3970632
2426445 42658
3169147 4048757
2154856 671981
2354987 5147796
650310 3860223
4623679 4240817
82647 1642465
4600830 1425347
4128145 475898
2887256 834956
3103900 3124407
454220 1992457
856715 2016976
1490522 5225557
2508113 1921496
1935364 849084
833986 5363804
274275 1616255
4839404 909611
83540 2356292
3980011 5289999
2796729 554838
4581296 1740813
3793744 2757199
2972288 3671771
2985390 4230500
872420 4145523
2902856 1068594
2570121 25317
4940326 5317323
2414208 5160642
3945340 839349
1409770 3903926
4488743 4998172
3102713 1158869
969496 2368544
3507684 578972
3370933 1653371
5125481 4771242
2243949 3864383
4055946 5038959
2226235 936691
3112818 2944578
457151 3066959
3742037 2788953
135505 1926150
3504557 2532855
1770704 2431177
1887994 2826886
3525268 3152575
2557760 3160998
3596126 2916900
45007 3259921
1500284 2815319
1470283 2493281
1750972 1591165
1365658 1356977
3153993 1275384
1107238 3910490
4944327 1535605
3722216 1404598
3071016 3902354
279049 4824907
3206965 416590
1129047 53656
1459839 2113109
182893 1122946
76049 4725286
2694002 3976680
3283852 4135427
138855 2394707
3019698 1517438
4689675 2148427
3774280 4651688
4444389 312930
398998 1938448
1255265 3574564
5263373 4912844
1438263 1507958
453112 2033477
5363175 4513340
3735600 4412073
3326226 4570488
4355995 2849350
3556180 267833
2692940 4134515
3788305 5356433
1488484 2375523
610624 3329
359143 624937
5136270 4671282
3485813 1268447
3941920 2646863
5011845 5310939
1566725 4139742
4060130 521069
1998927 1698390
4323712 3727420
2236702 3297113
2690504 4437251
4369144 5076939
2446733 1168680
3372574 4770436
1284110 2335211
5055093 1724443
1943974 4828207
3456592 4029307
3413583 2760299
1620906 11664
428303 1242339
2653120 873424
619579 2384819
1899322 5096024
4030118 3156638
3578771 562439
5328061 2706636
5287507 2761005
2157928 283226
5274715 2703644
4802512 340664
2600257 5285807
2963671 2253302
3848325 2111871
3720413 3336308
1176557 2385699
3970079 1334386
2805939 4728858
5016748 4175115
666483 2480996
3614150 3190309
2608523 3399411
4652723 4805278
4777426 3600820
1052910 235215
4706913 1539570
1176670 3834311
2365561 4848406
1900314 680661
1899653 4612973
2188999 675253
594033 4605567
3919093 4455231
1407103 1819934
5036700 3850458
2595130 2627564
3992950 1489926
3347626 1906288
1319891 3206620
3273430 3461070
4122236 3126875
5027316 414018
2659902 2954768
1249246 4458124
4703828 751921
879914 3958531
3843123 4221798
758169 3335322
3241732 633900
3819114 3314961
3977519 5160640
4665453 2296933
2639921 3815812
4010312 4272085
1840572 1377888
3559444 2758138
2055759 4717158
4131198 5106804
2226185 2313195
3368499 4750208
2341381 5245142
2235560 3365554
1116776 2787750
2804013 1197833
3160168 308689
2840926 1494686
3933023 5262495
2229817 4353734
2720102 2052402
3596026 4216899
372378 1985571
198605 4928544
2420117 1285982
1989961 275787
2609024 1630593
4971643 5241513
201011 4070470
3494435 3101024
1069421 353486
916045 2174798
2414510 4477742
3364507 2575311
2249655 4219998
608505 2230130
1356073 760331
3582754 2926350
490064 1143302
996507 310114
3288506 4751096
3235912 4127352
937219 2691875
3341265 3582147
4054154 2626214
347148 4470169
1368892 3250729
182331 4343667
1566751 3300975
71478 1785132
5065700 2185479
5229871 3788234
2842992 2487620
356399 862563
4513187 3367861
2533756 1195682
11244 2238579
2757244 4743136
3985236 5308380
3490259 4052974
515255 1515005
1763422 2564405
2690553 1239899
4522196 916389
1917027 2355554
5213335 433166
3364818 1466300
2039690 1873627
266347 3841821
2498899 101997
526197 775352
3504288 4803454
