6088946 4557 2369
1 4669313
1 1764864
1 1939087
1 112891
1 2741962
1 3541921
1 4337774
1 3540051
1 4774584
1 3760320
1 6033579
1 550818
1 4602320
1 3845924
1 5016437
1 2637220
1 4072769
1 2101065
1 2346804
1 1941351
1 5538467
1 3853783
1 704202
1 6087802
1 4398622
1 2142352
1 4608339
1 5834296
1 5426341
1 962195
1 4434944
1 1872535
1 4937860
1 5992674
1 904275
1 1581962
1 3745207
1 3586205
1 476214
1 4047375
1 5366020
1 1385226
1 6032797
1 306611
1 4672945
1 2318696
1 4924811
1 524859
1 1222764
1 2634949
1 5426072
1 154317
1 1461119
1 1274571
1 878161
1 150000
1 3729084
1 1344820
1 4925028
1 5575819
1 3920736
1 2833265
1 4090736
1 4885089
1 3711836
1 3213547
1 224963
1 2115840
1 3945540
1 1461402
1 2738949
1 5834336
1 910717
1 970770
1 4151118
1 5164091
1 3124765
1 302100
1 2335588
1 4820137
1 3074114
1 3868538
1 5150900
1 3681932
1 1704521
1 4625296
1 1519375
1 3328143
1 5683360
1 100426
1 3513591
1 145000
1 2102467
1 2618008
1 1342085
1 4112059
1 4251667
1 5613492
1 2602336
1 5905247
1 5981830
1 4181423
1 399397
1 5318177
1 1656142
1 4266193
1 5856903
1 4535534
1 558274
1 4498943
1 5638790
1 494546
1 1233751
1 5607795
1 500939
1 5856443
1 5401057
1 3026940
1 2623517
1 4515167
1 4818050
1 3237118
1 3490345
1 1131932
1 2031193
1 3624305
1 403565
1 3133127
1 5999218
1 4542695
1 5880285
1 3170461
1 854543
1 2232317
1 5084388
1 3534022
1 3323713
1 2190642
1 1206619
1 3505173
1 1652750
1 1401629
1 4623503
1 1045122
1 2390879
1 4685889
1 695566
1 2980801
1 5190341
1 4331157
1 2820165
1 2675969
1 1239076
1 260253
1 5435885
1 99850
1 3019299
1 1732454
1 669855
1 3246240
1 1993493
1 5733756
1 2424618
1 2347391
1 5273645
1 2189394
1 794510
1 1900389
1 5554753
1 2000050
1 4414134
1 2769596
1 4161407
1 3372666
1 879961
1 5462371
1 3445548
1 4593902
1 6066684
1 917893
1 3385043
1 3493713
1 4644072
1 6054495
1 2556304
1 1016921
1 1400299
1 4163314
1 5673140
1 1717912
1 681964
1 475092
1 477346
1 492626
1 3183173
1 2525926
1 1665886
1 2060473
1 3494245
1 2842406
1 3267709
1 720896
1 2542265
1 3221346
1 4223759
1 423091
1 2191193
1 512097
1 5408127
1 331924
1 4344579
1 1792583
1 348074
1 4111656
1 874078
1 5172701
1 5568519
1 2647465
1 2932535
1 3578622
1 4689301
1 2305040
1 615103
1 5454785
1 2166162
1 612456
1 3848886
1 316970
1 3294693
1 4519946
1 6087080
1 4207922
1 987741
1 2458033
1 165221
1 5314918
1 2216763
1 1901763
1 4154041
1 4048478
1 673568
1 3672344
1 829041
1 1878811
1 1427814
1 1798129
1 1755129
1 2855585
1 5063144
1 2292156
1 2924912
1 5664858
1 4602670
1 4238152
1 3324440
1 2442861
1 2606534
1 4295745
1 4853256
1 1219302
1 964463
1 2531034
1 1718991
1 2361145
1 4572441
1 4384029
1 1412761
1 2082751
1 5369699
1 4234475
1 1379641
1 3399255
1 2970197
1 4975025
1 4127011
1 5851917
1 1571201
1 377926
1 1652053
1 2185493
1 1133631
1 2779293
1 106934
1 4884684
1 4279026
1 1609652
1 6006981
1 530585
1 1556002
1 3368337
1 2964661
1 1518355
1 5177072
1 2003336
1 4514990
1 659195
1 3994704
1 4320356
1 1865918
1 379639
1 3911574
1 3116386
1 1434113
1 5507522
1 3915976
1 2923690
1 3491346
1 2046470
1 1565742
1 2997948
1 5613552
1 4498910
1 574610
1 944512
1 700610
1 852591
1 4805234
1 909287
1 2283151
1 1280210
1 1133488
1 3981035
1 4502276
1 5720675
1 617203
1 4305086
1 995969
1 4263086
1 3629811
1 1276260
1 1977256
1 4442126
1 5846819
1 4803478
1 576086
1 3326871
1 5326845
1 5747445
1 230178
1 1535326
1 5951304
1 1747480
1 4538737
1 1777150
1 1054803
1 570999
1 1333960
1 1436635
1 1252811
1 1210877
1 570209
1 1393174
1 304749
1 5431386
1 1599196
1 5148852
1 5592597
1 3330597
1 1430567
1 1220090
1 644360
1 5096518
1 3500978
1 3112397
1 4954417
1 3702593
1 575703
1 3578040
1 3116375
1 3278874
1 1535022
1 180442
1 2745145
1 4182522
1 4961980
1 2447022
1 2584461
1 2894083
1 5626198
1 5347312
1 3055156
1 904712
1 4906398
1 4610759
1 2299702
1 310841
1 1423156
1 3698521
1 3245143
1 5680488
1 4438756
1 963418
1 4872299
1 4548475
1 5649775
1 2582267
1 1727365
1 1736264
1 2420907
1 692349
1 1720745
1 2488669
1 492543
1 2622247
1 515967
1 4950061
1 1271242
1 3313540
1 5007064
1 5111531
1 1046667
1 4532786
1 692280
1 3297007
1 4906662
1 2657157
1 5752299
1 1019765
1 1949194
1 245779
1 1510829
1 4742562
1 299280
1 2246522
1 4660486
1 2955618
1 2758945
1 1446595
1 1600890
1 2029164
1 4153520
1 449485
1 59436
1 3911709
1 5865714
1 3244188
1 4319178
1 1323759
1 2217526
1 270293
1 3618650
1 2340237
1 863513
1 2757997
1 892312
1 4992937
1 4009997
1 4458606
1 3360861
1 1121280
1 1408061
1 4452414
1 2117313
1 3623163
1 2881197
1 89833
1 2540327
1 549585
1 5269648
1 644899
1 2569433
1 3882154
1 228151
1 5206191
1 2918248
1 3795975
1 2464442
1 5149641
1 5131259
1 4196793
1 2065303
1 4324390
1 5541006
1 1431984
1 270509
1 1880818
1 3753135
1 5779933
1 2634026
1 4922728
1 184979
1 3893360
1 851753
1 5016341
1 1663565
1 2889462
1 254027
1 4384710
1 3464929
1 4389335
1 5354796
1 5291369
1 3221274
1 1609427
1 1651543
1 5112293
1 2216756
1 6024982
1 1828944
1 175230
1 2658656
1 5664181
1 1079932
1 3624825
1 1963968
1 1385933
1 430997
1 2078337
1 1062699
1 4944811
1 5655876
1 4402793
1 3909889
1 1927997
1 5968756
1 881402
1 1872265
1 358569
1 3923470
1 5453200
1 1855735
1 3502873
1 4543410
1 4882740
1 2300084
1 4138648
1 5490134
1 5329618
1 5194014
1 4888636
1 1587215
1 2845604
1 5148438
1 4588629
1 2914953
1 494558
1 3536597
1 3531778
1 1494616
1 3503349
1 2906217
1 3700020
1 755858
1 1959865
1 757370
1 3682914
1 2546620
1 2288388
1 3272865
1 1990314
1 4761334
1 4818435
1 2838768
1 982315
1 3483192
1 5025507
1 3329418
1 5054869
1 295003
1 484295
1 3345965
1 972432
1 3319875
1 3664110
1 3932868
1 4204080
1 4373982
1 2005401
1 3395783
1 3396243
1 1137896
1 207953
1 3051354
1 5341843
1 1075081
1 1499078
1 3044529
1 3956827
1 3563884
1 4060553
1 4696164
1 4912116
1 2893907
1 4283978
1 5439198
1 5431694
1 95773
1 211527
1 885878
1 1581930
1 5684689
1 3692684
1 5864664
1 3448955
1 1851900
1 3207417
1 1341427
1 2209360
1 2516693
1 3554960
1 1299980
1 4390706
1 3280966
1 1425368
1 2166665
1 2540322
1 2394673
1 4513587
1 2781128
1 2259632
1 2740654
1 234681
1 5168006
1 1337260
1 1880487
1 5551270
1 2455662
1 3789735
1 3967129
1 913944
1 5814785
1 660888
1 4730940
1 3790443
1 2340131
1 1693439
1 3145797
1 1483938
1 319087
1 5819697
1 940095
1 5503229
1 2289822
1 3359052
1 4156672
1 2389011
1 3324259
1 4582673
1 5470056
1 1221620
1 2851495
1 5121212
1 3111636
1 2773718
1 2263397
1 3427957
1 2329356
1 1093343
1 6081359
1 1632291
1 5539015
1 3359615
1 3472372
1 5929069
1 1552477
1 2450447
1 5434181
1 1016775
1 4410595
1 3120697
1 4415407
1 4417898
1 4387270
1 2898269
1 2614971
1 5564739
1 750830
1 5906153
1 4762561
1 4521562
1 1336221
1 1104913
1 1764453
1 314934
1 23077
1 4443083
1 4313275
1 2647939
1 126159
1 262415
1 2583108
1 5362985
1 2569203
1 277486
1 4450337
1 4267109
1 1487982
1 3447129
1 1619251
1 2878276
1 2979619
1 215365
1 4956050
1 384426
1 5138961
1 3903889
1 5944104
1 4975633
1 1619774
1 5117853
1 1173037
1 2322120
1 368185
1 2442222
1 3446435
1 1036263
1 1003641
1 3634990
1 4650695
1 69348
1 4871287
1 5486689
1 6044464
1 204085
1 2517036
1 4211913
1 896540
1 2204465
1 2523222
1 1596941
1 246884
1 2787660
1 6067251
1 4509717
1 6048622
1 1559168
1 2508171
1 1540970
1 1008546
1 1087314
1 4934040
1 1076266
1 947535
1 3103285
1 5477932
1 3944835
1 4674606
1 3281119
1 5210161
1 2977285
1 3368586
1 4923088
1 5717110
1 400425
1 4264345
1 547833
1 4057645
1 614863
1 3576460
1 1008674
1 442389
1 3471773
1 1554663
1 6067284
1 1173047
1 2836113
1 2512274
1 5552580
1 2537161
1 1548473
1 1316446
1 4049715
1 2227332
1 1978141
1 905651
1 1861449
1 4797946
1 1186831
1 4017995
1 5037807
1 1754520
1 2649898
1 2468979
1 1888097
1 642591
1 5467072
1 5566207
1 1737943
1 5703840
1 1391296
1 1333498
1 2143218
1 5837014
1 542878
1 1440696
1 947816
1 325456
1 5885448
1 4039172
1 5931737
1 4578990
1 434449
1 553393
1 3253075
1 4833594
1 576937
1 2459007
1 1831282
1 1858497
1 3358188
1 2566605
1 5662502
1 5597648
1 4640481
1 4046504
1 3010455
1 3657761
1 4259335
1 6004009
1 2012348
1 5176886
1 592940
1 4981694
1 2123221
1 3637365
1 5042489
1 4316464
1 4630807
1 2909566
1 1049381
1 1932593
1 84567
1 2648928
1 1691185
1 3797725
1 2890992
1 3893987
1 2536000
1 1094995
1 2609006
1 48477
1 3089239
1 4862950
1 388573
1 5327671
1 4982990
1 3478683
1 2665725
1 2749009
1 1906315
1 3270628
1 4665104
1 5785503
1 264366
1 6077170
1 513645
1 4383792
1 1385007
1 2220097
1 3734969
1 2882177
1 2650979
1 1925798
1 3947618
1 3086485
1 3362772
1 3189121
1 538039
1 120346
1 188950
1 5080305
1 3271547
1 3385392
1 2646447
1 1954858
1 869522
1 191952
1 866762
1 3813969
1 933827
1 4101264
1 5687440
1 6041724
1 108087
1 3222064
1 3987061
1 3319047
1 5324962
1 5343930
1 1337603
1 1458793
1 4202439
1 4535267
1 1848148
1 5892274
1 3173687
1 2688717
1 5379507
1 1732778
1 2567142
1 743407
1 3481606
1 1505898
1 5844987
1 5396679
1 3077645
1 4815300
1 974521
1 3590299
1 2619392
1 1272072
1 1421554
1 4772301
1 268482
1 3776980
1 5394994
1 414732
1 6028396
1 214713
1 2637960
1 1180577
1 1477947
1 5741548
1 4861262
1 3495309
1 757246
1 448170
1 2932041
1 3275171
1 2722846
1 911422
1 3303406
1 3518574
1 3846112
1 802084
1 2113564
1 5496098
1 1654738
1 5207959
1 1037519
1 822703
1 3136447
1 5281761
1 3453544
1 1100578
1 106479
1 3543012
1 241123
1 3714989
1 3883191
1 4986850
1 1108321
1 3506140
1 3951819
1 5965893
1 4861989
1 3192308
1 3199960
1 100616
1 3010886
1 1915690
1 4227411
1 4026200
1 4405260
1 2771383
1 2967542
1 2485519
1 1521419
1 4976790
1 2224657
1 4707335
1 802281
1 3098289
1 2063397
1 5973051
1 4789988
1 2386541
1 1506677
1 4941682
1 5593901
1 3000838
1 4201028
1 943913
1 2030725
1 5716544
1 2811372
1 1294884
1 2226393
1 2467169
1 5321019
1 1757537
1 475323
1 2531659
1 1491548
1 3857683
1 645212
1 5165095
1 2026706
1 4540293
1 2555495
1 1291424
1 3717697
1 3060382
1 5328200
1 64331
1 5401792
1 391748
1 4295850
1 4149055
1 918107
1 4386092
1 616039
1 2268054
1 5928427
1 2225481
1 3770313
1 5625359
1 5595507
1 851691
1 723676
1 3372384
1 4404740
1 5314381
1 2941000
1 3090804
1 510860
1 3336598
1 4269296
1 1226472
1 3552386
1 1607284
1 5737138
1 3269367
1 4949133
1 1242167
1 985431
1 5742654
1 5590476
1 4551062
1 1456155
1 1254842
1 4173855
1 5570825
1 1511151
1 2145229
1 2758589
1 5399254
1 5053246
1 1749816
1 2104443
1 5630797
1 4692148
1 4994481
1 4571833
1 118701
1 1958665
1 5529663
1 5962132
1 1187770
1 219370
1 5442800
1 3786181
1 2418510
1 5530263
1 5382559
1 1553138
1 5161927
1 1748278
1 1230981
1 4540740
1 2611356
1 2582595
1 4289236
1 2406844
1 5506043
1 362074
1 3084005
1 612536
1 129696
1 5992882
1 5941985
1 2824893
1 5682955
1 5103331
1 1565268
1 3826597
1 1116932
1 643705
1 3621138
1 1029128
1 6043347
1 3153102
1 3856628
1 4556580
1 700090
1 3979569
1 2029838
1 354482
1 4392121
1 4425693
1 170667
1 2334103
1 5093966
1 143498
1 4254481
1 2866175
1 1450820
1 3846764
1 4439009
1 5412558
1 2326107
1 2630302
1 3391683
1 1779908
1 2957404
1 1621817
1 1583794
1 3022028
1 5032951
1 2825298
1 1264009
1 1875978
1 606690
1 3198333
1 3291139
1 2301597
1 2275327
1 833349
1 37316
1 4289103
1 1613172
1 3988385
1 5985764
1 3648079
1 3001355
1 5778699
1 2562472
1 2084616
1 3585127
1 1633904
1 1439298
1 5459135
1 2338701
1 3267020
1 3640883
1 5594330
1 1247781
1 5126997
1 4635290
1 2494767
1 4581373
1 3512702
1 5729424
1 2463261
1 1425032
1 262620
1 1745914
1 4559833
1 1414795
1 2100059
1 5435467
1 2855940
1 4600589
1 4113222
1 482357
1 5911851
1 564588
1 4487227
1 4844458
1 3183344
1 2546084
1 2477572
1 5169859
1 2203086
1 1960365
1 552491
1 891662
1 861693
1 3062761
1 2251118
1 1192237
1 4059211
1 566120
1 5175613
1 854967
1 4028147
1 4446802
1 731471
1 5363287
1 5367372
1 2241235
1 4121343
1 5210919
1 2736718
1 1706053
1 3796115
1 4245694
1 2489782
1 2587473
1 2808909
1 3964807
1 1984718
1 2605683
1 5250961
1 5644131
1 3983076
1 1017807
1 1615022
1 3636473
1 4185027
1 2535614
1 4575225
1 2714882
1 6083848
1 2580263
1 4363278
1 3848185
1 4809922
1 3782587
1 2225163
1 117972
1 3823955
1 3845259
1 5968501
1 4264528
1 3733399
1 3970763
1 186716
1 162347
1 6011861
1 2517095
1 1872087
1 354998
1 2453231
1 1840279
1 1026448
1 3085635
1 5799911
1 1732600
1 3292551
1 468880
1 1451420
1 4679659
1 3271134
1 89303
1 980982
1 5752726
1 5517260
1 3562094
1 3816341
1 5156321
1 1809289
1 3166383
1 3655709
1 4644796
1 3511527
1 1934781
1 3683984
1 1492171
1 917684
1 3104634
1 5793399
1 4773861
1 4644163
1 1089728
1 291968
1 756640
1 1231727
1 4915641
1 595304
1 4539206
1 3075120
1 2850992
1 1478221
1 1351673
1 696877
1 2625721
1 6030000
1 268184
1 3774728
1 2583150
1 3585052
1 3153862
1 5166998
1 3071301
1 4969867
1 5387517
1 4611800
1 5628135
1 4972581
1 992694
1 992097
1 4490818
1 235937
1 3515820
1 724804
1 5700755
1 766341
1 4284228
1 5346282
1 5892912
1 3089651
1 959525
1 2532798
1 5168167
1 4221475
1 3801253
1 489572
1 2643631
1 4830044
1 1961657
1 723281
1 3688449
1 1637521
1 2500622
1 3811669
1 4481766
1 2875654
1 771194
1 5755326
1 2076301
1 327632
1 1783358
1 5256930
1 5866740
1 5807895
1 2740443
1 199425
1 422069
1 4159903
1 2128321
1 1316010
1 2177724
1 2738744
1 5460662
1 5348915
1 4225019
1 1726706
1 1576995
1 5756796
1 2446545
1 578017
1 4233565
1 1600930
1 911599
1 1382347
1 3715374
1 2580531
1 1695511
1 4188457
1 4947676
1 4722556
1 5020929
1 4608092
1 6040857
1 2012475
1 1883607
1 764673
1 413062
1 1383791
1 525520
1 143107
1 3285067
1 756423
1 2595031
1 4975327
1 5495709
1 2084667
1 2974117
1 4609884
1 5029033
1 1275895
1 4504820
1 4996695
1 749267
1 236690
1 3603426
1 817253
1 6017496
1 197344
1 858907
1 5127833
1 4102095
1 95763
1 3273065
1 5481096
1 4493825
1 845712
1 4595158
1 964504
1 3467331
1 5860856
1 298467
1 3656072
1 4946171
1 4755978
1 319081
1 2893635
1 5372357
1 4519940
1 4295396
1 6038206
1 3277519
1 3753306
1 2341449
1 5704797
1 1831278
1 5572716
1 3809154
1 1676716
1 4212331
1 3276449
1 4202841
1 429185
1 1001988
1 5459716
1 1556819
1 4469660
1 4505043
1 1920449
1 2009836
1 5851629
1 4954294
1 5705680
1 3882607
1 1737446
1 4105274
1 4514625
1 1495011
1 560026
1 3980321
1 2248317
1 6055064
1 1433662
1 1929336
1 1550485
1 909348
1 2438474
1 5497756
1 1511475
1 3852729
1 5713858
1 1892670
1 1761380
1 3113706
1 4375931
1 3370820
1 4657801
1 3820488
1 625453
1 851994
1 5503243
1 4563236
1 5932454
1 1458650
1 1928421
1 4724192
1 5523310
1 2245140
1 4080215
1 3766829
1 4253514
1 3857737
1 3565582
1 6035150
1 5714702
1 1177240
1 3500537
1 3111212
1 2746747
1 5183068
1 361625
1 481921
1 2397116
1 5007893
1 657883
1 1655312
1 5998535
1 3583730
1 2366107
1 1660016
1 798119
1 3651528
1 3426397
1 4773769
1 1092163
1 2116813
1 2234536
1 3082269
1 4168891
1 3896066
1 3200949
1 5935093
1 993606
1 2393738
1 5534813
1 1854037
1 435859
1 3316206
1 3593240
1 2369859
1 4232207
1 3067734
1 5174551
1 3411787
1 181241
1 134254
1 3082152
1 2904150
1 1956987
1 807679
1 2969189
1 2123143
1 3631567
1 564617
1 3873592
1 4977411
1 920398
1 1978483
1 3371438
1 4007769
1 4171092
1 710067
1 5904690
1 542760
1 2458992
1 1406795
1 1107500
1 2150384
1 3983921
1 5129596
1 1922617
1 5920004
1 5417703
1 3867225
1 1932713
1 5715400
1 1931924
1 1474454
1 4678453
1 457114
1 1282811
1 597928
1 225222
1 2871057
1 1148760
1 5848191
1 3891390
1 3905291
1 5896304
1 3433879
1 3622009
1 3202294
1 2415568
1 1160874
1 2720499
1 4573679
1 3323304
1 2061057
1 4932618
1 1511238
1 3125536
1 2025451
1 2137450
1 18328
1 273585
1 4125165
1 5748696
1 3743255
1 2363211
1 4471996
1 4376867
1 4302567
1 1166252
1 5092495
1 3810875
1 3669689
1 2849931
1 1474342
1 3473645
1 4375873
1 4696819
1 5423746
1 6065738
1 2674544
1 1474154
1 2485516
1 1807416
1 5038473
1 5394050
4652835 3918108
2210588 3167525
5738325 4893567
2092489 250144
4817193 3102176
727600 5792706
2479120 4774985
3581865 2822492
719345 1769660
2550627 5406668
3449858 5080048
305035 263444
1228178 5301212
1389956 1247890
5361609 432385
1753245 1928191
1527440 4325671
158846 3636088
5755021 1582224
4453397 384992
1826152 3814387
983081 2499655
4127516 1608743
5005368 3982958
2428831 5944145
2211005 1778487
3276990 715411
195872 2520111
5077064 246512
5825495 2840883
321810 1317866
1739382 4863695
3744337 279418
1791520 1774965
2341449 3496259
1875345 2025575
4408379 4885813
5161195 741377
4593163 608635
4963275 6022173
3589067 4174489
4787609 5975762
5039881 3653212
848145 3825119
3948997 2182631
908227 4567128
5209310 2860522
5286124 1520969
4673941 4008512
5903741 3883304
2622695 4976292
4384674 2159010
1197511 3377242
1155624 3728814
2024306 2402428
4140983 2476008
1790262 601970
220056 1113780
4557240 1368955
2400940 1028877
3192193 992876
3696498 4367632
4141354 3057182
1455458 2723171
125435 271842
794313 3986905
1416895 5040425
5519865 1138539
560788 6059535
789017 4675308
2820745 5405692
1213129 4056600
4215633 203045
1747824 822488
1188729 2155968
1204775 483095
1064650 1035064
2293882 5739704
4837400 3754389
1369201 5141699
4534799 1700402
2210810 2718631
3375062 5839286
1262160 2431849
4551492 1374872
3596907 2467884
2037491 4253470
2759650 4869520
2953473 3353642
5951735 6056201
2598 889226
3515514 5776501
5034568 5901316
2104364 2334047
2811715 5686134
3058372 3551409
3484837 695626
4298679 3545275
4930409 5982221
2581592 4624294
2602348 1207809
3345658 5662704
5651023 4066649
595049 3281143
2174464 2116331
18876 1540854
589657 3287552
386917 5718052
2475490 2426395
5712127 4676052
3092274 950047
2680246 4882937
2055644 3432678
3957571 2305965
3187534 251349
4524805 2512190
834512 4709570
4047927 3549284
886082 6032120
90668 3274710
4703241 542343
1141613 1726792
328661 2060654
3602221 3416320
2325764 4038348
4586163 506148
3396156 5412082
1093180 2625564
1445355 3701844
4453189 5488094
4495713 1492433
898305 2510597
1598345 4053051
924265 3615571
5292816 1497689
4528439 5634906
3579643 1655197
2959007 1396751
3781010 4395251
4484762 4350852
1130667 4664107
3631612 4907045
957874 2351230
384769 4434705
12593 4543493
2750761 2297727
1965351 3709132
3734304 5210391
5929331 1656658
440286 5397068
989460 5258109
215633 3145871
4002614 6066329
2727402 426894
4090288 508266
5965924 2680609
5590533 6023823
2116347 3287426
5420717 4263243
164555 1111059
2868862 4232174
1414805 2871859
1050957 3455948
1712726 5883047
954896 646873
2462302 1964161
92008 4464689
3130988 5244790
2403455 512195
3175970 6004351
4115460 2637177
2459685 4645320
626272 69536
17666 2565535
3796793 4155971
5882857 6008348
5754295 5392140
628588 6002458
6074145 1220918
5638727 123761
5299073 5342414
1379525 3332966
2235601 5909650
3816213 2876702
5970216 407570
1438703 4755315
1972000 638435
1331986 558693
4356308 4183456
147959 4570503
4449995 3442449
4413363 2535432
2785143 5295657
3560295 2009143
324678 1729713
5776956 1125432
6058983 4639824
2657665 3332865
5102351 4054843
1904783 883450
530047 597711
4552494 5642542
3921761 2094477
4238624 3600576
2869409 2848845
4832512 1057377
3844100 1675770
1577045 5949706
3339741 2290235
5766753 5690035
5515795 1183701
1132773 3349204
1525867 2695882
5144526 3621268
5138046 989626
3881451 4615717
3742473 6071179
4704440 4652636
6084446 2236842
5262564 4487808
6065799 4669873
2631447 2105095
2662044 4330600
1204876 689910
160467 5185743
986028 4462912
1021271 1263368
387159 6015959
3236815 5331290
843602 4923009
1360021 4499252
3965169 4376727
1513581 4886006
5702924 492459
1363389 5491572
307878 5947514
5174038 3886533
2919886 854305
1428948 647279
2163363 5540061
4888111 1397292
837901 250486
5996213 1251781
1887412 5947759
3736436 2888250
4158264 3432075
3254174 2413356
3648260 3942767
1429593 2516814
4196145 1090627
5680976 2145882
4851295 3475348
3938702 5552021
1516930 498257
1112006 5024962
3186735 740051
1031644 4485298
2273266 1323295
5886403 5721358
2704792 4279074
2182136 2776695
3660017 2891458
4438267 3578748
1839531 4423069
4774155 863857
4070684 525841
3740803 5960339
3208891 946530
2201107 4905991
3834213 4885568
3753515 5008991
1455505 5799395
1372711 3202677
3912077 1131015
1101244 370654
3237032 1618945
1500993 1299372
4983019 1246731
6053616 551621
2092960 5728564
303773 2616211
2752346 1974410
5349802 287797
3402791 3007584
1616102 3146297
1267553 5244127
2571820 5031739
1467391 4550734
3286761 4272440
1023714 1333152
5280386 396286
546139 3673397
381552 81917
4105259 4441860
3384905 5272396
1012458 1744964
2036248 4887859
4524045 1354228
2021559 5483174
5939645 3639278
5987764 5493841
3382005 1186757
1137789 3570056
5929094 5075796
692370 504230
1494693 4869886
838731 4904099
2956606 2371122
859649 5806390
3108226 3824769
5749315 2336062
2239344 4165953
2583719 381985
3130451 4437224
2701850 359014
3464475 302365
2671019 4552773
3486867 3261472
4225112 409584
51342 1551987
150687 2646070
3353767 1615466
2929791 3014273
257901 3482755
4095565 2078592
1858521 5482668
3035949 3925974
5717883 3227840
3969148 5536436
367509 3105297
3427040 2430226
398626 4830040
3533790 1818012
2027306 4814874
1581801 4907278
4311814 3391887
4388242 3877668
4257103 3247071
763345 4547442
453097 3518583
2620607 287474
2877927 1663498
1300937 294421
3481892 3324308
970909 4404317
3861307 2108432
293740 2472079
4751907 3850414
2278933 1177484
536811 1313452
1999546 4336071
1887768 1105584
1816292 5025129
3836925 3641578
3813043 1530574
4340448 5941718
1636599 360557
387024 2522593
5308623 4470400
1971177 4953714
5073842 759344
2931147 3601750
5018220 456648
489422 1503553
2459911 4332272
1113043 960271
3419149 4856984
336056 4793196
3942449 1105415
2562507 710335
27728 5720622
1910182 323272
5128934 3912791
4413320 1885537
3398861 1089414
928216 2132296
4096195 4480787
4844220 1562363
3635568 3620180
2867748 389800
58755 1622170
2086390 5880102
5951474 184373
2337536 359144
3357802 810416
397024 5729623
330464 3691988
1305865 1764488
4228254 2813259
4542246 2660919
1083992 4387943
1785394 4347072
3740458 4780814
959553 5881128
790939 2929571
348034 5067743
32413 2786788
2916013 3044576
1181680 5659714
2918872 5602389
3801542 2694036
4546098 5008912
2028579 1295960
3101844 63383
5624501 2302421
1036755 4980784
291526 5347657
1622695 337658
4204743 3776813
1912940 5163260
5312167 3566144
5765860 5368101
830790 3264418
1360462 4912051
4043254 617849
248309 869353
1394922 1642733
4239481 3488322
1956433 1605716
1422862 3210539
5913447 3278703
4490158 943225
4242715 4501041
3898560 769093
477943 5903544
1030828 797120
5077584 1088628
2540635 3613695
3448271 255159
5445197 6052637
3612373 766088
759493 351419
2153174 1890618
1792860 5959799
3113525 5102481
422561 5136303
5241474 4909063
3494636 1919745
3012664 576528
3877214 220425
2243233 5357290
5337454 2097889
656268 3902648
3703529 3237979
3328052 5711064
461609 2398828
2779028 2065449
558889 2272805
2713651 1858254
3584707 687325
3687199 2056364
2122112 5263637
5202510 519186
2710144 111722
110866 1721039
5388773 1123578
3449043 5942417
591591 3775900
3131954 3650192
5618072 5509295
4733184 4445080
3016084 3680907
1656 5597438
3490513 424777
5729955 3748639
2896326 1569174
3109923 3170098
4509749 5370750
2745217 1340922
2037417 4738350
5494786 3457265
226955 3540711
1545033 3054147
1228384 2829860
2590531 3573587
2884693 5109499
337288 5276692
3442113 106065
351465 653549
5450156 5248119
4847039 983456
3104674 487994
1890696 4074112
4423938 4125313
3383144 3987128
1496274 1646729
495400 2134875
3246075 5858398
2031936 2419115
4270231 4722898
2117145 1739534
3361114 1330438
1126485 2637234
3705091 3870051
3585384 755750
3253404 4291204
3153292 615069
1721567 5779964
4729330 3073239
5693310 3542270
1570288 2769741
877686 4959536
5950699 679812
5569515 1765185
3886461 1910738
582679 5368146
760585 2557183
2432467 5725890
1469889 2782768
1501444 1452855
3493872 4105709
3531541 1900185
1122955 950789
1268031 4245419
3284740 2561358
4830224 4729031
4745721 5844425
3574831 4303887
2351405 515604
5318809 3271878
4213314 847800
1717751 5027745
1484863 3060824
3745053 4262720
6029608 5735854
2188306 1922572
2405872 2651380
4250028 2004887
2077434 3519011
2370069 146848
4417006 5598443
3711466 2837708
5268542 1688776
5874687 1650308
107515 3157599
5377295 308699
2940009 415287
4502519 878324
5253498 923773
5266537 5096653
618016 3345889
1122836 1904731
2993879 4957098
5956809 620893
967018 1183341
3453540 2436000
4534219 778250
5802439 4555320
5792952 3535681
1843659 3189588
3972891 3381692
4278075 2724388
5975170 1979563
3516277 3451668
3486343 2620436
3909537 233057
3044497 1467939
4738812 5759454
5953781 1122171
3487200 4902011
3270305 3676736
5271353 1644317
5681871 1431304
4176921 2607742
702083 616889
1518931 3452647
2705353 3849092
3249082 6066192
3490964 4835307
3414010 3538819
5891013 5063143
698811 1806704
162244 4867475
3546193 3333707
4719934 4973668
3626319 1761162
5997294 4864376
763451 1428526
1494541 3954866
5579720 4580919
2554091 1107383
4936793 699431
3212052 1321303
4020260 3760485
4905746 856765
1404035 394262
5691431 2907995
1840170 2024843
873341 480248
3885278 4692122
4601614 4958689
5110084 1780693
2065771 1671186
454530 5901702
37513 3864580
5248765 1872048
710593 1679136
3699318 299348
4471246 1114110
4837137 5241041
1110609 4667214
3241635 742433
2691948 3619914
3486865 2217123
5507142 5898701
1983812 5566365
3530329 6061170
4861023 3743437
4835470 1309297
823195 449255
3854552 3874562
3326361 3729179
4220174 4450190
5434935 77894
965990 553858
3566859 3727911
3403788 5556252
176021 6087256
2731277 1522423
3770845 685965
4621993 3059019
2022940 1825793
3011076 822539
2754461 4679407
3259211 5563100
5980621 5360805
361710 4897048
1444720 2413017
3143448 254260
4925928 4563582
1760611 4628014
316292 4547619
1764563 3559033
1140967 1363372
4919226 5230437
5145009 5055344
4504725 2045670
5972483 5234864
5853918 1884452
4438765 3487993
2365029 1209504
6031373 5345140
5347345 289910
2357326 5397455
5526372 1262434
5696657 4655000
4854166 3653960
3469524 4992786
4874442 306255
3987534 1361803
5122619 769407
4422621 4787639
4103333 344708
6048286 2482806
281296 893077
5443499 1815490
5711305 4572672
935443 3425412
482429 683078
2244309 83409
170146 4846567
457984 2397665
801297 2172712
1846965 1360134
4670028 2439950
3909970 530762
5319880 4367460
5744152 3809032
3348200 5252398
2931598 1013875
1850021 4691741
4021356 192189
5003834 4681926
2525592 4461481
217415 3442175
2747486 4755965
5752103 130747
3462182 5499187
3057056 3566438
4735149 2609030
4094815 4972725
4373667 388708
5550561 2516395
294759 2945329
2022592 3710458
4457108 2965960
3974520 4480217
3065901 5656167
1217834 5343308
859161 1415522
5855958 3820006
810786 6057026
3826545 2861954
1557688 3054742
2614225 5530541
550299 5916313
2544513 5958962
3520556 4006661
4252192 3606769
565678 5560760
5493822 4523823
2984685 2209095
3769656 5864648
5062314 5493373
2958079 794803
864410 911843
1663356 3978959
2707745 5149064
2464648 3231839
1175356 28825
4319226 1274765
2251424 3051845
3446601 3458803
2056624 263747
5790254 4431411
2315558 3061704
2187970 1748894
745343 5762890
5739907 1978832
2512524 1880773
3325907 2192466
622490 843203
6081425 2492932
4049893 4687689
1126809 5460839
3154737 2077827
4567302 1285806
322024 2846324
2454408 2220638
3746239 2638625
999200 3928093
5464886 1657330
4287725 481814
1168810 6050384
552546 3643929
1990961 2077564
193655 3400032
270135 1363772
1102271 5738378
560117 1747107
1763541 5989766
3972024 4999626
4068500 1779015
3830839 4962944
493770 806143
23154 5243231
1542332 5357197
4853923 2729933
2131550 5933650
3343104 4315197
1234661 361013
3495436 3692210
2529008 3901068
5656803 4645049
4670824 959624
897002 151024
1214777 5817508
874358 2406775
2257142 2625203
1234853 448910
1669241 4145091
836477 6033492
4084227 4056810
5578491 1706795
4959290 699798
2963734 5934111
3030009 5962241
5413813 4651398
4067358 2104779
5995443 5926754
4553724 4104181
3637087 3122796
48716 2366174
2519833 2298383
4410584 5109179
5942020 1140308
3917677 5736926
837813 3350438
3677640 574754
5797763 120234
1934615 3391769
750988 581102
732526 1106420
4723442 1969331
613982 5348699
4711132 2716147
980890 5723330
690035 1417127
5785312 3340288
