4
211509717236757725 666274889 734948083 202675702 960162773
1000
778012894
818885585
466251576
736829307
149882414
745069098
62765888
442170828
167145951
272278998
458477730
815367981
557934545
208755284
614816935
430000517
137349729
471100977
674348204
300487448
850773206
682986373
527252328
315788962
855197081
829204747
642426947
675902757
588737715
805877587
873340546
431736742
902335892
307957908
829634565
790894904
214783535
8296436
723078533
275889468
938895647
239772987
628218915
416036813
130126588
579374510
172829883
661969791
297554374
692186588
374544854
319495570
325752387
389774
828568401
779070504
729067515
701178232
653156567
371541038
946808620
378227936
942361625
265843326
121263072
114728551
43159096
510800035
72117759
849543330
654840482
735206904
162554061
481955125
663604165
610068633
183427292
431723948
272568005
772487875
551807769
846970377
378028465
257556921
525641467
427446446
852685409
459147278
390875884
809111182
52446317
538666523
834616840
820120322
162248440
814358508
4473296
125176937
615581837
717882601
876408211
318972194
483074133
837524255
173204644
465642215
139621804
861309674
861928011
550526011
144530893
127504554
523411624
393695490
429812321
211586702
126737612
909153973
382915684
765320051
518107023
720110309
703033216
705148425
85733679
241678992
423968386
638499207
335961820
872968693
263326533
40880402
464083326
488788828
591781512
924048927
246987608
859146599
842048635
801868112
170886740
140119131
883449103
449495189
313806210
489532200
136611403
374328799
696002169
267852280
840652625
413946866
872008961
725720525
622090813
283111875
401711739
852226169
174395106
542250357
564583416
940747999
758261574
178391714
734091246
336963639
957516162
517865737
763056331
312716359
703445391
766911092
779569840
718007127
365979058
481007180
232985391
89063345
339542118
640067152
712112682
607583284
340806367
159866026
737661004
225102878
182332083
397175342
52655492
930258989
527378878
302422450
952594589
138096387
820719463
618780506
806989593
2769290
360781924
194118953
435997036
427278754
696947239
440310063
293878025
869457290
871022680
832358058
649841102
156613913
670015264
450229100
216589417
765773087
497030934
527368647
91699678
931691777
707184838
481402295
218610775
954969784
907899626
482436873
255099129
152592016
708295842
823060366
265241236
691063314
45778128
492856051
444277974
390410221
14123927
250027645
818592509
286126164
860288377
656571983
801949720
13937451
861390675
803700358
420728202
134855251
753195586
38715068
369592208
32268533
679477314
762006972
1856691
555678063
937723537
267622633
161379194
319659758
197411661
426555986
408388333
913291271
335493520
466401484
442315373
151865068
435506775
656292600
154175003
505778927
819816176
652332724
123922147
537364688
506897656
489467276
502810477
655845019
738996006
731894334
423793409
250377248
175652193
201713032
530221327
684097337
859865244
766579556
717237655
747845164
352668966
185949288
914803554
426545703
214601906
583954843
280773656
296652393
720900322
105518523
28508664
858376255
507874720
784120517
197869463
908218226
565414868
674207250
724936486
38637953
108238230
931376855
471175021
209947631
785510944
521567551
711418677
494213574
673348467
428753788
14621685
100054585
935494501
291641032
257785249
248148398
475115606
570484370
773884234
544380165
652703916
709931289
304842576
210453683
877773337
956084324
727050000
813809630
653684523
474435737
626691140
573814974
521740968
741938929
822640822
431433593
405265982
949544669
257599229
729942674
908866104
303179118
499415660
163269977
247200606
744359936
808621488
137306245
724487220
210001
398332565
690461201
339612698
4218056
341289973
919716056
622241866
794035289
674793991
602212162
327947621
605502402
852127493
311531543
627190842
422198017
472307597
6756488
941705497
524667719
777373008
937177404
558786296
434238405
249771334
937514136
327961106
61859207
944452573
160740437
265651429
154789149
18766589
757198489
88537333
156566020
946083080
881761574
298270191
844252534
761619459
499651262
683121693
401724329
234648069
552389765
253644430
396681001
458865201
363396830
542390433
276296364
712784330
889103661
953900130
224981181
368692772
462251359
681670757
111053431
327494705
481912090
21112723
303809295
74507204
504970581
311242965
482840506
209811598
788455090
483637648
477166741
933638507
844403065
900694152
359079170
86149219
797425145
309735930
101698820
152150852
143641243
418782327
96959024
371558884
430598573
927996386
634459660
692837971
802857030
933692018
89481669
426677453
867276391
526414440
943945528
743986641
658536690
630231418
33575696
394514027
424058425
46166061
103828443
18719003
640144280
177586978
400748410
79629414
390482900
826412981
274965075
699546790
204511978
78012510
457809104
90801622
939535527
855284810
520690251
649696269
635554499
249619147
64049267
361827059
769148842
110666789
464215805
411736393
894713005
954203507
924107298
845485
493377781
957861932
648719246
124690875
368189957
689495057
745140582
915194046
519031081
289316481
402533305
691650992
461836612
117145418
575916302
379847026
173761609
780496775
434655073
39333505
418798302
129592948
689417549
91219839
670792727
595368133
281413993
864874828
620330944
399273161
153593716
942416311
771147620
761177183
707696840
510481096
289160852
551080500
428080134
353767034
2014202
593235717
941343613
711432471
235503923
15321436
31567634
583834216
86744993
760733865
947115646
36645831
808741205
595378637
343354439
420076622
445566590
594993358
841439609
71153547
919166927
842189778
453408886
373216074
267561943
35949653
10079082
824005060
835018425
359771118
537021498
80971520
746554789
449405698
563526246
565484277
88472704
702811736
525591136
928859604
920568646
158365001
796694766
872017265
452528134
546512206
58238555
254525228
707981049
889673576
13086755
128822511
952377279
437800512
106712124
684940772
87407542
457571564
296156199
307557430
853232470
383850053
549176091
635602298
639777073
801311658
662525483
240664860
111588758
757559436
845070992
104305338
822432695
49340792
408293636
310309984
585548836
165095141
559318449
444776656
906743520
190426918
220537576
750675118
178621483
776725272
404536705
413788190
185210335
163031277
764740383
311624091
194816697
615286387
623586762
368059666
835833407
539556153
50147188
86456735
708884905
831033356
519428284
603262351
529400510
344082600
213788015
760535339
749757592
39648339
889859356
802889105
148399938
602902729
533275392
649904124
206233939
218266022
760023900
300042602
431153870
387020088
831469425
189518533
739411741
421049471
650674199
246124612
255268361
838898427
220211791
286511525
519146273
710322092
838386939
153092587
740915485
765776307
881201849
482297138
123193344
62488026
392811170
47793341
309311099
636753301
506853119
762342425
522379351
278498896
409504267
661845496
419328251
573809933
549784450
229521244
898226454
881998328
17502504
480766592
491434039
404327515
36087127
953489492
278305408
31511306
886733555
705923269
866410841
361444738
493054114
504882779
622415612
882660409
664790368
189092222
350360911
441688062
844717836
498272812
948162452
895505298
432539184
648603261
464095126
945019077
528279352
453939375
223126416
585521734
513518306
225410407
404464024
38273156
470471686
892124324
631977465
650862233
680279502
623192850
726300921
573181250
182829641
934187934
871900925
204531188
53052571
756670439
298031013
853496975
423229934
688993726
845182779
169423478
628138214
927387708
575284634
431996869
792123147
164968780
642710896
54885905
29145258
726276613
203030070
245779035
643879805
583001882
270385891
149226131
153144137
583023278
281322281
811479667
16385526
414650133
899598885
658646743
261666573
958474059
387403214
61738645
573539489
626177513
700482304
731305494
138344815
440618109
740053233
497392840
318128275
939148047
148840683
897183794
673573745
250796396
487932018
822258648
356370539
219179119
710174194
461595116
758154027
716683129
306290227
933102161
908854768
726440520
395326547
646105248
567848796
954919726
393523554
930431622
219787085
220887684
501112055
805715053
103453510
476978832
924251598
477263500
621406397
960106128
102931483
934267926
729189464
699867303
509351209
452092981
524118446
457915949
691798827
320717083
571459408
18965101
789998525
581961395
658219798
573939922
335141178
585214477
604445558
203618522
371070254
296161651
572216907
595859435
337348459
133719168
448432306
741068270
921534754
697706539
959480636
693352543
324964473
162903609
382725138
843632575
681812893
524281683
492001152
311153942
622081753
331242725
793320217
411967609
536237697
510218844
826072008
462150985
355152294
610140050
616464556
578530286
118740380
517732094
50805170
719738720
342842245
628662845
641864373
877060450
818560889
566799783
764653360
481794474
750314691
222684730
276199242
331405124
807932424
233439762
27243975
23752781
588109778
301673462
404375698
451995360
568206113
947007912
335498448
264780259
393917575
403182062
63646837
325110325
391257154
218712023
926179082
810297563
938128441
71208738
543620853
152378868
691934363
673572895
591071916
213894702
138813401
367315005
262764248
884424085
524430351
701143197
887440668
703171785
889582494
926204213
467948327
289977096
212537223
420261247
795831326
771815163
847170286
702933653
33522281
454286987
222831776
766624645
180931072
49919800
295496779
79616962
189161967
255723748
55742016
356076600
185057124
369050223
94221974
251786692
596023416
213846084
870197845
225547395
348892708
542575120
812722241
350633786
248834951
784599552
894500224
304737938
164061336
237462024
117881577
450309656
250861425
94064194
619297220
625974939
300428632
476639823
261986098
175127167
867381372
901414787
872796005
187598602
459403778
765121538
101712073
480331058
503692503
246362547
273238662
341081508
952264096
608306440
680219320
560411675
210161839
360614021
692491313
590748230
664828190
876094866
434873160
544236105
94275120
602403301
121920088
432473821
864119776
947108338813842483 30735631 914990136 60387393 960162773
1000
852885435
893203616
591550110
737194524
866397144
520748150
503666702
139527920
417189680
752800202
432379806
106319134
888763176
872998699
925145010
513422793
595395240
627518389
364921034
640405259
87768267
327183648
439987448
534062954
532435407
247058801
91939945
485447582
90007858
944046962
766762071
657114977
247170566
541285088
627290302
832670035
301460665
233024734
578499431
339520477
83792662
850491975
340675796
263803213
136359671
733399859
406514674
43543000
405547368
398728005
866642781
86629712
726091464
829041125
616121177
29155979
916239281
477745718
296223738
336358855
428250749
304032877
495970720
302250796
750280881
723079988
508784222
391239377
22850982
888297040
418976600
10040208
101267679
212363872
254423139
547327437
272426834
72740808
284795675
806848669
634055937
275750219
251228480
564599148
161111281
592153732
822934593
866050390
89710566
266133
937750163
219781250
82976941
82987965
446246941
746416801
923859309
403446652
636860479
23977047
265735133
382602919
143369880
701761590
800809779
122637612
193399899
263370492
499792956
947031147
481388257
44250628
714879251
956656927
14680561
800396167
673145355
454304845
585559709
354143927
849480193
272128720
558181772
635333519
229619359
390529177
178073880
837030754
290263738
937583110
807961663
917034970
5706826
495187484
47160648
622586585
521979560
304136738
389939771
946194939
743241383
393079887
207298867
550471305
324747837
233485948
770591626
780309182
726129482
82234435
235644832
464523088
313350619
717844749
685629248
894787876
794967552
764902725
719644311
461646633
919816164
336587020
552302757
277874490
4889294
669753141
191997750
181861945
496337971
477898404
339773750
849994756
725421369
627116371
696258882
350926318
323081284
433907237
750693768
638577895
116277879
40719944
145614372
514437728
749620668
23546240
924867218
593111695
423733107
803644912
794636566
950892978
242294722
268026165
266816941
231073637
280344957
910725950
220011893
494554417
702520110
788853672
848211402
931764774
282290268
803975001
430482516
129060455
846251076
635813344
258176428
240410790
54923713
315973783
383531900
491422426
39088887
848164155
930577041
601052324
957045659
283639013
302238515
445610932
639145064
391051913
874853161
290524757
490289253
59625092
480817819
751379350
518429364
390341123
445086013
688373658
659017469
327989368
399530608
118219014
251591457
958849183
934273248
956188282
129973054
186242086
256599741
822162210
805715941
40894764
282834877
68597204
247612749
715950119
891478705
66738582
564818398
168911637
197842181
345643369
782865839
172880188
891635284
250841850
89150686
629191571
601634545
489362134
387864421
344345780
319738516
165429816
474637016
676547100
201197010
782925536
439727114
409693677
622365707
244877072
738514646
795000030
366808442
845909239
30520081
268251683
805754727
403287344
607571558
657674351
68606329
672273116
186454444
862939820
159507293
879419050
854515477
822852245
111124053
155454784
709986948
485968191
443218388
146177407
239752318
369413347
106304173
849735961
111410040
899018250
769852120
918355355
214187356
596232061
183449328
98273590
7793947
432195554
721809139
161484591
722979586
624838479
268402543
46045685
684220492
35589898
714119053
196441860
901874168
917056409
595826912
83058339
523114365
162238042
242993295
176806846
365781571
578898478
828917090
230054236
139926051
383570271
242939123
847564495
333825405
478122025
530732622
103247009
557617448
882311903
671713593
824357185
533816716
58230894
896917968
141799088
436812023
889337875
18542468
356196280
340035980
401145290
881677883
279513668
625071263
227776960
954472266
940714947
244410795
399053121
888992935
42496202
668067893
553424072
752479120
495746341
486114744
157856471
663000353
877600894
193231559
682070142
362978370
424594906
916035973
34201287
624784992
8920173
637824700
69978298
739162010
563393130
286513568
438322605
924182988
676053067
33919940
390981385
941321514
360834326
284416135
146245281
697893608
558597838
260297906
615009444
536495651
637772236
261739054
852128748
454784171
463907375
289568294
764099775
93354726
524706267
303350391
526589651
112322575
486304515
444733426
958368755
902131196
597544418
899419784
888246355
614611843
154601354
373013240
543546074
572047096
131602773
830675946
17888097
783202484
12556328
939839097
544557483
531276364
827105236
677531489
77301488
585533202
218239600
760875735
107747437
73729082
292031015
923038271
695729628
728363736
522444044
638602341
370982334
289719347
134648910
52990992
492907757
470674945
124920334
553577173
432128825
902647515
161881954
958347896
296450905
411569644
907868499
747286140
105290862
348684541
30070579
488095174
189182093
223916445
10696681
510407053
357741040
174102005
868170842
720404410
359425916
69576938
811346887
617936858
657349244
791761517
412288029
237574987
283584788
270101726
283677356
374696800
835706862
647749526
694420955
349013619
20183251
47450836
424171815
846643771
325620532
957798892
102292356
105775187
578371918
926090919
915381391
275050257
960091809
442843625
298564826
566744390
669201827
253325905
552463393
880113129
626023040
286381972
694873155
908349820
377962232
659464959
126187821
100258756
447817728
27326321
440804305
549498242
77128986
203642716
50236448
952429854
460506297
816873742
108098198
519573904
43855290
406254080
719101082
248483265
136714109
219715242
312550650
430845635
23997552
232842648
53344318
929831842
726757586
388562843
295966336
641997577
669638922
518356241
187240008
576574663
725497846
594271605
581706946
642236904
321257977
543648773
515945115
177341447
35481361
324201061
51120007
25189564
673343999
9460300
112737287
521200045
404476822
375298147
959299409
22827397
567375630
664218260
524703842
788388656
631604530
116847
486755997
303859320
315156219
903318030
251540268
955006278
544439619
836469280
142437843
603061009
304898526
7644031
202999391
907761420
5888802
821044268
788087913
839711600
448651203
247850162
141840690
935712564
178366986
255552521
6242171
847702361
921063361
734660991
743459932
68469812
206096747
405457628
705928177
71626512
480398773
858490646
800716900
448212523
872834171
690124396
353965111
612063702
31822679
727651105
632720708
188846284
682098459
10245715
347776935
458990593
206676381
252905547
671137523
405738585
905172286
887378386
705562290
758553044
213970494
194559743
678933740
709688111
849504672
696337008
900889928
79232439
431773396
111652707
17946952
714539000
559305500
736713220
201073904
395639201
786770037
720339862
587758728
260127139
429064061
197536532
744581530
355701167
224479842
378104447
779139483
149287618
950221945
905512004
678874013
931991175
955649351
119939274
643107180
958924021
472390009
886244692
415495193
662772704
34472663
15368942
275402686
284160733
433834656
395536597
204446084
305506702
246158779
277481980
869901116
380435914
691415306
484484781
157143628
647581506
4869608
754539909
793653099
526658411
919773771
85292224
629399769
354262106
741390486
952769289
748965830
353392604
560786132
522392087
164680822
18308484
380731336
404107102
167931773
190757062
341103952
415940423
71330189
394646942
842771441
400640285
921052919
194020044
440063359
284456760
513876523
123954326
522879634
643807913
690483676
87587705
158595248
290970040
834852084
564657315
311259349
240336451
290928052
543207940
308646020
527164087
837704707
572015377
491124565
428722124
113439868
141820311
896741253
276293611
114975610
81789582
9643901
351070016
145605067
514681911
437282293
393228585
629331684
754274126
12511562
749239825
760026706
366224939
615855944
76914704
518174090
532408387
403658356
850099774
671015038
130986980
844613812
417192432
819830162
47503403
656725256
547619208
181054671
585354603
117935909
694231711
567918688
344036544
398004718
18605292
359462385
942913133
367196128
11498077
469395917
203478699
115024222
106629388
708425173
500291101
101450118
569759762
701854508
749176530
216338729
478834393
535900547
349182207
499731336
741718559
832520003
931026563
160546309
502318174
853642056
688998430
256171940
795463333
884484562
564387702
315289356
951441311
575940745
838132345
843757070
543817538
557969212
135626461
550863941
772530917
48485937
377857553
458852675
484391240
730623237
167803163
159988713
43646584
127074635
244971589
539753134
207057107
758390198
624201084
444602180
890289099
335645760
121476193
783799655
721105159
508086358
142937215
447714532
741569553
760128865
913153642
953533085
210475135
959551513
431455763
893860960
32774782
678236431
181948010
273579540
349504460
639006735
337878902
916156482
751335831
697319083
289707742
633005131
393572940
764412884
436875626
686880914
513586195
370581438
699757584
423530969
83856531
878055728
657144106
704165161
490452113
873763992
128511000
763563360
927068132
58990082
616234127
477900211
397483595
620255152
450649999
770974799
455553369
275291550
648313258
45099047
470060878
794806256
264591211
429263414
232309424
329961303
776861849
343956771
20630769
892532682
849977105
826278790
623377037
878285339
666736493
923628005
648469996
464218747
658783821
762902910
395602307
880082375
205091273
306621888
879386780
774111754
385879042
184805666
781852246
530275749
320914960
560295300
713114677
305292586
165790943
789710909
709969194
507752959
386528210
313843092
66386100
415900732
573856358
895415185
325478134
910525183
297730296
87751014
708230766
511803163
543541975
442307809
411604226
75597317
860859577
170668394
710017281
742610466
436753633
206457216
269003329
931696471
8367825
203709101
384266188
167049533
561850712
752036818
69506753
959533933
616315440
822867458
647176852
627787431
565361017
19809272
84739204
38142155
196160537
789802283
308661625
662132933
340279987
652256884
780936349
498223599
566129909
152175088
765034578
7921611
344623103
419535519
376925220
188493608
761182540
728782577
474412708
498495570
569214895
508104566
159759765
578398414
747450212834808604 755335368 859454947 72438442 960162773
1000
645215429
327933275
683865289
112443404
684434963
251731540
339894874
482629910
732169204
651605840
411190247
724500841
897116764
871003302
30617599
524169563
199931026
825869204
500407424
310561180
343916353
675413737
331150295
45986660
229395514
663882628
563606226
403161819
714654495
405631777
765737203
536156746
382174368
617308274
264251215
69188835
912354318
289762952
906658293
51841181
535193479
956987630
264731057
780981324
334526142
16389417
186215990
598740733
259869144
210432701
163230626
310016899
66931970
442271260
634107871
53607141
817593112
638649183
608885556
343834863
800996585
27824609
485451608
663569307
187274671
180672012
920896355
792789237
654715610
675480799
701942482
498908104
795138679
286324113
263986662
822093556
385796298
782206539
309016972
146012969
182388985
475586594
125936927
49471460
108776146
338223947
879837801
295360773
467960326
109985603
756896742
329621596
893181401
837140110
870909160
418940362
139090696
567776037
43636289
492718736
775000438
479220855
704901526
454314711
765231640
384596172
736050878
397696925
478686970
671918433
181568698
489117918
441278655
128606864
276023739
399122976
951284615
649186808
832820572
123435159
399378835
212271926
164810440
510551156
916763731
61732441
802729740
725697719
164768106
62199172
334990261
859973304
39576111
835159649
529585211
422321271
439365063
813659120
479394376
312031410
473475632
604399534
443426495
401747865
905231487
483260343
693468107
815268487
49698433
487341345
942939463
250825192
687735232
58641504
782005564
786785865
740199823
357933056
487949314
324769130
414141959
350996733
696612244
411992548
928034695
865857900
364575103
937509924
871191297
860663607
477711797
388287354
913644823
96484796
174770451
53324846
146361924
329294803
537337335
955101
730779521
358801756
651753703
560271458
855887155
137025086
158064018
954911242
816369611
881128927
220660732
20528069
778022311
361183972
596285428
27268923
592652964
383109744
339038737
635023173
539783844
289855147
668279077
394095945
185087221
806494577
373931617
433673191
492886896
837726161
438548877
411982043
398938412
319038579
51747493
292540193
416798866
855120197
869449038
522320803
60943441
938477935
497300399
458494612
762435083
545228832
329374840
440160409
439829013
37899939
157277474
737459357
137376533
233332520
917907110
349809658
208957574
377885940
172091634
77171997
689601173
284282936
245195468
72389327
416081082
880410299
609260571
41298877
490742140
262977715
534530731
770343816
903928588
479228298
783258426
204030945
733107968
89392488
627023617
233247044
357274743
865089744
182472556
393244592
443050029
296321447
604715407
730028405
291187119
602468688
374335566
354004149
935017128
118553730
233479131
167127175
419911250
746778010
645496971
562905981
198540956
185727408
567830465
246067391
276763828
916052025
439706309
919642505
42000028
305067501
930208095
265488959
42295540
150403080
129093346
245381134
585938376
47325599
91481435
906572622
316064503
369902063
434362161
650237477
106455507
856255045
13351226
150333547
137712338
595555996
160297640
618914130
671437290
157101333
199803344
318462776
864681010
644417733
525344072
470245340
522863908
892497195
770701680
737927355
946273716
695342511
452337808
735345234
120336768
648539120
552006078
512805875
47487058
892922733
947854771
211693797
933868258
145782980
124209131
845365657
286739686
899845526
880246156
320570956
814923790
856224033
54014495
142792373
340061449
289432468
622385890
244937455
922200740
705789550
59001518
932540314
709194492
725528163
756357288
335213192
2809035
433917685
934923290
872696098
824088972
447574693
339462791
584523278
769892647
313090493
688853773
468743085
71466702
92103657
908958868
836514533
603038593
88572288
892154983
578112403
690984141
42536870
410617222
301194072
679005830
104818618
104522204
812654882
456350900
209117211
156462231
874847711
57061430
661944037
946228900
680690719
304270492
603097228
490824956
865044865
540798548
12794118
219762479
198367070
819388982
843189013
714808427
343700860
232135798
960052557
806856338
375579011
880451174
61972102
252539296
279702439
665626255
408877738
796407935
289463524
205028801
642445559
936507676
395328430
738598610
653860644
44927455
250221127
928026531
602448468
35246532
473552946
311387087
179931075
448805233
430116712
776423326
759300791
531046091
259631928
776802221
473844520
599262939
143878403
522989398
798993436
341196576
900417900
143248836
69276867
947746913
140429997
539284646
103139646
521316525
17728056
409017541
575946238
825922857
655493120
245924675
160297438
818774588
410790037
905833639
103144078
693473823
110270732
750556535
327186024
873822796
663386577
774860880
236250485
199782102
667582901
252773442
787612082
658390769
925235957
752524665
105635549
44544279
706432605
440378622
436422203
546210228
857793292
38651532
529911209
155721840
60009194
834946886
291493542
722535826
188220751
154592679
23610781
566120406
558348857
843111585
5012610
190448617
572746680
572835534
929572573
871527517
411632618
686932647
363113022
198088718
76978222
840251274
517160241
367667190
445043038
624168552
429914176
277533337
133842117
844115840
127480426
245077693
508635502
294235209
757900972
471579500
369391111
721018913
664117003
113159551
409956435
452503688
359163583
696070534
903935317
313436886
569353281
304109496
321087121
909337300
717654038
211398371
330538988
100920145
709462821
108803686
751897975
798624469
76372685
218393530
554046072
631188665
555886802
633344864
718685935
236759461
427010377
249823778
236220645
623284249
481791609
510435222
385310800
272632787
833325429
921450497
324183326
430861316
257095699
139280459
305463064
39782679
810125004
942759468
241994133
370374232
827735693
179228453
818403235
157786780
937008633
844297517
514729125
773793539
56575148
383459273
427793807
813747144
155026058
436200678
136236459
804353326
352736871
776553807
573220412
945687269
290492181
543919396
422003388
310711036
898395841
567329516
82777755
557059464
934831953
958687984
643745096
683750897
332798272
778104754
387703424
178594373
629982647
154273781
910374528
97200976
749493944
194271924
33246159
725626973
829399436
378607982
430206602
611844562
842786505
297512153
135061038
172203456
510832532
598434157
524013374
461026569
780510348
698840840
306506631
893440516
318325659
490049229
433667767
610368549
91801177
129158425
706595031
111395230
407648610
730225216
868755674
218387239
174056706
319648885
202568196
57172992
693573284
66166885
395539513
170375348
694866340
374351683
768058971
98880323
330302746
811897608
645217353
296017906
732865457
52360399
841923648
582049255
776668663
6818566
655625354
318662490
6106199
614618790
866051082
776471426
699822235
21531762
335529183
792127041
860899467
199499512
725309096
325500687
367300221
575362297
360100142
438092309
400082790
123738410
51379501
833643503
777137398
758836730
188495694
301127633
701382454
775862539
256916681
949912260
886394832
197954570
294586625
133947092
586629206
57216655
316234985
683961758
61555873
630177460
622175890
314274760
758030699
58967042
323778591
48690987
396595398
608254331
666654485
687138137
375843740
124583775
703894001
866664974
43514250
825231491
334970046
389680650
556519621
566050633
692356523
945401824
86577876
91901095
757500598
294111850
567242318
904746272
571185353
52049854
599736759
377120243
308988626
739313333
273298385
491414254
881046745
545248307
364456587
176331725
732072139
868815432
775421701
907838809
746567180
732435500
669481348
722384774
501989382
126053236
87439803
287548600
192998282
181880251
28734339
916645651
520038587
846642755
142732941
224695173
308745513
412794636
878183249
264365165
766441355
638322035
673116307
770852104
778678277
176828529
186858113
594611761
795167763
486963995
656199335
143230315
349593662
187044287
41013424
462747458
666423000
226547404
167277159
26853936
714984304
496157195
779472172
467089509
752299735
78422327
199318602
281716589
901421631
958530947
874385257
266322076
16767507
849787036
71771833
658463826
854478000
404342647
790117036
366652949
670209203
768999424
657724680
796690947
775299717
579337896
793686506
291755135
682630195
713612652
130552725
266064842
924121838
204528762
146949879
924359532
217235574
827132161
576696292
680274838
264875267
431277266
291897686
221907975
193677815
420966110
451112473
296099915
466064800
655133680
375901670
545296653
149833509
513725682
455810167
887475718
709050344
226476708
17339260
112606251
785000641
208665948
95210725
920439864
504265913
223368729
951219730
793518348
926317427
878552855
409823387
164084817
839003674
468432321
863218733
778031551
534840365
568545191
490144955
946090891
20266520
820131143
868025302
399562037
172730926
107118806
561917305
431265240
842043741
56371733
356174051
763024267
193898454
829021409
639095452
649299208
307212257
590779289
594410497
221123633
557834468
644402975
640373269
758961832
87150033
278256884
670428916
311452098
852325576
68595490
65003635
856941575
925387590
509541294
225291969
358730274
512659963
889612075
737476020
761857401
456382452
82453362
683030535
813711533
35923797
877109410
103055957
282097710
830550004
598515621
393991076
623755186
919950567
634457846
424319113
450063427
251369076
263726948
433796887
175682251
700844967
589693360
668787264
476752318
151572902
920589589
681504925
565697166
482300474
427296466
545377744
949532666
632922981
423935475
532301679
677557215
901111215
201237177
946546688
603335526
892030551
893490559
568758873
348928284
726227154
466507045
512487786
501349708
33463205
580682277
385701381
420573862
752774773
853066517
803749976
69106094
363648637
215507254
676031290
752470696
645106359
84377730
202463128
844794488
421564852
382915956
766624657
737532547
269381180
693220892
580211463
47616332
705600449
374467579
18403149
306707661
906062069
905570157
951538708
583047341
315471775
83013438
541614783
508054997
518408525
830531355460302829 139180125 62243117 31994450 960162773
1000
147314023
562745878
57243319
16220290
192420866
577375075
596962471
645402865
425586079
827699157
383873327
799626946
87674959
959435597
216511064
150364386
139171804
397722213
744978822
189972728
796480934
418716196
123678253
834848414
441453331
68728129
556514168
615549794
353960722
584277512
167964588
572496032
232257897
451091718
150385803
401882210
446087024
437785557
540839795
323032396
173328271
263406725
198123272
274837218
370756481
818781879
711399668
764151296
423524435
622121671
732904552
11849872
146153424
255362544
883032610
782947067
823043405
635269635
285651143
926738717
740361532
757015814
872250415
753792132
551233884
926760927
308557091
507981742
714354494
342814531
1796216
314409977
364062871
726659352
35675235
526365860
863360075
860025240
699631564
511262088
125302015
560693902
615270121
573819657
455134742
189933413
300272453
492426191
783714754
441444563
319356762
56159625
171982262
705398627
304873185
797952931
198378663
533918254
463558071
15842145
154832
680728812
556771999
513415597
688560145
144547000
637134045
359662548
756722551
217540981
234800578
17589173
443951404
362737682
566618148
499270280
502552248
745978352
498530641
120090623
752124939
95730163
291941089
473161355
230349236
505094605
27026278
139328109
211111724
577206464
445386430
901256107
605431444
831087002
716786727
871483584
787982416
902840824
959588833
469774793
175464478
346722153
385039770
79528195
537748488
881648341
725735597
839738206
502627224
113230856
140691333
228621174
837705344
530467099
909489847
742831117
565571446
203961085
586273739
385340715
20875787
763321683
869430731
550431751
209024623
594912603
66259380
486699366
44385972
580199967
463859709
86332694
833465003
889776700
339532186
614134260
953432744
652006704
673080920
620674521
544153404
578792813
616191743
952360956
185979175
797573997
212558554
264627297
674162835
786001494
934221471
181330724
331409083
450243805
306488192
116304668
302158066
559252704
840685226
722972762
157959527
848736187
285778557
328888843
609857332
531763901
356220952
879777636
877749716
490264764
241346107
736247613
282509353
308952177
844714370
501452011
434515771
918085475
130803317
926735789
142513713
354807860
46010178
332821772
323469503
891348892
758566693
287282240
444358877
280065706
656578069
107285739
360856906
762567394
655549855
782349552
402173241
5858362
806668740
540750774
95106884
747509649
7000966
274149579
196098689
782545848
531976320
57572602
70827946
405376366
459616165
501390679
333648553
201544981
139103537
451640753
451614645
465953523
173165093
744381293
862387014
515632731
831855072
183213801
276137428
105951123
694086609
735382425
743748005
480134865
68789927
526908281
107247554
836141945
523334193
107186014
681451400
669262529
548781387
18489094
114346287
726391716
13485550
438943005
196680594
312413626
756555352
164434570
829688031
940237921
291292987
670805018
249620396
534320169
913956832
203058523
450255291
893036889
890894471
644180584
860505713
626759896
592517010
769438775
905330178
199725313
582432307
11657818
56351777
630654439
586393204
826515959
325088509
111330719
1625738
292897736
621852020
324099499
211612411
287473934
811396990
386675184
578653995
107837658
933751337
411517713
286125958
9816118
613819772
387926056
913010132
675050007
652524372
706226503
601289977
836360211
435494566
492463124
776695234
786857194
219064029
442180200
804989886
693554803
205903788
553018082
80855906
252883106
31870815
589579406
626043266
890945479
192760567
907475951
58524819
885230411
127646518
63601210
424871898
504764414
308694458
472760912
438234914
39187614
814102287
720274054
645546144
215547754
9867077
509914868
82715051
522431868
707690828
232785839
391700229
900681299
402745560
423068928
410296592
318913550
81876385
836990439
681688197
14076221
409800067
143026465
360288208
759624839
794493430
651779910
569113242
833045223
89227041
50426317
499029833
611757502
453283891
549872156
598873714
374222794
461372361
358351867
4103472
707153958
772911889
392826139
520419035
890833048
384107584
632181291
693767222
132511884
647838447
496936470
813436672
943809197
785524423
243224840
327750017
702826481
456946615
771559759
708697587
837585033
89973493
260266352
175430560
399143824
601748821
292202275
789784166
313202021
415271701
555811718
295844577
923611192
13405516
884869200
713842737
60977716
144509629
320914585
847598996
92866308
614197134
87197001
910212942
243508148
651794760
269009914
446162386
366124281
421168945
776613088
206067229
210563947
9055668
735914856
661236778
656937382
662084131
676798227
121070608
877462742
674202992
368442290
752985244
308329026
196904673
227443780
767541520
506141227
6892771
209047303
854573414
200194398
679068230
443302909
46644387
756621042
385127367
205753433
82891965
71418475
734198719
370724624
417981971
314378996
117599213
35739820
218788131
835194110
378565135
158787767
367315772
346380715
423253312
30724483
942226343
957480368
304774618
790965148
764547702
357145458
205627392
6528890
98748436
126699734
880177642
63505873
441355623
849711592
953764378
328153674
553918487
264812881
6515342
523512213
267627567
734326682
164326033
841806420
710859826
407784375
640440000
796342190
17306223
658651666
479740311
154554461
55809836
172624163
500020707
915266594
582770447
356836629
386759401
230819926
793945331
259481834
374501897
771700899
671194927
10495604
618975330
630931506
253597559
421075415
837650902
344320317
108203235
48339026
418499424
495053042
883250185
469237348
191611163
573065914
152606701
903562397
155234664
69281193
159037204
327363575
685311738
547266028
875716272
814329451
50544253
856163342
879137342
369010055
176253209
546829161
413531482
670079958
12932931
72640113
456571149
332518347
772082419
909815387
608266109
203563164
544554679
810400107
34211086
217895743
122403896
550875548
734169613
332191676
299162415
44205020
419747869
704329398
764423078
749589314
68694042
323773683
626487062
877366750
30123777
642518813
468332194
588283244
657296246
428273645
224531737
797660216
777217319
943299070
106518338
822973320
663762217
77134564
520414954
625797677
220202402
752306120
64950256
826861522
541291548
535707343
122357132
953093494
155685486
389016301
159416509
790317932
282944217
627590483
706307572
521568196
293835688
546606733
769064402
204685040
918625676
596908618
195904179
938090754
607039886
901013112
257444843
818651074
423689573
794896240
345173853
677470907
493827434
390513348
746608941
901501116
413079098
753696489
848563301
77689603
824404335
811151619
938093887
819829470
554719381
949207177
741759174
687389227
175028
545119611
190149526
220826436
711732896
160923395
375090640
607447889
759449135
371056170
582267504
383373654
925847912
264330990
342534616
265293764
456994340
862661166
521063087
533425352
345387357
419259624
490552124
786155886
486670382
66620162
506919273
5745647
563412915
172412069
322548683
373909926
480957011
126216057
787099143
703856047
11836814
465491204
503345056
666166017
481528026
932536349
260303287
900865726
68130064
195488420
211542813
243697696
323354842
156071964
123767593
619447944
873005278
906778357
712864003
679330518
99785861
271643132
523499288
802892953
692862844
521552895
801662683
906158055
247967134
615917381
956996997
884312075
280167984
164746678
127125715
83346516
794993807
602549465
460116758
611704020
225241420
879572791
401699962
668776639
676375578
827261220
63636754
653482594
79075034
589832607
507648231
66783303
323188672
458227702
289477062
270019867
513865154
615148597
81107014
737759828
306939268
288696145
21229183
129594430
835627920
654504380
377155262
26942357
224141405
601852472
441512307
327615931
246317593
646106393
282659228
196681746
305756822
706092439
756318894
155497987
746704917
186445308
852896460
375194743
699847985
420927133
743596362
703672102
837838260
747601289
855614891
484424701
934399081
670479251
867647358
11949327
427657206
208380678
621737246
437958351
777549551
288074269
522472643
910850078
112029779
80103120
58692833
382312281
663199424
441754056
596826393
858150069
535737639
222667048
193550945
587097455
553133427
827280093
353866542
806288058
288525480
604572384
873247543
280942878
282498967
395317988
361028868
354016733
95317313
104457188
239846773
958445516
789566497
862259627
182968801
713807005
474455102
628099169
258256884
246934622
790854881
839470843
476360566
845224428
739422087
259619322
492648467
298965798
379810414
409439529
903841424
862310315
620910504
798653315
310004054
158932653
109047765
251042354
902379951
730987122
285694751
70396878
668626636
858529003
354153907
774419352
910814737
25204776
838698171
330991857
598901535
367148753
741349073
520669608
458485868
676011059
716614798
160677686
543965874
224753038
427285783
142953083
840009763
863618951
805702657
295949024
347163114
238765211
21370219
594880282
718311960
716506368
59366322
308201634
125651603
313118820
123956000
635892604
889180579
474532426
537745092
357028130
125277264
447624842
949821404
447142472
888051367
785452379
639337914
633421054
781299308
362102613
607533698
529456465
137445472
196796059
810207948
956866267
763142400
780106570
437360025
405482218
183237647
458176944
257508737
468258140
844482638
749746745
922121709
729890682
752897404
419486966
367491913
695109263
389517024
87261477
307753971
587542572
475874571
391046714
650214101
29233278
98528542
380828294
671006797
804507263
705115164
503364762
843334553
661760451
528257267
147822408
267262105
346941538
365449686
381627477
854110305
608447919
386546236
836639758
525020700
623168250
132769406
317582522
284293840
305899143
631298438
450282749
129645531
477330800
91544437
648003607
247739660
267493310
165045884
139717142
205599690
100463525
325422339
556725150
511809630
444483435
690180505
841614396
471636715
233725874
953507605
899397211
524539714
700456289
106614632
8231259
485509913
574717952
71104804
871927946
212968603
75622184
