4
1 0 0 0 900000011
1000
249
46
75
496
486
832
25
499
272
448
539
969
354
524
526
630
818
251
591
786
840
596
427
877
6
498
391
715
425
232
957
905
230
863
684
833
395
258
919
245
235
899
998
735
553
308
497
732
923
401
63
825
985
420
330
405
636
721
848
185
908
223
119
376
568
618
97
782
827
559
110
69
751
33
986
160
455
638
912
213
623
294
558
21
241
328
529
968
435
970
101
743
82
700
740
201
182
34
13
933
860
416
815
779
227
87
771
40
71
451
280
675
218
49
537
366
678
552
99
166
177
247
30
687
629
286
521
765
504
107
29
915
973
390
91
659
944
669
924
512
1
619
808
15
442
812
415
52
565
621
932
438
518
312
490
611
866
696
173
322
517
803
961
783
298
484
348
124
954
807
760
752
884
178
180
243
639
799
874
784
74
464
887
356
209
439
999
181
424
514
85
313
295
737
870
501
184
916
624
233
706
190
578
955
125
948
331
329
546
534
115
849
500
730
943
167
851
145
170
554
198
150
651
756
132
138
555
392
964
289
503
102
179
426
656
533
746
409
123
828
414
573
603
406
477
417
978
35
137
836
930
561
609
118
393
583
206
718
43
317
48
397
599
551
698
707
302
79
822
686
511
412
595
949
990
345
527
873
724
717
50
977
462
763
510
473
487
806
660
222
351
158
407
787
847
536
891
373
666
47
197
469
907
587
321
878
372
934
429
175
509
422
226
120
547
341
854
360
112
161
712
626
664
381
141
183
116
357
42
802
260
902
572
868
966
876
196
375
208
889
292
306
236
869
133
939
819
946
781
474
738
693
729
892
154
713
271
566
104
780
489
264
374
797
654
826
975
270
925
761
844
378
86
142
824
109
909
610
159
250
681
725
143
259
962
625
465
100
577
741
55
339
169
325
396
380
663
754
773
430
589
434
449
305
646
627
114
307
941
64
775
972
267
562
301
557
789
940
719
811
959
896
19
791
446
57
766
994
261
22
817
408
788
234
59
421
820
890
569
432
956
604
492
495
28
134
367
383
413
770
300
697
252
187
11
266
901
648
255
2
942
898
922
727
349
314
906
353
759
588
111
711
538
682
612
256
297
528
744
856
723
531
336
839
692
673
804
163
23
338
466
476
996
859
67
632
385
402
172
398
628
882
814
801
335
146
128
231
841
914
937
631
647
221
194
453
279
153
211
643
945
248
106
668
65
389
358
333
613
188
679
936
332
960
281
152
649
607
800
895
441
84
615
657
507
130
238
530
225
155
334
491
44
920
736
369
605
701
157
444
24
785
229
370
203
794
917
403
103
903
774
350
164
316
189
776
523
709
885
834
790
606
567
437
710
70
457
544
171
556
989
644
845
974
865
284
855
703
246
303
616
667
927
690
454
176
129
963
601
594
857
290
472
983
640
26
62
340
620
886
755
753
608
54
862
830
199
720
105
505
734
843
772
60
254
665
597
452
513
324
83
217
273
883
219
749
714
12
168
910
205
750
363
726
590
685
445
708
394
365
967
440
127
282
488
680
689
695
459
371
950
742
971
342
995
212
72
8
81
359
320
214
467
470
842
304
543
931
688
768
31
767
318
650
586
672
237
27
337
893
871
550
670
274
285
992
576
239
540
904
952
758
571
362
745
220
929
388
458
20
926
645
108
928
210
94
674
592
778
809
276
76
991
938
326
269
519
4
450
747
541
95
58
585
156
174
493
769
980
935
224
18
90
764
126
987
309
38
570
642
386
846
364
32
581
56
5
53
240
61
92
683
121
535
614
958
593
296
823
73
548
913
343
471
17
549
131
584
677
652
532
419
443
9
288
676
379
277
202
574
694
283
997
793
14
731
275
798
207
311
253
265
965
68
51
377
463
461
506
355
580
479
634
478
0
431
722
387
516
716
428
475
702
262
382
139
598
228
191
78
918
564
41
45
257
3
39
37
113
850
805
981
117
485
867
757
368
347
875
872
852
831
617
733
89
837
361
404
671
447
88
661
691
911
739
705
242
816
662
384
699
144
200
310
508
602
192
888
835
98
400
921
80
215
299
140
66
151
894
641
853
953
881
352
268
635
560
136
411
520
7
795
77
829
748
10
263
858
456
993
293
582
982
762
480
162
579
658
704
216
481
287
653
637
502
468
900
622
494
984
327
979
483
545
542
897
813
346
195
315
515
633
460
16
135
838
525
792
291
148
399
186
122
951
575
410
864
436
93
821
522
988
36
777
655
482
600
880
244
433
278
563
204
879
96
976
418
423
947
344
323
319
147
165
810
193
796
728
861
149
1000000000000000000 0 900000010 900000010 900000011
1000
31
193
244
417
916
241
735
694
313
580
119
574
430
538
503
127
433
62
853
729
497
564
972
756
884
819
476
588
995
427
145
718
753
326
930
609
612
864
620
486
202
591
440
836
172
851
113
21
902
534
647
688
442
586
885
583
992
504
691
346
332
456
889
943
89
156
572
526
388
445
990
8
213
70
229
176
928
349
354
971
627
484
549
16
548
115
371
789
886
171
664
26
509
306
231
379
308
294
187
150
118
585
848
775
774
95
273
325
536
347
919
47
897
895
153
517
673
333
746
724
410
672
590
297
671
557
727
276
260
625
644
253
56
716
413
461
984
309
203
157
812
752
690
807
682
48
208
925
101
678
482
576
523
280
5
940
815
999
820
953
478
144
22
455
711
282
957
120
839
617
518
155
314
541
561
415
736
779
174
301
805
685
728
55
929
181
380
363
385
828
488
776
878
36
204
359
404
211
814
959
510
968
533
891
843
291
616
869
659
126
369
705
238
810
801
399
24
530
832
323
903
138
528
934
532
731
254
219
683
335
604
726
874
190
402
719
216
769
84
799
857
698
944
351
278
425
249
372
660
293
842
607
773
926
809
227
516
872
676
898
780
850
960
18
298
594
92
99
840
965
525
123
597
438
262
424
861
747
152
553
686
133
817
217
401
636
196
515
798
170
813
838
733
100
979
151
725
492
228
192
821
522
79
173
418
319
831
71
721
207
209
57
283
132
763
468
377
568
287
97
751
654
550
796
408
845
341
395
251
560
475
977
881
829
109
623
989
374
750
137
154
300
454
237
896
629
393
786
748
134
348
993
490
703
483
68
955
340
877
811
183
823
565
30
299
544
357
337
452
320
52
338
426
224
166
767
713
704
61
396
824
661
292
584
524
168
220
500
938
611
78
696
589
846
873
353
833
446
428
578
910
841
760
221
870
40
477
1
648
405
259
246
167
804
956
712
222
65
519
177
675
491
235
272
546
42
35
657
32
85
160
674
742
25
893
66
608
264
384
88
189
949
90
41
556
946
987
764
239
412
905
436
29
637
310
795
13
615
495
218
72
932
717
268
38
58
527
165
130
571
158
493
758
169
923
296
6
368
360
81
59
148
754
149
573
981
135
566
931
474
378
470
757
472
284
453
978
328
485
53
976
862
952
234
635
499
76
547
847
860
587
765
108
27
245
185
394
464
684
794
390
514
506
791
687
324
146
914
355
740
785
367
710
496
411
988
373
247
693
83
96
279
593
579
858
599
466
679
364
111
973
469
628
274
114
908
543
429
67
435
665
551
141
460
755
700
837
184
304
375
638
699
422
575
595
266
667
93
46
98
867
669
567
689
356
45
19
471
350
20
706
86
122
295
962
487
771
770
195
343
935
951
344
570
651
890
480
680
129
263
663
603
163
302
677
277
124
318
921
334
596
462
269
54
539
316
653
33
69
362
162
443
143
542
598
104
563
51
613
498
398
74
197
961
2
110
692
632
28
880
695
214
826
730
777
479
624
303
582
787
448
697
545
907
501
759
271
64
60
900
766
863
386
198
942
450
345
558
330
391
581
467
3
444
666
236
723
871
941
7
876
233
559
670
918
180
131
508
792
267
321
366
983
397
336
87
641
535
744
917
825
125
342
289
73
702
854
741
937
449
634
939
437
107
201
982
922
186
441
513
34
512
662
797
376
537
261
966
290
974
816
365
327
913
762
866
286
875
82
883
439
936
352
194
210
520
212
998
737
808
255
116
15
986
226
361
969
230
434
117
465
645
414
739
43
707
619
655
803
451
715
909
646
12
205
606
250
734
822
63
421
10
77
489
256
985
505
738
14
494
121
382
188
991
370
915
720
457
652
947
818
521
240
106
630
179
389
849
631
626
996
307
317
11
967
649
420
392
275
432
191
964
200
899
339
950
112
511
975
958
431
331
161
182
745
614
633
540
555
868
552
159
997
788
481
772
954
844
91
311
381
75
502
887
232
650
912
778
258
800
322
507
39
668
806
447
970
529
554
924
0
459
827
358
178
103
248
743
252
419
945
856
658
709
199
640
136
852
270
802
783
830
834
17
963
403
4
600
315
994
855
562
383
882
164
592
793
714
463
643
781
215
894
242
175
927
225
37
681
920
407
223
473
94
329
577
312
400
933
142
865
701
980
128
147
285
790
243
257
105
139
305
859
749
768
9
140
602
901
610
835
406
531
784
879
708
911
23
761
892
782
423
387
80
722
948
888
621
906
642
639
416
281
618
601
904
288
50
605
265
732
206
409
656
44
622
49
102
458
569
450000005 500 1 1 900000011
1000
558
659
485
403
26
111
962
534
622
140
390
288
837
3
406
471
528
562
93
132
601
529
259
748
336
713
823
169
710
919
781
272
281
893
240
815
128
383
481
431
329
683
877
74
298
925
235
564
12
439
660
697
642
844
591
450
464
59
509
557
363
101
305
220
583
971
977
569
353
382
250
242
352
690
146
571
398
623
233
401
786
516
876
800
628
53
791
370
249
229
840
71
501
85
392
592
421
269
984
885
374
590
457
278
158
884
633
313
997
116
331
818
126
673
118
908
767
262
656
835
27
575
343
308
799
186
326
536
996
7
246
282
241
637
639
760
61
466
244
86
399
644
532
918
902
952
372
407
359
137
337
429
790
992
842
44
820
507
355
265
206
495
426
951
828
619
82
493
891
472
194
360
953
681
210
943
629
543
512
747
734
112
8
801
652
293
987
664
97
881
706
371
602
874
75
950
782
535
896
658
554
419
209
805
96
678
641
763
945
424
29
967
268
161
813
388
684
550
540
344
106
375
35
537
513
965
236
948
821
685
290
691
715
346
271
907
577
932
880
650
707
982
521
102
838
618
727
527
985
704
500
780
23
804
448
105
910
391
737
883
144
46
117
802
541
990
999
335
873
906
498
594
630
217
578
328
497
17
870
489
422
40
41
698
54
340
90
122
156
662
751
30
349
834
285
989
676
45
669
807
123
172
732
867
303
900
287
879
826
812
296
574
347
183
750
255
506
182
703
487
301
524
695
878
455
927
765
764
851
988
969
245
4
722
551
915
711
553
420
404
124
970
459
868
771
922
461
446
413
539
286
14
974
295
155
373
774
73
208
735
648
289
488
860
912
292
740
563
300
653
160
717
21
825
189
752
846
387
321
243
376
400
608
795
109
153
768
572
258
631
330
436
611
598
276
643
672
52
545
636
538
175
351
687
755
978
655
556
38
37
886
178
196
720
875
283
81
409
646
638
60
850
139
357
192
939
99
749
121
836
63
131
135
980
696
79
792
627
467
680
294
809
533
239
620
701
167
253
827
230
492
830
221
797
546
356
758
322
787
130
342
645
460
829
843
674
632
832
689
909
260
981
252
941
107
389
72
814
395
384
614
443
266
853
855
657
348
333
22
816
579
961
552
168
675
724
166
504
916
181
304
833
822
986
434
784
216
48
78
248
428
756
738
947
138
327
890
525
366
377
190
949
744
147
280
397
994
415
445
518
555
427
499
39
198
666
396
904
28
323
42
779
350
108
692
729
432
824
505
2
129
490
517
785
617
173
88
484
104
67
18
693
149
725
98
742
508
514
940
188
544
9
584
442
452
515
914
806
862
588
228
247
640
847
483
968
682
57
170
496
933
709
394
205
1
203
68
33
171
362
201
549
702
385
451
858
56
938
721
651
184
136
34
841
897
165
661
369
926
465
866
214
386
979
714
776
576
625
770
291
89
930
317
213
127
856
454
267
462
519
232
5
256
983
84
654
180
995
743
486
668
299
946
231
157
944
859
479
358
942
649
468
310
10
621
901
200
197
142
754
589
341
976
736
894
456
793
463
234
624
218
872
566
16
788
959
410
913
222
150
762
998
871
92
202
367
302
494
475
435
476
775
745
274
761
393
726
991
224
869
861
565
796
923
670
164
94
520
581
325
179
741
423
898
159
309
626
723
6
19
852
277
125
694
119
95
718
772
143
937
606
956
312
36
315
892
794
177
911
219
667
607
920
141
193
364
477
560
958
746
570
55
612
0
13
954
80
542
70
719
854
227
728
263
25
503
320
430
559
593
679
634
449
677
254
863
587
510
114
163
671
887
311
609
616
195
753
547
865
882
480
437
766
739
307
110
769
635
444
474
339
20
87
808
963
603
849
43
47
613
935
251
817
597
447
65
365
839
700
857
324
605
417
548
522
440
261
32
596
972
561
582
58
526
354
473
66
993
438
414
469
573
803
895
610
810
314
757
185
957
441
819
567
523
332
777
405
811
778
76
733
511
798
730
433
162
482
334
848
425
275
773
470
585
316
934
686
284
51
225
864
599
929
151
491
712
699
134
580
297
716
783
379
531
273
91
478
402
889
174
647
453
237
270
115
15
924
831
412
921
665
888
145
279
207
975
226
31
530
154
212
223
69
899
936
264
103
257
187
966
50
306
380
215
663
345
83
502
708
148
211
100
903
586
595
133
964
176
789
688
49
418
458
238
191
845
905
319
411
973
204
11
416
24
960
955
62
705
64
928
338
731
368
361
568
378
199
318
604
615
408
600
152
759
113
120
77
917
931
381
1000000000000000000 750 0 250 900000011
1000
685
871
385
805
849
187
192
175
341
798
977
185
379
891
264
665
830
736
14
443
34
141
43
10
22
567
718
505
932
344
908
687
432
111
860
822
658
751
982
333
928
746
763
695
184
684
669
485
296
696
49
704
254
728
300
120
781
262
12
562
810
870
778
831
747
39
603
117
649
672
55
449
489
158
626
386
100
504
224
151
825
330
195
946
54
710
196
674
884
869
174
154
578
967
69
890
235
9
559
621
592
794
420
551
65
644
754
375
743
528
651
568
690
676
867
832
847
777
911
956
326
972
433
813
789
647
660
181
629
951
41
502
990
758
974
833
364
541
382
496
115
133
401
68
238
721
926
533
797
148
338
913
37
291
44
206
678
328
611
359
524
467
246
799
321
5
129
543
441
105
960
760
242
273
693
82
716
712
642
424
76
188
532
682
79
149
906
740
632
634
50
953
756
283
93
190
713
907
387
80
219
320
475
826
218
0
419
77
811
126
310
281
952
947
453
446
722
26
628
150
366
355
444
198
289
534
807
201
8
788
28
4
469
511
565
985
786
664
819
130
317
915
463
121
900
171
899
495
346
393
313
162
552
251
573
336
466
772
828
732
484
92
945
938
853
588
399
795
38
494
607
851
509
110
726
773
309
875
657
924
864
796
234
648
398
889
681
255
596
845
191
51
481
75
523
101
371
920
925
233
922
132
595
679
118
803
850
146
200
950
970
23
962
529
575
601
143
901
74
617
553
706
437
584
641
406
357
284
209
507
650
555
288
631
576
580
613
142
356
85
220
503
282
802
493
929
66
852
512
734
358
157
280
52
667
510
635
961
944
253
247
208
473
663
755
99
774
245
270
347
598
940
45
182
757
434
285
127
537
90
814
226
912
905
211
368
232
197
414
572
431
304
538
363
423
250
329
408
879
620
874
600
404
214
720
413
335
73
372
738
536
793
119
824
892
287
801
571
1
975
605
873
293
459
390
258
243
759
902
558
636
373
435
112
216
978
136
520
20
966
702
942
294
792
164
878
531
943
697
989
739
691
265
272
159
998
7
139
530
426
768
513
904
549
973
229
791
352
15
815
125
787
81
147
800
937
877
327
295
123
16
384
178
872
806
770
547
261
274
267
898
204
479
207
472
957
199
203
577
325
735
351
612
378
410
895
35
134
337
63
594
816
345
215
362
886
686
278
29
30
544
839
659
383
334
315
999
556
109
727
897
360
319
858
668
692
623
128
865
501
979
260
322
579
168
266
40
604
193
212
340
554
535
593
670
183
102
717
239
391
661
13
427
748
625
411
442
885
36
31
643
909
887
298
903
461
17
737
316
764
855
48
610
888
861
290
630
153
673
452
353
666
227
969
263
730
821
700
438
995
487
275
314
790
421
784
848
462
140
525
331
249
42
78
548
976
622
61
589
97
542
230
308
402
138
835
934
422
709
997
64
917
213
519
436
312
429
94
804
194
546
376
405
993
370
19
586
918
297
318
98
965
637
145
683
812
615
837
653
116
228
671
170
202
986
96
841
880
301
963
561
609
56
896
464
775
377
823
980
240
409
83
780
619
177
95
585
478
517
323
834
581
332
271
47
231
569
155
500
742
633
767
752
471
244
205
522
618
640
343
570
639
557
958
457
724
3
723
369
428
526
744
407
440
299
992
955
731
933
417
545
583
392
745
483
964
124
18
694
968
292
840
277
705
508
396
311
939
307
324
418
306
21
590
818
699
380
107
445
882
910
468
893
836
750
210
256
506
186
753
62
279
223
33
856
276
843
602
614
656
180
846
703
217
645
914
303
425
89
490
160
842
403
521
606
599
259
166
675
991
476
638
492
921
189
388
448
103
729
488
71
987
381
749
689
894
765
339
46
688
395
480
527
857
397
591
927
949
72
497
169
779
454
876
733
57
374
491
167
587
820
365
241
122
863
654
994
221
456
597
827
563
25
236
762
91
540
959
108
655
539
349
782
354
237
474
518
936
367
84
948
470
104
776
252
394
350
582
809
27
32
152
176
163
257
161
817
179
838
766
883
447
916
844
389
477
769
24
616
439
866
88
6
458
400
348
131
60
677
450
624
608
87
225
305
868
783
741
302
954
248
172
135
680
715
222
711
412
165
465
574
785
361
550
516
430
486
59
652
881
854
771
173
931
86
646
627
859
2
708
935
106
286
714
719
11
114
499
58
156
451
416
515
808
70
701
941
662
269
144
113
930
923
984
829
564
919
137
971
725
707
560
981
482
988
983
761
53
268
996
67
698
455
460
514
862
498
342
415
566
