4
635852212120868271 64941683 215489219 271031318 959041871
1000
464311177
746427760
403977288
821512607
430215753
584347514
462346765
883348726
90612199
300428514
56099139
191692436
140748758
450726366
759115527
642225109
210069213
663240579
897260024
673745211
213140005
95039358
125499149
251618412
86646702
173361022
693347724
491550178
37692185
177184407
940345156
146681594
132887631
612752944
642076980
176714934
873380137
459284710
298059681
618044779
98335685
621676855
359221796
759744996
106375928
777639928
945934122
110693165
243895895
171744384
495184882
434619832
366699644
355523306
622421187
918774667
665193479
510974327
853874531
403115744
31587786
236845593
694489824
303549797
623778156
479026378
316083963
15169338
763119159
563287603
792786185
31405669
223999643
780607397
192612897
157193697
731836201
442869603
928393152
932660922
885037224
150504870
891030183
916805842
264729795
880325800
612534076
198814752
958010984
801873097
38042117
651138508
889337275
658399598
175208624
911437732
649092065
437612348
474051438
374779339
354975206
547469473
218613315
867173860
343585287
644865004
907027944
317184843
727505368
327620400
78503098
534322716
112672032
165736869
721370344
261071226
938430568
22216551
208021240
605815514
3518304
313907093
147667026
415873765
900808746
358609203
302811523
93997194
887595037
257563113
796395052
182083529
744245987
845168321
638023153
797105641
252528251
290945341
49891531
51090195
441577320
483422398
548492598
381434532
418873008
716853134
378402996
552371375
564514701
815722375
384700471
93442041
570394672
224301274
387405547
529826683
249196889
96120490
196804346
514535204
167468400
79575310
815572694
42634052
214183616
866438226
460543282
556212434
241169014
301635286
463570105
106019575
882488374
749144254
18071702
773204865
870789558
671356480
373835242
800310001
588597234
307426857
324154586
896596477
604392038
361442760
443428878
256758191
23718151
473890322
245291155
896753796
261281739
661338492
483685322
27617949
730834619
418218900
556796343
672670401
606031032
548303849
569563490
40597338
267002836
143329582
697740570
30904515
384784052
766210283
434912989
244491057
175535605
842037628
627986784
276819943
114829028
97849984
726925309
202455888
759082788
544165931
390917600
416197545
814235708
295855332
311231930
828539667
203597591
812392712
661584399
907373542
522335906
519518421
351264919
757534825
805564833
941577248
230587072
771642475
708611770
197749104
27336458
336892989
251410376
139514416
299566634
151835398
892395689
421145313
373942712
37251182
255648657
797802421
154558256
21443747
313233573
51502773
869430757
449830759
822970449
461643309
3364810
703392031
87667667
830222907
100939975
62915286
543437821
225394947
179822810
955574520
403171414
898233005
906539507
364619271
159601050
618789925
829293174
26152458
552302406
316908427
334840493
950434201
786710157
846640529
441420036
672030194
872661893
496113184
839742683
633448775
395800459
233100483
164036968
800199806
531888923
766379289
36638786
870018463
762917240
242690231
183507031
494037546
466129370
882983684
958487879
422490366
183951579
498735244
721722454
280412051
898992121
464816494
803977742
125108817
912926856
375415822
868903563
667975255
237726765
604659907
202121533
770070677
322646819
698098378
153670201
85352530
177459674
468094049
682165128
470230566
854539843
125066109
623035927
44269633
558142389
108105685
773542454
612665203
739790748
610403988
918231609
747446322
160001652
570273003
84110170
805411255
343904722
357006748
188599140
409318097
712028412
763743344
47118602
31168240
725312107
282551602
574071838
407489019
328428192
198104418
651233194
196414795
581905933
89675508
925153851
240683998
318689736
292528510
574414800
606131221
21447611
832070989
47359551
378045877
617308934
4451888
777160673
143400330
899774284
844830444
130496370
827096432
165792098
25753510
243004642
881263192
484750739
655556236
44002902
737300041
701890334
464028669
858601975
90246268
266429142
821143836
535100769
463677423
864394065
687510865
483828454
752701571
311097722
141738871
640629305
212960527
926522656
102283551
794752467
225432522
934665812
142859868
620121218
724584100
800117503
20312726
523300277
948194014
370029625
304969271
117020577
808897789
781067603
327925088
10347583
190796443
768802638
338005317
510662843
14899590
827491170
34620797
13216071
281636368
294387096
104945091
660781558
521544573
98855056
212057096
165840465
276256600
676401292
801772494
465790646
944431022
893838819
609296846
719903795
431069841
168311775
402898451
397648367
252406070
524128863
343578205
325990242
476672039
576210598
562249088
441298105
9396851
168944730
847292226
593203907
368722073
615004038
925217408
147779366
323771776
794837720
734593929
684000058
212556978
574023812
354535457
183289164
504649181
952503455
172142144
598663501
432356433
802689812
413425809
750682369
252450548
213721811
764707635
35022241
443841585
633270845
424764539
335103225
738067300
846094393
194661072
249010586
242396976
467181379
167847406
406551865
78364409
252803063
134712276
102163374
550559162
707202858
228678310
682040615
89098481
136381138
716315483
170387810
858557870
617188057
269610016
362325062
583694760
196486398
700730483
138517499
522588903
791852675
900426984
539506173
444291819
737318816
292258744
39717165
878219812
791473775
603794605
800725312
33176263
612277246
359728136
945261214
806537472
694021184
927083867
133324420
679680842
424004988
625255999
267605187
175146409
1185164
359176320
203523918
753557664
408756272
448789660
539617936
548617787
137020521
106803239
266395924
236841159
136553070
94275145
343188235
713549317
398193722
426671902
568576874
935706683
866299019
755939893
404989801
951967730
67129989
128945426
269251061
136588089
173321422
92675309
781987886
282392224
380393999
158267601
237816938
814385870
245401177
706489165
50293088
189787772
484503325
550237222
872093774
173239416
123157379
306412963
385104020
47022387
277733332
845175744
77763991
395340131
580315680
439232428
108674191
384336754
154263193
646663355
848183144
285460861
750378086
850911444
74744149
580837525
824209841
194749331
269884712
867916817
444322922
691954217
51745660
413668987
60698993
46206999
517698124
33583023
596205503
815401015
806992216
343191391
465187934
924133107
782725703
877455089
312553549
472025484
257293648
618460479
900612909
602993396
266813536
387387974
43652710
843178388
780139175
76238424
948034243
485015767
958387610
902878506
296026449
534430941
594943955
8050742
237654052
761611161
486948220
287000298
126990643
753465780
781936488
884490856
823071767
739548583
932486651
57380052
206051920
738923093
778498828
188003049
893497056
312282639
92893978
669727220
272195597
545888557
644041748
618214807
231865235
421150156
260754400
698721208
222596928
954603979
914224261
677337999
400116087
75594589
421987504
561204987
486194238
422691897
253514067
945292382
627564591
346029229
74499633
662526476
248266731
8633335
231229076
646808737
237019058
606841627
42386552
617225720
64027772
873295824
636974877
153402676
80198067
743159618
371418488
951353307
768202983
613777090
875359970
253046165
836637897
521345425
424142360
730838770
415604800
765724121
589638745
186511297
916749063
889306548
902882555
904227082
11268636
25596738
616303255
661617557
789325539
931300872
752169560
310191809
766001090
150344796
64276480
469102990
613493458
787396858
744976212
908785603
737755700
675105026
130853563
822825785
919202122
234565495
498947842
641541261
489645161
795657249
857215563
420388626
134452110
875506156
859270073
452525469
694837238
100419175
925677749
357168391
838777348
888289638
929305069
623056127
292600127
125095393
80885536
835174117
501433185
373466723
358538275
272050976
67694601
503991355
941584751
152579161
633456602
793325486
256689648
394753262
754434634
560724515
648099879
351820048
693008900
588419349
41157369
484344773
164600726
558465813
657078575
261096838
750719027
727765030
139275412
34453298
827732339
593306015
667877834
885117434
491034670
341752285
86919637
363718979
639710597
855741310
899015326
136756679
347328505
460661878
179804257
139140644
174540274
834452318
171830527
831860091
353312761
56443824
210673437
220802770
912706558
334566797
450023971
524734739
360008643
901988935
594957487
660474955
314735422
273467703
684179535
890822172
852756603
399386440
180048010
925044731
203771096
871918330
878963512
768504802
892242168
2669040
278674117
801372591
534240353
261301890
616442018
649062084
827545853
354342508
398705732
943811989
111629485
439700221
571747651
108953549
942386577
903892521
248202796
862935049
313670081
345151928
758120976
164825675
222200311
469139860
841952963
807594680
446934979
604429631
687378894
124469163
304369206
609686763
534955693
458473552
135403191
679192304
827766561
867826537
538072321
600875993
195668527
117512813
501118115
73060647
658975007
320725988
297475694
291603533
21943166
543993692
96446235
759776498
363609468
35771831
464518019
100914274
454626207
563645179
937172532
233263693
671736750
799813904
131722211
911867687
881688807
79106725
168785109
418708230
640522810
606768876
827754788
172782183
205251404
728942458
794565008
342774410
938556181
468657528
777698571
603439665
533170802
664660436
758540828
134466517
664862051
363763425
834965213
212076337
879601966
452363282
546241213
34721845
754447083
805521107
514059263
14516612
573522469
12544768
679996665
136131430
35474975
174522028
706990950
432822599
752568333
642728748
689819045
440205222
800168727
637451033
377049159
859125735
92451562
175160418
931468981
204221490
812506854
120847991
811164807
184157041
793456977
350024575
584655774
340719926
193519090
254884067
116159771
685152115
92992567
125940449
753661205
848326591
741936671
458594746
26137640
456145816
168348481
816833604
487615137
930339708
263160404
702716904
721011571
389566270
299227380
465798581
759908612
550030424
671697092
171129883
407179264
425075875
761155558
135897921
73310499 630932734 801457737 869856911 959041871
1000
120804786
776961835
386202982
653433689
520093554
555458011
125623316
549658809
549270346
399500648
310524512
44838164
817780986
628102396
204958868
573772141
346346247
83279091
874481933
172354795
189443943
645818509
652858877
639157625
17790966
664307839
789363865
532299332
382793971
773566226
513354715
18962832
27342387
103131971
115961713
453724371
191189486
310957378
271947068
611233097
311774781
648709715
801102115
246240942
450952498
578120991
174155853
367771431
627014048
154570532
327812042
745774169
98907327
44840593
834595563
897486528
171505418
246424619
504185318
716165562
941439952
70329515
683720419
701194682
875637718
157892126
223848641
728141717
833358659
139287091
584377505
410251016
610668418
597474513
767799578
653926832
614971476
189729454
243240916
801600240
617220987
338932537
349794445
842542943
646516913
239947233
740558583
949603479
27557615
426493355
757247351
640804535
816677686
539839008
704516856
83447042
386686393
224299244
392139958
875213070
81322369
538433953
209249988
241235062
820191112
67074658
296162166
857184745
565466910
893680424
669627976
189750680
260733160
629891936
666292133
287431436
599833867
27615147
669873168
243056429
958167477
487512765
613540287
593212812
99970261
481897583
454633114
676215754
442112094
638951838
275378609
260625167
28009416
739849305
761079156
541706532
324559279
354700518
394072824
169761065
449670434
823245101
848443401
51076272
459389909
245494428
816540706
87161360
434774783
251236497
670335126
939977011
840424733
344108483
386840091
425580760
247141661
228414410
443990074
713803969
273718324
784217890
835303121
617499414
560089321
720602429
452405872
673556369
724122935
597116478
844451519
871866768
273364527
472343998
769015191
854137479
223949092
693926650
246955620
425273099
923247501
901981411
646164762
535464455
57970438
299631869
729634413
804576683
88672495
85622720
598356103
905792344
333542828
861141274
891940806
954786533
906417523
142570764
158548699
585698525
712705313
765954696
594383052
468237279
136770501
254826058
538855106
635777965
902505012
403484380
915423452
498301741
776053779
281643951
500602347
617692619
611751456
773566889
645789492
589507317
830306154
724577330
699022241
425613245
237291044
470175030
664272320
673079787
41982166
882924390
261251234
142503929
474227004
366705078
405469565
134998485
927899797
190493889
598718203
132121378
200175733
483643985
827318649
35692039
505329123
882561495
624579545
372717678
164666124
309134617
533262432
214834182
378383710
198064782
686433112
289655474
75978142
430532244
376936783
608178360
538056355
390212843
370676983
656748275
276888504
355642600
44561108
513302690
558949262
567185395
264189857
178809191
627311815
246718601
499315515
403577720
406920700
950743818
359618260
577993233
763532281
803477404
497506913
823092607
616360092
380826694
496088109
14669959
902129641
70224822
558121844
555974573
726214008
575580636
85664889
635910845
639622549
952393500
908196512
892164342
807908000
87074368
778872468
437265786
530556059
548159972
906991010
28264160
423334463
573118344
80755773
782578674
680555607
875556626
716563112
532288047
760830690
33683657
693824943
849194474
393409957
709465771
913387950
339370489
339418695
922644344
304713704
404837991
275796196
570940852
305032497
253661346
415972091
932515561
17361189
190393005
366377760
624706179
638047391
632133904
534172458
887082578
144155026
496146771
776503126
440592187
195174196
593228023
521674082
261363480
15277982
556761661
682063763
467586675
92140509
728621836
895437584
502089807
375370340
918289823
790311764
454279999
778047032
486324741
215835168
639762957
851971074
106727664
707280502
151811573
369350065
212891894
906731935
385649975
859888773
949252915
248398726
716076872
154681861
130280613
894732299
70127393
223511002
250368319
700708130
9263183
569737730
112313782
656205713
565730193
400696158
21904407
543637509
23288974
426359588
639164607
104269069
148178204
803912717
96773393
451555517
721501258
447774200
541810068
891954205
249084295
213765430
286998546
732431864
232192888
952058188
204210619
225037134
151165878
828322788
842293232
468522594
645801053
396888348
599095928
145924556
731675471
195237109
365187518
466011447
158337743
29521381
674300256
25685524
502892487
804023718
675331234
49764406
139202738
263471813
847982121
758749045
906783618
568936947
464132417
429043931
804667531
863714071
919555192
214501129
755577142
696217771
622506192
593603587
65877359
199346475
494664321
902707712
629615016
508006793
341113780
324267211
629567588
873081179
456664217
615000677
460792108
201485419
125908754
157761680
197650542
662367782
498005510
886888421
49141785
423441758
753753183
56566815
323324658
542272872
570367676
606300654
231314385
675169519
365774304
447076998
107685957
349907919
670615601
633782733
26063100
920999594
293622762
443279648
444401852
99959735
937691625
469470638
152683197
721784414
212285009
542298555
717127133
641804589
466631546
932766687
306488954
176124006
451351900
921272901
438256619
294273855
720667016
324739436
202668568
225523968
531711903
86598809
128325757
41737720
859507480
64389955
365732971
302254121
507430062
541354886
943813239
591581176
509220704
518927361
508945898
715890670
494411488
219241064
170627855
58512921
785791461
541109522
744604807
211287883
473092552
541965724
872455160
581453786
762298106
534417748
649407290
866276607
570814573
941944398
944780921
922185639
274463863
555572787
863669990
170965589
95750498
588719981
328229446
77578958
712713966
159601885
633471537
950597867
180456350
94367797
711567412
419720443
255223767
314757518
821551968
708156558
546548836
678426788
143216312
446991099
947591892
782677508
350579479
239969899
826567498
649415365
41328760
100742651
926089837
613647628
321567468
513400910
425418006
101598198
727496120
669629401
605015252
888289426
256680836
638633686
864050539
768590532
323070573
208997809
140991408
958295044
53322435
288005662
521332703
571414653
51136988
660413601
376678662
26627374
913973535
517505044
768377255
562223884
585558666
501528340
538565978
81053278
59963485
519800997
438118888
625866208
310900493
233980842
585927233
621768225
72291602
419228413
551200247
194420357
751421705
355958045
785865009
20220419
876659362
554036091
105304121
888734535
470856611
72814684
952749966
790103873
957491523
88599658
494411635
325602997
67461104
584472243
560799166
609135514
63304602
727259832
508399898
489952347
916907685
942892063
838523061
234001881
48166443
718287730
573175763
781396630
813900616
539233454
123890553
741053851
310715868
109181749
48052450
531727331
436774396
713726428
851433534
450039374
693493042
699372846
224312110
317416431
277308808
610159815
878717674
339018478
113383489
260081945
250581179
735921191
305976721
178095227
208570305
646446074
924331407
848907764
686526157
893769145
835539850
866828565
461874120
138219132
419593697
757475357
796181371
392216960
603682154
322993138
33983445
6956340
728966748
236437935
187247113
243294426
524806660
940681952
713860348
820563212
16779860
748329431
754155195
442526165
28683952
134427099
191767955
101368020
823594239
627032596
436484375
442376077
8423904
654395728
669396575
438360999
173505298
122103537
571805939
265237134
83958730
342859085
362594259
301514434
270939569
341376381
215598034
734820439
418820932
43640606
373171430
257308340
569708674
405583635
446704299
849712324
560666898
594931264
814161789
15794007
551848858
817192897
806949809
337048898
486265465
561567473
277559148
702919723
569416590
762896691
240626554
164299662
181070302
723193661
245188185
702052011
631265058
288842152
441815979
659236661
696774454
226946162
633662136
187041476
307119852
874144651
141629785
207338532
583633479
548328763
135291822
157774676
48074208
753934939
729152745
701629944
736389317
649953943
562229921
235551432
595119093
337059827
509266448
183864927
459403605
121919587
761571174
603612412
422643022
407041873
736605155
723601188
545599228
723172330
425473472
325881246
417774320
688490593
350086983
662745509
464030719
634979723
193356823
931284218
382447554
863703986
530396129
51812160
487112708
622038931
537566253
428069054
333373815
60917759
792884694
142736176
93174655
456159389
33654922
422456727
828547413
136746150
775831995
512486772
867546421
394283704
298915040
814024001
946280608
476958517
758321125
706682824
424397115
858274225
445549126
79123481
361845935
130770694
472305704
643251129
80190215
805453203
605267073
560323150
422675620
417571305
28268491
841018452
711792172
233867901
77155333
640324235
37148951
884173770
748870225
376263318
491858705
421939996
846157031
413840285
586425691
487048069
683847201
578239772
927428026
430591883
12021437
460215458
101303751
557993080
257166543
808964547
610159933
497140025
865447580
27060359
280482845
875763680
419654639
160261576
325199453
455466530
339919815
738445624
556473925
39068058
564883255
70496361
648390257
838170996
551545974
41199266
278422994
732596515
79423661
348404849
85231037
653373563
29986267
850577156
27045194
226273671
725686580
385326558
142924582
775119700
678250110
192794265
806756161
408276676
45510546
839325726
176553105
101946621
701927633
390451694
429020142
190870520
781581933
87014621
562418276
208849634
942120459
427259681
656158932
779347182
54027752
884907735
398858178
662500128
29371153
358778031
505684008
878656819
439763065
351265707
443949442
794865781
792797303
708910004
696812465
347219222
735997781
877246069
676241192
64005501
625076050
495999150
49117474
801089490
647697585
775461522
624481658
230706229
656026472
247728505
431988592
55449702
253251810
302788607
501573371
593310330
175563549
808032419
354574466
829547453
441229757
86684441
540130530
707307354
137915095
64753801
492645723
495954309
490630823
873651757
40657267
887856242
72148314
273098471
539370305
47877595
853737605
229641176
652286451
373382461
219938220
345148202
140179833
532243099
899093819
521929580 504669155 91731561 702896746 959041871
1000
657182279
322163236
637678512
83169144
316834581
461794373
428942975
191374966
705068465
81834433
723234584
46024407
415294432
322723244
792161242
596005161
772831884
305904112
219083080
314043664
499802927
211064027
567943367
259014069
749567660
806174366
797742932
904299282
159575478
792963775
905275612
865740887
155364439
181738136
756214835
472571321
808590955
38654981
636217086
548090462
725083810
516626138
882633080
506198433
46436001
786776283
329095233
571774932
199916673
374602082
640657498
16836601
641410927
570354429
950168154
581686409
315346123
899874366
496472908
755359085
883021401
834521913
40898895
249214967
479761411
16412297
386476517
572940026
471094500
561690507
355338452
289812062
486719854
247696369
705192
169929405
591526725
854519264
100975663
393443513
725315347
488974450
459629579
846442788
500199298
128451237
784767652
53545429
64554405
149068059
760493859
632533450
879715887
313867528
756040200
703018177
808711993
136301335
802838534
68551773
199752929
225499077
242497394
49299127
127411894
841390212
86865975
107464859
711148941
146190042
688916404
130140167
893263871
364182079
592094940
228794431
737604904
485450675
905296709
280256348
739307306
181652581
602983690
278418296
304954504
244799645
260301353
649321747
594614795
13682755
401344582
870636833
402670545
576274869
40140054
187877578
124198985
299756821
509031717
340504681
336384568
509247241
4510865
278560446
346109527
528390826
238928236
203396172
542229490
564234165
132779405
438215915
164964842
380902861
951153520
595831991
44237044
769221351
296783090
280024079
381627065
259038124
692437909
332157975
645861892
689637402
818645426
102393974
386510215
118499652
395701730
80586889
15157078
897549998
826007156
664581662
315781961
909158465
753641627
517282106
417276943
29249933
45421869
760392292
36585574
423838914
115160933
659756503
181692980
350060518
954178273
446078644
804654817
109225394
781523972
62775390
495049082
641659061
135509269
509046844
591864528
223605727
644995727
728940170
804185495
815667975
95935167
53782792
358315559
468234118
877906489
548254425
848213391
474869146
177102708
658137702
42374637
501018964
119087529
948668297
429254823
755841706
952549192
371262226
532369861
424800038
956347682
644613622
472479380
950969972
552161856
223218810
123638516
809168360
549131147
78230652
530874875
317100502
894664818
522217595
830758129
75351864
583500247
548064250
326170946
549707516
837826242
817804065
741351487
350391891
241125420
120650764
886262221
647035652
73972805
499553274
25345828
112907750
319246848
84182351
628076721
526475401
54915410
783751426
216053844
324848254
848207318
918985680
647331539
880022378
898315819
866855703
286702149
398652648
442028564
170193564
837697048
727116596
157678583
513752182
664897084
75747552
680019247
725288016
623169670
682514130
912604187
144104651
717946446
3206756
880150284
798742793
832692017
305636195
61273371
850891539
397958607
221621089
678512816
712873780
105103582
270818404
417733308
502025308
529580277
903311956
609573136
627815263
115817954
920449281
502502836
371093043
371317797
538879626
17125073
98378917
50672947
239615799
190823623
948924405
891536515
942634528
590566760
383068693
20644564
142170771
687795867
931539662
152955910
103817266
100155930
743633162
50166844
16356131
630674372
708072843
190118128
816032206
380271932
666097699
481244127
385723651
554056392
562562394
719024537
336718833
528552786
685182188
465279090
483340160
273572411
126262472
838856708
670385000
282532883
796284242
614614427
376013416
656450034
589526465
275160743
696872320
192175187
577853026
377469581
920706662
781112707
909885171
274869639
448845301
188179174
788486873
849782399
894194842
240490563
370306394
39214136
444347830
937720547
673275492
806597397
8046974
588031894
102725044
517790112
782439262
487060861
743411616
383500853
314893393
45688209
317088766
343157412
390920123
530928123
906765098
183036402
26955264
3941306
231404868
812476120
854559482
492161504
714206544
475034803
764148902
437134181
814875060
325034786
474038071
734721075
686958925
639808364
851129730
384699448
647381002
451945575
433942561
210775767
754034639
776100242
131058273
608776999
867997236
944205756
365390755
57450642
275112356
604182074
169546574
112644727
329384511
360298405
643004507
864192297
102731384
561760074
837982184
820589647
453458535
469684792
718639254
435180050
835374215
669058053
931201003
742968161
918159401
237228378
639199457
532451888
187907856
222717874
309602917
284944548
414263731
598577055
95679529
128797369
382823215
481408309
738574802
596648332
211255618
201127917
475950522
644651570
241458897
105672996
139162751
7668911
694325491
457053561
473821522
417754528
351434051
504539730
165297866
916942706
641134114
15283736
195431775
437728888
84416642
115315558
774304943
174029833
589741708
427997694
25684811
893488847
856798059
777226068
871397899
468037705
315576799
905339313
847397318
651155177
464948859
394197937
133435099
475344695
736991064
154568325
60670076
324923005
508252864
394226642
276105021
848969098
632841891
908417632
386929897
809652479
256449589
864366013
336068301
566445140
951384174
27792263
130573099
325155572
376940697
499907285
429471497
648855084
196761893
667112575
69967568
259542176
353103719
361556753
131749229
768054951
631654662
875477645
171764738
246191546
258583454
442529574
341610598
154189065
806966798
943556565
463212321
465599654
732283354
188576519
525704786
232665575
380431545
582515773
722941769
222138152
63791111
640154138
732638828
936904519
928389893
7986857
904427222
854375735
880821908
892577461
898279092
669128013
934136558
309619007
366168486
746273078
190730349
849011452
381523892
159739375
351918818
181404196
523508342
943536011
438444543
304445060
729321291
866714097
58427693
274294733
219867491
611805596
369120903
734950227
271689077
143311913
849201917
603058222
891832794
841608348
563894019
841349420
672918288
784947451
508862719
109631117
802656984
510159025
143043054
136827190
341271719
429423549
931996175
904192559
579611161
641504672
165673990
142790325
551550970
605869171
513909227
612501832
726189323
459853663
741458905
531254814
942866195
798019042
747680015
951329710
92332027
498835409
569264962
394079158
427704705
710167920
766420681
308278022
934210374
355146092
261908960
303266403
88458400
932616754
16701062
762005813
946858265
550100661
310835790
241865001
69979886
330143868
593664626
437080159
433487600
420906417
78288939
28195229
491855718
492641539
649855930
80117546
126570330
461037429
599075203
343230276
153729559
226666557
58000861
424867803
7635778
588255909
285562211
616074371
315060446
686524526
147272997
272481750
887183174
465546168
79332184
389042768
902419447
22679084
113436354
825373985
97613410
834014178
411600975
334663439
189488495
722869195
789363311
716588353
758551045
402045224
138843797
886111013
486162019
6409200
453161193
204423882
734568091
614498382
26658055
620234119
797102449
357975841
417980510
619929123
666705632
808115147
185547171
262850362
702079621
395896243
617558171
453763390
421999106
458117155
887741300
868117076
585741292
390353210
173472828
192968387
629448734
371496122
409439064
175653593
243116308
822258347
330245055
589133941
701030417
3311655
151658285
123985182
555664185
833063740
867004433
354094618
330818135
61369597
655508734
312164856
289835817
734527681
217464878
815238263
860408991
177908563
906277146
730507100
491826591
765052944
759364243
621584240
618558036
87895756
415666941
529481824
958977786
619439357
858671311
448024107
745380916
232763486
939708308
538995880
22636279
54420750
344486844
599760221
494549436
206338958
722824940
459514553
334604994
817243943
712060666
248896155
32878057
380987858
17423314
593492040
691621752
941270365
823125235
129166313
842289591
60425789
474144339
443809370
781341622
149431126
706939239
744099309
603309253
69093877
161543740
828005525
76801818
460623479
224201873
187430108
630233822
226173775
900401818
75501469
393476208
22023236
295555039
106291738
614366544
697850800
599286586
442965639
808730197
189990338
274035773
714913837
634930824
470026957
532533306
369619176
632212231
240935559
47061497
9501002
826522675
384986923
500920165
389985542
264628386
875314471
21868255
248625589
866066765
228721151
338729098
917538244
340475027
411588072
488708909
613313492
650255605
899202750
490048516
614025369
526966680
620742222
254707008
342490092
900066166
15296780
522255778
400372265
455913869
925242607
614993348
739292673
133236126
480066288
598343664
430003673
677035247
548591695
541782582
727973642
222065530
624988942
437322731
922395423
36641708
405795124
632490293
484006874
147937126
467359307
761158000
836723007
594324752
495472177
153083035
461170582
768613825
306878315
886021868
234404653
515021016
329808894
832214840
957831989
188453318
97217941
129351260
680713520
167741570
410872222
376135
538560362
303355332
502848780
756698909
846136077
686177514
889548262
519203493
628492202
196908342
369602375
314042268
623111079
629654301
428539260
714917249
840370684
43396937
521922505
167479350
945013365
725426265
179999012
845604037
490673331
357160604
685974984
583781769
209887003
622447785
357102548
133120257
942815205
537121371
143869498
45459760
879521630
284173693
582859472
933312224
946635094
882163746
939732354
869701370
832292787
435190431
298368094
288412879
504271293
535770943
728080518
497276531
673797680
780638750
643906578
201938188
874664813
478637583
327188187
795194375
572432632
661803831
288032193
879446676
246381995
264195263
420857511
174606005
4351618
154148869
803538305
313169075
814099278
902087963
48379629
303080089
931574706
745152103
214083223
339494535
819364217
822329138
643811139
550827584
809772798
243684841
924825815
173966556
53994466
741248767
719486206
516824391
913056201
633803657
644644534
849462000
862373853
87707984
879865555
744245739
345999978
196274755
855341818
755732079
242982823 849873195 58042386 929554846 959041871
1000
33272036
693174919
807466568
444262080
212445938
450519774
912492462
609608863
568842890
837454739
63890965
926666306
86610397
807987391
74821304
42618429
681780464
204474098
64826325
415286442
895870031
285897198
905436882
249349877
593264134
799962186
142381365
640499070
120160854
758458000
130647387
433716075
873230790
489152975
615043570
148534419
283071023
403111577
213765054
618943571
605660431
304173286
483101704
239850829
605026295
56475488
528215002
680122581
272760365
555736821
897092356
743984066
412971195
114427352
910753579
806004483
425697838
183922464
528227284
411912583
649206679
649736456
183073357
222818771
722257886
823086877
38040645
351991217
85190186
937120915
62006511
807140459
7354778
796276721
513726403
399668404
335641855
300397152
296971613
834489919
26448607
303689583
803628140
861606982
65266932
392719138
40429876
633157060
324129787
382563647
114982861
22516731
822504566
759825008
903391233
190189712
725803322
541607267
505130162
811392794
187766994
941863517
597950642
25663446
191048458
185282803
376621928
149653734
409299940
696222207
884530306
773434541
38331639
734743441
448315518
590487972
345077563
772903995
382129679
925987177
75845230
232337108
841996862
708881115
104301218
640878230
495548343
211345119
285597516
309447665
459006392
645413038
691416967
156186182
898905429
765700
517104015
949543564
531801831
851964915
134985895
149859726
429230248
382231966
96435187
105445674
846500504
802948718
385257166
733061332
832659627
122470449
953135750
704854161
467922393
522876678
316649419
457338109
570201837
367766450
120338004
235151189
257354631
823298414
482142089
762013725
896989466
913992438
809616922
878265180
201699342
885396635
319488182
627717579
940398415
279927602
80718485
16866762
954320172
415541364
420209199
922534587
908914889
840124252
284870883
482205621
229103853
350230572
149635233
445980130
784093845
10739992
185205424
499451569
509167119
524811529
496570345
73061221
610701520
52973899
96868569
609288260
792473759
570837231
54072851
360348680
434755271
489709274
866490860
486588866
772671737
580072724
170749006
444328418
620462024
647677098
192063221
882485296
340317467
653824413
836704709
29850615
510587646
763673985
215809282
748825204
832720817
196486095
432923062
554990315
956435095
564482019
634989182
390656146
485396617
387360350
575943085
139432293
37532801
194246885
566366840
752699616
393379567
687628144
472848137
51154616
778675735
665865756
311415981
27534290
848896017
944839658
903278198
777563450
500897336
329485245
345859113
576192174
475625948
386869184
243144896
811186209
167717872
330570046
738656969
334947752
164370604
394904712
567159701
310766704
888177916
765827731
617779626
846483622
88510479
172445735
651746322
373898941
476907561
462924097
711841386
5490652
274449937
603168865
40612068
952592573
124686932
837517981
36323701
648317408
906150864
596072205
815008439
945003606
469773642
128236220
261601160
628125830
742025560
256947565
855818010
459307563
515974456
392128356
850598433
843981395
390759111
705638041
189694232
384694770
898873259
258471129
167491996
859563245
97097866
72405764
813915855
655065792
125311680
121102656
510212454
631034297
438073837
555250596
775272588
432543018
372383877
626431758
594015277
576059802
20413966
874184382
370712987
520715813
424536165
416363657
71864669
836604536
842803850
606560679
897718619
78418230
888445775
69704484
188823571
436072693
351472700
747126275
641529799
785349121
552339886
422301078
257545885
466884265
725529300
592411624
525801598
6555501
592733665
247361283
876848071
790989062
397978109
547681594
249123147
932903854
36278068
349240449
796446094
540520931
686730405
97894255
887676875
599813257
161943828
756743315
713975376
711064021
812760968
737457372
797017869
334535202
802993822
719099664
798354393
132719216
452170996
558363750
630448749
433617168
700213455
489241244
510693526
172282057
875504933
702756113
802226247
147473894
515918452
891270172
588652133
34631158
65447785
740081075
12593705
561697291
728032842
462843989
16013570
139718844
761234813
414900017
176723472
635771042
838888302
536530028
876044810
697305006
662208877
192639023
928966281
235330594
588795085
653883991
608560347
664169604
491479143
839053860
65576801
29894478
365914837
300474458
224670193
271646080
315549159
264093634
946013108
257021949
84529249
270717706
635210697
734684009
331616587
17099457
40629425
213067394
721850736
832621004
416375793
745442276
22916543
420947204
230228787
116218627
579641917
206625670
460300340
607662357
444610466
623029265
632440664
66189253
833838663
55994731
329746994
711078930
850407294
896544717
309325068
410935149
287283162
277473906
92580485
327220479
171373090
512519148
540420526
227497088
814644947
259067215
646223420
755964721
640379579
152049812
532472314
731370259
853518159
346908968
364221139
169674014
831424277
442036634
114465420
238549947
618681675
199025424
370007528
633862170
627225774
625589363
580407506
86639821
250177892
523082414
774943575
249682555
332755907
554730595
696310009
422574462
422544839
800833606
939994957
821818645
781794224
838521584
189788510
77211299
340324785
38541213
543574632
770461646
876616755
313681022
74627549
903277265
122243872
585214120
58934116
385830170
304938440
432399908
795887397
320552109
923430655
450392541
111780206
385529071
503955805
776163621
775062673
197604091
811652557
6270064
198175123
124055729
893424782
316058198
856545135
318151058
519094261
37601382
852275937
647765013
546295561
502146686
254158012
767505158
219613494
624094004
308825956
909222097
66773771
277100816
678651605
22189611
19625916
48743711
299676538
835696442
448690320
94474146
843977446
675289544
27129475
952859085
287708399
610931284
415660518
329626664
169168766
532382064
352034410
643460481
440402032
9880692
648629433
466546408
338398712
673368906
616446349
269629058
528874747
605492384
712874711
93839447
399108818
355781385
517675097
573765236
125254315
164677884
467922668
752746250
476552377
215446531
553926923
459634077
834399360
826441934
864316166
235244869
647647497
928520286
890768209
719265712
852809028
262262650
175474802
539823758
666456673
299303501
847430
291064420
890786566
289412213
469554108
735255466
571058300
186358582
743878968
919130813
850629298
877152325
87249202
862310558
473803193
925258958
228789989
924418896
656947926
351520879
507192400
187278606
150668499
443587082
868680728
67022387
715563389
389362135
805748
856454991
41715863
303628143
919704288
215198137
59745670
404442050
244470459
273315784
618463380
645599090
480914776
816773785
796847790
271558022
410790433
15806460
312369302
290003528
548910303
594187287
822748449
721669384
939362771
843240481
284586665
347905414
775741025
371164040
625495788
846732043
157545136
270844444
160892699
819487009
407503819
702108305
261985500
774532630
130027746
882269841
347222889
774863038
115722058
155826952
226417135
66567166
289279145
930443574
886963904
845754178
694554971
184733297
939417745
956945815
18062464
107242208
381280637
497858209
171987963
90798225
278311360
292870471
570605636
145031284
477509964
773016802
891482039
349412525
62334695
406412722
910647011
437426118
852153419
113422409
58549900
617316154
405567589
880942717
791538426
750612380
263514743
490680138
129912584
893277982
616340471
776039982
630624149
333651450
704820957
125896044
637426614
237107837
366957593
287422746
511101154
185191814
788045066
686456226
823261269
92316524
875688824
89898293
633520078
660446485
217890779
505020723
914680112
617692080
386823873
823135172
366706853
809455644
532346876
936853554
145260326
893744798
598227570
203375181
511295604
557722528
239581947
925765766
838336099
271459836
650687431
200797972
640991785
928123301
760907750
337149746
119959060
7988206
319974957
925130974
327849313
618117440
830603944
277844300
96261158
178475737
884565426
782454930
689672136
533662920
176247726
217131449
91814742
420485682
634145490
860096578
820053308
529358864
208029671
325685806
669330769
194319087
466761322
758942725
922306394
474698462
11111614
409934529
456303796
700952483
878830056
424513424
96006718
909594007
504099841
877467141
63076428
947387397
858094696
113073414
338100742
25241039
757766238
97480768
802984134
686884457
172922247
203103743
243744350
367163132
137694927
864508151
549839856
352142660
682122275
75324686
139929828
185127555
698058100
778269231
669349909
693412300
916680440
902602456
400654804
622979352
683225289
46076060
418998196
409735332
723630115
175553715
197160748
931075649
264408826
9410037
824217128
457030627
42432498
311961971
143265272
714475363
256594133
820890942
299334672
299164397
281043697
775283086
542207623
388575507
630324167
347333340
876494552
713680712
625061373
534066920
618117555
895179461
275949565
956887892
17439741
343976743
562541940
756922486
622715292
188557391
236649316
68911978
541823004
760130865
534997138
482234430
925349788
167154533
699182872
655361957
411423282
602813658
649425348
613236357
717794003
575646702
513534040
752490344
91192748
591262055
124084536
418890079
908742476
388551389
178659871
706961402
740165399
444601117
922727434
496687857
850848676
552916040
639762715
384787294
929561200
920383889
764051895
452381313
660312570
535569251
762796217
194723307
677603764
33625865
495831373
128450483
251787208
942694052
626901029
95573780
270914369
473919353
841783544
218059149
938860974
753311056
934144974
68475311
154739762
331517206
280394917
414208755
209817382
522209820
301895279
13184498
497660726
176412053
287681426
3301274
901839888
332679916
931196614
747971776
308077960
903531548
364021547
138864969
863417847
121715318
341791424
733550223
306723479
527263007
15242653
190058818
893082073
878020479
385536554
633711892
754672767
907361042
216846950
589137852
82495170
880812059
671307473
135825428
325078797
707193693
471634961
847829611
478348208
479298592
44341041
134232660
954003966
304570786
