500
522775748072350504 425575551125454422
228112486829773032 0
221 1535
580 320
96 595046912831283344
29 540184134555397117
35 13
554 941
90323908217100356 18314566266014226
84 2
53 32
55 45319705187066761
3 14670290351002936
61 16
100 576460752303423487
516849986643771294 63
441 520
1610 1110
2274 2743
353064930850261069 619494743385038015
418897358962074255 71
499427302574216430 207277180323020935
61530992004652814 8
123984791128584091 710335630083735933
818509506746814014 79
17 48398086984471934
8 8
689496275339160700 83
422279489701705375 894949686116450291
104576019872978711 5
595687045241501181 93
555872152602614573 583742895074669166
541393808375514152 324690201180784132
6 864123710593818623
836202965156054169 589989166499516416
2436 260
7 721117548902165261
724 347
1993 887
175600789346190461 46
60 90
12388675282441741 61
180021777467191418 119718505389280995
2463 1598
841082791331758014 95
339391769377399321 95
638246481400482555 148055978444062762
251104266572097177 344564122250361953
113465357426755171 47
351655677742991005 98103944484045851
727207032223215319 685064784298526497
365938722935740996 332644068473031887
727788792834066318 1153937497096300
717962652109153574 575755268915148633
5 0
354 1743
13 22
478198061002166876 40
19 53
35 203266420989455366
85 719378398999193087
659570355445085145 107954159285889672
38 17
10 825998493499292965
422576695894954423 40
91 91
2542 530
46 306597822063493256
436702995297587605 41
87 941848412619194445
10 61
38935854456795186 93
272001380590075644 94
1737 1254
2639 2636
56 80
45 529928852405485485
1051 2015
831780323524797042 95
761807958363941343 940100732365987452
31 0
774045411805066281 748894753120145027
2679 1216
38467678602927547 47
50 627319354524843124
2445 2554
43 833877843881967629
1603 1043
11553792281641350 773820702118235945
46 379388716428419995
240827427136349775 36
11 24
465370967337436619 88
841126863844689979 51
33 819357967688922989
2762 1629
25 4654330565199880
38 6755421791142148
181629364642528695 48
50 95
245 1503
269851308088468709 56
95 521471649100190209
2122 2816
2 783458044482894142
32 432132189981490175
892804037408479567 40
57 327013723645798222
28 595073354428336130
58 55
631153063915961958 461928164499585861
539512266724444325 55
61 4
16 569771221603642138
86 144651750584206872
349083678479982080 776574141038926107
79 322021944320328460
24 432274918449348538
98219606273753778 33
57 60
944027043674437702 4
36 94
2624 157
28 54
93 538089986870703871
41 6223386342900614
2 94
69 45
750646106111360744 69
9 307951405691457618
72 153613490856683949
399181526852551926 577042479925805141
2873 1969
52 588926746622205744
416953402407020524 497118038065169
774613345531969627 48
1000000000000000000 576460752303423487
2155 2024
2096 2810
89 577606590589440920
1356 2065
2725 2953
580545894886151640 72
58 35
788696760737145944 672271474729962978
36 20
91 331089482115761664
158925838414195658 77
84 839850815192807405
65 63
949368224378826204 8
15 45
2185 2877
88 342421732860750940
161 424
959 415
100 63
52 557872947127672703
46 325107205940478985
164496845930795497 47
2005 751
357094034894274232 624566469899227079
451516092381369316 75
454491309521372565 998382740069667829
753 2112
75 860160779662110143
617421265266278638 91
43 73501338704677392
21 663363339711214941
100 82
44 579189648196805863
510985927753747077 17
2376 385
390581455794220695 90
1834 2260
52 47116462858344
63 865828646786434088
388894583766053578 20284617827861378
303535128593269692 76068613664769953
17 88
793 667
375314955010389589 454694303894482484
46 297281557197498372
218064549127906141 25
1872 2712
50 95
713603735286377842 574197947038670547
424100062472045862 56017952772788354
216056503249084155 61
852437319483512343 6756507572135490
44 12
25 153140602707903332
90288603440841990 932220315108686526
219231975506748863 574061067604123387
745354033387940687 88
83 95
2343 2269
285 930
75 95
39 0
51 385879927653521599
191547486822347511 582948971124785152
122236084040368741 340296786004399599
915 24
919001141088136748 58
695964341118805007 935039505874800507
334 3000
801522821087110228 324329853874216974
29 12
509865842229421633 36741285659279396
89 32
29 2
205 1867
50 522380035782186982
44 966021295386257901
985058968502406484 21
79 714520731201810414
554848119830395092 566593455382642854
6360889628371334 357962920007402872
1041 1387
2294 660
75 33
64 863564909372227548
1908 1773
94 99
97 248690123482325578
72 351276091197874155
613067286587847900 68
690901480349510836 857856389140184021
56 55
195801254548618687 3
62 76
973800496571824542 3
95 309700479960762073
822272346263305759 863565097416974335
31 451007937044238390
1000000000000000000 63
38 826375145386803199
68 496027434793379438
23 2
939123576891502559 51
6 63
1056 1438
1702 2419
884607602098707120 898326597762540344
38 27
609131268929616938 808467051759874180
538015601914376232 827176192757325750
66 93
409758061642136637 93
961835728327855323 4
96 78
513597339331305853 445882164013108840
934682781015901464 963204071768715223
482973641688929606 918438518609140923
1909 3
675976606132053100 59
99 88
50 62
186132165867028878 576455974787473085
736002088117723132 473181430649198595
999 128
621532185021245309 47
83 54
4 80
57 64
40 585762762496428052
76 842172783220686523
69 67835322250817533
36 349564158396267933
84 51
482692884732438220 907182578799210495
576981810972054380 34
79 2
1619 319
539195382198921870 0
32 31
93 234141963169749973
54 940446795499618204
1312 83
39 86
2493 2511
74 1527
886622786244756540 97
52 76
69 987786271106902013
813051941633316958 695448765572561397
62 441388017715839796
80 60
69 31
93 331578639659311232
25 794888098042477570
1666 2418
76 5
2769 1022
843700344618713049 432487884415795239
932998979511313810 39
993 0
305 520
87 23
467 757
94 859047712690002799
27 398916586178498175
610594108776843785 12
866673824976062943 984248841633921587
691716696066061375 59
78 360299558045073478
28 53
58 560732343280139540
13 1
69 531934860158163965
16 95
128544278444437617 929627849063937454
343 320
392 929
221811425045779778 826406819420037093
29 54
83 52
545232177999294866 8
147267423082074825 0
68 41
410 8
76 15
1782 8
626585374375695427 828657649921776639
138129444514611607 162701608065435841
417204088032071100 144691620510644290
305105410764181132 32
755 1426
78 44
535616835356818736 8
787529464459122229 89
97 463871073156213066
464156292984204590 430189937308729343
494 81
38 62
40476412060469944 2
2544 0
417961099072607368 64
756868987505413698 73
11529663829168595 85
2891 13
51 0
346433564987873930 763917470858618637
83 62
2278 503
453616626345699403 0
2460 1767
334444475263205161 791786560415530746
200602051421168401 678425291645835050
854504917220959278 824540511250329565
100 492932717957046190
2064 68
515260222304945042 4
54 100
703468744681925891 53
874386094943353440 36
84 768049564157625124
6 36
73984926585120015 990782743966887935
2487 2943
68 68
27 72
50 35357281244803
2140 3
95 59
871430762932076602 382794050796281741
61 501719791205941242
66 89
3000 2047
43 103138816721192482
30808239283037395 425092272606636874
61 90
308115766103973891 651904026195794210
11 484062252116719422
719291557630251793 92
212461260868912475 47
87 55
2787 1681
35 398588772841179398
858586462157314659 94
144 2168
85 925392276723269078
437868984171863098 13
25058454271980317 231971120017594510
558 1056
2504 66
387532347896854965 48
55 17
271442960302263224 79
9 770106740051509231
992105587245144459 2832389199168649
2690 2911
22 892643763516412476
68 1471
97916187528692854 497532271355264988
32 538003672543526397
1804 1727
36 50
9 11
460266901141365012 8
610340391310419159 612534735075451952
81362924065262110 88
2 55
28 67
275141841660156009 846588768746036223
5101993302849524 10
2396 2528
2030 2006
24 574595276166070183
97291559449888350 221791892766720592
21 579953076461633612
780252486720373635 510072416450381092
5 16
851271589492225297 81
50 860174271647776367
115891606483778698 70
471614660475210905 36103744802357640
80 763133627868965951
2026 2013
77 61
1613 916
1615 0
240149722705343509 869901748421027080
74 885023242627923462
524620703727513883 95
52 98
133891367124482172 148901440709346953
278300512715188321 88
2977 107
991047625653270855 38
853200324890573849 142614172684775977
1 332426438027839528
421898003772559850 52
967916882015413260 48
18 33
732193058800026679 20
100681975302429770 154267005283749920
2713 1799
666350488937397825 544783102137022307
79 80
1471 2074
20 72765688479876664
34 61
457597616461935478 68
949491984958026055 93
89 5
1546 1925
1594 1903
218439270259217244 217580610118198352
565251720714075761 360306112161120265
418131248812988689 70
2616 2535
903461775391073419 0
651283242072126097 558356012292046847
108220279670130177 504398760208104414
2561 703
695433892873130394 8
632 2964
2790 2562
653804479571512044 52
678747706069941605 373993720210786816
55 43
559927722918406607 279218735161769959
68 44
1398 1755
467931547952633499 68
2185 1028
56 69
35 4
884719740950130563 226802866013864349
14 781253586559006455
353 1040
412115984551279780 32
309647711789837796 190470589573996023
66 25
636795596211569924 486022192877659134
2260 459
659908169580764045 824994080930886878
48 50
68 296114252558671936
269095166699430033 565722911435857343
29 12
767857233468877569 232971318766123250
23 427828700516449595
738016171771319676 577169051466605872
361 1903
307485337228011890 64
1993 1286
1031 2081
10 454478946146086060
40 69
612034286533964835 935159843119653683
34 0
1367 168
96 72063676383793284
926393027378750991 74
77 994286158837384451
165030006403623438 95
496423665994414330 8
