5458686 167845 1767
1 4629
2 9258
3 13887
4 18516
5 23145
6 27774
7 32403
8 37032
9 41661
10 46290
11 50919
12 55548
13 60177
14 64806
15 69435
16 74064
17 78693
18 83322
19 87951
20 92580
21 97209
22 101838
23 106467
24 111096
25 115725
26 120354
27 124983
28 129612
29 134241
30 138870
31 143499
32 148128
33 152757
34 157386
35 162015
36 166644
37 171273
38 175902
39 180531
40 185160
41 189789
42 194418
43 199047
44 203676
45 208305
46 212934
47 217563
48 222192
49 226821
50 231450
51 236079
52 240708
53 245337
54 249966
55 254595
56 259224
57 263853
58 268482
59 273111
60 277740
61 282369
62 286998
63 291627
64 296256
65 300885
66 305514
67 310143
68 314772
69 319401
70 324030
71 328659
72 333288
73 337917
74 342546
75 347175
76 351804
77 356433
78 361062
79 365691
80 370320
81 374949
82 379578
83 384207
84 388836
85 393465
86 398094
87 402723
88 407352
89 411981
90 416610
91 421239
92 425868
93 430497
94 435126
95 439755
96 444384
97 449013
98 453642
99 458271
100 462900
101 467529
102 472158
103 476787
104 481416
105 486045
106 490674
107 495303
108 499932
109 504561
110 509190
111 513819
112 518448
113 523077
114 527706
115 532335
116 536964
117 541593
118 546222
119 550851
120 555480
121 560109
122 564738
123 569367
124 573996
125 578625
126 583254
127 587883
128 592512
129 597141
130 601770
131 606399
132 611028
133 615657
134 620286
135 624915
136 629544
137 634173
138 638802
139 643431
140 648060
141 652689
142 657318
143 661947
144 666576
145 671205
146 675834
147 680463
148 685092
149 689721
150 694350
151 698979
152 703608
153 708237
154 712866
155 717495
156 722124
157 726753
158 731382
159 736011
160 740640
161 745269
162 749898
163 754527
164 759156
165 763785
166 768414
167 773043
168 777672
169 782301
170 786930
171 791559
172 796188
173 800817
174 805446
175 810075
176 814704
177 819333
178 823962
179 828591
180 833220
181 837849
182 842478
183 847107
184 851736
185 856365
186 860994
187 865623
188 870252
189 874881
190 879510
191 884139
192 888768
193 893397
194 898026
195 902655
196 907284
197 911913
198 916542
199 921171
200 925800
201 930429
202 935058
203 939687
204 944316
205 948945
206 953574
207 958203
208 962832
209 967461
210 972090
211 976719
212 981348
213 985977
214 990606
215 995235
216 999864
217 1004493
218 1009122
219 1013751
220 1018380
221 1023009
222 1027638
223 1032267
224 1036896
225 1041525
226 1046154
227 1050783
228 1055412
229 1060041
230 1064670
231 1069299
232 1073928
233 1078557
234 1083186
235 1087815
236 1092444
237 1097073
238 1101702
239 1106331
240 1110960
241 1115589
242 1120218
243 1124847
244 1129476
245 1134105
246 1138734
247 1143363
248 1147992
249 1152621
250 1157250
251 1161879
252 1166508
253 1171137
254 1175766
255 1180395
256 1185024
257 1189653
258 1194282
259 1198911
260 1203540
261 1208169
262 1212798
263 1217427
264 1222056
265 1226685
266 1231314
267 1235943
268 1240572
269 1245201
270 1249830
271 1254459
272 1259088
273 1263717
274 1268346
275 1272975
276 1277604
277 1282233
278 1286862
279 1291491
280 1296120
281 1300749
282 1305378
283 1310007
284 1314636
285 1319265
286 1323894
287 1328523
288 1333152
289 1337781
290 1342410
291 1347039
292 1351668
293 1356297
294 1360926
295 1365555
296 1370184
297 1374813
298 1379442
299 1384071
300 1388700
301 1393329
302 1397958
303 1402587
304 1407216
305 1411845
306 1416474
307 1421103
308 1425732
309 1430361
310 1434990
311 1439619
312 1444248
313 1448877
314 1453506
315 1458135
316 1462764
317 1467393
318 1472022
319 1476651
320 1481280
321 1485909
322 1490538
323 1495167
324 1499796
325 1504425
326 1509054
327 1513683
328 1518312
329 1522941
330 1527570
331 1532199
332 1536828
333 1541457
334 1546086
335 1550715
336 1555344
337 1559973
338 1564602
339 1569231
340 1573860
341 1578489
342 1583118
343 1587747
344 1592376
345 1597005
346 1601634
347 1606263
348 1610892
349 1615521
350 1620150
351 1624779
352 1629408
353 1634037
354 1638666
355 1643295
356 1647924
357 1652553
358 1657182
359 1661811
360 1666440
361 1671069
362 1675698
363 1680327
364 1684956
365 1689585
366 1694214
367 1698843
368 1703472
369 1708101
370 1712730
371 1717359
372 1721988
373 1726617
374 1731246
375 1735875
376 1740504
377 1745133
378 1749762
379 1754391
380 1759020
381 1763649
382 1768278
383 1772907
384 1777536
385 1782165
386 1786794
387 1791423
388 1796052
389 1800681
390 1805310
391 1809939
392 1814568
393 1819197
394 1823826
395 1828455
396 1833084
397 1837713
398 1842342
399 1846971
400 1851600
401 1856229
402 1860858
403 1865487
404 1870116
405 1874745
406 1879374
407 1884003
408 1888632
409 1893261
410 1897890
411 1902519
412 1907148
413 1911777
414 1916406
415 1921035
416 1925664
417 1930293
418 1934922
419 1939551
420 1944180
421 1948809
422 1953438
423 1958067
424 1962696
425 1967325
426 1971954
427 1976583
428 1981212
429 1985841
430 1990470
431 1995099
432 1999728
433 2004357
434 2008986
435 2013615
436 2018244
437 2022873
438 2027502
439 2032131
440 2036760
441 2041389
442 2046018
443 2050647
444 2055276
445 2059905
446 2064534
447 2069163
448 2073792
449 2078421
450 2083050
451 2087679
452 2092308
453 2096937
454 2101566
455 2106195
456 2110824
457 2115453
458 2120082
459 2124711
460 2129340
461 2133969
462 2138598
463 2143227
464 2147856
465 2152485
466 2157114
467 2161743
468 2166372
469 2171001
470 2175630
471 2180259
472 2184888
473 2189517
474 2194146
475 2198775
476 2203404
477 2208033
478 2212662
479 2217291
480 2221920
481 2226549
482 2231178
483 2235807
484 2240436
485 2245065
486 2249694
487 2254323
488 2258952
489 2263581
490 2268210
491 2272839
492 2277468
493 2282097
494 2286726
495 2291355
496 2295984
497 2300613
498 2305242
499 2309871
500 2314500
501 2319129
502 2323758
503 2328387
504 2333016
505 2337645
506 2342274
507 2346903
508 2351532
509 2356161
510 2360790
511 2365419
512 2370048
513 2374677
514 2379306
515 2383935
516 2388564
517 2393193
518 2397822
519 2402451
520 2407080
521 2411709
522 2416338
523 2420967
524 2425596
525 2430225
526 2434854
527 2439483
528 2444112
529 2448741
530 2453370
531 2457999
532 2462628
533 2467257
534 2471886
535 2476515
536 2481144
537 2485773
538 2490402
539 2495031
540 2499660
541 2504289
542 2508918
543 2513547
544 2518176
545 2522805
546 2527434
547 2532063
548 2536692
549 2541321
550 2545950
551 2550579
552 2555208
553 2559837
554 2564466
555 2569095
556 2573724
557 2578353
558 2582982
559 2587611
560 2592240
561 2596869
562 2601498
563 2606127
564 2610756
565 2615385
566 2620014
567 2624643
568 2629272
569 2633901
570 2638530
571 2643159
572 2647788
573 2652417
574 2657046
575 2661675
576 2666304
577 2670933
578 2675562
579 2680191
580 2684820
581 2689449
582 2694078
583 2698707
584 2703336
585 2707965
586 2712594
587 2717223
588 2721852
589 2726481
590 2731110
591 2735739
592 2740368
593 2744997
594 2749626
595 2754255
596 2758884
597 2763513
598 2768142
599 2772771
600 2777400
601 2782029
602 2786658
603 2791287
604 2795916
605 2800545
606 2805174
607 2809803
608 2814432
609 2819061
610 2823690
611 2828319
612 2832948
613 2837577
614 2842206
615 2846835
616 2851464
617 2856093
618 2860722
619 2865351
620 2869980
621 2874609
622 2879238
623 2883867
624 2888496
625 2893125
626 2897754
627 2902383
628 2907012
629 2911641
630 2916270
631 2920899
632 2925528
633 2930157
634 2934786
635 2939415
636 2944044
637 2948673
638 2953302
639 2957931
640 2962560
641 2967189
642 2971818
643 2976447
644 2981076
645 2985705
646 2990334
647 2994963
648 2999592
649 3004221
650 3008850
651 3013479
652 3018108
653 3022737
654 3027366
655 3031995
656 3036624
657 3041253
658 3045882
659 3050511
660 3055140
661 3059769
662 3064398
663 3069027
664 3073656
665 3078285
666 3082914
667 3087543
668 3092172
669 3096801
670 3101430
671 3106059
672 3110688
673 3115317
674 3119946
675 3124575
676 3129204
677 3133833
678 3138462
679 3143091
680 3147720
681 3152349
682 3156978
683 3161607
684 3166236
685 3170865
686 3175494
687 3180123
688 3184752
689 3189381
690 3194010
691 3198639
692 3203268
693 3207897
694 3212526
695 3217155
696 3221784
697 3226413
698 3231042
699 3235671
700 3240300
701 3244929
702 3249558
703 3254187
704 3258816
705 3263445
706 3268074
707 3272703
708 3277332
709 3281961
710 3286590
711 3291219
712 3295848
713 3300477
714 3305106
715 3309735
716 3314364
717 3318993
718 3323622
719 3328251
720 3332880
721 3337509
722 3342138
723 3346767
724 3351396
725 3356025
726 3360654
727 3365283
728 3369912
729 3374541
730 3379170
731 3383799
732 3388428
733 3393057
734 3397686
735 3402315
736 3406944
737 3411573
738 3416202
739 3420831
740 3425460
741 3430089
742 3434718
743 3439347
744 3443976
745 3448605
746 3453234
747 3457863
748 3462492
749 3467121
750 3471750
751 3476379
752 3481008
753 3485637
754 3490266
755 3494895
756 3499524
757 3504153
758 3508782
759 3513411
760 3518040
761 3522669
762 3527298
763 3531927
764 3536556
765 3541185
766 3545814
767 3550443
768 3555072
769 3559701
770 3564330
771 3568959
772 3573588
773 3578217
774 3582846
775 3587475
776 3592104
777 3596733
778 3601362
779 3605991
780 3610620
781 3615249
782 3619878
783 3624507
784 3629136
785 3633765
786 3638394
787 3643023
788 3647652
789 3652281
790 3656910
791 3661539
792 3666168
793 3670797
794 3675426
795 3680055
796 3684684
797 3689313
798 3693942
799 3698571
800 3703200
801 3707829
802 3712458
803 3717087
804 3721716
805 3726345
806 3730974
807 3735603
808 3740232
809 3744861
810 3749490
811 3754119
812 3758748
813 3763377
814 3768006
815 3772635
816 3777264
817 3781893
818 3786522
819 3791151
820 3795780
821 3800409
822 3805038
823 3809667
824 3814296
825 3818925
826 3823554
827 3828183
828 3832812
829 3837441
830 3842070
831 3846699
832 3851328
833 3855957
834 3860586
835 3865215
836 3869844
837 3874473
838 3879102
839 3883731
840 3888360
841 3892989
842 3897618
843 3902247
844 3906876
845 3911505
846 3916134
847 3920763
848 3925392
849 3930021
850 3934650
851 3939279
852 3943908
853 3948537
854 3953166
855 3957795
856 3962424
857 3967053
858 3971682
859 3976311
860 3980940
861 3985569
862 3990198
863 3994827
864 3999456
865 4004085
866 4008714
867 4013343
868 4017972
869 4022601
870 4027230
871 4031859
872 4036488
873 4041117
874 4045746
875 4050375
876 4055004
877 4059633
878 4064262
879 4068891
880 4073520
881 4078149
882 4082778
883 4087407
884 4092036
885 4096665
886 4101294
887 4105923
888 4110552
889 4115181
890 4119810
891 4124439
892 4129068
893 4133697
894 4138326
895 4142955
896 4147584
897 4152213
898 4156842
899 4161471
900 4166100
901 4170729
902 4175358
903 4179987
904 4184616
905 4189245
906 4193874
907 4198503
908 4203132
909 4207761
910 4212390
911 4217019
912 4221648
913 4226277
914 4230906
915 4235535
916 4240164
917 4244793
918 4249422
919 4254051
920 4258680
921 4263309
922 4267938
923 4272567
924 4277196
925 4281825
926 4286454
927 4291083
928 4295712
929 4300341
930 4304970
931 4309599
932 4314228
933 4318857
934 4323486
935 4328115
936 4332744
937 4337373
938 4342002
939 4346631
940 4351260
941 4355889
942 4360518
943 4365147
944 4369776
945 4374405
946 4379034
947 4383663
948 4388292
949 4392921
950 4397550
951 4402179
952 4406808
953 4411437
954 4416066
955 4420695
956 4425324
957 4429953
958 4434582
959 4439211
960 4443840
961 4448469
962 4453098
963 4457727
964 4462356
965 4466985
966 4471614
967 4476243
968 4480872
969 4485501
970 4490130
971 4494759
972 4499388
973 4504017
974 4508646
975 4513275
976 4517904
977 4522533
978 4527162
979 4531791
980 4536420
981 4541049
982 4545678
983 4550307
984 4554936
985 4559565
986 4564194
987 4568823
988 4573452
989 4578081
990 4582710
991 4587339
992 4591968
993 4596597
994 4601226
995 4605855
996 4610484
997 4615113
998 4619742
999 4624371
1000 4629000
1001 4633629
1002 4638258
1003 4642887
1004 4647516
1005 4652145
1006 4656774
1007 4661403
1008 4666032
1009 4670661
1010 4675290
1011 4679919
1012 4684548
1013 4689177
1014 4693806
1015 4698435
1016 4703064
1017 4707693
1018 4712322
1019 4716951
1020 4721580
1021 4726209
1022 4730838
1023 4735467
1024 4740096
1025 4744725
1026 4749354
1027 4753983
1028 4758612
1029 4763241
1030 4767870
1031 4772499
1032 4777128
1033 4781757
1034 4786386
1035 4791015
1036 4795644
1037 4800273
1038 4804902
1039 4809531
1040 4814160
1041 4818789
1042 4823418
1043 4828047
1044 4832676
1045 4837305
1046 4841934
1047 4846563
1048 4851192
1049 4855821
1050 4860450
1051 4865079
1052 4869708
1053 4874337
1054 4878966
1055 4883595
1056 4888224
1057 4892853
1058 4897482
1059 4902111
1060 4906740
1061 4911369
1062 4915998
1063 4920627
1064 4925256
1065 4929885
1066 4934514
1067 4939143
1068 4943772
1069 4948401
1070 4953030
1071 4957659
1072 4962288
1073 4966917
1074 4971546
1075 4976175
1076 4980804
1077 4985433
1078 4990062
1079 4994691
1080 4999320
1081 5003949
1082 5008578
1083 5013207
1084 5017836
1085 5022465
1086 5027094
1087 5031723
1088 5036352
1089 5040981
1090 5045610
1091 5050239
1092 5054868
1093 5059497
1094 5064126
1095 5068755
1096 5073384
1097 5078013
1098 5082642
1099 5087271
1100 5091900
1101 5096529
1102 5101158
1103 5105787
1104 5110416
1105 5115045
1106 5119674
1107 5124303
1108 5128932
1109 5133561
1110 5138190
1111 5142819
1112 5147448
1113 5152077
1114 5156706
1115 5161335
1116 5165964
1117 5170593
1118 5175222
1119 5179851
1120 5184480
1121 5189109
1122 5193738
1123 5198367
1124 5202996
1125 5207625
1126 5212254
1127 5216883
1128 5221512
1129 5226141
1130 5230770
1131 5235399
1132 5240028
1133 5244657
1134 5249286
1135 5253915
1136 5258544
1137 5263173
1138 5267802
1139 5272431
1140 5277060
1141 5281689
1142 5286318
1143 5290947
1144 5295576
1145 5300205
1146 5304834
1147 5309463
1148 5314092
1149 5318721
1150 5323350
1151 5327979
1152 5332608
1153 5337237
1154 5341866
1155 5346495
1156 5351124
1157 5355753
1158 5360382
1159 5365011
1160 5369640
1161 5374269
1162 5378898
1163 5383527
1164 5388156
1165 5392785
1166 5397414
1167 5402043
1168 5406672
1169 5411301
1170 5415930
1171 5420559
1172 5425188
1173 5429817
1174 5434446
1175 5439075
1176 5443704
1177 5448333
1178 5452962
2901381 2130354
898878 4599457
1323448 3591106
4225018 3086681
4271459 1030199
12437 1089691
4622986 2645660
2993892 2020407
1381501 2307646
5340031 2792538
4437873 1647821
2056694 5006099
4412287 5440430
582403 1786558
3458717 2052523
3487650 1367275
3287391 2177365
247866 1066260
1475847 1485040
314298 2675330
3746466 5338148
3746423 3307553
804128 5256216
879677 3975815
1913184 1244456
1399920 3312125
2994853 5003798
2123800 459363
5206308 2779768
1777569 4578969
3996126 1177598
4124526 67108
1682713 1732644
1746352 2650501
4509330 661552
2335635 4435280
2652158 5272393
3520985 3158611
2890298 2853832
5205044 3214388
1064362 3154910
1201278 587986
1690651 4984048
3973471 612120
3419151 1179512
3507510 4228011
2076554 1538672
1191977 2853422
4313860 2888233
2837219 562483
2779329 2558251
4457500 2744589
2922077 239024
4368680 3781194
5296886 74393
837609 1403705
1358536 3595215
4017948 3614577
943061 4252249
2206247 238045
5183603 728097
676231 2435221
4633536 111154
1530476 2012196
3062278 3249888
1845036 4004852
912046 2052322
1411231 328980
1278779 911337
1792727 4285147
4109076 2554160
2020625 1887403
3771539 3212268
4874828 2716982
1472071 3012623
2366782 1348716
4766491 4920310
2068385 1493890
4336979 60090
4958007 266114
4004362 3868696
3064864 4745812
4602041 3317224
4744339 4963344
2472080 3577098
4365267 3663049
2296660 2181745
2921792 342348
1673451 2893124
193810 901522
1843484 3072198
1955756 4040724
1883533 4715917
3408782 4513995
1202426 1176784
4654782 5220340
3155474 4336066
4579869 3385207
3595595 2468068
1115557 274375
1564334 1489935
5073996 432253
1093519 3644511
3156300 5002222
3637218 4950617
723709 390420
5060518 1735113
4489911 4185157
887770 2505521
2410522 1933477
4903861 5030727
2290012 4371744
1475130 4393548
2035217 3948619
794160 879008
64540 832414
4902257 478951
2249130 2349575
2093111 1515970
532332 1776520
2273537 3881329
5089560 3372628
186009 2512601
5357875 4369872
239666 5154323
1640952 836254
4604618 271407
1034050 4240757
226098 1141585
674401 4036875
3877580 4922472
5071842 4069294
5322613 1644631
1022539 3317754
4593057 5129793
2833677 299079
988069 2942671
990732 4892990
369721 1583975
277068 1970097
2092070 2255867
1581180 271381
2815546 828228
411520 458942
2167355 5288614
1222317 2561795
3533506 5367350
4471435 4380830
4063036 4100386
2231820 106862
2479068 3524222
2378286 2582783
4428392 3330677
4930559 2407856
2791045 811374
2721369 1101688
4696545 3698620
105200 4045875
2099939 2700055
179365 3291853
2382677 3761916
4837992 2685274
1998050 2753817
2358843 2165592
2246808 1324861
3348449 2877123
2195771 5006901
4006865 2857276
2021293 3300705
1345153 1100347
768177 2717813
4639872 5262740
2037324 3212074
2590545 4350783
3401461 3148376
3901161 5197133
2579081 3917675
2029481 1164601
3243414 5422836
1565237 4590814
1008583 4364879
3480743 3099489
3739836 558480
404364 1624164
5061919 400365
1757551 4213183
845685 486996
3504810 2076402
1552831 2491725
71888 3597065
1384148 5430987
4340204 668487
3954539 3623290
4735197 4824777
4014889 1466049
720887 3550829
3485020 152528
4844153 3864088
5235370 4616964
434972 3472255
1572760 2967563
5414576 1478027
816546 3246444
350401 2422794
3223362 3113321
3634090 183528
3805703 5203980
1981761 939820
4249249 2051899
4302541 4657700
3115003 2350179
3574474 5211105
139391 3246853
2151163 3990773
3058165 1846865
2148880 1706553
981691 2837876
1388446 4050650
1641450 3534400
3655013 3600136
3054881 5376195
2579454 4690260
1312432 1568148
4675159 3202038
4716049 3293966
4805289 4388600
3669770 4274068
1106336 4296403
933000 2154263
4953880 4909097
3719068 4911313
924509 5170515
3018288 3568581
480211 538010
1605037 17426
4529097 2895004
2918357 2567408
1431644 1773405
125337 5450358
3210134 5434192
948842 3970179
4255379 2418733
2863655 3360958
1306806 2344585
3877277 2619526
3651313 4435189
4094545 1540925
2473683 5447935
2930927 5313475
1512227 287280
5257160 3024187
4479895 939509
4483405 253064
4784059 950796
2596155 2977908
731779 1177530
1808855 113308
5238949 5091663
2078222 61870
4029375 5079441
4969442 3737081
4384196 1771094
2526610 44188
1727801 4037240
4830109 4940264
697378 3902347
1968284 2345249
4421546 3355780
974694 3788983
4199201 4178702
5104156 5303353
4555795 786779
2047662 55638
4368337 1536361
2499874 2746392
3449884 729861
1283622 2226887
4235920 4479937
404302 3535590
301631 3169389
5211637 3648930
3397809 4836011
3314029 348042
1816099 2977329
338834 1788633
2995727 163491
269740 2253897
3913451 575458
97776 1370129
4308113 1628272
1273098 2767386
4811816 2948929
4253753 3617417
2026376 5120076
2776342 4134410
2190744 3504581
4670711 1740877
1466718 5151051
1765349 3545236
174935 4413702
2347634 734217
5451950 1512181
2304241 5785
1174636 4439783
1869682 3467903
4956073 2178522
1074990 1679117
3914492 4836949
1896856 454237
4873726 837872
5152084 5414546
1368403 2699524
5052867 4474117
1214054 2888912
2333432 509035
4704849 1037209
3970991 3537830
533463 1805919
5160772 3207005
4972890 745916
4930624 4934216
2549472 281931
4743637 4830922
1607004 4037970
1074339 2349300
1411208 4837003
2217316 5258989
4032704 4457623
4168857 3264055
5355573 3173370
2082520 4266546
5286236 4478408
2539425 4034422
17009 960039
1882902 2494574
1285397 1721535
3059288 3850789
4736343 3562282
246781 1238703
3831598 211995
1686705 4600509
1946706 1381330
2720846 1691513
2886754 4928915
796783 734740
5301627 831129
2037028 3251060
4675272 2540570
3369041 4635695
5314563 1221808
4641613 1990008
1276952 2315064
1652515 4060983
3889090 4553456
4164399 2079852
2993168 5147077
103187 1972219
1140671 194222
538855 631599
4856506 3752971
1627120 1488174
5185505 3727163
2718268 73972
4298413 3183621
731865 2527438
3765452 4173357
870450 2478999
4996108 482869
4246198 338226
2380093 742290
2508697 2168612
4784663 2122406
2336025 1646692
5434283 4118492
5406517 4538881
4997454 1059496
3257118 2201832
574111 4683102
682007 3035948
3946108 2679508
53458 984209
1825257 213513
1069580 1657906
3672196 2024442
1794258 3732583
1677915 3152978
3965251 88706
3598615 158311
4786747 3707096
2912404 5237252
2728907 4922105
4653711 230524
2911630 1296456
4651714 2605165
2679973 1740600
4158104 32476
1302525 1269528
5104396 3236614
4282690 5263387
4073560 5342713
1882187 1436104
1755144 792734
1194900 2509106
1776867 931374
4741689 53162
758365 2563428
1272336 1580484
4007965 3570338
4856853 1955155
545639 4009466
2895455 3395554
2183370 5344069
2791911 4798309
1960964 5040778
3229617 1243382
3526619 531682
3705628 2745000
3724888 38382
1273431 1531441
2266948 2039987
3677358 3748537
3419904 1916321
1211579 368556
4451772 502992
5268314 3300146
5292230 3614255
213489 2067153
4709780 2692281
137465 700322
4308183 4510376
2268600 4109002
4432251 3570184
836669 18791
1153651 1734971
641760 1247757
3632063 3837788
421204 2544625
2350072 2048817
1664986 3603650
381390 4712985
3285984 2816256
5419029 4894215
2634417 3281643
3634091 823187
3269875 1706019
354135 2581634
4610773 1021260
3063116 3658174
2011992 4753023
1763688 647689
1948976 3557910
963123 3090246
8948 2780754
1977008 4553702
3201056 3815183
1475625 1399054
135081 1827296
397952 367347
3067878 224163
3852772 4592659
4156202 1163842
4813515 1124557
2842521 1148965
174783 906172
2721445 1246525
4537839 1359040
3812556 3516947
4950123 1144261
978124 2568186
2310967 2486824
2298411 1806707
1044133 3676179
4342602 4801821
3855799 3576384
5288280 3643271
3904577 1227832
2878456 4591053
3859556 5393277
199704 3879787
452517 771031
3117549 2054108
3846941 4728813
1455414 1239254
778194 4246343
3744920 295264
1443266 1224678
4534865 1492159
3433249 2588723
3415782 3845596
2498875 1914783
2818369 4366685
3930741 1180139
5321567 2645113
3464989 4690893
5275401 2389537
5268796 4026270
918785 4103496
2382010 139789
990422 158377
3343201 4219335
4989303 963398
1885181 3533336
235716 4491465
1933023 4830576
3223133 4871201
634747 5173917
1362620 1116302
4091952 2327194
2893582 350436
1911767 4217214
3821243 369486
4619405 4175215
1629927 53113
4065887 1328248
1195944 4890380
3019706 3898385
3225095 1005133
3878168 4874454
4043263 3838719
3185992 1174006
2700636 2296957
1293837 2694945
1569731 3436870
2462894 147955
4237466 1665405
1043072 2728833
1625382 371736
180611 1101514
3381125 159214
1006531 3215068
2352345 3186667
2427155 3574921
3733874 3112691
3004855 937242
2006277 2613110
3986745 1432707
5401666 5211660
4972680 1226668
2954597 1182492
4961411 3080329
1026862 2387930
3375466 5438519
4750250 3889890
4567155 2689503
985980 3625773
1329332 3039903
581741 3135922
446316 93680
4512226 2036065
2062029 5283863
3162554 1166903
1577129 4012381
561090 1660125
3716771 785769
5222624 1838756
2815295 2834684
5414008 2568972
2420180 128288
1494543 4806008
3852575 3599522
4534941 3075462
3434129 4353156
3253399 5104679
3101163 1050066
255491 621723
5165540 2329281
3156937 3318528
625568 2707250
1512153 5326575
441807 2767255
4682349 4888441
5283793 806057
1071018 2104321
314033 140424
897067 1531426
2879287 1490215
4248950 4941504
977254 142078
5413859 1395259
1559698 4742292
3419513 1528682
622455 2613657
87257 3615101
3991267 4585701
983700 2344722
4576702 4570287
17368 2622678
3004053 3927722
4624400 5446571
