9959821 918226 2017
1 3050466
1 2239390
1 2203446
1 725044
1 1350751
1 2270630
1 2278969
1 3949619
1 5132752
1 1616452
1 6977875
1 96063
1 5500850
1 9736666
1 4291024
1 6249145
1 8966875
1 8647481
1 931573
1 9196800
1 4559674
1 846231
1 1216421
1 5922039
1 3527231
1 7664719
1 6485594
1 997435
1 3672515
1 8183627
1 8874644
1 3756307
1 8880125
1 3611974
1 3273402
1 3769428
1 1787266
1 9095773
1 6185439
1 8863612
1 6587807
1 7502077
1 7412064
1 4891140
1 1211637
1 9616166
1 9807585
1 2778029
1 8254347
1 5325777
1 335204
1 3151337
1 5624737
1 5557121
1 4465010
1 5432427
1 4233157
1 4802381
1 6297397
1 7981217
1 1795524
1 4572177
1 572756
1 7428124
1 8045289
1 7780913
1 6912528
1 1000939
1 1706051
1 7555281
1 4493776
1 7460618
1 8353896
1 1412942
1 2883271
1 5601448
1 2391218
1 487106
1 6318934
1 7846908
1 4153834
1 3126937
1 2023285
1 8007088
1 34321
1 4412991
1 1582120
1 7455407
1 3467507
1 6361750
1 2188343
1 1370985
1 3003234
1 5933197
1 2648847
1 8699096
1 6703796
1 1573308
1 7960685
1 3105157
1 8851747
1 7156430
1 6013645
1 9106113
1 5828010
1 1056953
1 5416601
1 3901703
1 4364962
1 4938385
1 668672
1 3722230
1 3986188
1 4292098
1 3505196
1 8053353
1 7062037
1 5406998
1 5856299
1 4611316
1 3747896
1 8857833
1 4574898
1 9514584
1 6458934
1 4504794
1 9624346
1 3953179
1 554437
1 8895449
1 8679531
1 2181585
1 6925652
1 31370
1 5715896
1 2397089
1 4006534
1 2286061
1 1374394
1 3318807
1 791108
1 5013900
1 8231055
1 5311490
1 985632
1 4693465
1 4586502
1 3967700
1 573450
1 5125409
1 9509725
1 3753680
1 9412104
1 6877093
1 6255863
1 3189572
1 7479695
1 2415206
1 5979507
1 5760940
1 6454752
1 22051
1 5525264
1 28736
1 3121239
1 4179554
1 1226328
1 1520440
1 1603817
1 9453489
1 9111814
1 9461898
1 2404391
1 7578505
1 2927066
1 3552052
1 8391088
1 6302405
1 6631644
1 8069679
1 1823224
1 8578197
1 1304812
1 5911564
1 8573131
1 8750017
1 9803771
1 1535070
1 7138310
1 1771801
1 336887
1 1154960
1 9092054
1 9259258
1 2821651
1 7920310
1 9723600
1 9313013
1 7218082
1 9735304
1 741459
1 7017007
1 3613250
1 2672383
1 7632411
1 801504
1 8570606
1 9471769
1 5912665
1 9818128
1 8993455
1 2117888
1 3936153
1 582740
1 9404052
1 6362041
1 5633704
1 7838028
1 819410
1 6408884
1 8909033
1 5274972
1 8318849
1 7349273
1 954426
1 2947940
1 3841941
1 8036539
1 8687340
1 1973196
1 9847808
1 369653
1 6464231
1 5060898
1 5033419
1 3492337
1 3417771
1 840370
1 5831108
1 2664229
1 1345824
1 1294018
1 1280274
1 7212167
1 6167523
1 4680231
1 1102145
1 1300019
1 6355441
1 7299209
1 1933517
1 187279
1 1994645
1 994784
1 6592003
1 4730706
1 6492880
1 5352686
1 1087887
1 1006987
1 254528
1 4263916
1 1472410
1 4176452
1 4771893
1 5299039
1 5351572
1 1528470
1 2160348
1 2893501
1 3305892
1 9891161
1 5923797
1 5734248
1 4471432
1 9340818
1 7889484
1 8219128
1 1859815
1 765318
1 3126962
1 7473710
1 8187181
1 2674891
1 629560
1 8457454
1 4039321
1 420396
1 5051060
1 7607461
1 2618437
1 9001290
1 7290084
1 3411436
1 5588538
1 3483964
1 4461820
1 5213265
1 7197090
1 7475065
1 816648
1 5416765
1 3606678
1 3591552
1 1518623
1 2846673
1 5751111
1 5100139
1 3264153
1 3469036
1 5823753
1 9874328
1 7640101
1 1759205
1 9255279
1 5599936
1 13118
1 9366190
1 1023783
1 6914861
1 4809421
1 3424022
1 7366026
1 2996896
1 4787184
1 7283696
1 634
1 8144018
1 6767649
1 706242
1 6042066
1 60206
1 7545237
1 2210940
1 2315159
1 4746378
1 2748796
1 2156813
1 2533566
1 9860425
1 5212276
1 4179765
1 2972712
1 5888023
1 3821148
1 9796820
1 1894260
1 6587574
1 8331701
1 8960741
1 7805240
1 4162773
1 647709
1 322270
1 8115654
1 2649824
1 5891614
1 6833590
1 675231
1 5896884
1 516155
1 7575879
1 53800
1 6628518
1 6877462
1 1359966
1 1258962
1 8946841
1 2874368
1 7576295
1 6012164
1 3120135
1 390102
1 1733510
1 6500223
1 4813953
1 6695306
1 9795743
1 6378339
1 6610417
1 5467620
1 7929270
1 4845510
1 6017967
1 3947436
1 9190235
1 6079900
1 3426704
1 4589918
1 5883355
1 9489216
1 1302139
1 6993506
1 8711931
1 2626275
1 3884608
1 6155953
1 1595317
1 9155374
1 7107812
1 323547
1 1021387
1 9170871
1 3965953
1 8254027
1 9277175
1 8649789
1 4603010
1 1771618
1 4093573
1 2646821
1 8529935
1 1811674
1 5427790
1 145209
1 758268
1 2199556
1 4855987
1 8937417
1 6987361
1 1029538
1 1674303
1 1329191
1 9444921
1 2352920
1 6565601
1 9854993
1 8522427
1 7249473
1 5531929
1 3075680
1 7444124
1 8762164
1 6430372
1 2332136
1 4598526
1 7883423
1 6095921
1 6246031
1 6303266
1 2437153
1 9588064
1 1006021
1 9511415
1 8811650
1 2475019
1 329078
1 1357754
1 2569489
1 9959548
1 8272538
1 1790650
1 3179710
1 4444778
1 3033847
1 9699216
1 6560711
1 1985538
1 5681067
1 8049092
1 9843341
1 1627972
1 4634500
1 1549758
1 1469502
1 2921903
1 8783999
1 757816
1 4225705
1 3635291
1 9715926
1 5177577
1 3165455
1 2494621
1 4860353
1 6218215
1 9088968
1 7661873
1 3513219
1 3502535
1 2690074
1 1770241
1 6296603
1 6138189
1 6756705
1 4183230
1 4169725
1 8411287
1 1691282
1 4061644
1 2053996
1 5377937
1 3678509
1 734212
1 2218275
1 4246093
1 3576318
1 4402913
1 5933697
1 2206246
1 5708483
1 348241
1 1341861
1 170820
1 8968754
1 1559460
1 2927417
1 4819723
1 6230763
1 1455208
1 8109210
1 4650318
1 6724214
1 5696751
1 3625274
1 3891826
1 8798384
1 1127854
1 8769952
1 6293087
1 2551601
1 8298292
1 4872907
1 3236893
1 6490993
1 7842739
1 1816162
1 1225290
1 835517
1 9638802
1 8014732
1 2877286
1 3049483
1 3999110
1 4017935
1 1761595
1 3513200
1 554107
1 3250785
1 170536
1 3320338
1 5556669
1 8500822
1 7829044
1 4687964
1 1002052
1 4227964
1 5390286
1 7987077
1 8280242
1 572069
1 8349646
1 3334808
1 5390140
1 3919283
1 8317718
1 7495615
1 9437791
1 943218
1 4357416
1 9018736
1 8598764
1 5345449
1 1389023
1 2467279
1 7507352
1 7538377
1 980530
1 2026597
1 1748622
1 7736646
1 8991906
1 3772662
1 7201993
1 2717559
1 6426509
1 375534
1 3530591
1 1562245
1 654530
1 3354587
1 7891106
1 4004780
1 2779157
1 9653101
1 262395
1 871136
1 1515249
1 1430360
1 6524177
1 5527512
1 8174850
1 7270044
1 4045641
1 4297667
1 6639163
1 6356834
1 1132320
1 2409537
1 2910023
1 6621869
1 2111237
1 581514
1 2546112
1 9917566
1 6349476
1 1435996
1 4936111
1 1320230
1 8137090
1 825598
1 1208773
1 259517
1 9827840
1 9490366
1 7439430
1 6533184
1 6008350
1 4992310
1 4736014
1 6851594
1 9680526
1 5620841
1 2967949
1 4894361
1 4304167
1 2355932
1 2896159
1 9301416
1 3297264
1 2095169
1 8894446
1 4332064
1 7210522
1 926163
1 2854247
1 840364
1 2902109
1 4516907
1 7581022
1 7614241
1 195755
1 10731
1 8626161
1 9627736
1 4465134
1 6677694
1 6183580
1 6961031
1 9275551
1 7220928
1 2904169
1 8932892
1 911406
1 2492132
1 9087830
1 6622545
1 4985016
1 469989
1 4691628
1 6624178
1 3109269
1 6267571
1 583182
1 4533998
1 540122
1 4276426
1 3175514
1 3424288
1 1320269
1 2722377
1 7916523
1 4893369
1 5021713
1 9091156
1 5183705
1 1506542
1 495332
1 4958098
1 4486646
1 4207314
1 7363161
1 5748274
1 5204335
1 8325048
1 193599
1 7365631
1 6771294
1 735247
1 5553518
1 9309497
1 2746927
1 3006175
1 6337311
1 1251737
1 3889367
1 3186842
1 8260300
1 7925960
1 2817110
1 8595040
1 8574789
1 8723509
1 5619161
1 1132145
1 554027
1 8548999
1 7029462
1 9436565
1 940574
1 6423868
1 2140936
1 3484521
1 5631428
1 8444347
1 7996035
1 1991109
1 9137817
1 9014005
1 3885404
1 8600343
1 533825
1 2081714
1 5396223
1 1765563
1 2622907
1 3808293
1 9267333
1 2155810
1 1728668
1 7120116
1 6137140
1 6639337
1 7760032
1 1196303
1 8671693
1 8490420
1 172530
1 5008632
1 8212233
1 4993525
1 1756381
1 5273294
1 64958
1 2623673
1 928621
1 6556574
1 1992779
1 7926736
1 5517743
1 1962608
1 6900797
1 4902392
1 8714057
1 5293507
1 3141568
1 969748
1 8093581
1 9676666
1 1734282
1 6502832
1 8287594
1 5863318
1 5796863
1 3158883
1 43398
1 722903
1 3208270
1 7534026
1 2525515
1 6349283
1 4005100
1 5864715
1 2865844
1 5415253
1 1949615
1 8281990
1 2108693
1 7275078
1 4940755
1 2564467
1 2355990
1 9344204
1 2991050
1 3068166
1 6557747
1 1637879
1 3174547
1 7533990
1 2851814
1 1986384
1 3001505
1 5562413
1 478171
1 2816503
1 7104515
1 5786696
1 7483855
1 5110215
1 7595979
1 2265209
1 4082050
1 7218655
1 4544401
1 3077008
1 5976834
1 5037509
1 5972168
1 2814205
1 1226002
1 6119795
1 8051680
1 8394318
1 5063844
1 7061998
1 8388888
1 8335508
1 4131818
1 4817612
1 4611795
1 5982381
1 1057355
1 1743220
1 7760276
1 934948
1 9559757
1 2100732
1 8156831
1 7941802
1 4372973
1 1413827
1 2664382
1 4262166
1 3724864
1 5187241
1 8644189
1 2240388
1 3861385
1 5500083
1 2952477
1 7232876
1 3248621
1 4429122
1 8678628
1 8188540
1 6951635
1 419319
1 4810235
1 4522359
1 2824140
1 2079679
1 4473934
1 2142134
1 2183938
1 9875678
1 5427560
1 5774157
1 6136136
1 5130230
1 9372018
1 4018235
1 3306939
1 9731226
1 4860206
1 4707209
1 545178
1 7870409
1 8676648
1 7596642
1 756439
1 4786703
1 5494118
1 5757729
1 8451839
1 4657489
1 64885
1 1439540
1 3370576
1 3452940
1 3188368
1 6136115
1 1041849
1 1775318
1 4378527
1 8319391
1 7885651
1 7284109
1 4197670
1 4665271
1 1357128
1 1715388
1 654179
1 7581991
1 8823359
1 5837498
1 5115555
1 7236044
1 8531600
1 8190144
1 9153868
1 6203423
1 4633551
1 6507741
1 3769563
1 75749
1 4957144
1 8984474
1 5438957
1 1676858
1 3541247
1 3630281
1 1710791
1 3330328
1 1703220
1 1007317
1 8348699
1 3893268
1 4841663
1 973810
1 9194768
1 3765195
1 1433615
1 9273662
1 2007540
1 2975364
1 91413
1 9219742
1 1789147
1 9215181
1 9453497
1 1161697
1 1201063
1 5270869
1 3858326
1 9760221
1 8502677
1 7900991
1 8506219
1 4634639
1 1089423
1 9723783
1 2131505
1 1193247
1 6890273
1 325097
1 3319369
1 6995496
1 2988826
1 1344522
1 4518874
1 4018857
1 7570726
1 4588163
1 6344006
1 3414872
1 3177589
1 5994567
1 6776069
1 3892795
1 8552919
1 3755178
1 5852571
1 840513
1 8992707
1 9686709
1 2683748
1 7455312
1 7245035
1 8026196
1 3357661
1 6612604
1 6271216
1 4734577
1 9516657
1 6725341
1 9221464
1 3911082
1 4635634
1 1305857
1 8636564
1 4927292
1 2890226
1 208592
1 8463034
1 9038760
1 7820726
1 7956553
1 3673332
1 3915597
1 2507100
1 4093339
1 7117767
1 9152187
1 5904746
1 4362778
1 1733499
1 3562536
1 3691488
1 9453241
1 3947262
1 2384740
1 6835561
1 8673681
1 6081123
1 546641
1 7988999
1 7657460
1 3307390
1 1647511
1 4285634
1 4476147
1 7467351
1 4050348
1 8888693
1 9759964
1 8170962
1 1692918
1 9176749
1 498763
1 6739443
1 2400204
1 8278263
1 7088087
1 129993
1 7961055
1 7167130
1 7405495
1 757869
1 8013707
1 3010852
1 9748094
1 1981234
1 154431
1 3049866
1 6054331
1 7325490
1 6603519
1 3118039
1 2394470
1 3868070
1 6089719
1 6175080
1 4010635
1 2514650
1 6875173
1 4226359
1 2050387
1 3421284
1 2748330
1 6634513
1 1521088
1 7546201
1 2929042
1 5289687
1 9473866
1 330084
1 443849
1 5880303
1 4006072
1 6676987
1 7249327
1 664870
1 114075
1 7775966
1 6230084
1 2648423
1 4266887
1 8821213
1 9041589
1 7648223
1 4230833
1 7769680
1 8450404
1 344829
1 982427
1 3858456
1 672234
1 5999751
1 7490006
1 9366319
1 998517
1 1675301
1 6536263
1 1779667
1 1545194
1 5373253
1 6442640
1 6453735
1 4530167
1 5057679
1 5226049
1 97787
1 2266191
1 2433450
1 7586232
1 1259352
1 9198924
1 5096708
1 6661059
1 1108982
1 6075162
1 6187158
1 9702562
1 4369450
1 1139571
1 9328509
1 7652005
1 9808161
1 2735359
1 8633451
1 5799597
1 3161355
1 2081271
1 4522191
1 4836529
1 10337
1 5861344
1 7017736
1 4342906
1 1970396
1 5205589
1 2001768
1 2870303
1 6991276
1 5616561
1 9795174
1 8983733
1 7468288
1 290139
1 9209116
1 5546233
1 8653503
1 899441
1 1901610
1 843627
1 447611
1 4718367
1 459228
1 8402569
1 8733147
1 2636767
1 9631663
1 8749476
1 49177
1 5396658
1 930602
1 3446277
1 111322
1 9699426
1 8906044
1 9331658
1 8836388
1 2396665
1 323250
1 9786262
1 451561
1 8263601
1 7831411
1 7217664
1 8461836
1 889404
1 4099792
1 3514156
1 7945799
1 1615747
1 3210537
1 4640407
1 4710010
1 9486197
1 965515
1 6841726
1 3607957
1 1941884
1 2372732
1 3076291
1 1271350
1 9729735
1 1194638
1 9460220
1 3873076
1 4023676
1 6723791
1 2315829
1 103693
1 5708480
1 9000940
1 1983277
1 3051590
1 3535587
1 4036097
1 2932227
1 1426239
1 696351
1 1573359
1 8489271
1 3838024
1 796898
1 262485
1 9114125
1 1870591
1 6018023
1 5129213
1 1901611
1 1369749
1 387193
1 911843
1 8139449
1 5075420
1 9373200
1 7947593
1 1200183
1 4354169
1 430353
1 8370408
1 6411854
1 44575
1 7167914
1 9689596
1 4021739
1 1695810
1 2250369
1 3080516
1 9392924
1 3941941
1 1511831
1 5623967
1 5561150
1 4246049
1 7061746
1 9767550
1 9408347
1 2977536
1 7733807
1 1805117
1 7466371
1 122008
1 7265521
1 3888115
1 3862263
1 264806
1 6607857
1 6593887
1 5593060
1 4031190
1 7676560
1 4952206
1 2682760
1 3644968
1 778073
1 8742408
1 1385495
1 1904052
1 4042673
1 8558204
1 912532
1 7763407
1 144199
1 5086334
1 4216950
1 7010553
1 1217409
1 7412618
1 5678338
1 6461952
1 3300654
1 163324
1 1402040
1 5285046
1 1308586
1 2032523
1 2221573
1 7498134
1 9128185
1 7587308
1 6010118
1 1201296
1 6201679
1 3842024
1 2197762
1 7360186
1 5594977
1 3596034
1 6542703
1 1951794
1 1343136
1 3813652
1 711133
1 6018590
1 8606375
1 8556081
1 3743335
1 22981
1 2839258
1 2077588
1 2852666
1 4371639
1 5238332
1 5078257
1 8857782
1 4229759
1 4759769
1 6051578
1 8706660
1 3349519
1 4862889
1 2782156
1 8618011
1 8201790
1 9815787
1 8700613
1 4850994
1 7987787
1 6021603
1 6860057
1 7297972
1 8949691
1 8773753
1 6132784
1 81816
1 7913266
1 2489906
1 4396787
1 7098374
1 1098980
1 2730992
1 1371083
1 4693293
1 3821399
1 9353286
1 6860199
1 4895001
1 1673963
1 161475
1 5719262
1 7364848
1 2792901
1 294526
1 7253993
1 7236177
1 4760973
1 3560401
1 4679234
1 8172348
1 931473
1 894003
7566102 1456373
2473709 6653117
3344821 5118704
7647188 1762751
3409682 5812721
7864162 9425948
2890803 988029
827595 809470
1585600 5176661
4618446 2717207
9261196 5351063
2101648 5533866
6666540 837581
6872581 4891029
3736706 8842551
6677177 1627806
4478969 684093
7337468 4455210
4211743 6504624
1368147 4561028
2740268 5320338
6722224 5579601
3214198 2988669
695051 5510119
8801779 2159781
7288542 3255891
5396169 2380618
1679416 3955344
6680820 9480614
4232745 8356404
8647513 5921858
1936307 7041723
9851958 6163611
6916399 3371385
2514284 3802378
7339877 1395389
1379121 4589256
3073123 4392012
1630667 5335286
7048394 9198415
5388463 4702100
8972579 4957615
1373666 3322617
2900728 5606909
271107 412662
2811995 6481553
6372834 1339175
4773791 7304065
233950 8285409
4682311 2913586
4132171 974803
3494401 7188359
622950 6085463
6952054 5133737
3505669 4739533
148293 6857375
2020819 322349
16650 2036841
2709586 1945617
2861075 1779983
4304945 5846369
4146936 3046292
4957481 2319956
5302646 5898089
3694661 469867
3263784 445512
3499907 8581683
89058 6136597
2167821 1570653
1775019 2488107
1173154 3125585
7066812 1131547
3510234 4645632
1413085 6042801
8770764 1590221
888454 836169
4151951 7338370
5259312 1977939
3827291 8648450
4656679 1881584
7371303 181569
1036248 1533190
1488040 8126109
9812396 2636024
6259936 6008481
3571133 5719415
3783883 6255348
2363598 3120680
3606121 5068061
7558110 6418028
4000239 9198066
1650328 2175311
1334307 6339073
3608856 7078968
1884679 5217475
3121149 9479744
8945546 8192461
444498 7743288
1654988 6319410
9381252 4533521
7108751 1480344
4036973 1063933
8351137 8854712
973025 6077568
1953306 3586305
3731844 9162027
3994285 888740
8236570 585580
9135261 7957748
6303648 3390610
4805826 8140678
7271033 3952511
1844492 5880347
3222200 9717154
2095642 6966864
8427671 2152627
4430520 6562556
4778854 8977665
8576864 1156775
1377095 8088774
7803402 1666062
7208235 3013331
2845235 877149
2316355 3814543
8915920 6844670
5694460 1650276
5682701 3416265
4838627 255181
989324 9295590
4452180 1121528
9807012 4884004
899390 6921041
4314330 3612325
6282270 1123230
7638941 572566
5024825 3173981
4272690 2581164
1722267 3175606
3916095 8988637
3609977 6358163
4853045 9689068
5975259 9687594
7196789 4020213
8539525 7533110
9917534 1830937
2953098 2621520
7895927 254242
2647119 3661104
5184769 5919732
7205942 4052108
7681238 2942508
8179905 9266874
6842990 8559019
5721974 8967658
5345982 7543805
7990309 6070542
4740982 3183930
100336 2541050
9594362 919
5681013 6696293
5964835 1520259
8896918 7317612
4554546 7725019
1326819 7756754
4334975 4617997
4434854 2962423
3506050 7584519
7898248 4938917
9018678 35653
4903801 9157465
9497245 7021384
1346005 7672803
1550379 7934708
5076341 7463872
8940216 2302240
6766852 1741076
4180061 2910481
5084546 876466
1889760 2858753
4711393 3922315
2427629 5126026
4357962 3577695
6626967 7201885
1867257 8529949
3469392 674838
435990 8836130
9509626 9295728
9214832 2436582
8316335 5054619
8982822 6168041
966480 5208512
9745822 4168754
1893117 4681418
7893636 4151056
4970795 9440812
4581325 7507561
9584469 6734719
5155297 9545298
4395761 9085574
1934784 4933581
3867178 6418070
5057415 1592278
7832768 6414145
7369522 6232172
2106718 1643471
1793591 8611091
896529 1343571
5616905 9480721
2322606 8021048
2944111 7132374
7484632 1449555
4628932 8149235
45796 7385616
6200229 2067095
3551748 3063883
1613539 3798942
3205525 6315464
5106972 2040669
4657371 9733851
6455553 5907717
7023210 5847209
60382 6884790
6605985 847309
3257067 1861750
3920167 5003610
7656646 8820102
2697970 8130364
9936266 6731023
8896382 2676610
8110416 486092
9190030 6109265
5215559 4031487
4863418 2280985
2056663 388847
9395443 5072556
5101880 5305109
1842972 5842726
8862848 2014580
4303822 1166084
688180 991438
4926484 3271764
2162926 7479758
2285463 3857699
5188897 5466791
3336106 9121215
8253154 6653846
2133153 1928654
8337963 9883304
4743481 2047470
6210108 2452935
8537350 2970599
8290029 8330888
5385270 2698311
5206445 3295298
4318606 8933659
9256323 1939002
9626811 2652124
800725 2892618
1107298 1650078
3183641 5745775
8098758 8998161
2392162 8007094
8591780 1391449
9595590 4445547
4344739 3861016
6504133 1476811
7327172 1203522
4967331 3212220
6736766 80440
7065721 9455895
1134011 7241145
3111833 3007177
878815 2553073
3997798 5194571
2638208 9788599
1413560 6792119
2221534 5526336
3943721 4729990
3916408 8742972
770905 9334308
6964333 5915336
7017832 4716293
2469703 6720954
1541479 505146
7261855 8601585
2294364 5265478
4889388 781116
1628816 5713618
9943523 263141
9703624 6704159
5474769 6057844
1139018 7295345
7766256 5920637
9624212 259110
2021025 4557421
6875792 1781033
2895027 4401257
1629838 3594695
151247 9745280
6694550 7842733
400326 6061165
8322208 7507402
4304203 6298007
3084845 5191216
779245 2691035
1046074 1548591
4648222 5483321
9344731 7608978
7569618 5149251
2833877 1862903
719099 7843037
7279047 4257373
3689657 9459672
5081738 5950067
4885591 4336033
4318633 3598710
5376373 9764669
1374710 8300792
8297934 6235691
4984504 3992457
966208 3589975
3465734 5923960
5440611 5491550
6371697 2071598
6781373 2615820
2925147 4172570
6648199 5041876
5542190 8776722
947375 7550474
2111184 1165343
1651822 4044408
3984311 9384841
3116381 1418900
540536 2961726
237383 5290869
7183726 866431
4357138 8313234
7997637 467249
7526525 5611629
2754020 7073768
1784482 9527880
5810937 2281622
2237875 7804586
798463 6520798
8495121 8590843
1086222 2675826
5181349 4672902
247268 8955823
2230929 7485750
9687690 954572
9302011 8070732
4589698 3021199
6604732 6053578
8703169 7400716
2508634 6704642
5573783 9493283
5731431 2873046
7718146 2010570
7491115 402791
2558756 2214662
2935767 6551204
5483786 4871400
5391230 8220207
2593745 4598867
4599558 6114174
4434846 2637061
7766301 2456457
3175320 231771
9008000 8142445
1851731 8809866
4494470 6074954
5720688 8408550
6808822 8247293
8773447 8320683
562926 9349237
2517449 6732658
9815048 6853234
9735357 7768228
1354398 1090005
3850709 5064620
9473012 597627
7759258 9292537
8376691 7252496
2647574 5964462
3784595 3839669
3287972 5183584
2369092 9099437
3061149 2790161
2578994 5918249
4386289 8100280
8959835 2506509
9030192 3513613
5147194 6827942
7633968 771160
9811887 4933446
3324806 8291360
3319506 1152050
2890332 7000141
2725824 8108665
929465 9072260
1352048 9220698
7094627 4227156
1219334 5341036
5090699 6159041
8255879 1602405
7529963 419217
839899 3664115
5967136 4234138
1185294 5581301
8681731 8106137
9640778 8375050
8895545 9635871
5141676 738067
4684941 7072589
7180441 7929404
975284 6865412
3297792 8096490
1472506 7224971
2104975 8375008
362388 9476727
7307495 1578586
5331084 7047386
7961681 8381890
8080631 3561327
1648935 6218103
6204027 7935674
5455168 4939863
8208232 4572635
9009121 3543666
9047349 1927692
8473828 8816776
1179541 8536995
6628220 1186789
195414 8642365
2107061 7444820
2868560 9787570
191069 4003106
915207 4965587
7308135 1278932
6989549 397183
7814127 7005126
9887202 7922628
3195059 5062661
3737988 7103958
209567 4685469
9159200 2820072
414824 3151385
4994258 5335648
3991965 8153815
5047697 8239900
6100980 9713069
1795734 7810626
1603267 817832
688734 350729
9161559 8914990
9227028 8221382
9652159 4386718
5742362 1026839
7222821 6540045
5549493 8246111
9576325 99761
3284990 5778186
3705565 9727198
7219697 3827381
9341724 3145133
2856748 1504954
667674 5496784
819520 4517985
7651880 1683739
4389932 3033969
9570304 736282
4289666 7415906
8336198 3375241
7722035 7724535
3047160 7691095
385252 2313643
2291471 9811570
3716729 5639400
4871397 8499087
833083 6274638
3416998 4751269
4959682 5620728
9280897 6830225
8908065 417448
2596459 7322108
1812083 5815765
6691793 7327870
2043581 3709044
2870011 9703371
6604565 540192
7843969 5790729
8781552 9635841
8756160 2674924
5512307 2112570
5884760 5102895
3900186 6802053
9233759 7296508
9487962 948312
842619 7185773
4871489 3731376
7967209 1318669
2546070 6997446
3699783 1390273
3159825 9322689
2021314 5279741
208863 8529488
4842604 8990283
9610465 9550929
6302441 5581749
8498497 4963270
6568910 7109139
6339120 5388607
2390059 7436767
5971430 7552106
6786905 1915375
1732544 1573726
5194021 742808
9226262 2385075
640198 9793387
8843174 5041743
2768983 3720693
3972922 3019751
2960991 8782745
4242014 8068705
8896553 6155478
8667879 131945
1077610 5660842
7679976 8056178
6134616 1302526
1261762 6941234
3633105 281029
9759951 976449
5812885 5393609
5710028 6360522
9382260 6716585
3548978 2430075
9639589 2192124
3870693 8539587
9426865 775919
9705885 4209581
9657156 6030872
8650188 5300020
9005755 6749237
1935082 3090670
7521229 5130340
3700489 2107634
503113 5132699
9545128 5773955
9122884 5280144
8227519 2139683
1878212 2500678
4400212 3293549
9569246 3380302
7242573 7258836
2027771 2115446
7720053 9673808
3550021 1090235
4385811 1653689
2762246 9195739
6453951 5184406
6351966 5888053
6278977 948523
9295797 9607328
7300105 9025725
2273976 2077163
4601393 9919605
2648052 1310946
1167383 6202018
1666285 3694218
5209023 1632532
2873165 5675367
4536171 1197618
9056443 9637868
8423814 5766306
8865152 3079331
4775824 9424152
5945059 102535
6241304 8831950
9719457 6687482
9183018 4069776
3006002 3199074
7022039 9463477
6919488 9462940
7692413 4997875
6636309 8123184
8115427 8280444
5876737 3325175
5452149 9944260
4851367 9406189
4251941 2837752
484580 5795616
8140422 3156829
3892313 891533
1578198 4744535
9518869 8949514
6483008 5520623
655173 7109577
5341651 1546925
5378708 1166864
9183850 8667552
8913224 1660320
6894575 286635
4365699 3495233
209447 2669133
9720732 5627809
4573864 9133428
5116410 2832120
6319964 33175
8961890 4951823
5367102 4118574
5531357 7045745
1229578 7314606
1710398 5427693
608801 6867985
1410956 961077
1026985 4900625
4339632 4916160
1303351 1151886
9808564 7873771
8071780 6654584
7864343 4311722
4317022 2864455
6299369 8824135
6633491 5283898
4044775 4014518
4049509 8361058
4687369 8832034
3056863 2007329
7644788 3565999
2459615 1146425
1165660 5493653
9481466 5375530
7507605 7731108
6539640 8914115
8588414 4251145
2099676 7532044
8341188 7173175
5427221 127672
8496827 2333470
240461 8831845
8787505 3812252
9516022 772994
3274989 315276
5732432 4951659
8010624 2096715
8665310 283889
568569 7017099
8212610 1938685
216668 8653768
6554986 4141035
9252391 689774
7085109 8685880
3254061 385835
5620943 6237492
2059040 5806040
375070 954301
2587486 5581673
4720158 7753276
7841482 5232188
4419925 4008342
6959637 1036972
7834061 9044434
639446 4606600
3149318 2105405
7754450 2621544
1272972 2077149
5390265 1868341
9748554 732058
851749 2644581
3464135 5359894
2756158 5403307
594369 9406118
