7288452 7 1678
365491 5116874
422157 5910196
393493 5508902
33446 468243
114264 1599690
172429 2414000
305281 4273929
226841 3175774
211046 2954638
420880 5892319
203222 2845104
298722 4182106
63596 890340
47167 660334
364108 5097512
163306 2286284
404773 5666816
365804 5121252
53134 743874
273420 3827880
434092 6077284
60323 844520
150051 2100710
311446 4360239
156628 2192788
311274 4357832
287408 4023711
48684 681574
85558 1197806
344147 4818058
50913 712778
462226 6471159
289063 4046879
329514 4613195
229086 3207200
109562 1533866
360447 5046254
435562 6097867
318624 4460735
1992 27883
178924 2504930
261617 3662635
141120 1975677
395982 5543743
351155 4916167
201750 2824498
115204 1612853
338674 4741434
461113 6455580
266839 3735746
94858 1328007
178745 2502430
202717 2838034
23260 325636
148492 2078888
314622 4404704
405047 5670655
260650 3649099
208253 2915540
80950 1133298
339042 4746588
358286 5015998
440322 6164505
188571 2639988
70896 992539
4792 67085
53541 749568
278088 3893226
444293 6220098
244458 3422408
158659 2221221
401224 5617130
80944 1133213
363007 5082098
102589 1436245
394401 5521609
367549 5145686
43999 615982
500512 7007163
360140 5041960
14607 204492
47262 661668
207089 2899246
399603 5594440
123963 1735480
428552 5999722
451372 6319203
121985 1707784
210771 2950788
324508 4543106
135769 1900762
83236 1165304
441303 6178242
368447 5158254
511726 7164164
74423 1041916
101312 1418363
147084 2059171
20947 293257
147908 2070711
197630 2766816
488691 6841674
139380 1951314
366627 5132778
86831 1215633
304032 4256447
157238 2201330
110707 1549894
324217 4539034
292472 4094608
347135 4859886
293738 4112332
297220 4161076
380794 5331113
127617 1786637
432177 6050475
22174 310436
374507 5243092
339579 4754102
50287 704016
1419 19861
506367 7089137
237804 3329255
301486 4220803
95181 1332530
501549 7021683
9401 131613
4644 65013
80204 1122851
255510 3577137
242900 3400596
410242 5743382
306356 4288981
106528 1491386
253449 3548281
77899 1090583
440584 6168176
209293 2930101
101868 1426152
397874 5570236
218743 3062396
347076 4859059
391289 5478041
202699 2837786
289778 4056886
504547 7063653
31534 441474
373599 5230381
50591 708273
99155 1388170
132236 1851299
466834 6535675
406948 5697270
440559 6167823
101457 1420396
210440 2946158
146066 2044921
161995 2267926
8126 113760
281004 3934056
124996 1749940
108875 1524246
290023 4060319
371312 5198362
7265 101708
321847 4505857
185880 2602315
422969 5921560
29248 409467
140735 1970284
208935 2925090
516156 7226183
142422 1993903
472536 6615502
194437 2722112
417902 5850624
109219 1529062
202711 2837952
241503 3381039
163310 2286336
161855 2265970
235993 3303897
432852 6059922
477017 6678238
407976 5711658
497021 6958293
86197 1206755
171668 2403350
516075 7225046
291078 4075087
259122 3627706
272045 3808627
324777 4546874
178614 2500595
435682 6099543
165166 2312319
50739 710345
9780 136918
85745 1200427
405611 5678549
513255 7185567
317738 4448328
179304 2510253
482880 6760314
85988 1203829
74876 1048260
445673 6239419
258494 3618913
30319 424465
5986 83802
60495 846929
264538 3703526
241925 3386945
272377 3813273
251072 3515002
254247 3559458
295132 4131844
327737 4588316
437469 6124561
374221 5239090
470158 6582207
2781 38930
289699 4055782
309366 4331121
209736 2936300
493074 6903033
446119 6245660
229218 3209050
234396 3281543
48645 681028
262842 3679783
431920 6046877
313067 4382936
260015 3640204
386926 5416961
109814 1537395
64213 898976
23260 325639
2395 33529
292257 4091594
209298 2930170
445769 6240764
504989 7069844
443657 6211198
452871 6340190
191854 2685955
464996 6509938
195534 2737472
438631 6140831
280667 3929336
347815 4869408
259892 3638485
195726 2740160
167453 2344340
501882 7026343
314989 4409840
479983 6719757
362495 5074926
213449 2988280
321199 4496780
349869 4898163
440101 6161414
2326 32563
50188 702629
304510 4263138
70806 991278
97788 1369028
406650 5693095
400388 5605429
216803 3035238
418418 5857852
366484 5130770
369939 5179145
190341 2664771
194367 2721135
37880 530320
41397 579554
444006 6216082
186769 2614765
501188 7016627
317898 4450571
230314 3224395
31775 444846
41079 575103
230119 3221662
379745 5316426
125640 1758959
274862 3848063
470623 6588716
241017 3374236
295735 4140287
29491 412873
33919 474865
373699 5231782
308993 4325897
369587 5174215
353702 4951822
506009 7084120
477497 6684957
325104 4551450
445943 6243199
400023 5600319
204592 2864283
258648 3621072
500149 7002081
13376 187258
308225 4315145
253506 3549082
115394 1615512
176271 2467788
37554 525755
170981 2393734
141951 1987310
248913 3484777
240738 3370331
124169 1738362
413986 5795800
129330 1810620
222851 3119909
137087 1919216
402895 5640525
229645 3215028
149684 2095570
132486 1854804
503469 7048565
354680 4965515
71469 1000562
131015 1834209
435372 6095202
271093 3795298
302426 4233958
332773 4658820
203938 2855126
276191 3866670
322366 4513123
421308 5898309
87221 1221090
183151 2564111
94610 1324535
9618 134651
91589 1282244
247329 3462601
458021 6412291
161392 2259486
481874 6746234
439766 6156722
141706 1983883
55311 774353
347400 4863595
20838 291730
82175 1150449
465199 6512784
351242 4917384
409888 5738426
434997 6089952
466114 6525596
506098 7085372
312066 4368923
79926 1118964
362858 5080006
37650 527098
180604 2528451
332280 4651915
79682 1115542
513855 7193967
147899 2070580
85658 1199212
518092 7253284
451986 6327801
357276 5001859
512547 7175658
99717 1396036
18713 261979
516543 7231600
221913 3106778
35028 490389
260777 3650873
148388 2077431
480825 6731545
519088 7267226
397231 5561231
275173 3852420
428281 5995929
236413 3309776
397073 5559020
392330 5492616
112705 1577866
59278 829888
120925 1692949
389859 5458023
332091 4649271
451138 6315932
112461 1574453
17251 241508
314864 4408090
312491 4374868
296602 4152425
142578 1996089
67366 943121
11356 158983
449652 6295123
166229 2327205
189810 2657338
147650 2067097
415284 5813974
483877 6774277
479243 6709397
391837 5485717
58441 818168
186640 2612960
291295 4078128
297987 4171814
124816 1747424
453826 6353558
468981 6565729
84241 1179371
225249 3153482
173822 2433502
387932 5431042
59361 831049
307134 4299875
89951 1259308
258823 3623519
96110 1345534
180449 2526281
426524 5971334
168477 2358672
304912 4268768
229044 3206615
421244 5897413
150125 2101748
15593 218298
517149 7240081
170805 2391264
328424 4597935
247930 3471016
106367 1489135
109522 1533305
488697 6841754
498466 6978521
293278 4105887
151472 2120605
353287 4946018
329479 4612706
93336 1306703
291052 4074728
223335 3126688
220195 3082724
272901 3820614
323182 4524543
382605 5356470
199855 2797970
101170 1416375
466001 6524012
176177 2466474
399389 5591445
467493 6544898
349529 4893403
252862 3540063
144305 2020268
392918 5500848
228458 3198410
334927 4688972
186481 2610734
395954 5543353
491730 6884219
172998 2421971
36881 516334
144781 2026934
160599 2248383
488686 6841598
79764 1116693
286417 4009835
58364 817090
351778 4924888
70674 989433
432272 6051806
287024 4018331
259906 3638678
192595 2696326
513290 7186060
14866 208121
497518 6965252
36225 507149
118477 1658677
520370 7285176
233189 3264641
245602 3438428
508595 7120328
24390 341455
439476 6152658
159910 2238740
26923 376918
432415 6053810
229070 3206979
54927 768975
365284 5113975
150583 2108158
211069 2954961
288174 4034434
322861 4520052
185786 2601003
158710 2221939
147899 2070581
276581 3872134
308795 4323125
156675 2193448
212986 2981803
427493 5984898
257719 3608064
492938 6901130
516508 7231109
70476 986662
310926 4352959
341093 4775300
247485 3464785
68074 953031
257275 3601850
447733 6268261
397272 5561808
128539 1799544
384501 5383013
295588 4138229
365372 5115203
295462 4136462
49067 686932
519886 7278401
396140 5545956
210966 2953518
226157 3166197
209284 2929973
423034 5922474
370409 5185721
267982 3751748
348742 4882384
315101 4411413
104235 1459284
166898 2336568
228007 3192098
366065 5124909
33760 472637
410862 5752065
53673 751420
143299 2006185
20393 285502
40079 561101
278703 3901842
205123 2871720
379396 5311538
212940 2981160
82362 1153062
22332 312644
305473 4276622
304590 4264254
348156 4874181
317318 4442451
470088 6581231
268205 3754867
140537 1967518
117648 1647070
266220 3727080
72699 1017786
101286 1418003
481813 6745380
479189 6708640
357876 5010260
148318 2076450
505540 7077557
30997 433956
105054 1470755
215132 3011848
508076 7113060
56959 797421
414344 5800815
223147 3124057
129074 1807033
407488 5704831
418374 5857231
63273 885816
20099 281386
496629 6952801
320061 4480854
91900 1286595
315136 4411903
421207 5896897
94721 1326092
402416 5633820
247346 3462843
438890 6144460
63961 895449
379447 5312255
381516 5341223
91275 1277847
176789 2475046
112290 1572059
19434 272071
339207 4748895
435337 6094714
371932 5207042
277928 3890992
231044 3234615
370489 5186842
62411 873752
209331 2930629
378175 5294449
319652 4475126
310123 4341716
250451 3506308
62003 868037
66750 934494
19594 274313
432589 6056242
336505 4711070
193986 2715802
168061 2352852
220918 3092847
256160 3586236
354342 4960783
143118 2003647
176450 2470298
64572 904007
419279 5869900
454033 6356459
298971 4185592
476827 6675575
308878 4324288
489110 6847536
292011 4088151
274330 3840617
381769 5344765
364688 5105630
188037 2632514
372267 5211732
506812 7095368
399896 5598540
161746 2264444
332551 4655711
131086 1835202
299415 4191810
448686 6281598
101189 1416645
459338 6430729
265064 3710896
396108 5545512
394794 5527113
140474 1966633
348682 4881547
362859 5080025
216422 3029906
216608 3032506
368420 5157880
509786 7137002
514090 7197257
473768 6632751
144664 2025291
110773 1550820
13636 190903
517381 7243334
416586 5832199
400432 5606047
162410 2273735
336715 4714009
415691 5819669
306152 4286123
217604 3046455
236753 3314541
491051 6874712
333377 4667272
474735 6646286
127364 1783091
192228 2691187
132055 1848765
367614 5146596
80191 1122669
62116 869624
380059 5320823
89484 1252776
184277 2579874
105604 1478452
63251 885512
344912 4828766
466650 6533098
487882 6830345
280268 3923747
279266 3909722
325586 4558199
123144 1724015
192546 2695644
41414 579790
107922 1510902
415462 5816463
383404 5367650
488443 6838197
373018 5222246
395943 5543202
452223 6331116
314324 4400533
31690 443657
506772 7094805
28813 403381
26280 367917
209137 2927916
19553 273736
499143 6987996
416586 5832204
507903 7110640
205225 2873148
488020 6832276
329593 4614297
133269 1865765
344168 4818352
33017 462236
327521 4585290
217299 3042183
31815 445409
32765 458710
378657 5301194
94205 1318868
213088 2983230
413529 5789400
125013 1750178
396368 5549148
34824 487534
205761 2880653
204877 2868273
256733 3594261
267306 3742283
6554 91756
102606 1436480
208068 2912947
446125 6245744
396949 5557283
500367 7005135
219360 3071034
294347 4120855
485766 6800718
258142 3613982
39187 548618
105922 1482908
104635 1464887
110213 1542977
391692 5483687
124635 1744886
336879 4716301
78299 1096185
457068 6398948
83727 1172172
268526 3759363
310737 4350317
78064 1092892
177100 2479400
460545 6447627
145589 2038245
305500 4276996
211982 2967743
512535 7175490
287406 4023684
97056 1358779
36880 516320
156102 2185425
86920 1216880
242304 3392254
10577 148073
173251 2425512
257055 3598770
60622 848706
236254 3307556
242128 3389792
451950 6327299
116194 1626716
138329 1936603
334100 4677398
519885 7278387
162177 2270474
255773 3580817
261750 3664495
244913 3428777
43028 602390
187950 2631300
86243 1207396
100014 1400196
160192 2242683
503377 7047278
445696 6239739
488737 6842312
141532 1981443
363979 5095702
23047 322653
225010 3150138
338098 4733368
119846 1677842
19841 277772
111711 1563952
152416 2133824
90478 1266689
183473 2568620
457235 6401285
465482 6516742
485175 6792444
444419 6221864
272593 3816302
419554 5873752
176101 2465412
223631 3130828
347193 4860697
520062 7280866
224797 3147154
412185 5770585
68040 952554
383589 5370241
124749 1746486
410603 5748441
297776 4168861
415928 5822989
96056 1344778
300859 4212021
228635 3200886
124555 1743764
201681 2823528
373767 5232736
261914 3666791
119481 1672729
238861 3344049
238492 3338888
92239 1291341
90224 1263131
2534 35474
251895 3526524
105505 1477070
508190 7114657
135595 1898329
172088 2409226
286117 4005638
293465 4108508
105411 1475750
497817 6969434
279267 3909733
397542 5565583
144130 2017814
140086 1961203
502707 7037893
508585 7120184
283558 3969808
384907 5388695
220784 3090972
291793 4085101
219314 3070391
269417 3771838
421539 5901541
72950 1021295
3570 49974
359994 5039912
502679 7037506
195564 2737894
152760 2138640
504214 7058993
215242 3013383
234771 3286788
341764 4784693
512191 7170669
230797 3231155
494070 6916974
442213 6190982
463226 6485159
484985 6789788
322019 4508260
87987 1231816
322607 4516497
164608 2304506
147396 2063543
145801 2041208
84249 1179482
472338 6612731
177770 2488779
449612 6294562
376351 5268914
268915 3764809
353906 4954682
445293 6234096
42351 592910
457995 6411928
96262 1347665
126957 1777397
322903 4520637
45039 630544
247568 3465950
450966 6313520
148203 2074841
11405 159666
67967 951533
72840 1019754
476632 6672848
317838 4449727
133354 1866953
161169 2256361
467112 6539568
39792 557083
456541 6391569
210316 2944418
327336 4582698
434731 6086229
170029 2380406
66957 937394
317935 4451085
88980 1245720
57257 801593
62715 878004
306201 4286811
228975 3205650
392266 5491723
414932 5809048
229184 3208576
147446 2064240
347589 4866241
284959 3989425
454810 6367334
390187 5462615
37175 520448
381146 5336039
201894 2826514
274932 3849043
286766 4014719
202498 2834972
115788 1621029
24380 341320
386209 5406926
436994 6117914
117928 1650990
48272 675802
476343 6668800
280591 3928272
332988 4661827
43485 608785
341048 4774671
57730 808216
80887 1132418
184838 2587730
273987 3835815
404572 5664002
37426 523960
143503 2009042
271505 3801066
473398 6627572
494909 6928725
273512 3829167
432581 6056129
355025 4970345
400796 5611139
442114 6189590
324692 4545683
57680 807518
111349 1558883
513446 7188241
183430 2568015
149574 2094031
72668 1017347
258595 3620328
493819 6913463
321895 4506527
128211 1794954
113385 1587389
276841 3875771
56468 790546
110463 1546480
328667 4601335
269583 3774162
215475 3016649
485160 6792234
384405 5381667
441311 6178352
111391 1559470
120112 1681565
334035 4676489
499498 6992969
82807 1159292
465707 6519893
196528 2751389
46338 648731
404179 5658504
468432 6558044
153014 2142190
273876 3834264
516583 7232156
163446 2288243
142812 1999365
471635 6602885
243761 3412653
80535 1127484
383352 5366923
3227 45175
42121 589690
33292 466088
306985 4297788
270067 3780933
100330 1404617
208373 2917217
403339 5646740
235064 3290893
416720 5834075
89809 1257323
146414 2049792
380740 5330360
367135 5139889
200131 2801834
411951 5767313
70144 982010
377796 5289143
270175 3782450
146171 2046391
248460 3478436
309266 4329721
129849 1817883
167319 2342463
384008 5376111
180062 2520863
497582 6966146
142878 2000292
377402 5283626
128817 1803437
133646 1871043
129089 1807245
243272 3405807
322840 4519757
95107 1331494
177346 2482844
121281 1697933
143192 2004682
28024 392332
448971 6285594
457071 6398989
39795 557129
339831 4757631
21447 300256
237178 3320489
223209 3124926
110619 1548663
438104 6133455
497243 6961401
127121 1779692
197845 2769830
293919 4114866
196045 2744630
2269 31761
139630 1954817
485496 6796939
160869 2252162
295534 4137472
194052 2716727
433794 6073112
94845 1327830
452272 6331806
306532 4291443
302644 4237015
34942 489184
205434 2876074
426891 5976473
107577 1506077
351370 4919180
341292 4778084
106913 1496779
195707 2739893
285569 3997962
135847 1901855
478809 6703326
445338 6234727
438944 6145213
327437 4584113
103493 1448896
418017 5852233
345656 4839181
255681 3579533
140291 1964070
267425 3743947
246470 3450576
126590 1772255
201115 2815607
137285 1921987
245108 3431511
255809 3581326
25960 363440
432650 6057096
161347 2258854
70327 984575
258042 3612582
388119 5433665
425225 5953148
428038 5992528
397403 5563637
475611 6658550
21760 304640
161960 2267440
155521 2177290
218722 3062107
418030 5852419
245073 3431016
55930 783017
380992 5333885
229428 3211990
427500 5984998
467189 6540640
247505 3465064
393657 5511194
267996 3751939
304456 4262383
299961 4199449
496692 6953684
170851 2391910
438673 6141422
481226 6737158
301493 4220902
234789 3287040
326198 4566771
101194 1416715
403683 5651557
148759 2082625
369671 5175392
284533 3983462
413993 5795896
205324 2874533
2278423 921255
3425683 6814455
1994361 6163835
3354960 12333
5311151 587936
2089084 2975848
6416174 1268360
946845 3542404
3604037 2018340
3826250 7094423
210123 2730908
6050783 5014116
5446339 1567649
2239544 4421563
4041398 5417539
3578200 598060
5664134 6765389
1455638 3306693
4182603 2562695
6335262 6572287
1876724 4692831
339219 4070939
5404681 4225121
4783096 6582973
3617596 5930668
1369237 2875934
1195376 5421611
2675463 1406546
1435363 1794749
3907455 6601678
3676333 3116640
6813454 2603247
6425517 3882896
1769916 6622509
1066247 3776224
1762697 3308611
3584150 4386626
6126455 105209
842249 727087
5314036 1113298
238376 5961529
5581489 3460886
693753 4871758
1254389 1931386
5941471 5283667
5601217 3348659
7018304 494429
5853325 6443080
1720409 6056323
2875462 6906117
603897 1833172
6555019 3901508
7039571 2725683
4545586 1797782
4440797 4089037
529672 5040343
5660713 5118192
4847564 1906919
4496461 2042229
1916596 3063226
2731455 4298890
2396914 421469
3619531 2680312
1292110 1709410
4115194 90063
385710 3484191
96438 1592698
6552434 3271882
3739241 6093321
6182081 4868273
5737863 1281453
930443 6935059
3127292 1501194
1955808 4014495
5927140 3595715
2265325 1624406
977096 6853159
4740887 2492932
2783371 1571789
2781982 5736618
3540979 6630460
2411969 2022924
3373546 2564271
1282331 1253213
2829046 5453269
2897218 3902150
436789 6575944
180373 5307598
188203 6427280
7146358 199394
2237899 5098229
5302504 1759248
6124042 6235539
766346 958779
1075516 3740850
4863332 2798650
2170637 1088992
1271194 2442988
5109334 3966479
2545390 759113
3634928 3810014
2880725 2143530
6432493 2674286
3781480 3881998
45347 1238805
2799306 4457267
6031703 1938237
6186296 4277594
5795125 811728
4458766 501420
5811495 2719672
2248495 6872577
1510950 4089984
6313425 2144985
6367930 6018182
1805489 436485
290355 6374074
5358276 6056475
17888 346654
5935363 5168913
94380 6711498
4526795 1008914
2985210 4780541
2133032 1654504
601865 4947457
6042196 7241618
5042584 2344130
7098665 2252737
2141511 7020803
3931473 95817
166694 90236
2480500 6583349
5241854 6378119
5827394 1223630
3864438 2194556
1929635 3681860
4636054 249450
4320167 6212911
2260416 4125977
1102066 6361196
6153124 1524373
1325625 2241305
471374 838299
1807716 6768168
7161230 551343
5456838 294989
294448 1956818
3669637 3735429
3327974 6699723
4122474 548619
878105 3593845
5487559 738573
1898097 6371859
2665568 3726892
6387448 933336
2789366 4481004
5819849 4920856
1088612 1733471
3968217 1053903
393480 6254467
448955 2077968
935198 2447433
2644439 1837645
6182811 6615524
4468184 1238686
6648427 6635591
7107475 5191646
5038363 2288871
2391321 1270757
2743464 1001496
6777549 1858948
5009628 6065822
6928701 4706698
4742701 2220960
7005820 1288096
1229006 4910511
1809210 510599
5412027 5334827
5627694 747546
803177 6945933
2107566 4042084
732278 3878287
940707 4850979
6940459 1789515
7274714 4019743
5246993 4328622
2898866 6217808
4185218 2752323
6927551 5842814
2483163 7160550
1811952 4411283
2869091 6383417
5201993 966130
4543035 6328003
5783338 4883797
6270300 3063246
6574983 3116132
344116 981770
6329066 1274390
6404048 4412301
5417846 4664367
1203125 4650734
6987773 4330079
3645551 2056974
1803993 3336967
5242736 6456029
16844 4710891
4107238 1380798
4512033 3153765
1479076 1687000
4454477 1134729
1708676 6781958
4772600 6542535
1625309 4094756
1296786 3269506
425421 84291
1125873 566277
2805551 5384281
2279599 5767172
4752184 1958588
2393556 4193043
3335030 6277514
5143109 3980219
522463 2600792
4420176 305968
7234089 1674051
2318310 5938546
3450362 4893955
706547 4838416
1901618 3104783
6275730 1467384
1529947 234244
56095 6260319
3956461 4784473
359987 4400862
2134136 4298468
4486107 5308778
2369153 3192682
607773 4602241
6606050 7050696
397441 5649500
6881676 4624801
2976150 3504653
60524 65638
4949536 4188176
5496420 5798846
4569371 6388574
4947019 2737468
2467102 5070016
2206628 550085
4268650 1982600
4632862 4897467
2040359 1742107
1676021 2727037
4174350 466570
1970307 3039128
4280676 1556896
145363 2621368
7053901 6812439
3329987 6714997
2681806 1855529
6602819 6646820
2545092 3192408
1033881 4674477
1617657 5783408
3448490 2648589
926062 6472432
3320540 1221745
5961884 2063211
5154045 3095754
4620377 3774300
5992558 7044665
2606566 5662925
2128659 2110346
6562585 5912568
5985021 5413259
2903250 1891787
6144737 1314698
1311088 1441293
5353192 5946628
6813429 1470917
1142014 4390628
4031655 6091415
5932745 4225254
3253791 7229079
1590492 3878099
531367 6817626
3824347 791772
6626257 1775999
1142811 829344
3779956 6063825
5750829 2296317
2092905 6693504
6778235 5382132
1400717 4836462
3876016 2080526
4486639 366313
896381 3302164
3426637 2672401
5608316 4306593
1059463 1346367
4722646 1371076
1647047 6062254
2188652 4758033
1267301 2761940
987672 4607322
1789289 2467394
3182511 167177
4331349 4869101
6776723 6352273
1130545 945195
2925442 4681241
4638126 1764770
7249672 557188
6460767 1111798
330511 123006
2761845 6645384
2845009 5271192
4165875 378620
3762454 1310401
6396205 3640599
1686018 2294009
7144337 1740976
7246266 4177152
192466 6209940
6916388 4440186
6175503 2702860
364608 4411410
6040871 3860518
2924826 4009812
6042930 4750204
5770948 3632356
4512960 6681308
5424508 186683
629085 4566385
5789627 5549835
1218622 2532390
5956937 436028
4086479 2742415
3307663 5126345
3814575 1950040
7205452 6186954
333405 4445316
3851421 6525137
5549081 295249
5993002 3287066
1582383 1805262
2143145 1046623
3932227 3125579
3303102 5941665
2175527 6386916
1982625 4236579
1440203 5696803
4453965 4981324
1004614 7230167
6892094 1512335
4758642 5206657
4283463 2744754
1761443 488921
2349083 5648871
6341489 2046720
3598767 4456714
6448838 3495165
5703988 4819274
1585517 4185375
3504078 4609770
1225061 1825770
6414643 4364052
6696266 4357024
450470 2112867
4389471 1260934
2758867 1274540
1467072 6709171
2421985 305426
3432239 3177028
3855243 1705190
766741 3016512
6990026 5334582
6584257 5885214
2057442 6755608
1443807 439601
4572812 5483310
162320 7273497
552587 407510
4044701 4104815
1074279 2246431
6515198 2844287
3961224 357227
5853773 3106052
1303742 1462450
853696 6781360
3760283 2155760
4577141 2104507
657126 5538315
5659402 5311618
5877359 1952402
3259883 3336441
1832103 2795214
5240125 3812804
4024271 6278420
2471118 542063
4680640 4029045
4746709 5506206
2346780 3404518
4907959 4572005
1624092 6664439
5949280 2203449
7155572 5130981
2018790 5079704
3764936 1380599
1124027 102459
7035752 5376677
488778 2077541
3442924 780425
795539 1523776
5705306 2123586
6568258 1953943
7169367 4495248
2417217 6130504
53758 215293
6658645 6451102
2420439 214077
1237618 7179341
4661630 2730806
1429407 282696
6494472 1024856
5239471 6027323
6626123 3803363
676580 6687482
5571449 5286620
5672198 5508493
4738062 512916
4071773 6872660
6758246 5367658
5910424 2178798
4796354 1597002
6777414 6941979
301274 4668657
4441489 2925125
463273 5348003
914445 4689564
1652479 979026
1916289 3071147
1347165 5713434
5573145 929156
2911936 4686279
6171485 1927333
3865652 192284
2663913 2236657
1056244 4200884
5128905 3831255
2635143 925320
6187825 6095785
4794543 3073230
4505367 864845
5216862 6200663
1513476 4317980
4198575 3415087
5358545 4771318
1448121 4232253
6940995 5692901
3521275 6396122
7034489 2828874
5903871 1448213
3151261 6235049
5662923 4149854
6669896 2036873
909233 5438113
1835582 1693388
7174429 6860788
6546873 2939762
4640797 3490118
5527298 2078082
1485318 6973072
465272 687925
5989724 1388449
5792575 6235528
241393 790003
3635914 1396125
5396052 6896415
1000321 3350408
5240983 3040542
1781198 5881416
15305 869943
6905982 3252763
1029629 4654163
407868 5990270
6879247 4867991
4707595 3653494
5983999 5728539
1942049 574686
4014744 6891321
4534130 5059347
3467519 6527449
4110250 6153453
5677903 4996174
6702896 5082212
5599991 6949018
6373837 3018531
1696734 1630069
1496702 1477014
331735 4737453
1048213 4173605
4342483 6732866
4859689 1165957
5871801 4706236
3684023 1079335
2158907 441621
5324538 6443569
3074926 5810010
6573280 4383361
3413257 2457153
2641852 5594177
3786505 369005
5979957 7251278
3291263 4884761
2758697 3378428
2887736 3785279
2449874 3324566
2190795 694980
648855 2380509
4500264 5120770
6957234 2783521
3597648 5941081
1029583 3185159
919048 4629443
5959200 4160670
752385 5995756
5151556 4803402
4560666 3612514
3973186 6558442
6113718 4071555
306196 4967022
6095950 1007979
1056118 4978948
1959287 4110462
3294787 5555369
5451506 5470115
5648436 4658690
3821252 839366
273784 2013263
4250878 871489
3385816 2358820
3627497 6402868
4919636 4018332
6564908 6732230
5262059 5065167
2866966 1051989
2986941 774631
2303144 5167731
6977641 6599397
5042875 2219145
4382016 2314000
2621994 3586690
64489 2052483
5679209 6207086
362585 1781354
594641 4340486
1575044 3780776
