8114603 512 2756
551 563783
5385 5513753
7027 7195587
3835 3926686
1677 1717203
3788 3878588
3797 3887618
315 322432
5910 6051446
102 104007
1391 1424367
7505 7684836
3242 3319330
7569 7750539
7061 7230013
4424 4529853
2642 2705153
3079 3152724
3170 3245728
2409 2466462
1261 1290874
1167 1195003
7078 7247748
7530 7710368
6044 6188600
1807 1850147
7131 7302131
7537 7717398
1509 1544987
1055 1080035
3582 3667485
21 21396
4929 5047289
7028 7196223
224 229345
5077 5198642
4347 4451095
3699 3787652
2664 2727828
4538 4646440
5979 6122231
5618 5752365
4704 4816474
7548 7729064
48 49002
753 770885
5924 6066092
7866 8054339
3209 3285922
2449 2507343
1855 1899474
2127 2177921
3196 3272505
5806 5945117
1088 1113945
7491 7670358
2023 2071306
1930 1976085
1507 1542820
1334 1365821
90 91769
5245 5370407
1666 1705788
2443 2501252
7804 7990954
6641 6800132
4464 4570637
577 590496
3611 3697555
5429 5558933
2492 2551636
481 492471
7458 7636980
7680 7864121
7083 7252975
318 325560
6726 6886972
2198 2250628
7032 7200371
4066 4163541
5195 5319315
1059 1084276
3235 3312340
6758 6919801
1306 1337027
2842 2910139
6889 7054164
5357 5485339
1222 1250978
159 162532
6450 6604571
3248 3325896
4359 4463311
4382 4486699
7141 7311939
1950 1996483
4322 4425261
5852 5992016
1887 1932060
5763 5900893
783 801755
455 465905
6326 6477647
1215 1243678
7426 7604215
1275 1305097
6863 7027685
4155 4254712
2047 2095916
3009 3080988
1178 1206124
3342 3422059
7101 7271319
6345 6497255
3735 3824603
1743 1784592
6801 6964186
4918 5035751
2333 2388584
4753 4866887
3258 3335859
1459 1493580
614 628706
3148 3223271
5836 5976042
2532 2592765
6963 7129859
2015 2063006
3162 3237425
3371 3451450
2448 2506462
7591 7773173
582 595472
3809 3900132
3788 3878633
7443 7621261
2394 2451368
735 752147
4725 4838261
4383 4487970
1397 1430414
6280 6430373
1056 1080903
2643 2706110
6257 6406940
6764 6926049
5179 5303033
5516 5648282
6951 7117712
5904 6045401
6775 6937247
2857 2925486
1305 1335935
5075 5196668
3875 3967928
1551 1588201
4758 4871878
4148 4247219
6082 6227823
6603 6761459
6458 6612932
1994 2041714
1871 1915755
4204 4304460
6264 6414157
5090 5211878
5382 5510875
7144 7315139
7540 7720627
1657 1696630
5584 5717998
1888 1932974
7232 7405467
1747 1788649
1435 1468997
7895 8083974
7568 7749581
3551 3635753
6813 6976232
3652 3739468
1729 1769988
957 979811
3650 3737187
1805 1847945
3080 3153728
6435 6588991
5485 5616339
3631 3717770
7602 7784228
1229 1258452
4967 5085744
7561 7742072
2622 2684465
3041 3113772
5044 5164715
4568 4677459
7716 7901070
7911 8100829
419 428687
695 711485
4881 4997673
5890 6031241
5277 5403609
5419 5548675
7331 7506928
5188 5312215
2282 2336758
2140 2191330
6259 6409105
5295 5421590
6698 6858271
6556 6713015
3085 3158851
1641 1680006
7304 7479263
6609 6767609
4452 4558499
4548 4657068
4866 4982358
6931 7097170
2276 2330268
2170 2221840
1222 1251081
4820 4935499
6248 6397767
7883 8072054
5805 5944098
3991 4086500
6956 7122691
5528 5660279
7018 7186405
529 541253
1822 1865369
5081 5202847
2607 2669196
6944 7110271
6178 6325866
3568 3653435
3000 3071985
4134 4232736
7123 7293763
388 397073
2172 2223644
4435 4541068
6931 7096923
636 650972
274 280100
4273 4375289
6687 6846980
7164 7335685
2260 2314159
5906 6047312
4923 5040677
7295 7469821
815 834133
5343 5470945
2482 2541197
1205 1233800
4545 4653664
6212 6360968
1163 1190530
558 570913
6971 7137990
1349 1380998
5453 5583871
2094 2144149
6266 6415908
3231 3308192
906 927615
713 729660
1039 1063548
4221 4322289
1681 1721067
4240 4341632
3462 3544775
594 608235
7650 7833517
6262 6411974
7191 7363565
3371 3451756
983 1006082
6159 6306769
4979 5098477
3736 3825522
3252 3329751
2947 3017613
3812 3903224
449 459419
5458 5588939
5505 5636850
2823 2890694
2328 2383639
1297 1327787
1999 2046773
7175 7346726
515 526964
7479 7658055
3939 4033096
1773 1815504
6506 6661960
5216 5341008
779 797475
4017 4113116
6374 6526533
1328 1359526
7818 8005502
5696 5832495
6054 6199217
2942 3012206
1643 1682041
772 790032
2604 2666395
4463 4569748
6575 6732475
1040 1064702
7812 7999175
7560 7741243
7225 7398305
758 775861
7746 7931897
263 268973
4073 4170662
4511 4618821
2063 2112444
3276 3354239
4594 4703800
151 154439
1634 1672753
5330 5457705
6981 7148360
2898 2967474
1627 1665942
1127 1153843
7387 7564167
2803 2870135
4631 4741864
3599 3685267
4569 4678319
1197 1225434
7104 7274163
1029 1053579
7582 7763646
7809 7996315
2324 2379457
7106 7276488
5470 5601243
5932 6074110
97 99270
2613 2675400
696 712477
4422 4527782
3462 3544808
4237 4338192
5248 5373677
3298 3377140
5193 5317499
2292 2346857
5973 6115919
5118 5240401
4744 4857839
6929 7094962
1119 1145703
4125 4223932
524 536492
1219 1247841
7824 8011696
4881 4998085
528 540471
2821 2888545
466 476938
2271 2325278
1440 1474357
380 388921
1548 1584894
7916 8105636
3146 3221147
75 76398
7218 7390903
1841 1884989
5375 5503896
7889 8077922
6561 6718328
3405 3486372
5798 5937066
6382 6535115
7132 7302921
6422 6575641
3464 3547125
2664 2727871
37 37447
1060 1085297
3939 4033469
6661 6820703
5950 6092446
5553 5686012
7670 7853782
1418 1451721
3836 3928043
4880 4996715
4203 4303445
3944 4038627
7546 7726647
736 753240
3835 3926814
6537 6693794
1319 1350198
7124 7294913
3969 4063889
2362 2418250
5267 5393337
5538 5670735
876 896778
6851 7015073
3403 3484454
2569 2630516
4453 4559509
1736 1777524
4495 4602733
6495 6650641
3146 3221240
7010 7178126
6952 7118732
7186 7358196
4905 5022595
3301 3380145
6604 6762079
6188 6336251
4207 4307923
2876 2944889
109 111212
7702 7886593
2182 2234009
4786 4900840
2812 2879302
3966 4060736
5727 5864203
6724 6885095
961 983642
3393 3474207
5183 5307217
3406 3487552
1858 1902345
4561 4670019
223 228269
2293 2347547
616 630505
1674 1713671
6121 6267677
1471 1505972
1682 1722094
5240 5365486
1555 1592233
7284 7458471
1492 1527627
5461 5591602
7411 7588567
3597 3683235
3133 3207958
444 454194
4828 4943478
7761 7947093
2687 2751120
156 159503
5271 5397441
5505 5636967
4412 4517501
1835 1878718
4233 4334340
1503 1539068
3784 3874486
5499 5630507
1708 1748711
3229 3306346
4234 4335404
249 254726
5428 5557971
782 800483
413 422533
469 480063
1385 1418177
4223 4323993
5813 5952401
7594 7776118
692 708563
4306 4409195
7674 7858085
6418 6571925
5972 6115296
2139 2189862
5226 5351057
6408 6561623
1981 2028140
4621 4731761
6479 6634007
5674 5809826
1970 2017132
3643 3729983
3119 3193432
1027 1051204
729 746391
5315 5442235
674 689743
1565 1602501
7517 7697150
5514 5646252
485 496481
1046 1070832
2670 2733907
2481 2540264
7531 7711530
5700 5836375
1676 1715742
4383 4487828
957 979720
398 407167
7722 7906909
3025 3097277
5726 5863304
1825 1868503
496 507639
6769 6931249
7875 8063753
4602 4712204
582 595737
1689 1729414
3079 3152757
2353 2409455
6196 6344197
1478 1513073
7061 7230302
958 980622
7088 7257854
2043 2091912
878 898572
7751 7936630
5213 5338087
1781 1823491
7611 7793226
6482 6637380
4908 5025421
3531 3615669
3872 3964901
4100 4198319
2866 2934640
3735 3824585
4560 4669422
2358 2414567
4584 4693506
4396 4501270
6793 6955790
7563 7744425
508 520041
1670 1709897
5536 5668361
6088 6233862
1902 1947500
2656 2719587
4489 4596568
2948 3018736
1608 1646228
1540 1576455
3139 3214077
7581 7762661
3899 3992196
7385 7562009
2387 2444155
6299 6449903
5397 5526412
2192 2244171
6287 6437810
2730 2795438
5403 5532563
100 102205
2299 2354014
7041 7209478
236 241350
5339 5467013
3699 3787332
5019 5139207
1014 1038072
2282 2336485
7101 7271208
289 295559
5229 5354024
4971 5090011
6900 7065333
7298 7472965
3197 3273667
691 707529
6323 6474281
2493 2552408
4955 5073840
3226 3303168
2641 2704089
6969 7135805
6869 7033498
1343 1374774
2864 2932428
2547 2607930
1704 1744879
2548 2609118
460 470792
2947 3017487
5075 5196434
5741 5878755
1601 1639289
545 557890
5910 6051497
4471 4578002
6286 6436860
2269 2323332
3144 3219226
7676 7859754
410 419794
3450 3532688
5645 5780478
3339 3418724
2584 2645807
1900 1945509
5822 5961299
6419 6572554
2022 2070019
1265 1295027
3491 3574478
2299 2353794
7022 7190027
6319 6470180
576 589779
3912 4005400
2024 2072434
2952 3022813
6826 6989372
2544 2604645
1412 1445785
5856 5996529
2329 2384589
6273 6423471
7369 7545549
299 305743
1912 1957559
7565 7746494
6855 7019102
1446 1480600
1956 2002471
123 125676
6982 7149153
3601 3687421
7120 7290374
177 180984
3343 3422826
3356 3436321
6422 6575693
7454 7632767
4364 4468553
2796 2862918
6714 6875065
3944 4038172
7815 8002257
1261 1290872
4009 4105108
1473 1507991
3636 3723158
770 788198
5251 5376834
4187 4287284
7847 8034830
2124 2174498
2777 2843583
3721 3810139
1 735
6115 6261513
7287 7461688
3980 4075198
4542 4650815
2629 2691674
4133 4231724
3770 3860227
2620 2682716
1315 1346119
7394 7571077
924 946149
5905 6046594
5715 5851652
5456 5586777
666 681558
5291 5417700
2690 2754133
1565 1602430
7146 7317167
401 410255
6197 6345608
3157 3232383
7135 7306003
6965 7131873
6344 6495993
652 667359
2027 2075604
1366 1398542
1188 1216045
5177 5300864
4630 4740844
3811 3902092
84 85962
6882 7047035
281 287577
4766 4879993
3824 3915435
7571 7752490
148 151114
3367 3447448
7437 7614995
24 24081
1636 1674840
6929 7094972
835 854634
2648 2711459
379 387897
3532 3616415
3559 3644176
5527 5659492
7715 7900155
6754 6915855
4675 4787132
4723 4836317
5010 5129826
5261 5386799
2265 2318998
6276 6426178
3201 3277384
5440 5570375
2934 3004411
1933 1979370
7564 7745455
4815 4930318
5051 5172140
6061 6206090
6097 6243281
5410 5539479
4270 4372080
2337 2392831
5406 5535672
4836 4951799
4628 4738780
4069 4166546
1240 1269677
915 936958
6031 6175560
7386 7563086
5108 5230455
5401 5530141
6697 6857702
2086 2135600
3397 3478345
3305 3384251
2503 2562746
2589 2650820
2650 2713232
1549 1585962
3805 3896282
6030 6174378
985 1008336
3526 3610606
1650 1689131
7088 7257663
575 588588
1636 1675016
2329 2384715
3408 3489547
4265 4367145
1408 1441313
6967 7134030
1553 1590182
7230 7403241
2712 2776948
2413 2470432
1683 1722969
3476 3559364
3510 3593934
2141 2191991
1570 1607358
7598 7780053
2617 2679745
3399 3480491
1484 1519273
3193 3269276
5973 6116263
6651 6810114
1636 1674802
7596 7777952
549 561973
7496 7675485
5063 5184413
4318 4421191
2496 2555863
3433 3514979
3410 3491796
6740 6901747
3476 3559375
5720 5856864
3348 3427905
816 835424
4248 4349882
1146 1173254
6119 6265680
5423 5552673
1252 1281953
3798 3889081
1471 1506261
7490 7669709
6904 7069600
1021 1045405
3749 3838682
4702 4814663
1920 1965744
5856 5996230
7395 7572027
5195 5319625
3429 3511146
836 855878
2101 2151002
257 262785
4805 4920004
522 534476
4070 4167257
38 38501
3395 3476339
917 938908
7388 7565176
5765 5902945
4595 4705090
3328 3407569
7638 7821174
7220 7392958
6006 6149812
7893 8081950
1683 1723269
7189 7361270
3499 3582709
5229 5354025
7615 7797687
2131 2181726
1328 1359748
3786 3876565
2035 2083459
328 335635
7231 7404250
2722 2786818
3020 3092187
4775 4889289
4086 4183597
5987 6130384
7913 8102588
435 445080
817 836367
910 931680
859 879527
2709 2773602
3274 3352465
2812 2879119
1486 1521304
4647 4758492
3263 3340892
2572 2633548
3492 3575524
941 963416
3273 3351347
5399 5528518
1604 1642360
6234 6383122
7816 8003405
6837 7000680
5445 5575474
5522 5654221
2138 2189294
1387 1419969
7349 7524952
3259 3337132
132 134867
3703 3791442
4020 4116051
2298 2352829
774 792326
7078 7247661
267 273282
7631 7813835
828 847848
5334 5461584
7057 7226169
6017 6161154
4867 4983321
3080 3153444
530 542507
628 642846
7642 7825176
2262 2315892
7012 7179898
2499 2558576
5781 5919299
4988 5107302
4908 5025328
5367 5495334
6861 7025509
5468 5599007
3473 3556016
5515 5647227
4166 4265879
4035 4131591
7201 7373363
7804 7990844
3448 3530559
4238 4339224
4067 4164263
7191 7363405
7046 7214641
3708 3796853
157 160302
992 1015545
698 714573
446 456572
396 404994
6824 6987399
4630 4740949
5973 6115917
3298 3376920
5181 5304921
5525 5657170
6818 6981583
6576 6733688
3101 3175292
6040 6184745
2214 2266969
4190 4290250
4658 4769382
1646 1685298
3749 3838767
571 584552
5836 5975557
353 360988
4728 4841382
5682 5818354
7012 7179867
2577 2638579
3528 3612543
2686 2750358
223 228214
1052 1077215
5705 5841749
4310 4413355
6634 6792890
7365 7541255
6681 6841221
2306 2361339
1167 1194960
2582 2643847
3142 3217251
3558 3642883
3071 3144559
2702 2766486
6384 6536721
1471 1505913
4697 4809502
328 335666
5859 5999121
641 656325
1856 1900536
487 498240
6848 7011853
6082 6227691
7461 7640063
6064 6209306
5350 5478290
423 432898
6810 6973378
6141 6288231
3342 3421727
2285 2339824
442 452235
3390 3471034
2066 2115309
2278 2332461
3517 3601039
3395 3476332
3646 3733057
712 728725
1332 1363706
7675 7858855
5464 5595004
4108 4206460
1512 1548072
5918 6059858
7547 7728074
6266 6415953
1350 1382277
1607 1645260
4419 4524804
3437 3519335
7002 7169783
5773 5911065
7702 7886708
1255 1284703
3746 3835698
1725 1766340
258 263834
2130 2180794
7175 7347141
489 500260
7650 7833579
3484 3567224
6904 7069420
7499 7678729
2773 2839193
90 91919
3408 3489329
473 483871
1673 1712742
1517 1553177
3131 3206056
7510 7690087
7648 7831458
4107 4205103
447 457366
2951 3021658
7443 7621202
3395 3476402
2211 2263694
1893 1938098
7070 7239353
2369 2425501
3643 3730298
7814 8001329
6530 6686221
3937 4031284
1124 1150486
5556 5689010
109 111122
1221 1250153
1979 2026168
3318 3397245
6813 6976027
1563 1600182
3853 3945035
6177 6325129
3715 3803706
5848 5987935
7305 7480211
3841 3933002
4519 4627225
5386 5515057
4517 4625191
5060 5181076
3856 3948037
3714 3802919
6037 6181587
4365 4469312
3767 3856966
713 729953
3286 3364361
5289 5415681
7556 7736952
5778 5916339
7232 7405317
5500 5631728
4461 4567718
7802 7989106
6274 6424091
2220 2273191
2847 2915208
2333 2388640
4782 4896369
4755 4868926
3502 3585912
968 990778
2144 2195025
7872 8060786
5871 6011782
7151 7322206
3665 3752505
3789 3879691
6102 6248100
7883 8071897
7600 7782064
2492 2551701
4722 4834836
6848 7012226
2699 2763381
5519 5651242
1605 1643280
7583 7764757
5410 5539586
7304 7479208
4399 4504476
6737 6898502
5163 5286766
629 643877
3864 3956321
234 239361
5659 5794359
2249 2302797
7110 7280294
5448 5578554
3400 3481170
6208 6356721
3888 3980834
5769 5907204
6542 6698959
4325 4428789
7425 7602839
5657 5792539
2916 2985485
5977 6120262
6800 6962716
6364 6516574
5704 5840724
3810 3901400
3385 3465805
6198 6346248
5463 5593703
7419 7596717
2699 2763449
6560 6717414
7535 7715602
4067 4164524
2918 2987905
1659 1698761
4669 4780693
904 925514
4203 4303594
871 891754
3489 3572718
6626 6784770
6514 6670064
6971 7138135
4481 4588519
1617 1655299
1214 1243128
3297 3376101
238 243356
5861 6001337
6357 6509301
2985 3056328
4754 4868028
3679 3766986
453 463640
6815 6978049
3803 3893973
7785 7971717
4225 4326059
3550 3634795
2947 3017433
6728 6888965
7892 8081379
3252 3329754
5422 5552125
4308 4411351
7239 7412661
6408 6561463
5496 5627794
2859 2927502
7920 8110053
878 898771
4460 4566993
3644 3731061
3908 4001603
1046 1070704
3130 3204789
5487 5618296
3521 3605324
7886 8075084
5038 5158834
3990 4085251
5320 5447545
4893 5009941
2615 2677442
3333 3412484
5711 5847565
7287 7461640
1579 1616827
2653 2716536
5548 5681133
5581 5714730
1981 2028125
4828 4943693
1790 1832538
4827 4942630
3715 3803942
5741 5878707
6803 6966191
2783 2849527
5071 5192446
3430 3512018
6133 6279683
2222 2274866
1673 1713032
7643 7826030
5138 5261149
1588 1625875
4817 4932332
696 712390
3060 3132952
729 746181
7687 7871390
3507 3591114
6407 6560709
5527 5659291
4161 4260612
5409 5538527
2136 2187091
6188 6336111
6735 6896274
4288 4390822
4149 4248505
5935 6077329
3604 3690148
5909 6050647
1589 1627059
6455 6609438
4612 4722410
7796 7982845
6693 6853507
2543 2603954
7151 7322224
3356 3436107
3316 3395333
4234 4335611
1187 1215399
5514 5645996
1761 1802821
2617 2679298
7302 7477183
5382 5511075
1582 1619461
6247 6396780
5258 5384164
584 597812
1974 2021137
6898 7063316
6682 6842309
1127 1153894
4479 4586485
6426 6580193
6707 6867641
2816 2883453
3790 3880815
2471 2529834
1616 1654504
3672 3759745
1009 1033001
2067 2116243
6396 6549109
5416 5545842
3293 3371826
7233 7406186
1986 2033552
808 827283
2527 2587311
521 533226
597 611054
1910 1955566
3776 3866127
888 908997
5561 5694139
2082 2131610
3222 3299103
3921 4015062
1629 1667717
5003 5122885
408 417729
3272 3350247
5911 6052803
6520 6676440
3407 3488380
1947 1993234
3221 3297807
1960 2006865
6101 6246984
5337 5465079
7058 7227364
5092 5213955
1410 1443737
2537 2597398
3905 3998489
3869 3961349
5465 5595884
86 87946
3345 3424874
5937 6079457
2302 2356856
3839 3930857
7356 7532416
7700 7884333
415 424646
6114 6260392
7542 7722895
3031 3103468
4798 4913015
4483 4590249
3482 3565394
2382 2438975
6976 7143288
7054 7223264
7840 8027812
94 96160
5859 5999484
6581 6738576
3977 4072256
4837 4952750
6307 6458221
860 880619
5142 5265172
4751 4864849
477 488249
7611 7793401
5583 5716698
2007 2054727
6790 6952865
6497 6652903
1825 1868328
7375 7551745
6240 6389740
4954 5072828
893 914230
3235 3312487
6568 6725143
7791 7977836
7066 7235089
5228 5353298
7641 7824238
1780 1822282
7338 7513834
2469 2528226
1380 1413113
7044 7213020
5818 5957602
962 985065
5838 5977865
5069 5190365
7917 8106637
5658 5793294
4285 4387767
1873 1917931
3216 3293166
6903 7068411
7730 7915119
2656 2719459
3571 3656234
5452 5582591
6499 6654803
6656 6815252
3838 3929759
3997 4092773
4038 4134901
5729 5866267
4133 4232085
2687 2751228
3801 3891746
4352 4456433
428 437915
5 4680
1779 1821380
5114 5236608
988 1011430
6892 7056975
7880 8068620
113 115537
2617 2679656
7120 7290682
3341 3420966
337 344815
4717 4829988
6848 7012068
271 277185
7398 7575220
5262 5388113
5161 5284725
7153 7324285
333 340929
3144 3219356
4614 4724540
2190 2242465
3935 4029140
7537 7717700
4537 4645762
3302 3381057
212 216987
2354 2410443
3090 3163891
3972 4067017
2638 2701140
1974 2021305
3931 4025109
1397 1430191
7420 7597670
3888 3980986
3786 3876759
7440 7618263
1082 1107811
1438 1472029
11 11029
4631 4742020
5894 6034977
4259 4360753
2409 2466581
445 455483
6508 6664153
6167 6314515
844 863766
1067 1092383
3834 3925936
1670 1709617
2417 2474554
4840 4955781
2638 2700837
2796 2863018
5365 5493583
6547 6703955
208 212634
3427 3509008
3513 3596946
4873 4989587
438 448323
2719 2784130
102 104236
2040 2088514
7049 7217693
1989 2036632
5711 5847998
6428 6582077
7370 7546679
4981 5100170
6101 6247129
2647 2710207
1543 1579994
2760 2825813
6570 6727340
1873 1917626
5815 5954179
7056 7224932
3055 3128218
1165 1192801
4977 5096184
5242 5367766
3487 3570249
3788 3878693
3322 3401565
936 958242
1726 1767316
3256 3334089
3041 3113784
1695 1735319
7661 7844721
7255 7429057
2274 2328096
3242 3319714
7468 7646872
5456 5586884
1016 1040342
5317 5444190
2574 2635431
6395 6548145
1779 1821672
3302 3380807
7879 8067619
5742 5879753
4796 4910874
308 314918
3437 3519283
3831 3922537
5370 5498527
6924 7089676
6068 6213371
334 341951
7091 7260825
2858 2926185
1769 1811317
766 783891
4489 4596237
5413 5542537
137 139901
2179 2231122
3134 3208912
7258 7432181
143 146189
7527 7707606
5484 5615385
6913 7078807
5252 5377750
4745 4858748
4765 4879093
3192 3268478
3382 3462681
7653 7836416
1885 1929764
2904 2973264
853 873336
4432 4537894
1339 1371084
2589 2650874
4078 4175775
6599 6757074
7782 7968569
1194 1222348
4016 4112195
1030 1054554
5118 5240384
405 414581
2528 2588252
6578 6735559
2811 2878020
1068 1093478
7191 7363527
5980 6123398
5120 5242867
1060 1085255
4607 4717494
2285 2339387
3468 3550805
3805 3896208
3860 3952231
6465 6619742
1357 1389177
1461 1495565
6875 7039661
6401 6554373
5817 5956553
3599 3685122
3256 3333961
2530 2590384
4718 4830773
2621 2683588
5423 5552853
678 694060
3154 3229345
1284 1314334
6272 6422293
1273 1303266
1649 1688093
2488 2547636
4446 4552276
1682 1722125
1545 1581902
203 207631
1338 1369854
1724 1765227
2292 2346513
4888 5004855
5654 5789415
7035 7203795
5679 5814968
4355 4459308
3500 3583733
1386 1418947
5515 5647070
7816 8003410
913 934801
1291 1321501
1999 2046611
5311 5438449
5287 5413716
1975 2022323
5192 5316601
7462 7640904
6103 6249326
7446 7624553
6762 6924204
7078 7247796
6448 6602335
5094 5216079
3399 3480078
6344 6495903
3576 3661758
6121 6267710
4686 4798319
1255 1284794
5099 5221375
7233 7406228
7096 7265868
928 949938
7098 7268149
1602 1640011
1484 1519536
4428 4534207
2736 2801222
5104 5226466
7327 7502353
3565 3650136
2631 2693778
6662 6821611
6136 6283199
5398 5527430
6005 6148792
3566 3651574
6688 6848056
3462 3544987
408 417381
2803 2870183
5097 5219178
3918 4011768
6593 6750853
4886 5003130
4098 4196109
3284 3362812
6374 6526767
6913 7078767
561 574411
4484 4591309
7008 7175870
6245 6394739
1230 1259333
5013 5133255
3716 3804730
1366 1398568
2477 2536107
5952 6094660
4347 4450955
3044 3116749
7906 8095458
343 351195
5774 5912402
1156 1183304
5547 5680066
2736 2801488
4713 4825713
6295 6445730
595 608826
2103 2153130
5616 5750320
3200 3276710
5075 5196674
4552 4661234
3617 3703522
6889 7053958
2859 2927363
3667 3754843
1771 1813032
1989 2036291
6116 6262499
2447 2505386
173 176999
2617 2679323
178 181904
4665 4776698
3303 3381985
3663 3750622
7033 7201640
5405 5534708
5388 5516920
85 86907
242 247808
2528 2588556
245 250867
3248 3325529
5653 5788430
3495 3578806
1915 1960481
3396 3477193
5299 5425818
5173 5296794
5781 5919342
3537 3621595
2226 2279090
2168 2220007
6619 6777603
1853 1897348
3927 4020965
4327 4430694
99 101258
6760 6921777
4964 5082865
2270 2324339
4259 4360879
529 541363
4987 5106441
847 867321
2154 2205696
5679 5815259
6708 6868605
3324 3403693
155 158647
636 651198
173 177084
957 979911
908 929665
4042 4138972
6409 6562480
591 604817
6379 6531720
7619 7801812
2266 2320032
2594 2655876
193 197455
3889 3982297
3210 3286542
6671 6831040
4331 4434494
2162 2213378
7446 7624199
2387 2443896
3773 3863299
2856 2924062
2755 2820899
2911 2980834
7651 7834142
4820 4935317
5176 5300125
2529 2589357
570 583489
260 266127
3434 3515907
5577 5710750
1481 1516433
4787 4901535
3126 3200931
7137 7308022
2854 2922226
7724 7909151
4501 4608626
5040 5160585
7565 7746347
5049 5169752
2475 2534319
848 867929
6787 6949633
1643 1682130
287 293663
6415 6568897
4139 4237842
6402 6555212
6324 6475362
15 15319
4925 5042980
6602 6760365
5390 5519251
7225 7398000
4923 5041126
2080 2129798
1330 1361892
1967 2013703
1532 1568285
157 160410
7712 7896832
7855 8043081
5868 6008684
4449 4555564
528 540172
343 351143
2957 3027806
6540 6696515
5900 6041365
6872 7036889
3251 3328651
835 854638
996 1019753
7793 7979981
524 536499
3366 3446533
100 102023
6121 6267890
6387 6539803
3756 3845745
4333 4436530
4316 4419098
4643 4754024
5040 5160714
7133 7304072
238 243454
5414 5543837
127 129804
3916 4009843
558 571185
1414 1447503
7324 7499653
6267 6417030
2918 2987991
668 683663
4692 4804442
3281 3359262
3709 3797932
6979 7146259
2389 2446168
2575 2636552
6066 6211576
5101 5223391
6881 7045686
2715 2779789
5181 5305326
2461 2519602
6073 6218583
358 366373
4354 4458022
5157 5280268
4586 4695565
2349 2405372
7609 7791426
7111 7281343
6427 6580890
2288 2342740
5072 5193427
2714 2778648
6552 6708762
1122 1148711
1935 1981063
7589 7770766
253 258741
7252 7425924
4256 4357962
5717 5853917
6608 6766300
1895 1939978
777 795403
1007 1031074
3644 3730993
1511 1547096
7802 7988999
6920 7085891
261 267224
6768 6929997
2943 3013395
2797 2864024
6629 6787597
2631 2694061
4309 4412092
2186 2238164
7879 8067699
5414 5543691
4338 4441999
1721 1761887
6993 7160588
1389 1422115
5751 5888966
4437 4543000
6089 6234732
767 785138
3189 3265235
5868 6008699
471 481945
7786 7972793
4673 4784852
3342 3421855
5642556 1839894
5707879 928320
7968899 4057942
621592 4005865
548661 5017205
7407939 4503872
3362220 896704
1204169 4862270
6460211 80827
2039706 5238076
1990147 4440662
3952763 7947029
3627337 6130116
3367194 2432347
549028 6295606
273499 4847266
7705888 5560262
7723783 2940019
3069616 4417725
1054829 4998731
2855193 3722869
1821136 7401247
1675842 192034
6930954 3471447
7509344 7637123
5555572 6231041
7781667 6319111
5814208 5755348
7919826 8045837
3690727 2631008
2819492 954444
683273 8111126
5143687 5394428
2940917 5324501
1378110 3204005
3189998 7011683
6118474 6105970
3442464 2112724
911701 6031275
35220 6442968
6802969 6055457
2271942 6698523
3295599 4870489
577756 2165518
3537943 4047649
1041392 3479488
2415703 7328446
2437654 3525094
4386063 1439742
6998646 1892183
7933708 4222466
5663971 7600785
1462116 3250110
4991778 2712659
4458517 7514338
7196856 5371332
3898386 2333597
6662123 287256
3471159 5604397
3131119 5892247
2595852 4377550
3099948 2202326
5036666 387124
1676636 1344744
7545232 3543446
4169890 4609114
5895479 7651990
2590190 190453
1056997 1552661
4286953 5739540
7686677 7925329
3537828 449833
4993625 1227623
433475 4049305
1485486 679033
2036867 1009547
3096798 6692056
7027205 4962746
4620425 4038073
4932178 6162581
6922564 3442147
3465771 2316793
2978358 7821873
2750104 6811840
7619821 3021357
8049097 992811
5414238 5426908
1674154 6446818
3998597 1548772
4123965 5587863
1497870 3567623
6511577 4548259
6162477 5003245
5662065 7103440
4916997 1580398
2252252 1062602
5129464 4179554
5996991 5734282
2595363 7647669
2142873 6096420
6211983 4001189
6989711 7791800
4693114 1295705
5136335 7859090
5135162 7804453
512466 6936957
7510768 3739678
375917 1919919
2644946 7662389
5358067 5239926
678103 2625641
4792065 6858168
2430818 7561622
1795291 3866693
5904853 4628525
7267859 660085
4659044 7123585
4184183 2259536
5740570 6089106
1970936 7331250
668442 7426566
7951180 6667351
1077880 5492729
4376738 7165963
1600255 6532275
356829 7371119
8027387 682454
8004781 2937249
7526122 1468745
579611 524277
6718734 599941
1437051 2909377
6751988 2573087
5114978 4827189
6450595 45318
6753717 4003530
2202456 7853269
3592241 7466780
5967069 2249161
4151393 5033040
2443510 1422292
7443261 5592886
7737495 7897598
1384345 7758330
3395339 4519525
498696 166853
4878926 1878116
2383721 6526434
7717880 3679690
1613514 5211128
3964463 4439395
4382588 5980146
5676784 5560713
2501727 3181070
2940533 2800381
2275156 6511990
6682409 1848728
508771 1498602
2268976 7426944
6827815 3487827
3745132 3875366
6529598 2678281
3522076 1874099
1892822 2641403
3104491 357806
89672 4361366
2180096 3276560
2948517 4623534
855251 2386925
3022365 3739946
5839141 6261431
5030927 6755084
2532729 5635691
837059 1216349
8036981 4407329
7453564 1050488
5704574 7924648
3647041 7747012
7157211 2662383
7694322 7986947
7489915 7952125
7665416 738775
5613445 4803472
1994747 7160701
4691347 6581891
6756919 7635945
7462940 1429050
5628398 749252
6762520 299136
6475031 3455340
2860605 2617891
2605236 7648760
2633594 6544606
4290839 5143576
4992249 6768911
6477055 4293380
3690700 3414557
7159127 3883741
1424883 3836486
4597773 6575492
6958291 2444340
3676388 1054308
1206669 1406590
5058060 2996326
6029737 4159705
6903672 5806043
100879 5377175
5180099 1585281
3004367 6842156
7250216 472898
7789335 4696338
4789918 6815696
2875551 2390594
3788155 2500743
284382 2147218
7132321 3121035
7122736 3785420
3460088 245059
2283127 6188478
2748014 5783360
4337461 5402222
7370623 3690032
1323402 146601
2238348 4145729
7438439 4241507
7343329 6679538
7812081 6259616
2719090 4185112
2013305 6768278
2283598 2216971
4680113 6370698
1973113 919855
2561479 5456733
3841449 7849317
3926878 6434800
764363 3076409
1264320 7558293
7451708 7604403
2947431 3928360
188155 7429052
3016288 4338722
5341371 1659524
7610528 4302213
6885941 7175188
4310924 2920229
6968920 7927350
6323802 1545314
2152799 3698204
6949956 2217445
4737987 1157764
6580472 2452307
3415356 1188182
6076510 4346070
3784416 7117789
5273325 4914346
220174 6898499
1089683 312524
3879470 6531379
5492338 7396536
7524505 7500126
7486754 1006020
5684538 4985972
7428592 3876986
898360 1520454
994176 1146811
2155157 5122233
2450079 2900621
5382934 3018070
3835716 3193535
4453710 221003
3182450 498955
1004239 5475973
7194264 1753470
6296751 3308566
901141 2780308
2524217 2836189
3706889 1432401
4720226 2081163
3504805 575970
1614865 5084449
7113475 2252845
7416416 6427302
2237649 546883
4952514 5988882
2757259 1443255
5936836 944221
559946 6330904
2427065 2910134
5155486 6078153
3903493 557293
690679 1484175
5755528 6961155
453148 6810003
8023640 899723
5198960 6737684
7124212 2222890
377330 4334718
2841030 756582
5850376 6820576
1699954 4760603
2443132 5562354
5091210 6809783
8076632 4372854
6423783 7600946
1016626 5521033
7282922 5010476
5892207 2896175
5680639 7606296
1966425 6551278
5835328 643524
2695450 3383386
2068645 5154560
4843683 7280753
4363102 5555047
7824142 3004477
2296615 4514798
8014397 5745908
1552633 4764949
95537 6587420
5258206 6194053
4390995 8110391
6023517 1727283
305958 3821071
5933632 7620047
7045954 7943811
2835083 6740889
365758 6803917
7341058 7977196
3829972 2103466
3177601 4398114
6873570 756025
8082181 6165253
1008247 2766398
4047309 1708623
6429967 5320436
7868381 4156567
197395 879948
7899630 544795
7263069 4167113
6401363 701239
3748494 5595527
3603261 6028370
5115703 4356945
7569267 1684623
6999997 90347
1573948 4050345
5175785 6355494
7563819 1396762
4953 6761911
5919467 4862478
139048 6582223
6116461 4865663
410665 7647826
7481987 390307
3906996 7071918
5788359 6053695
4349823 6048891
4081964 1407513
890060 2725105
6776262 3695225
2719047 1743539
6211618 2110905
6257397 2511540
2235778 880966
4486053 7240099
1727237 4490488
5072183 3449658
4310091 5052860
5070598 2466805
7397304 7518270
4063420 6146771
4369584 4144407
1915294 6370462
7106745 5352951
587857 4178679
3947849 6178760
5672327 2784646
5828619 3147808
6608807 523252
5449210 4469717
815095 6259614
8079016 5623918
846792 1530074
2117744 6987238
7749496 2226796
7302392 2103518
6812424 1509475
2209592 5478953
7229261 6925351
5086422 7271236
5037327 472985
4875937 3645953
1065885 1479861
6376879 6225203
6896751 143820
7228663 6695035
2201161 4371917
2143448 303163
3077416 599764
1855413 2995737
4656179 772289
2076762 7170399
5435469 4343886
6034724 4388117
181906 6453154
7579300 2090219
5793645 6250489
3188248 3081379
6079818 4649187
7985638 6726682
4346057 4847067
3145037 2065525
3394640 2033045
1918472 967659
4020874 5499150
2470749 5874473
319365 1742908
1905069 5552511
6029426 341508
4183831 2081675
4478541 2877274
5491817 6123717
786 136754
5347323 3599515
957585 6685524
748328 3899487
5311828 6599502
6884867 606683
5090905 8108588
2276643 1414426
7075962 5549075
6935443 3587795
4419069 1079687
6095242 1744183
3591205 5466525
2707342 705844
3423775 6375303
7493518 2992084
3325097 7889703
3796481 81374
5819505 2644800
3469431 6880534
7971267 5837287
1700605 6368348
6040885 2393425
3764272 3340593
7364565 1399801
7619391 7423796
6537167 5797019
1167228 2844872
4282100 2186360
4244388 7883620
5723457 3986369
205680 6248286
124806 6802711
487656 6357037
8328 3365605
7635715 1128076
5298639 1329125
7949737 1740501
1517048 2260777
7604612 120742
8097945 2729295
2021784 7494171
5393187 4093070
331088 2631840
5285849 5884157
7266229 4371314
7410568 4174722
7720812 4381979
614455 6782158
4392441 6266843
1690806 3575012
2790113 3335093
3866843 5556893
5749254 866490
3347187 2739793
5998706 6511498
5792024 6922410
352115 785582
5659044 3265143
5381291 212825
4234564 458152
7659289 348675
2640376 396049
3375062 3234453
2422731 4466191
7787064 6865766
1415942 4621651
125467 349184
4054067 4169395
6400102 8097379
5821664 8094043
7615380 1054518
3460374 5436565
5101778 5849084
6873277 803058
5065377 6600187
6936458 2172915
1162341 3840499
67696 637182
4610436 1823310
6990658 4446692
7437267 3237745
8075717 2243674
6510598 7346197
3805352 3966392
7103485 865131
5819302 7786680
4470776 1551560
2020376 292857
7290077 2605951
1331765 5962671
5146491 2739950
4826861 6255590
6721392 7935562
5002325 4113944
4503630 5445554
2915140 4971255
4634007 7648033
1853970 3229698
404761 2145960
1292318 5951505
6566486 3991863
3306436 4192072
4212922 3900941
2294796 3393765
4793259 5844845
4774379 1765976
7775422 2815461
2606429 1014630
942870 1366585
1859680 6701359
6395137 7049313
3796443 5112751
571526 6083595
4061982 7006937
4272138 2913638
7066455 8062823
497156 4020664
6589881 2954519
1994949 4038896
3583450 3180871
4731475 5053599
555233 6344720
3068895 4490027
8022477 4676471
1480908 5446447
5718771 2019568
2984186 7013290
2905632 5212908
5306836 6566615
1175913 4588938
5075572 7481896
1998666 4788796
7561734 670643
7921137 2868320
6700495 3060589
4067843 6798351
3848006 1085370
7640492 5900018
3399392 4120058
7900444 2539280
2154863 533568
5815606 7597765
4054829 6623310
6135600 1978031
4141634 3814526
6661476 5653542
4310343 4309082
351142 1999932
5697885 2974301
5068714 2957041
6423820 344711
2772479 2398941
6036489 4843086
3683208 3831809
7769052 3860276
2539201 6304571
7699979 1033514
6846959 6330624
2076539 4107465
4998256 1098372
2840659 7662383
7837126 4416647
5307916 7978977
942679 6437955
6784224 2210565
7454002 7523177
5393107 6942897
4345271 1580804
5216773 6642730
245298 3016675
5776203 6499104
3717787 6970463
417473 758639
6356212 2598905
2257692 3579541
2913798 3677101
220760 1650191
7386270 4911755
2115695 7392403
2720639 6477418
2524313 500021
3410898 1542289
6117663 817474
7907928 6500641
4261935 1300411
2623252 6216210
6804640 3382184
1459157 5106416
6305947 2038596
5847513 355486
1988882 6450722
5827625 2717664
7167567 3272683
5892836 4472422
1625675 6194498
7680989 2402484
1621751 1185652
1839658 6916612
1376004 2264641
5789247 3282076
7633229 2321466
5214241 7352866
4723990 6937461
1817545 1329768
348168 5597076
3758608 7474007
4989801 5846107
2251802 3838291
2067519 6356071
7765269 876309
2843285 276368
2337480 24942
2795345 7401095
2551382 385852
2986401 3491077
7003575 1742743
4392564 3192554
6059445 1072621
3632333 2069502
1412446 808929
5891648 2949455
3697503 3116241
2346388 8002613
897481 3677955
2267999 149363
4006347 2532370
796537 3443130
5648292 6922299
2359217 1737975
3866695 1681759
493894 3536828
3187744 4927740
7003677 3801002
961629 4555179
3316816 6131074
6251335 3819236
2267465 4453282
5603446 6373481
715211 32907
6043242 7051659
7541700 1148876
520137 8045109
848993 1097552
3205694 5815416
4569494 5984391
2639010 2460276
5543221 1150995
134552 5463426
2957484 1333620
3025820 2767340
72948 1091610
7678794 6121648
5369048 7776808
1642348 3948957
3989744 5619971
2148714 8114442
6881128 5920302
2684301 7433120
1511275 7207144
4755700 1219592
5971144 2269262
6615898 3326829
6616823 2507028
1963276 2383425
6561297 1785684
1446554 555147
4415602 195461
3500292 118045
3100277 7252101
4961497 1928151
1927896 91449
2709783 2348457
4867283 7614270
5071466 4038043
1934378 270159
3767727 7834694
3009010 3181503
2630441 95319
3531794 5464690
6561464 463651
7057610 7774853
5897687 6030055
3576267 1521764
5350965 4148152
5090945 6479094
1767250 2556014
852166 3192058
6115668 1169245
1501507 3459286
530970 922608
178892 1516766
6288674 5153428
6284643 1212888
7358404 6038727
548706 6756255
3280795 3793925
6134967 4106901
6929792 7888649
2572047 65231
5559657 3382467
5306804 4979596
375215 76291
2839098 3041103
6103071 5022746
43444 7766044
7306427 7634985
3419269 3729313
4805806 4232797
1360544 6088594
7830460 3713131
6736186 195410
5385431 4001390
5752047 6497667
4421495 1485834
303035 7848221
236177 7909861
5685788 263876
705557 2427872
238799 3629891
2824804 1881731
69077 6075052
3353271 6869297
7351409 2461873
3711957 6741922
2048695 2575818
2460125 6352363
2159176 1032693
1684845 2493259
5873855 4988861
7638445 3431409
7388549 7993070
6398911 7919176
6946872 6721660
2027981 4837118
3563241 3022668
1533939 622041
5095163 3556667
2271289 4088598
2642775 983025
2450870 2945917
4968618 667758
5509301 6622759
1606785 6176814
4968842 5906654
5973275 4108050
1151772 2929168
3144632 2660687
3449376 4163647
4785867 3015119
1236800 2632821
1896671 3587218
5439915 1925278
377624 4725053
53136 1668605
5921149 5024510
2373973 4860110
2212094 315554
2062207 3981549
1861090 2172438
1447322 2683620
2855819 5591860
4903295 2315999
7196536 5843061
6761518 967841
2543407 6480185
2480344 7700274
4595628 6433370
2081560 7869422
5535890 7022360
3086894 6452222
211578 2315471
7965845 4076810
363922 2827945
2129970 4493404
552646 5172074
425118 6034589
7543520 3732838
4656442 6014298
7201364 7684425
1584989 6388658
7942238 1027650
7402385 1955399
2919771 5854683
2389216 3044514
7605420 6741618
144743 8038418
2690787 7757058
4146802 7509081
2605265 3395279
6287443 929235
3909990 1070915
3152103 8033351
7330866 2202903
7021893 2499168
2627795 3648712
2803942 2693344
6413739 3502675
5529046 2865181
6701482 1438871
6754403 5420317
909842 6944191
5684349 1359115
7842980 1668823
2208632 4288263
1129282 7435409
5974113 7946034
4638710 1396397
7562152 3486093
3784670 7607363
4642741 5140783
1220550 7080826
2520880 818339
3291292 5734870
7230043 6999575
1474306 3638087
1735855 524699
3702040 1452527
1069007 459961
3976519 2233369
2342385 3014793
2396514 3271832
4247796 4947776
1462414 6723342
4147473 7266780
1428034 4818257
534260 4145336
4920315 1755426
6401036 7587292
7780330 842910
495699 4211598
5979167 3804108
7947999 1412890
5401338 1272423
6052517 609076
7715350 3174571
4432260 3410898
4877613 5990245
3383498 4299401
6478255 6418764
5639884 3721937
4908924 66442
7274918 7778980
5770776 2942951
6053236 7587751
1159102 3130746
994209 5713802
3071349 6393089
3039000 1304849
3921981 4957176
6566787 217219
7651998 5927530
1534133 1162022
331632 6791396
4098288 2113373
3830271 1602208
444030 3004136
5806580 5027980
1090126 1382948
3887483 2761299
897355 1177685
867337 1301273
4821359 6629316
7219535 2400821
794068 5441390
93193 1715483
3828273 1017662
4644081 6453292
1026148 2562608
5518720 3880802
6297262 2442081
5163209 1340057
1045473 6080652
5147423 6055102
3844956 1735261
7079884 6383961
2392744 7511476
1057769 4244799
1041499 1899425
5896493 2444263
3875555 8009750
1776311 169582
3324322 232016
2448712 2856484
5890080 2157855
7976567 5443076
4716426 8027958
6649290 1398508
410045 1214780
1731971 5880595
7591581 5772724
2805607 6700298
3648051 3562331
4897748 2952876
7567881 641271
2882803 3578873
