20
381 16
1 9 23 42 19 30 34 11 3 13 16 17 5 66 38 2 4 50 28 21 20 22 95 10 261 375 254 117 345 270 330 222 197 190 210 311 133 204 160 118 359 131 181 215 85 63 243 142 377 313 146 339 127 184 273 283 45 326 319 239 75 67 148 199 362 198 221 352 140 336 328 88 213 73 188 147 39 366 46 279 372 119 295 291 229 341 350 86 249 138 230 111 364 166 303 334 358 363 53 300 271 318 115 332 100 296 170 189 287 74 49 36 52 244 259 152 128 98 349 15 231 306 297 201 132 175 178 97 68 144 90 228 236 173 31 48 194 224 338 347 171 325 379 280 135 196 274 378 321 207 187 209 110 44 179 357 361 153 245 255 93 103 294 174 257 203 284 70 216 218 99 122 307 172 83 41 18 290 285 101 343 241 219 324 25 157 129 369 374 263 331 159 206 348 79 182 289 371 342 238 320 316 60 150 40 24 276 208 84 246 94 155 87 89 214 309 333 96 304 80 69 267 227 252 247 163 62 58 368 211 277 234 288 156 158 114 106 61 226 151 59 282 113 323 92 192 29 124 12 7 337 116 32 161 72 168 27 272 165 136 54 275 177 308 143 14 82 6 162 242 327 8 305 381 292 235 340 137 104 193 180 376 65 57 373 78 278 139 109 253 240 223 164 167 126 202 125 265 191 185 367 77 262 154 237 354 233 81 355 365 121 356 260 43 195 310 134 76 64 370 26 169 145 108 250 130 298 299 281 107 120 55 329 56 33 102 346 315 268 360 256 123 37 258 251 293 200 317 71 335 220 312 51 353 225 301 322 176 232 286 149 141 112 302 205 105 380 266 217 351 344 314 269 248 91 212 264 35 47 186 183
381 2
1 3 2 5 4 13 7 18 10 21 6 17 25 15 44 48 20 26 11 28 23 8 14 32 19 41 31 73 42 86 65 50 61 51 39 57 52 24 16 30 54 46 69 9 27 33 35 58 56 113 43 74 67 55 37 85 76 90 127 103 187 139 71 192 153 94 62 60 122 45 40 175 91 95 156 63 36 80 34 59 92 93 70 133 87 114 151 29 12 66 234 160 81 89 38 75 109 111 194 283 218 157 53 84 79 77 96 250 125 188 137 190 147 83 186 135 131 217 265 282 120 191 305 231 172 203 144 229 213 259 180 115 202 102 64 198 100 238 128 129 78 168 119 233 200 164 97 284 117 225 201 211 112 99 226 193 155 260 148 101 105 108 141 209 126 82 106 158 145 88 263 140 134 303 214 47 162 49 22 173 68 304 325 296 206 207 110 107 118 143 195 371 338 205 301 247 163 370 272 314 309 345 232 275 184 262 313 341 208 278 177 294 252 237 351 293 256 317 149 372 210 321 152 307 358 236 377 368 116 292 273 255 170 254 327 274 287 348 266 353 318 271 166 261 258 356 312 281 373 267 295 245 222 182 329 354 279 323 316 378 336 311 280 289 121 248 333 146 299 136 244 366 302 230 138 381 328 343 169 357 347 340 324 350 322 315 246 335 291 257 242 224 179 215 142 332 288 349 176 243 286 264 342 361 268 220 185 375 104 251 320 355 344 330 204 379 359 277 228 249 174 132 130 216 167 331 306 308 285 165 154 364 159 219 181 380 290 297 253 221 189 300 269 337 150 352 171 360 374 376 227 239 72 199 346 241 183 369 98 197 362 124 123 367 319 326 363 339 365 334 212 310 235 276 270 298 196 178 223 240 161
190 14
1 13 5 4 3 19 18 46 23 31 10 8 2 11 24 171 141 157 125 120 68 44 75 100 38 15 52 172 35 121 98 90 86 21 174 26 54 113 142 7 48 127 190 69 152 12 175 30 129 81 9 151 167 163 28 87 169 77 176 67 66 188 104 181 6 37 79 177 14 116 41 70 132 61 89 145 105 53 134 159 32 115 170 50 136 122 162 99 27 140 112 63 182 165 91 183 124 29 57 180 166 189 186 155 56 168 55 76 60 138 71 161 49 65 78 82 42 92 109 25 153 154 102 179 148 128 101 131 93 135 119 74 73 84 64 80 58 107 106 94 103 185 158 72 43 178 83 143 85 118 96 146 108 16 149 114 47 34 184 17 126 147 160 20 95 62 123 130 97 137 111 150 45 156 144 139 39 117 187 88 36 22 164 59 33 51 173 133 40 110
381 1
1 2 3 4 5 6 7 8 9 10 11 12 13 14 15 16 17 18 19 20 21 22 23 24 25 26 27 28 29 30 31 32 33 34 35 36 37 38 39 40 41 42 43 44 45 46 47 48 49 50 51 52 53 54 55 56 57 58 59 60 61 62 63 64 65 66 67 68 69 70 71 72 73 74 75 76 77 78 79 80 81 82 83 84 85 86 87 88 89 90 91 92 93 94 95 96 97 98 99 100 101 102 103 104 105 106 107 108 109 110 111 112 113 114 115 116 117 118 119 120 121 122 123 124 125 126 127 128 129 130 131 132 133 134 135 136 137 138 139 140 141 142 143 144 145 146 147 148 149 150 151 152 153 154 155 156 157 158 159 160 161 162 163 164 165 166 167 168 169 170 171 172 173 174 175 176 177 178 179 180 181 182 183 184 185 186 187 188 189 190 191 192 193 194 195 196 197 198 199 200 201 202 203 204 205 206 207 208 209 210 211 212 213 214 215 216 217 218 219 220 221 222 223 224 225 226 227 228 229 230 231 232 233 234 235 236 237 238 239 240 241 242 243 244 245 246 247 248 249 250 251 252 253 254 255 256 257 258 259 260 261 262 263 264 265 266 267 268 269 270 271 272 273 274 275 276 277 278 279 280 281 282 283 284 285 286 287 288 289 290 291 292 293 294 295 296 297 298 299 300 301 302 303 304 305 306 307 308 309 310 311 312 313 314 315 316 317 318 319 320 321 322 323 324 325 326 327 328 329 330 331 332 333 334 335 336 337 338 339 340 341 342 343 344 345 346 347 348 349 350 351 352 353 354 355 356 357 358 359 360 361 362 363 364 365 366 367 368 369 370 371 372 373 374 375 376 377 378 379 380 381
190 6
1 5 4 3 2 33 7 39 45 36 55 6 15 21 12 13 18 94 26 11 29 27 32 9 8 141 22 10 16 38 17 49 63 68 153 48 77 179 80 74 50 20 19 103 163 47 81 164 40 134 96 90 59 83 53 111 82 76 152 89 43 138 132 129 116 155 87 110 95 28 14 186 157 97 64 168 25 57 183 189 46 175 73 154 23 159 140 61 30 106 107 160 148 147 60 34 166 142 119 35 121 84 125 150 118 139 182 112 117 181 136 184 67 88 69 162 100 115 149 52 56 161 169 156 146 104 130 190 167 86 79 99 143 113 133 108 66 92 75 158 137 58 42 78 114 62 128 174 54 37 31 188 177 185 171 187 173 102 91 145 101 44 120 122 165 127 85 41 176 123 24 105 180 144 172 126 71 135 93 131 70 65 170 178 151 124 51 109 98 72
289 102
1 5 2 8 211 170 87 158 42 281 4 132 104 56 199 137 253 185 38 241 24 116 114 218 9 129 59 154 212 55 197 120 194 189 261 190 35 127 187 119 217 18 135 124 169 40 146 6 147 3 286 256 247 272 276 255 184 178 125 239 237 140 47 226 99 29 95 210 98 81 280 192 118 15 69 17 167 243 92 109 144 188 111 108 72 183 50 57 209 122 33 70 164 250 148 258 102 202 287 214 66 96 75 198 162 115 249 235 173 44 58 7 236 16 34 151 64 196 234 263 161 84 257 20 270 195 12 215 180 62 157 54 259 61 265 113 224 117 52 76 60 186 22 78 31 201 91 252 136 128 175 49 130 275 37 77 262 156 278 39 230 41 110 288 245 271 165 203 133 221 166 63 228 71 225 43 142 105 274 283 138 176 100 36 145 219 266 14 90 208 163 101 65 86 32 10 68 94 73 11 213 48 269 267 53 179 168 153 131 206 107 126 159 27 240 222 97 26 277 21 200 88 141 223 13 160 74 238 89 67 112 103 279 171 28 30 83 85 155 134 229 150 80 152 23 285 207 174 205 46 242 273 244 182 254 260 181 282 233 284 51 82 248 25 232 123 93 268 106 216 264 79 172 177 19 227 139 191 121 204 246 45 143 231 220 193 289 149 251
381 4
1 5 2 4 7 9 14 10 12 41 22 8 3 39 59 26 6 54 35 37 16 28 25 11 43 127 73 70 183 269 138 235 13 21 18 162 119 124 96 81 49 88 29 114 288 133 32 17 106 47 62 24 72 123 83 80 143 148 103 107 102 64 74 95 33 161 86 36 15 97 105 79 57 67 68 55 89 40 91 113 90 23 205 46 30 60 63 101 34 93 75 50 44 20 19 240 363 343 112 56 297 217 208 260 294 346 277 233 215 295 141 351 203 270 362 187 279 360 379 286 324 273 264 188 151 314 366 329 323 192 87 165 65 353 285 160 153 254 158 142 307 332 234 227 374 176 122 349 281 255 348 196 221 325 246 202 139 218 190 84 137 166 69 250 99 312 239 336 146 309 194 169 108 266 149 117 197 350 361 317 316 229 171 282 159 265 167 174 372 152 130 178 42 236 378 267 120 369 181 53 126 210 180 356 135 220 66 45 31 333 344 228 189 303 291 157 321 380 212 207 100 357 290 308 224 211 304 177 163 334 209 289 241 275 258 319 168 345 206 175 337 370 116 245 259 182 118 76 359 358 243 284 201 198 134 109 104 300 150 320 140 365 287 272 170 352 164 98 131 339 328 78 271 293 306 136 38 298 244 237 110 292 330 231 155 191 376 85 302 263 364 193 195 313 340 213 185 377 186 172 71 274 204 128 214 381 322 278 144 375 262 92 257 256 200 222 121 367 354 301 154 125 248 145 129 249 331 216 27 318 276 251 225 238 280 52 115 199 268 261 315 368 253 77 61 296 242 179 371 326 252 247 156 111 230 82 48 347 342 310 184 232 355 335 219 299 51 173 311 373 341 305 94 283 223 226 147 327 58 338 132
222 151
1 3 60 215 129 115 84 120 83 139 165 138 201 45 214 51 109 89 37 219 101 193 196 149 48 31 166 186 124 159 14 121 123 97 206 17 54 152 110 43 26 102 216 174 133 148 92 58 164 87 130 180 134 210 192 222 147 112 13 23 75 76 63 25 150 175 143 105 65 173 98 127 161 145 41 126 136 81 99 91 183 27 169 205 153 61 197 29 44 132 28 8 158 194 82 113 21 199 64 220 20 55 30 131 103 50 181 221 32 62 190 218 42 144 212 154 93 94 33 18 189 7 171 49 22 156 191 77 122 106 16 188 80 100 2 57 185 6 125 53 34 184 146 178 179 111 108 46 203 56 162 213 155 96 78 74 160 195 59 68 35 163 157 40 19 85 12 52 107 104 9 69 11 5 72 71 177 170 79 47 38 135 4 67 211 176 70 168 36 200 172 151 10 207 128 88 204 198 142 95 73 39 167 117 118 86 217 119 24 15 208 114 182 137 202 187 66 116 209 140 141 90
381 3
1 4 2 8 11 17 10 6 5 3 12 15 21 45 93 63 27 22 25 41 28 24 9 31 13 39 36 19 20 14 7 18 53 23 59 40 82 60 54 37 46 108 71 209 186 164 89 97 123 73 98 113 111 58 44 99 87 51 47 107 131 68 48 29 155 141 96 33 114 158 151 50 207 77 75 125 91 185 65 61 194 57 69 35 32 189 173 34 101 216 70 42 30 16 52 110 76 331 74 83 79 117 26 86 85 181 167 78 49 146 254 134 119 81 67 163 112 90 202 300 38 161 80 156 127 150 147 349 292 122 309 323 295 325 276 249 338 172 170 288 227 153 343 223 199 322 222 135 366 233 137 140 191 239 241 124 267 177 381 144 208 118 297 337 72 270 157 105 313 179 200 95 143 152 319 364 287 324 190 316 159 251 272 174 373 247 109 344 56 55 244 293 275 341 304 363 350 235 336 205 274 266 352 259 102 283 234 116 197 286 305 238 321 310 271 64 160 374 346 217 252 182 360 299 192 282 168 231 379 353 340 365 356 296 245 330 263 104 367 139 100 226 213 204 195 280 128 291 106 264 184 62 236 210 281 43 306 362 303 302 201 269 219 176 88 317 178 115 320 277 237 298 279 132 268 162 66 284 92 121 339 145 84 347 138 187 375 228 218 94 333 130 372 370 335 243 232 154 196 250 169 345 165 120 261 175 329 307 290 378 377 198 354 328 289 129 294 248 183 230 215 314 212 133 126 318 171 206 285 273 166 265 257 311 312 371 193 376 301 142 357 262 326 203 214 148 255 334 253 242 258 220 315 358 221 278 211 342 351 359 380 348 308 103 355 246 225 361 332 149 327 368 229 224 369 136 260 180 256 188 240
89 340
1 71 62 49 45 55 74 64 70 41 42 52 38 40 35 66 85 18 77 30 14 20 58 13 67 56 26 61 46 78 44 34 51 10 48 27 16 79 7 60 19 81 3 11 22 50 87 75 80 23 12 33 39 88 53 59 83 6 29 72 15 82 63 17 43 2 89 5 37 69 21 73 24 36 47 28 4 84 8 65 25 86 31 68 57 32 9 54 76
262 56
1 2 4 9 17 106 208 248 104 110 217 141 103 196 220 174 92 56 82 244 195 59 124 81 131 190 170 27 191 245 30 84 109 85 224 48 225 21 49 96 198 211 227 132 11 215 246 128 209 51 129 111 212 57 13 7 173 241 76 123 74 135 62 43 201 50 38 29 247 89 34 40 66 151 26 243 240 210 23 130 98 64 52 58 230 259 55 90 71 18 47 16 231 197 45 239 133 6 3 161 69 233 108 100 232 14 93 185 250 41 164 35 186 181 144 145 72 97 223 75 192 91 25 117 70 61 22 54 60 86 113 5 254 219 177 136 182 150 207 157 20 228 8 256 15 148 125 251 176 235 101 166 221 258 80 226 178 143 10 214 36 53 68 114 222 234 238 116 202 169 156 137 172 183 120 44 249 119 154 188 95 163 118 121 126 165 79 105 204 160 122 73 140 83 237 115 149 252 134 139 147 194 229 261 159 255 158 199 168 242 206 253 28 179 200 42 187 77 138 88 12 184 155 146 19 153 127 216 39 78 32 46 167 31 24 99 175 107 33 218 152 236 94 63 102 189 213 171 203 257 37 205 67 65 142 262 112 260 162 87 193 180
235 44
1 2 7 4 5 6 156 143 135 160 117 174 198 66 62 105 39 57 184 41 210 230 233 35 213 17 121 155 222 110 122 163 16 13 194 116 217 148 129 25 162 187 128 56 183 201 185 112 231 158 133 199 169 200 157 88 189 40 149 33 67 38 12 48 234 211 127 125 215 186 11 146 204 61 89 153 165 10 130 137 123 228 79 32 3 84 94 214 8 172 106 93 54 193 108 225 97 107 26 60 147 131 49 53 138 139 115 229 166 161 168 24 177 145 216 218 181 219 178 164 70 23 18 19 14 9 22 34 179 111 136 167 170 220 195 175 150 202 77 159 100 99 171 72 50 68 180 124 144 71 29 197 36 134 192 44 227 58 51 205 223 191 31 209 120 126 142 101 212 132 46 114 152 27 21 154 80 182 98 102 78 203 104 95 196 151 188 226 47 45 59 208 63 221 52 96 86 92 76 55 30 119 65 103 43 207 73 140 173 42 235 232 28 190 113 87 64 109 20 15 141 206 83 82 81 176 224 69 85 118 91 90 75 37 74
281 48
1 12 7 2 4 3 177 86 105 67 37 104 133 84 33 184 219 213 233 210 38 183 131 223 25 127 172 51 191 215 225 102 81 106 34 132 227 139 231 134 113 111 156 275 262 188 144 222 54 239 152 198 276 93 164 263 142 218 151 110 193 59 279 140 30 68 52 36 200 167 161 252 21 64 96 77 24 248 74 126 47 23 226 125 196 238 251 247 159 20 190 85 169 80 253 18 272 260 211 44 160 60 206 273 108 28 46 143 205 182 203 254 55 154 61 119 246 221 22 120 278 15 175 181 240 42 10 83 100 101 27 122 212 92 269 56 217 53 230 192 277 116 40 73 107 187 35 174 242 243 207 199 235 147 19 90 234 250 158 98 17 78 50 171 26 168 166 76 72 204 274 97 271 209 32 89 153 165 208 141 148 16 115 176 266 45 268 62 109 88 69 224 202 264 216 71 9 258 137 265 8 135 58 129 185 94 261 70 136 155 31 259 163 41 244 123 6 99 43 117 130 170 237 180 29 124 63 173 48 150 149 195 249 112 79 229 214 91 255 87 146 194 128 121 145 57 118 256 236 220 95 138 241 114 270 82 245 197 157 66 280 232 179 49 267 281 103 186 201 228 11 39 189 162 13 5 65 14 257 178 75
381 32
1 8 7 13 6 4 2 20 3 14 5 19 268 98 118 106 72 256 121 315 61 184 265 298 68 296 360 53 255 48 327 201 348 246 226 188 212 103 33 46 169 92 205 349 284 74 180 22 18 59 151 23 210 283 330 380 167 15 29 41 10 361 272 242 158 250 366 207 108 148 305 263 62 31 239 321 163 323 306 137 309 289 89 28 185 198 261 145 32 218 377 352 39 257 56 240 164 278 297 244 344 194 109 77 81 79 208 273 325 94 156 134 24 346 334 271 26 170 230 316 307 310 38 30 183 213 175 171 144 351 266 252 211 328 219 362 147 376 102 363 371 203 80 350 27 206 209 133 214 86 112 370 64 294 345 178 11 301 223 237 179 340 281 313 275 182 293 129 149 333 290 264 150 191 90 84 12 9 76 58 282 221 71 200 280 358 285 199 16 381 243 99 308 288 302 342 54 47 326 322 45 65 353 146 270 172 228 115 235 83 124 379 66 375 258 291 233 253 320 303 42 238 190 378 355 160 153 107 202 229 269 174 225 104 177 260 139 85 57 142 70 338 245 314 372 157 126 35 181 136 117 130 216 135 161 359 165 259 299 166 335 234 140 319 232 365 100 193 304 87 73 67 125 63 318 347 43 248 60 343 332 40 354 132 128 189 34 159 300 217 276 329 222 141 101 231 279 220 247 295 138 186 97 82 119 110 196 251 122 36 127 356 96 357 224 120 254 286 369 95 215 69 331 49 78 277 37 204 44 341 51 173 162 317 113 176 55 143 227 339 114 152 241 267 292 25 17 116 367 337 131 91 312 192 368 105 93 154 168 374 88 52 123 249 111 75 50 236 197 195 336 287 262 373 155 324 311 364 21 187 274
266 40
1 7 6 12 4 2 3 173 164 233 123 113 144 262 56 204 170 148 99 264 31 105 180 77 145 237 128 171 211 150 209 126 96 147 256 222 215 187 62 163 193 248 185 74 65 129 69 58 63 100 22 13 53 45 127 122 34 214 190 24 254 177 35 140 259 39 231 226 202 242 220 16 86 73 91 223 191 240 38 152 87 260 238 245 141 40 75 78 235 155 139 19 203 157 252 76 182 263 88 138 146 121 156 195 160 181 197 41 42 192 224 194 102 118 104 205 97 206 149 216 161 189 50 230 43 79 112 37 33 66 219 208 250 32 94 29 46 199 68 135 114 61 175 142 184 168 132 59 130 119 115 183 52 108 15 255 64 47 25 251 80 253 221 159 178 217 111 136 143 60 236 188 201 218 84 70 167 179 107 36 18 116 158 83 120 67 48 11 232 27 101 241 234 246 93 44 154 30 257 17 10 174 172 137 117 124 229 131 28 261 225 165 228 72 212 207 110 103 200 95 125 249 266 227 134 21 89 9 8 92 133 23 213 265 90 71 55 247 54 243 186 98 153 81 26 210 82 196 239 20 198 176 5 258 49 85 109 106 151 244 51 57 14 169 162 166
190 20
1 8 13 18 4 3 6 7 2 20 109 120 67 179 161 158 170 104 148 98 156 177 89 69 14 10 165 9 137 82 12 100 93 180 24 41 126 186 91 53 190 55 66 29 176 15 187 36 131 62 119 46 30 134 44 110 139 135 157 167 22 153 188 166 146 76 182 185 143 117 127 54 56 34 145 169 31 122 94 115 21 42 129 128 118 65 173 28 50 147 142 80 27 47 68 11 26 96 73 5 77 49 183 140 25 111 168 136 102 152 63 133 141 97 37 90 130 171 75 70 113 159 61 64 92 43 154 87 71 116 155 38 150 32 112 114 125 48 172 60 17 59 40 174 163 101 164 138 72 23 19 78 45 88 103 151 84 181 52 175 35 189 107 105 74 33 123 184 121 79 39 16 149 58 178 95 86 132 144 108 85 162 81 57 83 124 106 51 160 99
314 45
1 8 4 2 6 3 19 265 162 165 51 37 188 132 75 23 121 290 127 58 35 276 137 168 253 308 59 218 250 246 9 286 95 97 45 80 109 160 227 194 189 301 272 199 201 292 312 251 86 101 187 154 202 153 66 180 54 167 115 239 96 134 224 173 206 33 269 166 73 171 72 94 241 192 10 122 307 295 245 106 111 69 85 161 91 12 61 235 68 261 238 205 200 112 124 55 229 268 309 254 248 225 62 118 26 221 222 190 138 16 285 117 14 284 141 125 15 87 242 176 93 60 191 280 150 31 198 105 5 156 293 262 57 7 279 289 178 163 260 172 263 214 220 133 74 143 193 131 56 294 247 184 42 291 174 299 70 34 223 226 78 234 181 277 179 90 287 288 306 240 155 30 147 18 283 275 267 231 152 211 215 298 63 255 212 135 157 313 236 24 196 98 13 136 116 11 130 219 273 21 217 233 185 197 311 149 169 126 25 89 49 148 256 104 43 244 108 32 36 103 228 88 39 113 83 114 120 110 270 182 92 249 252 164 296 79 142 71 67 258 53 210 208 237 46 40 47 300 52 48 65 282 271 27 170 144 22 175 303 99 310 305 107 129 145 17 77 28 207 257 151 264 183 146 243 102 50 213 186 177 44 281 119 204 230 314 203 76 38 139 82 266 274 209 278 140 195 84 81 41 29 123 20 100 232 64 128 297 158 304 216 259 302 159
201 157
1 2 120 50 185 138 142 47 52 29 73 127 56 175 95 198 71 22 154 102 69 34 164 92 111 107 28 181 122 149 96 167 99 41 12 18 117 39 126 161 157 10 15 67 125 159 30 123 49 63 144 83 145 20 143 62 14 84 87 183 57 11 135 23 89 170 94 9 158 25 178 68 163 3 153 64 88 147 21 130 192 189 124 121 108 193 112 155 188 51 196 59 80 42 4 35 180 176 70 55 199 156 171 58 201 168 85 8 74 53 7 33 97 5 109 136 197 81 139 45 93 98 44 132 43 146 194 179 110 106 100 79 190 148 37 172 128 91 169 76 174 61 184 162 54 151 17 116 86 13 115 160 134 19 177 26 60 119 186 152 114 82 36 48 200 105 27 195 77 72 16 133 103 182 32 191 40 78 90 46 150 141 65 166 118 187 31 6 131 38 66 101 129 113 173 75 24 104 137 140 165
381 8
1 4 2 7 9 10 105 6 49 30 46 24 22 15 87 44 8 62 35 16 11 3 12 5 42 23 53 38 67 51 41 57 13 26 50 90 58 154 21 72 19 14 18 73 78 45 32 69 135 221 145 339 162 369 256 297 185 180 225 89 29 235 74 188 330 93 147 196 315 179 296 66 287 375 361 246 231 100 263 127 31 349 294 198 182 178 366 163 68 278 236 319 322 61 304 201 107 280 136 82 232 115 272 269 284 378 282 207 377 133 113 91 80 301 295 224 204 168 210 123 255 237 71 226 150 125 54 247 47 171 28 281 117 211 79 352 357 362 372 290 216 292 192 365 83 323 342 321 184 116 109 300 223 340 260 262 27 181 122 233 153 253 175 130 119 170 241 25 234 129 157 59 380 37 34 17 209 258 252 333 85 52 273 285 33 160 159 381 77 359 124 219 146 356 337 350 266 313 270 164 88 206 60 126 176 43 214 63 64 106 142 174 81 379 354 165 242 200 212 299 328 367 102 267 139 363 291 312 314 183 208 248 155 343 329 199 132 97 56 205 149 215 344 148 137 265 48 189 156 360 302 261 131 161 128 345 276 334 186 275 195 104 76 306 65 143 229 92 305 70 40 351 39 203 288 141 277 374 98 341 114 325 368 191 187 358 239 324 244 274 317 103 331 240 332 346 307 309 268 222 370 264 336 286 220 348 230 108 320 289 118 151 94 190 371 86 99 110 134 364 177 257 55 311 218 250 111 227 228 254 376 173 36 355 249 172 353 238 213 326 167 20 338 303 197 318 283 166 194 373 217 138 243 140 101 84 327 121 193 335 95 310 279 298 158 347 308 293 96 144 112 120 152 245 259 202 251 316 271 75 169
190 8
1 2 6 16 3 38 5 28 81 26 4 31 11 14 18 52 10 15 7 9 8 23 53 17 35 150 166 136 60 22 59 82 187 163 123 83 29 164 37 54 20 122 100 134 135 68 97 51 128 142 137 126 94 65 56 40 152 139 111 78 96 45 113 34 118 117 176 110 144 186 93 141 90 165 157 183 130 174 33 27 155 156 140 124 13 77 125 57 161 182 175 106 71 36 58 101 148 72 133 39 162 154 47 138 43 153 127 87 66 168 181 167 146 173 179 63 91 88 61 48 41 120 84 178 70 184 129 189 159 180 74 108 160 171 64 21 132 170 76 104 151 114 143 46 32 85 24 188 95 169 25 177 19 98 107 69 44 30 50 112 131 73 86 185 62 99 12 115 75 109 172 79 121 149 55 49 89 147 102 103 80 145 105 92 67 190 116 158 119 42
