4
956721519669568496 52219904 976692848 656068698 1000000007
1000
709854534
246785776
67205210
431048147
200809652
934326445
993517357
798560775
199554779
257811395
701539950
239956252
857783434
851349053
674503183
841521995
480620318
355805206
402719997
148767556
306284070
198606583
389533564
289150785
1120510
7401244
682765695
808050815
321782293
587281311
874916832
367944268
556922230
973173932
613058334
573554051
956191835
173368467
760488546
40389625
298146301
662533650
495712457
355359501
111678357
910657040
59199501
653450911
410064831
694906659
220057468
527541880
426402290
515753659
874060415
164849130
901174721
830290085
116407156
321209148
665907780
864878896
36554533
28250111
42835712
601935307
254247959
392034899
158752747
264022437
958030340
3754051
973243425
747952372
336142817
340368452
36613322
814172263
834902825
523613979
275620705
394701836
599876616
89492924
935467150
295378211
238826744
9236571
903944005
410176816
922200287
147433151
304740997
947820645
887964727
176310930
140400083
517827606
619532102
562021242
405418340
1064971
346606900
736353579
538383118
697482329
830828775
738017811
902263775
149685929
54228361
932375205
788837484
962537008
752345137
105747935
965852220
290453462
558342278
853653139
80369011
320945615
499634696
734453834
937866120
28085797
741445023
53172900
501955663
961296515
509683217
826113201
591948447
709890435
644857544
952919003
373796036
255870538
709479250
580520346
235914350
178856159
747912696
320705039
61067641
593669327
350059311
412939721
473148116
288249404
322647642
817355147
628293674
964632817
519254573
19895572
94863523
428666128
416187540
193718485
10364676
148785204
296829722
579051487
437950955
96266879
791014498
421148226
682440636
468001365
879208362
663662895
467247703
847860351
255443155
911006760
399122639
820034378
567676851
272772394
964606404
916084981
321550826
198277658
32535690
964731222
235139048
519774005
682502592
322545326
890936758
603995454
391798418
419898888
35183224
961009476
150819904
665583502
983506578
960695617
124939452
977398460
55543776
883002788
811773456
750808363
833476380
203444584
741249686
695179223
776313963
211379611
119073854
216707114
153566864
648893048
570075075
382713551
95673632
803351333
853756646
282811335
522638357
874305142
929238018
588028496
901266212
100516608
540801942
820393504
80888646
507462198
941527718
178006798
594100642
935684232
484931747
523782074
420182241
427826383
753931374
968311424
698158633
997135579
654183673
206255978
564606379
951621941
222573262
860520539
158658366
310080405
531346669
137353764
902379657
61446429
437911163
606502578
419855268
458331131
27081982
31874590
571498144
204034211
793536954
970411644
938573810
344312563
382004142
150396125
308315429
975043174
990485744
363946117
575821813
860135554
987175917
175296525
573528116
693177169
361548482
247032010
294925240
553377468
598401902
813825660
867491059
439154459
273877981
739224192
155025026
2681158
230833070
710322535
563436815
168888263
41563590
771608389
89762183
20023374
722902404
19984010
909677197
869571564
533413762
749543116
828465317
927488280
170242178
792567219
190949786
175457157
182675935
127207036
19923752
364986586
781623800
421390279
726665754
356695504
560283936
796373089
183642733
665088568
500289385
305664419
99404099
312717947
88467252
979165760
301112370
489639264
392961074
383084699
180399938
973863953
657778911
191133879
427700379
489976790
327090409
226024741
503914428
869134616
757113157
58873730
165998309
735867263
1431483
349763966
475343718
944919077
263627997
891830070
538860798
539259129
350605356
1230266
123265445
791816397
383191819
69651160
869388546
367525369
516779122
574936519
90559549
735198413
650276628
531141893
615339342
685137770
476338369
37016090
624779853
722144906
920016725
60747586
79652607
361938044
644571439
548186887
174022112
337973545
623533691
410590237
25758971
519922498
189417545
285955549
767971724
278854999
153209427
520039642
98740615
494326273
666323779
427048326
46312893
457751201
316393898
10295102
492135694
285938999
599134762
419568562
563043514
9014596
932186342
961408063
866406647
431254104
751748789
244107996
874848366
308175493
618698514
332472832
160293006
159339201
458589414
37598442
460874816
138653640
723928621
587522928
595682489
113736464
157395413
755717481
681155739
185400236
935196738
709728299
139424900
387005778
350365989
321611173
292712837
432802477
690462736
134868222
514084652
264464867
564820067
585040981
271248754
585468623
74783811
562419630
804949974
374058504
935382061
684994715
259062977
454437313
932521983
272040153
958812688
52359015
965911224
735508479
661447397
699214542
854674027
217046586
685612254
759583844
855194640
613317532
467674501
221979397
206355611
218495080
937183286
308538957
395808219
262770752
7908676
486116745
493249380
165784872
907443652
735139934
755953718
497822320
975060608
227255392
494514619
512328749
298048293
764022909
207150573
22092096
454019605
789703408
859973158
366542109
543265254
330982814
603046757
984307142
530186530
984817980
975690832
228937094
280146389
296209191
106177429
842651647
357079546
665877266
802652271
353221268
970826502
331131124
215015863
677909127
34415771
9527743
987162153
915111636
567519015
804491154
910262195
851140996
229444458
481590792
972026393
335942788
838015484
180154423
559737396
404044035
131398116
416826746
752323382
828857223
802248354
741212152
952199087
676604825
501880702
90841722
520305587
471447812
476597990
607102129
110978314
920315738
923045652
314276213
711259647
771396863
600759150
147096359
137889194
730483540
145365765
825051864
541438998
701980469
940736030
264687304
515674411
272648028
446389108
751015120
165335949
422240676
1117596
643516656
904977331
123494590
897019303
947064874
5327537
371522927
219334147
224476157
386356046
443019408
835011771
316353019
87732183
175110517
467250722
226999179
875656690
267916815
819317324
509933047
887866380
224817506
988128094
643434575
224662324
400280671
411673681
801416581
295527933
459220475
881007099
147077455
203994840
52178142
918006645
227782457
172142232
579363566
322641894
83080016
561334180
246853313
78979246
621528159
655161808
511085606
693660860
937971942
57318380
768646469
296467209
43405014
783347875
466871106
51777683
159357590
861263606
683473566
196459835
301638073
466306671
516823958
102996191
554121054
968958606
424531418
805636249
938125383
235719951
192329079
567612253
92554970
851922610
758774030
383608935
312894643
486762234
871809259
51070147
971742152
820158615
316945134
519289027
455867492
817336428
54987677
930296029
502904284
365914289
789193704
402296170
585262485
413022482
804522732
999415625
717875284
523031414
801645921
775710833
340189884
903061345
545196436
208521442
804961468
583136778
549046566
371934477
377808326
394688806
138493202
681496031
475657850
892788539
509310331
274921971
997353976
785318374
414483196
772592749
393338250
902403093
373925974
345021103
107414096
12471726
85494349
293364079
941874729
604053399
215645499
736235439
66066961
534679491
652291964
6199044
206574197
714070723
337397049
320971008
252778497
51928146
940339645
796936833
798949522
803367816
397375603
959691543
867085621
538120593
919366406
917196617
279231934
863868699
611754110
847491257
962882570
920656235
249854594
479047667
847408829
545761401
21060049
99265667
274728268
872544199
422514896
542214452
129731613
115359838
188181119
930941705
277086034
559493256
484795451
124275887
991146154
250045903
790383142
48486241
553520528
889517677
9530715
288479387
953510282
917066322
23526306
229710464
770337947
30968114
534269034
514618141
709571089
146862892
180090386
928550499
649839487
92642164
847388078
343694168
359982437
799404473
469120688
451036447
777163363
385297048
635298933
126577827
232750114
122902759
448911156
133861368
100132107
597992195
293797155
572065563
115196597
716544826
964050009
95381845
515365091
186161266
572933085
978492243
908465380
902700568
84038750
28992817
532997202
261603074
490664528
970458938
953456715
652049190
612757813
174055354
750526803
114127984
121420746
61576229
401571144
261042136
705962814
755036005
584205637
192216121
832649598
390065399
211741207
606530100
994011700
507846598
109768267
972389627
746607483
897672383
725765782
620245142
21354245
203214164
219656595
158945545
587958293
797457849
872323113
411990164
810167381
972115130
180470771
614044170
962258674
43485067
157988750
816679866
932011811
758642358
999465046
61732994
895865269
588435833
661413401
152321655
865421482
617622365
624286818
271929357
968574237
175619752
226608168
629375781
843078927
662660836
543555580
960988162
916473294
854354110
139645854
968739939
37435057
174915264
601519281
446995037
517093677
125371031
83865803
646322726
725406035
537906085
982420846
642059611
221600967
636469176
126315306
526588963
79578274
882493121
915582064
582498681
894924826
718453775
961436040
394725837
20709933
236988265
334920996
449511844
263813433
652110216
112192451
802545412
457549791
132122794
553102951
598236097
837837531
859214736
655624223
362534547
215134638
458048649
332111774
762478533
72137884
825498548
280557394
902020768
459537415
762729827
652405614
817531358
548002050
903946938
376202816
435143055
630261958
442784044
117079507
335815015
23128440
680190534
133540383
438572630
13167193
545619418
121361476
188329799
41570045
835764406
353450931
627371793
50742853
620749107
438573973
533025481
879384229
942969654
242521561
678372158
823056262
964829377
287998722
513545356
624431517
76903555
192572135
911886274
976414802
675597316
652848114
374897540
841910786
463696299
515300234
768579505
557183862
937643360
460502977
131613101
863239938
695784369
209982445
207296697
979446534
82763513
398693467
394167510
412571169
102202493
888820112
447457926
490173177
594216629
330782662
789665659
339554292
652004641
136736454
137902334
464624674
703052929
376120920
347368265
199550968
467251012
30737532
284109733
811415190
30216850
904156740
575667345 924556442 518162476 389602735 999999937
1000
290243646
853396601
318082072
437926755
65118574
551115337
413625162
678727085
304906501
387360229
974126332
577561390
235500373
832938890
576108621
132167445
69791074
687181290
62978183
62383178
804409678
19688493
597730177
580141391
939150316
413038424
833982205
353946683
573637457
998277884
463906289
533806831
252272056
896343686
171179539
478801024
910715872
507689294
944585739
79497671
346386742
749670573
150709798
285569218
440251222
159676195
523506674
754506970
561295894
608756466
871581155
466193150
945159670
275347760
175059486
419428738
240486435
833010329
525922783
842154949
955400590
606769427
634721387
449892702
417085940
147095268
941404249
522594269
298026019
804199264
417913847
616608087
857734830
529289161
710934158
703131107
255849753
821019751
584645856
243984453
623205362
480941173
864934607
312460038
690419233
183809174
992005192
561371824
682110263
934453787
755105501
306399393
515448744
224995532
978403229
559877587
883658928
847060564
450009940
722484413
723421456
707909194
301163461
322848103
465240016
41213514
404731925
47577495
395172692
238057148
437039588
549315124
4323978
102548335
551447078
3756982
951591846
205367314
551662417
53108807
658134892
691787653
279037115
135740762
204159901
860301609
653768814
301331062
244641236
956955073
380019181
569197892
3967282
540123243
879648941
404499823
142221459
238816426
316411231
679737973
951952231
476762100
548259844
727583543
912879542
339259316
26540700
17912486
411583877
320795238
524427786
269578674
889229996
195849018
434976153
643878720
162649552
814472420
641323706
598957899
45732344
415937851
451785364
742481533
415417607
510282581
781839234
795312288
222277875
708782451
459928803
108206752
187523817
101874052
354701800
82453434
724228681
269043601
811229275
738328782
841740802
806666930
44578533
808392472
185678186
18033438
373379894
111261672
274928459
961193657
164584456
863092657
563003102
524969162
726238827
120360721
665239808
221387197
169147543
795920253
397382080
509155288
435919419
144463662
586352898
412343821
989646587
333517363
867725275
930100499
223826755
80551702
211570862
502724603
678175948
499610835
173258751
400222953
849323336
744319284
524396036
988651812
305578037
664728487
103518564
999183549
577148443
890010008
716833288
45755236
358767435
466758475
682857969
423107920
533320445
520504437
479413427
400174141
316569626
188001825
971385300
147881554
348967815
67809266
218220366
513446732
517499218
861345569
667359238
340459344
206941216
333247530
864395567
657030833
44148831
710581625
647596979
221959383
499564777
413864874
325593929
490762762
217917931
525724574
346340453
302187223
59919787
727874530
5737367
542541730
684097595
144859634
26067889
488641873
871118394
418548495
525485326
550324599
58436246
835690077
556454715
651274083
15561351
345148684
364478212
940205103
139221308
720265647
874430634
246709240
756754942
702284516
817170399
423937347
281482318
733267106
948816322
345823801
584817235
473084126
789839572
72105765
395121496
381407557
914464771
174665562
178659255
324119507
44282230
197625971
379655361
932852823
23243204
319209254
729974815
35533946
884587239
334973494
901188754
310843397
190979969
616300232
441115513
990728276
128725824
818403241
948727483
745240609
307998234
304894421
837787691
500141509
854995556
629447898
202354768
929605447
181717678
242272103
803831380
124514624
903586033
574223614
412406141
391343221
397765812
445482527
831766690
155983586
535100231
662976748
753623976
192398445
554293774
349498946
464347107
979656590
331259481
549099945
685681208
342708058
385234660
786971478
151577926
424519031
384249224
157139935
397740322
600572228
889734027
896310630
874679677
657177447
747401998
99936764
665973044
487784665
473674657
766568018
985543599
677859427
508608406
579767134
503935289
918679553
816491538
415996361
343365047
324659086
106673135
683354716
950313381
691653914
230073641
886450918
389318784
764760955
914467203
339644392
513618960
25802356
480626789
703735425
216377907
544952321
756285641
197547580
240387094
9723481
497570136
348166337
273086985
891219793
382363430
538940725
814564722
579785118
822085882
174261091
510026297
988246050
66792768
547483944
605142967
526824189
246878641
17531467
66115328
208789296
418054433
521966909
610816694
472101119
190606318
382749364
68935134
798517566
373189592
545271531
874896470
772206605
645173776
756770593
486952914
623334777
156821804
325791551
862589153
97934602
890336868
170736150
72455324
320809122
543057555
43105416
471387667
27114094
98048917
791037366
960371110
323649414
689914084
538501906
892765270
219112158
647656484
319396486
100318433
438335913
825561262
456912033
986418007
891910122
438386067
556111172
522220756
361031033
192834265
402304675
649858262
311407601
771737806
777527489
920315922
273885163
475511927
871334653
700227625
451970731
196468429
465382780
955756464
281308203
346734935
784660334
563559572
102714638
716612103
395738985
398006681
717382070
761831966
469486200
689958313
904378093
792583925
865356623
284612878
518634485
725925207
877769649
296183612
784186788
859986635
743750993
694057041
281281530
231698542
691502397
53107927
332868860
449975989
386434729
276291786
631759960
967256226
824502260
164765830
987682834
320357736
763538734
912143176
239051081
43897394
93256387
518667567
617359936
572205866
939141591
284388213
804700523
372297225
419124129
490313661
898878026
536261678
605078052
500084692
674485517
873046228
546340888
793802294
138917581
776089192
349119640
186323620
8859266
739075897
327302070
526301360
52839834
948594368
639765359
62764398
317258095
293093862
15030659
586252829
544137181
21219737
756127084
343471955
221883621
327022603
607047126
692610348
640613557
62795567
30627642
562765082
358179452
478960359
661218575
519617862
145319014
711412013
245206417
837818558
585029337
994789556
644821678
308852955
88207880
44389113
587784462
932792398
552683993
822361325
661652522
95647463
364451277
885212937
575598308
96526724
430460453
597355407
806114677
559129513
139070391
764936040
54054434
76969285
661454618
730452872
937306600
957171620
599552717
16871304
215838088
65471443
389305267
311361531
298777887
341391310
76542701
126306340
929695365
123114190
570271285
108465338
763939182
370981268
48672069
391607668
133615670
84717133
522366936
581783766
901753771
282824524
300552667
722575036
482646199
792096107
753927557
912370698
540583837
953500177
682656641
602056995
97169796
365596527
968807013
110779018
419588189
70767133
505829721
198387409
698728106
697723698
82753237
795603959
543929976
204035311
108496053
463418055
228816788
165113621
590331214
218603539
398540428
245769477
146710074
704359103
742931873
111312313
416835506
823507655
855650300
935525827
171369338
157353545
300207800
855760730
911237554
925102508
258422875
922655487
95119635
805457166
966842771
467676350
143175801
624812774
793850601
270537217
37202657
670261151
847123116
401156932
773448152
246573202
637508096
427187764
120138402
808536238
455458284
996282294
525977270
929498446
393129881
235166914
244125302
350972351
822952766
272485335
251576710
899678464
536593278
500992224
558432601
511083143
708923885
258093394
531443877
227342182
539096765
277935346
774046470
60099056
816676742
972639302
28457822
76175561
799313789
851220243
743805079
673323912
660103873
230933222
632802549
936620170
466171442
984608439
485282558
139221136
335848764
317513561
887307967
37069182
292759558
790167858
578444023
336052436
510085400
941956152
553125545
419319146
808039832
876497236
294024752
611981608
318026866
562126976
88271800
30307332
467096230
449826461
434156846
26088211
756112767
403993370
248672221
989494011
75576584
55932625
117683363
219470847
104568574
863432406
324888270
955044700
599885827
447286464
326003397
512488169
343971964
952651245
872786442
930609932
445676531
717726103
619706540
973811762
585029250
590267881
913699550
535093071
648451968
57989816
129030838
690411649
594655732
25555870
315211847
673761893
92652725
886099474
32621119
492245629
868698040
907530899
588622424
987366683
914180298
796440023
631345417
714406963
256634240
482289027
3635964
15569354
544814133
753249050
689467369
5600842
305452379
457912723
676559704
630957816
361723747
249724327
240444371
42450397
864497542
482722828
4753123
536805122
48053738
417474708
69518855
539929591
787951612
57043487
294769529
36912019
536116288
211479763
53356227
181711872
868672735
14213937
386401635
794113127
714592762
201566172
386973969
497268124
767510079
513349702
2331360
186870676
229101297
131134837
442411391
108514224
489661968
177288903
807516877
17821769
402835929
853675658
65861377
365013853
774573907
794476284
349033249
515396269
690144085
729429896
619599164
990937862
974375193
314558414
968333228
246793010
832377936
754116423
91021158
959746844
131179771
796157725
636022911
25937239
490629891
313795744
54916995
409213678
648686906
347477884
173304539
223324601
435895414
396798864
750238511
592646062
874204965
581990470
341375173
471500548
309884171
223029651
576028970
449628042
490648673
61040328
561699240
175008303
218305456
522061666
206749151
912753618
50469866
975237003
122938223
888328669
872313744
161529040
216058972
899445125
259337391
292674104
643488571
874873930
236557063
251116295
706384495
119519944
93085152
398265857
993345474
914919762
85169991
219756817
260925140
964840261
494271074
673456641
28071167
696658158
657556685
150684955
511025471
173006772
398455732
826898900
35275699
399279021
100701924
557018279
586729750
377887964
957672466
385165623
630076403
837880547
979801634
819794792
531984271
765522729
466296971
633809502
982926304
672951675
43940959
987321698
949737879
252136603
489220984
164849292
253649963
767084542
14172963
79952242
904766
644883197
571150005
257634646
155781705
939191434
201021538
218876236
682663058
926412126
917914057
104869037
113051450
271483455
602767485
21215794
486625211
913988170815770044 463887796 786760877 815433123 999999929
1000
696057843
163493900
275346409
589098545
857532131
288430191
200314879
356876214
609734
174359078
340078638
878033297
971096908
141765188
195997015
198667912
584235358
525932592
981332088
331627811
350303640
899378746
899977686
413268176
413859615
993522444
165589402
446890694
381375296
884982409
631689036
23553235
335746019
215864542
312989506
50102788
605280017
620457731
750669574
749073646
978794343
954886554
345260174
34928641
590252127
750595859
462042079
438166800
523915220
804228695
229066396
44164357
996656771
690781179
541140786
387495884
502042556
114292821
307497328
717308647
468156088
976910428
471573846
953043703
41686799
339691233
633054304
725463273
140711209
478700715
44808990
500178480
953775919
529304353
790244515
148887348
750404767
522244807
898418405
211462472
963021046
762556652
196566865
139316773
418110014
83420437
961396861
12867797
150811173
60561992
591712901
843812009
684329976
762161682
347337035
674886191
120387797
499956141
671816660
424046949
248453946
439043260
306836182
889931629
776018738
221399875
603491905
330372302
341512795
181984292
658298021
279114620
941394330
482618244
112027494
308552724
631812307
384808456
264702127
737836990
867863185
522905835
701014578
48564391
951498771
729713713
683908319
371625586
312502342
429786162
988762021
376071143
309124418
670532047
265614838
291697914
801716814
84623578
681714826
539046729
921143612
992680491
337230758
829301699
125722594
26061461
510576405
174710298
417538378
621129252
273633364
154432612
66746872
995236816
597902740
719490088
364054657
481207527
215362913
305704231
988686203
364817249
751660226
469327743
322500656
457397879
350939944
589872915
103991714
644599644
147897511
67267866
709702077
834467485
232733150
766120908
45361899
224836225
414024840
326401975
451672316
558649152
371485963
466197804
718134094
344688236
762306025
959714236
430834759
473184110
159423930
563863333
228524482
86108421
23911077
101676718
849030614
850366935
676920182
523942964
281476231
261119664
96098374
636381355
25940837
192799938
607504488
81643240
352917815
811185339
454575052
614468014
993714024
996460327
473661239
597768042
976494505
628132548
107472780
659660355
391247665
112123871
654014552
8775221
704271129
788999678
41068218
588309126
762895420
561078097
59402252
464509264
955649005
823029065
878820582
759499906
223032926
142426196
832794822
829849293
241061930
190851061
946666574
278257547
609074816
305858949
165855324
638918414
574070494
344489036
435216768
732125986
538850389
273072497
932884329
388132599
613080693
668337488
575612970
792877640
346283734
551991749
739807266
695945212
578294790
335468241
177710052
635317761
164964975
647558316
224406958
716224613
93780793
16305231
284008350
283574671
814701134
304192477
672075698
628246317
114913834
785235026
821028763
482719292
729999798
547446956
486589874
224878839
20683874
834956376
32484215
933745968
142650144
521865872
528731043
795010836
598448817
603680555
702113721
321576914
479220719
607247341
827447047
130850164
565095501
534989365
784600896
261894825
448713491
936439035
323219986
622576283
532510669
170492673
206063289
906336735
415833061
306219927
182178970
525063366
889319401
540040043
130463012
359567570
637554114
886333376
617773607
488543152
780117479
849604515
754012512
862447125
559459808
619312713
483645162
854218143
40998768
454141847
298566871
324272522
40459062
267523181
556690564
396472989
831552370
105806319
977021936
698982620
739730402
400919778
443567929
915415428
770072947
666636339
174202413
176788389
702977213
395624550
63483644
265635787
448898058
608727321
729560072
559940259
384245754
778374070
744528266
950369435
693317375
94265121
793627500
613712889
496761613
651387206
567543880
953309141
659533890
611963067
13582439
278675571
273204637
112841699
915784273
469667894
975256774
853823022
146800623
498939968
705375845
770976189
893032165
962971242
782595036
363825764
860514776
609302782
739511426
616280387
264635941
693461562
316292380
584342572
600492256
637047031
233914854
562833539
862618370
294499253
388868779
681965774
734288329
806098924
819519687
513703242
100785519
962351347
366449400
809476113
178850049
224661646
504511657
929438695
542780381
764456162
280840098
737911245
437960592
157384989
529274511
382174057
798863123
167061972
326746551
995909684
344750714
408362279
358166348
521499664
878508748
107066699
214773419
709839628
401276584
606741486
641567489
835998583
315545466
800773795
89706788
829598241
423471012
465740009
714270889
257173674
11577114
177221572
351799425
536912047
460285224
641942369
814861503
832400782
978636720
735274768
1898160
371725868
368761411
92994343
770607046
328146865
817336126
384605539
390148524
74709239
167291041
646989004
185811360
903374626
167399550
583223984
134531015
956073416
860244901
764547269
993091511
100547779
314228374
862465929
47410223
909443188
49426303
360264906
502513270
982041032
2601895
525813315
112593395
373928954
763739330
810613267
883895816
438616792
197248981
774503637
724086373
158416748
609480266
429979328
779382415
287939860
985845395
682288367
538301603
685307603
445819067
626099766
253334993
331027516
555120316
239060554
204601261
226767748
81700242
754783422
464531428
31560684
452714573
508211059
673627192
47091062
926138281
92150940
511856206
718087563
953809657
884540032
478655247
147138716
630386963
196122968
571563299
587873973
886699630
785905619
241335244
385528874
637774108
783119955
809511927
592753165
150370373
264520799
593964885
698008077
114308429
87965096
395675926
462510117
216246588
709030377
573605066
172528994
731939405
718308539
130759473
195744138
884229539
516134540
490516490
457945395
727705283
653989582
114663283
48496728
518262536
568676714
70564367
476895155
924366245
708698733
649056687
799960058
346936833
318677216
958535315
8834642
229211412
755023620
682473465
959228173
540903299
594483167
637380383
260430744
538520376
820114498
965941004
83074132
855021418
711399536
721293865
474520689
110562795
721563616
260125143
806702405
647265781
797387144
322238768
197457045
623965865
898506574
106838502
498526217
61809503
110822632
30214098
804430604
451622116
513328036
654777814
574261666
814627433
642009249
63391289
147686040
440866440
530367173
136862877
997758257
424981284
700253234
67073957
791151045
408693698
94409436
865576238
626002478
482318037
680245742
534806441
240954085
484519962
796891491
646195694
811127638
178119211
434960030
50580689
211959987
198717367
311443818
472227443
764042295
193503130
669202209
821947733
257876327
272315996
858945085
154918050
445726223
669880081
233607930
861151086
80691899
430103800
787659854
804868
828843193
650520689
728886830
454575888
28543247
449816148
861550504
889817421
270253298
595126359
918723290
699324940
766771780
683228926
939684418
97987412
175840360
594604416
101589235
217107658
912968923
682024737
917036219
539960296
995845995
734088440
414262180
963593868
998211998
85536157
343988307
549155379
343764890
911581846
84388904
619284717
123595347
122204272
723192867
927063160
317873329
341760254
884280492
551408339
81563659
655999244
72198318
133759424
276076698
896685741
427732183
162671928
895469271
985192121
561129967
26512157
677810558
742651018
861297300
620359880
175135819
322635219
182400992
291213400
424674615
994478340
859061970
577847502
399404548
289834692
99692352
51000350
996252944
795399325
393345639
450982695
395696202
450955229
33740619
416633747
200925946
636939190
779124548
975378474
708667160
195148794
963661443
266040126
372119670
33086867
253196526
836751086
335932661
213134119
15430473
832095960
696881677
354699083
249421384
862345394
664782863
238860858
578860225
949503057
856562184
361455105
313419782
747188303
298051352
577144541
709513953
596800984
745492986
952139002
455013010
229754848
495158944
52329465
963159886
401734954
485784569
13768891
699215277
362704698
544097163
664018678
134278685
365312291
600799344
816134570
252617578
255398006
511945294
901540242
452922810
853478506
893209215
815114764
797724383
693540291
89281990
916476195
264316613
464292922
461759760
965529717
380002243
34980468
680054867
859341087
599470712
806208885
633907006
117905992
612890499
184716236
818533544
582142682
449120220
940398383
42817259
246398266
833104707
850146132
773312181
895113096
366800524
726841772
289729199
76625984
809131246
256512443
325923155
179015894
314175380
841058333
448494817
162892056
421902548
353499251
248118409
117020452
856819276
744269071
945235344
681318981
609696463
131993182
992690865
222951068
884395370
306453007
64250292
607656921
762999257
692266712
679264105
26273288
761916903
201696847
960201957
533642897
575238948
30643742
745473371
853382594
626097624
567359739
614168520
49541638
652315070
295031492
680817361
994813406
644520235
317589205
954541615
743656093
345131771
387774714
396844406
837127480
345509186
491888990
859146467
815193257
860715717
788507761
237516249
543091891
753548920
900558171
162894629
130875130
286555122
959739745
853635214
311745433
343399297
752466130
92220147
702894803
380590005
88770646
135515462
796404550
799586559
45560406
246274752
489000237
134557081
516628279
707788869
470265048
44403827
586566852
591507968
160632123
289014264
996046741
486573843
444716363
656558041
534252924
468892987
297270942
25287432
984115648
226286530
601382528
454138449
903250889
401530152
840655867
502405065
81304151
7880539
107414191
363530160
320223064
386853951
502525937
168171935
617152195
299093971
122020758
18523697
811286364
567501563
516917774
495297938
603811923
528691653
241306557
613149694
437187467
63627441
334004491
994305788
366634445
265513020
522573946
425384733
592144041
79227343
259408938
88236995
253368855
483471564
512865507
161580599
119364215
682295844
290782017
539793777
107999539
611012105
975247384
857621662
246224944
276290490
863983116
38193303
471431188
51192975
460753204
287396618
468229971
716628103
536431677
361764045
618460608 448482197 434636059 672773189 999999893
1000
955113330
247008093
610966606
745971306
516233173
370714470
294930299
391576896
1628072
94495946
63617607
783374777
900228713
932662232
884914159
595190730
2834254
167983697
963919986
140427052
295374253
375118760
481477062
2066122
616582419
942617075
182751972
262435581
887381477
134651689
600233587
744910631
365624383
684826985
29703058
750884447
204221867
7933067
537751406
849453954
532369368
902782354
139298034
31632173
703502593
121722639
232485967
736170337
471411543
399354552
440978934
98339501
791230931
129087265
956545359
78511007
790008034
478211700
894125059
621802599
78894923
998652445
86625172
672123177
214225828
970507646
650577002
156720489
441731400
768256423
383966562
877502569
746199158
262885982
791442724
789365385
244390688
684131911
364990854
439194762
307700219
422067804
800200571
141567066
551810889
538527389
916197855
563468612
731083558
182818160
418367282
876720127
959661987
134743199
781482253
801771798
295710666
905432049
733854054
986115788
170613087
739238230
294488592
662054847
560069660
187019801
992730854
48482695
139746948
712171780
938517300
261791063
864133655
660825787
908771189
751911420
285807970
388485951
360875658
84054277
10144024
81072058
527642842
233939768
49133441
137689266
845222361
197944438
961428928
109173127
213427572
395699190
253218926
578197599
527520285
749346375
638966644
924527205
451977008
844262657
352582884
525237465
283926232
776938736
414088084
783092651
49806429
369623633
697048673
881120372
441713926
746901642
223016433
392292866
151712196
470163681
984736382
900709161
785999860
151239100
487323504
93297686
107681968
10197544
734807289
274124156
383839053
423745914
42649882
785507946
348116078
512145086
820232113
59458201
427528097
896550101
265026350
675740481
546294871
249436049
794271996
790412008
969229812
895179913
267916115
20710630
972552720
85772622
995937663
837258152
161292735
376471133
205157402
12556338
997736912
20840193
503636722
54653715
165625492
605923846
687299860
887580293
511381390
385520106
293034803
518590200
646008593
871905866
427352514
57836656
668308735
592463301
713837466
791383934
513590597
996516100
250367602
349602481
811320185
57000215
804753189
651080045
532502361
248613481
752019457
152471373
902274856
731242667
319600473
734475003
238300001
184193089
535161637
666941532
455690808
394518784
980099932
4562019
958511173
785988231
809928517
331605536
670588657
39059253
271247601
855595121
269322359
691402520
634416235
828874692
802173591
741725507
607660568
309912430
264039104
766732816
205129382
324361456
831146335
48133615
650614450
841911629
928441477
750548042
584929583
283130070
908835264
709903484
859395689
524388342
454658699
428663121
640706075
752140217
472993875
854760163
96565577
699032433
562065935
209857803
791384645
53579636
552620022
563583799
928933248
473681969
697671210
908460538
917557245
176635880
757696299
253997939
531968774
466775877
581903428
964873618
576108188
543727010
495998025
237205382
31977289
379934611
905309739
50825764
831670192
599189302
687499953
843938081
728984135
872192630
652232369
481031284
154661202
850944270
371239541
510983829
447577769
471786580
515688583
360301846
642441670
766256443
125193834
163101655
687095331
477438521
414843148
179321053
824278581
420782031
323842437
660091466
438707598
415611974
425426918
862242716
992840300
5011411
776921156
13872533
971705876
693113857
482682975
308939801
131631642
276659441
64854157
191548489
106718418
245864331
429969044
926149301
34006598
60203690
937975097
948034665
922811888
846955448
35945696
7139425
253294753
446632744
84826915
628947154
620973624
699532153
275291475
782408038
45149152
963889215
128797165
60740493
292210728
276547462
313101391
665376146
650790799
115549334
76051896
11412258
80383558
869978291
886998500
793198074
228732296
841927880
911995981
292158347
9165332
535291195
358650480
30242699
428018988
708746318
155866591
181583414
865212762
530421978
699665338
85244305
159224933
84766503
232000290
979646024
224168479
808845991
40011257
34785902
969308762
190282761
313080116
355489489
821836965
727300141
292830291
116896579
939742110
29511391
914698320
565302505
193348833
553201670
824830259
961553630
115256752
292428260
367801823
805990849
830790532
481809618
142504475
182682813
724292255
956925973
387303693
611663887
648889530
760296554
834581559
717906836
928464282
837578343
823118464
489402579
379374976
545011759
491344536
506610630
926597038
556261899
529203851
396865318
967882477
207777139
198200584
722900376
824055068
753935704
503680475
318144883
226237
937821127
902958994
683150612
470402521
611092707
945042131
732140426
35108244
401220137
127942116
813470595
513419434
702054544
273304935
420029975
570341617
63138551
280598672
815054796
841459661
836839422
325184674
437725432
113412652
4195657
266557487
64170075
96565591
912197540
122125847
525282145
526532476
62005259
993922309
840304223
728581066
529090708
652791626
342792107
11967083
945953358
691776980
935340041
471828590
863567394
627585459
577828372
343958736
354118602
232943621
131519289
932803114
61635311
297229013
577463483
571400445
46097463
804183828
536839666
505296113
210264457
548055703
49662764
168867952
415501551
930726016
291652723
722341658
403490403
788377407
72572469
591058791
130002364
871575626
787866580
337577284
260874728
796880322
378836253
843677990
833349154
222105063
337386502
146664713
212811447
254242109
760317812
907574239
941059240
464545879
793410457
19192243
446118251
613821792
628671400
783998560
620310458
342040480
827154986
421346239
381036656
280650245
113605210
519661517
659722507
390144202
699579986
175218967
771797685
966779373
558128522
183652376
128812966
829658413
289960986
229831152
859089348
621130791
802785246
259980170
743871605
538075494
412973675
738932655
65627963
538265418
352221047
495577247
146601480
646763327
405069534
311047633
818718585
580538042
546976847
923575758
181795640
253981602
504100834
657900315
288161469
7070519
138164097
277317489
426470213
343228289
712688387
885135648
23968395
810462886
795935309
302842509
621088223
164730843
182902905
222988657
206211736
980422506
959420465
2300844
44333650
654188987
916974088
120665385
537929153
497442042
360898515
808324656
736486732
113859199
940991889
685826963
317540775
565520746
53774665
365784429
710071701
217006167
44139043
230664918
725424391
912488437
322631534
327453605
610998915
735613568
985473811
111256192
497355902
419132416
740988253
110364855
208693137
906337925
458704899
589251202
95108259
677822100
233595426
841839917
751873195
916107328
245280085
597026920
644558825
84795372
598928031
159130904
736508326
778559285
137911794
253600038
315247154
77530277
920899093
202600674
464329681
915070930
32811571
491137099
589416547
807265414
991039130
340165912
29341349
734935960
20158123
434733192
32325279
711808158
670142562
621891374
882414139
978958564
803396657
782526272
841285
684891892
227724215
411682384
523271693
275850983
230148017
798162404
914229514
669969011
556235916
401268556
299849702
53044226
857875008
877193322
663034522
379138166
208042676
318763602
738367958
427593338
291977513
180891172
474796647
859864567
968659032
851095872
114842516
596801437
243108698
763987467
363138776
852079933
760376894
232587234
255883379
4557151
535070067
368465935
568343777
704820891
477302651
194981114
484806350
915635860
258014309
947413541
62302901
164748560
211619884
346704258
401252786
115644011
884238437
410780921
54594224
393028408
346555851
859436103
933464985
969520317
574885382
826769958
864349717
965314167
187787180
628229639
188997060
171782404
784688633
292755906
205371722
652711666
864527604
439579046
840589399
94025650
634965761
864724198
282453982
505800120
901674553
146504464
441255904
289192174
359895237
604441177
569359547
539466708
205274753
236510169
458922491
421437760
882352451
978751137
217183816
974729600
168915525
672812309
923870218
717965200
834785527
529695173
686714848
347572118
106593169
240823156
692449424
717295139
668193573
945192047
16668673
753385601
457562867
124062990
101497713
803768890
759020028
978532400
455926264
791847072
202493406
76536845
732163389
960467543
669100299
803136632
247987309
240477413
428724320
227207009
457574788
737517674
906219621
124137662
523100703
320494357
330222353
693139504
50265996
957881146
26176578
227470570
960602254
377236345
683438556
48792991
88023149
744245989
757935125
673198250
21371689
375479235
923208063
175788870
928422199
392548291
336685843
672370297
992715126
654152081
777278132
709916305
708403393
865913843
7748932
556316736
37912074
761470238
25820324
829602902
819433701
244809769
546206929
900077366
157451741
768201935
484792798
577277313
920361661
197721857
694004354
882951352
502853531
710947374
545738390
878264808
565975191
344760396
944938972
475116718
104928657
560143802
158818521
222555913
345330981
229211563
194790706
755648414
798656534
273900020
926128090
702538894
841782105
182790172
230058090
881428795
453470295
768008666
231541186
980289797
268893169
358359957
37474475
111742831
604361277
554273103
796902807
168469639
493358206
23881639
197528002
639856197
56275798
822878642
443960527
849554046
698876944
323433910
276624166
474671980
949436419
660036215
642451638
710847035
146339691
308496200
104062939
704214169
839888431
58097484
583430351
828579866
21170531
534045666
484330884
768098873
20660049
808701954
38675786
902398302
504610276
782407412
867562566
1572769
216797386
601167672
50961863
10394163
896121855
471654399
244433981
716494180
473277911
780145482
187294147
900352729
323994336
293896622
728537137
502060933
724550341
448744323
79885652
564918330
191479664
3289420
115573491
358993487
92571789
121819816
810008591
680711152
272591918
442145985
434005320
757428142
210382851
972658523
223489050
604338817
839634083
2066908
744598299
199218627
463403388
938475609
722247949
589388163
458681912
411145550
148059115
