5
460 489
376 320
243 287
444 239
166 301
181 201
72 69
141 85
10 12
140 253
18 184
99 103
20 44
434 375
416 268
120 303
67 280
395 152
238 85
345 112
143 189
355 448
50 46
20 218
312 373
150 313
141 163
54 311
429 170
328 131
31 362
28 52
274 78
41 32
275 421
68 48
99 130
126 2
131 47
231 257
28 168
198 146
299 183
10 6
15 28
251 360
172 419
346 160
444 6
306 430
105 183
303 432
348 256
107 229
264 132
101 293
91 396
29 40
319 390
114 233
39 138
286 399
442 455
210 239
258 51
178 22
5 3
231 450
287 330
312 113
381 68
55 89
241 257
125 64
232 174
130 332
65 300
42 13
259 314
287 296
64 315
77 57
19 45
33 15
99 243
81 67
331 131
84 72
80 177
135 424
174 211
114 387
117 241
459 117
30 193
148 93
4 6
167 142
96 170
241 375
275 202
124 15
223 82
326 43
48 7
267 374
88 110
192 189
258 335
268 73
14 18
12 235
79 99
266 255
101 413
11 15
172 23
102 179
209 222
240 305
3 31
104 79
14 242
138 151
437 281
217 62
199 174
204 439
194 159
294 302
76 120
274 402
81 102
104 210
18 352
16 27
364 75
91 202
21 2
31 369
409 77
278 405
49 3
5 7
90 226
98 73
50 107
367 331
14 12
66 2
408 93
62 4
63 270
332 28
454 148
10 288
82 297
161 407
155 114
1 325
68 139
96 82
60 147
58 55
154 333
65 23
66 245
39 342
133 76
23 57
2 88
178 252
273 228
114 266
134 289
212 336
377 16
287 305
93 231
441 103
63 113
95 161
2 4
196 185
36 230
43 101
64 129
222 406
28 206
13 95
103 303
201 30
43 71
36 394
428 72
224 435
144 92
108 195
121 117
7 8
17 1
120 127
34 227
250 167
61 53
8 279
78 290
93 164
137 458
398 349
108 27
6 29
453 177
86 64
176 185
200 104
235 389
15 80
449 359
80 340
63 91
25 4
79 74
31 162
60 134
246 111
145 73
98 112
30 51
324 349
281 225
103 343
176 111
102 204
393 277
234 91
220 202
204 378
284 288
265 75
344 122
292 194
175 447
203 180
256 417
320 258
11 21
28 368
1 3
39 316
440 16
33 214
281 130
28 135
100 158
183 130
338 181
135 445
94 73
72 260
54 318
124 174
100 119
308 73
418 31
328 353
161 96
163 298
23 18
99 191
21 100
139 219
173 118
248 144
87 24
9 275
116 209
31 350
22 11
16 175
271 310
14 388
370 119
7 157
380 32
330 128
307 44
30 56
414 416
202 213
133 359
452 181
229 254
235 278
218 391
9 35
24 64
339 358
7 74
186 183
35 118
171 134
68 85
156 154
247 197
240 283
341 100
228 236
353 414
228 59
46 17
156 415
10 13
30 23
114 94
105 33
313 321
237 190
54 427
98 165
114 216
156 382
17 146
65 294
306 302
70 46
60 208
427 442
348 237
410 94
243 220
2 1
437 438
116 64
7 53
369 417
436 312
233 337
34 29
275 356
57 187
22 59
68 160
433 148
261 153
215 183
109 137
241 249
76 50
283 390
201 317
28 32
114 166
128 65
207 198
263 215
60 12
154 139
61 140
181 168
386 400
347 123
262 74
24 5
59 122
329 53
9 426
3 9
322 192
212 88
43 115
2 93
4 39
342 361
68 106
263 269
170 255
460 145
39 363
23 169
157 247
109 92
132 28
282 153
55 30
26 142
385 246
46 54
355 226
63 29
197 78
275 411
272 111
250 277
57 83
207 412
304 85
253 392
109 244
27 117
49 351
92 74
357 179
256 23
84 386
240 167
372 21
190 83
333 339
383 424
130 251
36 37
374 384
221 209
68 75
63 78
180 53
457 33
199 366
152 259
97 224
8 20
333 335
446 348
373 431
97 61
178 271
203 423
443 353
311 334
383 46
61 286
89 182
7 19
27 69
291 68
33 38
227 401
23 327
26 13
26 136
276 118
16 7
275 365
153 80
2 36
253 216
136 323
85 205
152 79
57 225
354 219
57 90
47 41
204 309
51 67
119 103
319 73
35 379
186 17
267 14
87 149
425 208
324 149
284 216
422 121
146 456
150 4
45 295
311 335
5 11
36 43
123 75
188 119
82 70
44 143
136 285
385 404
255 371
451 383
73 26
403 360
325 399
162 351
358 420
397 138
159 24
360 284
222 323
72 111
20 112 455 437 163 412 98 93 54 173 414 308 57 80 23 84 90 286 226 110 456
10 122 289 275 297 312 327 440 458 107 360
421 492
185 206
32 201
67 100
132 44
126 260
56 48
152 83
5 304
134 104
32 52
234 79
207 150
120 50
8 150
78 114
123 230
360 345
55 176
187 159
264 268
170 21
131 214
94 123
107 339
257 111
362 325
278 74
322 368
22 116
173 165
133 282
108 217
205 22
368 186
10 17
18 13
81 392
98 43
18 28
88 163
323 141
44 72
202 243
89 42
51 99
236 319
142 156
329 197
420 9
76 244
90 181
324 353
400 35
413 204
311 324
370 404
105 337
12 148
412 82
134 144
258 256
247 209
57 147
63 154
123 346
113 221
189 149
118 315
159 109
39 46
394 228
150 184
272 401
147 198
140 342
56 240
78 393
102 109
63 95
110 115
77 106
287 224
100 301
121 136
314 352
44 57
62 13
93 400
81 382
408 155
51 44
70 209
104 348
83 307
133 75
203 45
119 84
222 299
298 360
2 231
74 28
45 71
63 308
22 18
286 125
322 380
341 295
291 2
268 140
386 420
113 112
389 178
187 305
397 399
183 44
166 248
90 396
73 375
129 325
91 186
234 255
282 374
66 276
45 336
107 43
78 76
43 44
309 266
23 330
124 66
35 216
14 30
208 136
237 13
4 67
181 220
17 35
68 90
61 171
248 265
334 176
9 8
22 58
337 152
315 73
24 10
202 172
17 60
64 37
203 120
85 30
111 24
46 137
76 55
413 109
113 281
206 238
259 398
336 377
222 81
59 298
407 34
2 59
357 183
37 7
27 367
310 8
40 80
165 157
261 395
196 210
54 295
289 386
23 361
283 84
6 13
267 345
65 51
45 1
225 40
15 50
88 179
200 384
117 93
228 72
34 63
20 17
181 211
160 117
61 39
3 2
212 213
170 266
418 89
2 1
41 403
164 146
299 90
376 320
36 21
29 242
180 91
4 26
279 26
62 84
42 314
313 338
135 174
12 33
177 226
77 49
136 85
331 54
257 356
218 202
102 212
280 62
48 110
164 273
74 199
161 73
309 51
321 417
146 37
250 151
89 105
199 318
102 49
89 230
54 29
19 131
54 285
4 25
145 125
166 229
198 373
75 87
142 107
258 72
385 384
66 93
63 177
353 370
383 114
70 118
195 269
65 146
47 396
264 121
350 189
146 185
68 263
39 49
16 40
70 82
169 57
27 32
296 386
30 128
126 65
204 249
365 250
68 40
148 240
330 267
30 182
42 35
285 16
415 247
275 106
235 60
108 245
4 48
131 313
211 322
28 104
99 241
122 99
34 101
96 88
419 64
233 142
300 104
116 143
50 129
297 96
4 162
91 76
1 23
128 192
151 120
43 24
39 26
319 351
109 321
40 73
9 16
206 98
208 5
5 6
236 230
191 376
138 253
51 103
89 175
333 50
60 239
181 141
341 363
277 188
134 158
83 56
228 294
103 138
297 351
322 421
26 282
256 207
254 178
167 252
274 51
134 343
347 331
112 359
38 13
6 193
198 406
317 112
15 27
116 349
93 306
179 215
39 195
14 31
35 108
400 411
371 354
414 121
219 9
246 36
218 328
96 97
224 206
138 409
132 54
4 75
200 348
366 359
171 227
331 254
369 410
228 326
27 34
21 88
86 342
388 83
307 343
47 8
138 354
89 134
297 344
109 271
336 355
57 369
106 152
19 1
64 224
130 167
157 63
92 77
387 380
21 13
172 296
137 232
167 172
348 63
195 372
10 3
102 270
378 281
122 397
168 80
75 196
75 139
292 284
66 43
238 288
317 379
123 155
20 130
289 187
228 316
14 211
170 335
6 41
208 261
142 190
378 402
34 86
4 11
67 204
421 141
7 8
290 85
97 382
341 190
280 263
359 100
35 166
106 332
2 69
41 141
150 30
188 62
125 51
156 251
2 29
271 303
273 139
218 215
40 75
153 311
291 379
310 389
200 148
162 39
405 248
387 28
4 402
282 365
21 53
278 381
59 94
191 232
208 284
112 63
108 293
40 364
340 310
41 81
273 416
368 56
21 121
9 14
201 250
399 13
108 237
77 79
70 23
302 295
5 153
356 358
15 14
58 127
143 261
120 180
84 266
1 12
106 125
71 125
55 25
330 378
44 272
17 212
259 40
4 1
390 199
345 402
81 257
223 327
7 6
93 197
61 1
123 420
79 178
135 105
196 262
5 1
316 147
255 10
148 312
18 320
333 44
137 394
49 140
50 223
201 391
318 296
24 149
151 194
71 267
191 92
19 401 63 336 66 289 78 398 241 417 201 400 378 278 136 169 409 271 370 240
14 401 202 83 159 93 262 77 321 330 367 1 228 190 112
394 484
132 155
41 55
59 25
171 198
333 271
89 147
45 83
193 122
130 25
34 273
159 86
268 54
200 331
252 202
370 82
145 290
121 205
218 291
29 30
309 273
268 356
269 248
72 361
384 369
175 27
285 39
55 303
393 318
136 188
232 56
303 379
394 244
15 87
42 38
26 65
84 117
66 109
73 125
111 169
42 177
234 174
7 91
107 115
83 383
14 34
167 197
110 245
383 287
5 217
17 60
150 282
38 276
5 31
18 103
223 281
42 346
2 221
49 250
37 151
22 62
153 367
1 219
80 62
113 193
113 56
19 25
58 132
138 182
278 106
14 370
22 88
307 53
9 39
38 86
12 186
364 155
324 36
26 236
290 318
74 216
266 318
19 24
94 84
73 100
132 233
307 68
90 342
171 1
240 96
50 215
17 45
13 95
298 151
247 266
32 57
143 257
24 101
73 167
370 95
37 248
226 267
25 74
4 8
84 56
247 203
276 385
44 152
63 10
19 357
107 153
38 256
323 265
135 336
100 113
10 44
10 17
43 183
36 119
347 283
46 157
26 158
70 105
149 381
109 261
108 286
21 220
119 285
263 131
22 328
18 15
156 50
140 46
227 345
332 334
359 363
372 388
105 160
252 201
96 191
2 357
374 105
240 89
38 167
39 72
235 103
313 70
34 77
352 245
21 120
46 26
144 344
67 223
242 180
9 41
34 372
126 268
64 106
211 59
53 66
37 11
198 235
77 349
180 63
62 295
14 16
185 161
213 301
90 34
20 51
244 102
284 359
134 135
212 150
227 254
2 10
315 97
208 16
154 274
216 81
5 35
80 170
39 116
110 279
29 163
1 2
94 237
165 243
315 56
290 24
41 127
12 61
165 283
310 375
264 334
77 144
329 140
309 373
129 168
43 12
122 98
223 376
265 275
36 58
117 376
321 322
121 392
246 59
154 293
290 291
33 82
194 301
98 162
275 189
133 115
64 164
48 73
33 26
63 199
59 271
241 280
60 48
103 294
68 54
165 208
42 61
86 92
115 174
33 350
205 253
123 40
15 85
204 70
13 15
62 387
61 244
20 17
104 33
208 312
88 108
228 323
389 220
159 289
85 240
318 128
261 247
142 348
169 195
69 71
54 143
343 30
41 148
302 285
27 118
68 76
47 208
247 154
170 203
18 172
68 385
166 391
62 129
52 102
377 286
165 154
55 196
201 158
55 202
369 226
214 192
329 37
51 89
7 209
12 306
50 52
6 1
287 335
310 247
47 54
272 97
277 288
40 142
22 111
116 308
118 392
41 225
79 249
131 326
28 150
189 214
124 133
1 296
361 316
23 99
130 134
4 11
41 224
166 297
139 184
262 276
15 50
133 176
170 327
227 20
219 219
218 128
9 26
144 329
3 2
100 145
76 358
268 340
165 233
12 28
32 139
1 19
4 371
14 189
234 390
351 208
258 46
251 196
386 220
121 28
143 255
85 131
8 21
53 17
154 270
26 36
250 221
4 32
126 229
177 365
129 226
64 22
56 52
11 81
350 112
59 319
242 284
137 184
112 187
81 97
209 213
87 126
277 263
79 35
69 34
331 21
55 259
389 121
39 360
376 360
253 153
132 138
151 154
104 210
106 320
61 296
317 321
16 115
1 22
237 314
2 5
186 190
197 362
392 175
1 166
46 387
29 12
232 380
216 287
203 380
60 379
75 5
29 192
107 13
4 7
186 239
110 49
163 49
92 207
65 112
151 112
181 105
53 67
3 75
93 6
169 179
3 26
212 117
42 98
229 315
23 6
124 47
37 70
27 343
181 284
121 116
228 189
266 304
158 382
20 231
173 222
171 317
353 230
5 14
303 289
350 1
39 49
230 332
16 27
10 12
292 102
238 113
83 173
372 178
32 149
18 40
22 114
93 169
312 368
269 358
152 159
116 128
109 146
144 330
279 300
221 339
59 137
138 265
9 7
136 169
13 11
110 262
17 47
68 200
194 123
107 366
199 112
355 343
123 141
16 316
125 178
189 166
96 120
182 393
65 305
189 56
269 378
69 42
358 80
57 241
9 160
1 78
314 6
281 31
11 38
60 355
246 393
235 134
104 333
25 48
15 96
20 206
289 139
136 73
311 15
88 163
4 2
225 260
115 93
129 161
337 39
338 63
176 299
74 264
45 338
354 12
54 341
39 327
331 189
230 120
184 325
10 394 198 300 137 308 189 284 74 367 362
11 243 371 195 155 255 227 381 148 167 249 352
472 493
238 278
183 377
181 150
266 87
465 429
335 31
389 40
113 75
313 170
44 53
103 171
18 23
53 186
362 126
291 138
309 406
1 213
99 148
122 228
129 143
343 376
43 461
4 59
198 204
173 201
201 273
65 116
78 128
162 131
152 170
208 60
324 398
64 152
133 368
145 464
187 453
378 320
306 349
341 414
90 73
19 140
25 11
48 68
297 198
32 42
241 342
280 323
344 350
196 222
264 316
40 147
219 249
117 303
120 192
119 345
147 258
26 108
98 209
54 353
393 301
10 210
284 276
69 48
9 2
35 127
293 40
197 287
89 235
151 317
242 84
50 75
264 310
74 51
344 421
202 183
316 343
396 220
278 379
186 435
104 184
33 60
67 194
459 311
93 434
10 20
285 388
210 359
96 139
205 74
31 327
197 13
43 32
89 45
203 357
31 34
217 403
290 456
236 277
73 183
411 207
4 37
57 82
252 402
12 126
101 410
155 175
171 206
85 326
309 101
13 80
16 26
112 131
37 196
225 282
53 93
67 25
27 279
391 471
218 8
341 204
72 145
25 58
47 21
204 230
390 466
10 17
110 32
30 22
149 111
2 12
64 211
365 422
103 214
137 338
63 66
180 367
155 5
51 117
15 178
354 371
258 412
239 130
290 364
8 79
232 366
160 241
254 110
302 450
63 76
38 54
40 109
434 346
142 337
12 61
56 78
77 87
130 133
93 156
108 288
107 390
232 112
284 298
35 169
144 413
142 81
127 221
355 290
117 455
295 67
8 191
88 100
229 363
103 195
447 310
12 137
65 18
215 231
54 315
39 46
129 294
329 101
55 408
81 319
302 249
52 138
289 314
57 63
14 103
38 52
3 130
144 443
226 97
285 425
92 60
167 220
47 284
224 143
371 428
97 111
127 187
93 118
82 135
1 3
106 328
10 124
442 163
16 27
137 449
17 94
25 86
177 252
98 272
175 418
286 380
99 250
266 435
71 361
56 88
21 56
330 233
46 391
24 22
178 66
26 62
22 106
12 304
136 167
134 424
97 176
272 308
188 100
15 123
180 322
29 31
14 28
82 254
51 348
339 213
13 48
290 178
126 168
31 38
24 68
12 112
141 118
272 420
467 177
338 382
72 84
433 416
134 23
298 461
375 153
227 347
362 454
98 173
458 57
52 285
8 251
140 256
8 419
370 52
13 223
10 36
116 247
7 340
56 115
164 180
14 3
237 161
149 240
368 462
413 430
321 104
289 166
153 332
4 8
147 344
92 174
234 168
79 439
28 263
199 197
182 333
4 64
389 395
10 15
70 182
111 187
100 129
115 245
85 405
160 215
35 193
448 460
335 373
166 9
57 227
23 45
18 238
23 372
117 280
10 21
1 2
60 399
16 467
246 173
298 346
230 397
105 147
366 468
297 369
13 296
10 81
50 265
102 286
85 158
15 70
8 185
255 415
34 259
237 470
264 125
83 283
149 172
194 243
213 311
14 85
36 44
41 274
43 324
132 299
11 2
161 236
302 463
63 114
222 104
178 334
46 51
4 5
262 261
66 409
185 301
338 38
22 365
153 100
351 176
261 452
458 424
15 91
423 390
31 154
294 307
305 470
98 275
311 331
91 292
110 270
380 384
90 462
216 210
9 10
132 51
10 33
55 312
154 276
196 225
46 144
38 179
285 392
311 358
326 444
50 32
282 320
87 245
22 77
429 304
95 177
18 151
268 87
416 344
199 100
68 122
9 71
47 95
50 57
304 360
221 394
435 440
12 32
183 294
343 386
153 400
4 7
267 254
37 49
255 383
238 385
48 119
204 469
148 255
300 431
320 336
235 404
265 445
219 83
78 305
417 449
137 244
82 417
211 352
217 160
234 325
102 36
72 136
63 157
432 277
106 150
188 207
140 387
112 269
441 320
11 41
336 363
125 36
36 101
99 446
164 115
374 214
193 261
33 72
17 22
27 35
142 189
233 2
27 39
427 160
66 318
236 253
300 230
356 174
18 260
249 281
70 107
57 190
45 96
224 306
15 257
3 29
149 248
12 13
6 18
200 117
64 165
271 23
83 31
393 457
208 426
273 436
243 437
32 55
32 73
5 6
212 100
9 105
115 198
133 438
123 203
45 407
69 104
383 401
197 448
3 16
19 4
163 47
14 161
27 381
160 36
5 98
186 229
67 121
99 90
1 4
11 40
154 451
7 159
472 202
111 146
37 97
449 191
31 120
127 425
284 354
9 118 332 406 387 301 313 294 73 437
2 230 336
384 406
170 265
102 252
182 229
188 363
110 62
256 312
10 7
347 266
3 18
202 130
4 32
69 141
83 37
307 280
41 13
291 79
296 308
243 290
185 208
109 135
44 306
47 313
46 60
128 262
97 173
123 264
153 221
8 105
228 12
222 295
217 152
87 118
268 352
69 309
320 115
6 47
91 120
53 89
27 69
2 238
300 47
86 36
57 358
20 101
149 82
4 81
70 132
117 123
380 328
173 355
184 364
49 78
110 161
217 302
8 11
100 121
97 102
184 282
263 13
72 169
322 56
216 56
6 23
240 315
164 174
63 143
201 58
11 280
316 220
333 357
105 134
271 356
372 361
46 114
200 75
283 344
289 310
64 235
314 125
166 225
329 342
83 147
211 241
177 354
2 206
350 373
8 31
272 294
56 175
20 93
301 215
304 96
72 20
196 232
189 231
11 16
251 228
38 53
39 286
50 381
24 19
9 112
91 176
27 155
234 246
54 71
19 35
68 164
61 108
159 114
36 157
31 259
9 1
188 190
153 172
349 50
242 305
138 126
337 155
68 153
117 242
374 328
5 2
209 240
98 144
182 174
149 186
181 49
222 3
18 22
1 13
13 54
1 3
112 189
128 270
24 142
57 166
52 113
143 237
130 250
3 220
91 109
65 254
323 118
99 98
84 366
36 37
4 289
382 111
145 188
346 78
27 87
37 203
125 244
297 340
1 2
95 57
351 244
132 29
93 247
194 105
21 104
303 328
61 362
266 20
30 71
94 223
229 369
165 233
326 100
10 40
41 272
45 23
4 6
15 61
20 6
85 293
2 46
205 53
35 319
33 34
330 124
127 3
267 22
12 9
32 224
117 71
188 212
156 249
13 122
376 9
33 38
104 268
199 239
16 21
168 287
133 73
163 383
145 165
78 213
306 37
254 279
14 79
72 137
5 67
84 124
168 131
48 100
12 317
128 333
47 148
27 99
234 47
151 152
257 172
284 204
39 31
205 209
180 325
341 35
87 178
248 161
278 149
86 198
133 101
160 68
124 331
66 334
89 177
116 63
46 68
365 383
210 68
324 332
135 377
157 226
277 4
73 98
55 324
114 222
120 227
88 55
273 358
57 7
183 142
369 375
6 171
162 191
144 371
132 211
303 295
375 351
26 22
379 20
84 72
9 125
132 140
165 136
159 184
274 152
135 150
33 12
11 25
368 179
137 281
146 28
13 29
39 329
4 1
148 163
133 207
66 33
232 91
66 60
10 273
49 82
114 243
29 275
12 204
8 4
58 73
80 70
167 99
78 258
195 318
17 126
7 15
4 55
6 30
66 76
122 299
81 111
123 285
69 119
285 292
56 15
17 7
172 321
125 185
99 170
16 28
128 195
113 193
11 27
1 106
55 59
42 50
104 298
127 365
53 63
123 129
92 136
139 123
115 52
4 7
157 261
59 70
19 1
81 179
28 36
124 187
34 75
10 74
243 256
113 151
10 65
66 370
345 62
94 196
44 27
19 96
106 97
16 1
164 288
12 162
53 62
56 103
199 66
27 94
194 92
37 154
44 58
51 343
169 260
43 10
93 128
82 107
89 158
74 338
367 180
339 218
99 327
54 145
49 117
12 130
322 360
98 269
34 77
42 3
316 350
84 214
325 178
348 157
313 46
5 49
5 51
150 230
108 283
97 26
69 35
296 23
361 31
192 151
212 255
353 326
329 335
168 359
165 384
45 64
217 245
178 366
85 131
48 36
336 161
52 253
16 215
9 14
136 180
44 52
91 81
378 357
2 219
16 297
362 340
89 92
30 85
276 131
234 311
3 90
228 224
21 197
261 371
9 156
218 124
22 236
253 271
7 115 130 188 330 272 44 325
19 260 253 208 223 44 107 111 212 166 101 259 63 59 264 315 340 342 129 104
