50 50
94220 -67333 -68143 -41424 2772 -19492 22048 -2284 71767 49695 -21500 95100 -78927 15275 47933 75553 -80026 -96859 76622 88303 -33405 -24295 90444 -5399 -66705 91625 -52366 -79995 11178 13083 39364 -75133 52859 79988 81949 93136 85080 15182 -95080 51699 -42825 -82839 16325 83915 -74383 -32104 -52164 65504 24064 -70242
71085 77016 -40157 91234 32174 -16809 66462 85308 -46638 43942 -59426 -45592 -59663 79991 -44952 -93327 34619 87779 -77021 83751 25390 -31245 -73651 -91599 60235 96358 54156 -23479 96100 -25195 35394 94295 -31230 54035 13695 30413 -2695 37167 71131 65869 -78263 -73695 48882 -87034 74656 5096 99769 82156 36480 -69018
83285 93856 -19234 36114 -95300 -33948 62365 58247 -29897 -74560 72023 -16146 -6780 28321 -81727 73109 -98477 81818 65317 45050 -5619 -33150 -10867 61694 34392 -9695 -88560 -15995 -18880 25794 -70958 53156 5323 -39845 8780 -37513 -16230 63620 -75398 48295 62169 708 -30221 14488 -85837 -89162 -65230 -38183 73817 94167
-32766 -55826 69754 13274 19177 8287 -79335 11789 -53398 20399 -80450 -812 -71581 91087 43651 -53026 1601 18234 79862 -77396 81331 54329 -37671 -84853 84878 90671 -41473 17558 -56663 96452 -9996 -16064 -83426 -29231 -859 -62368 -37919 -7451 17231 -80751 13075 -6738 -50255 -72317 3945 83613 44951 -34064 79299 40573
52939 97262 -89649 -13477 56410 16598 96628 28578 -82262 -81598 -33167 16254 -53276 61901 82196 71036 -13089 69041 -64615 -66857 -41241 5599 -6410 8511 -46999 12450 43783 -17519 -22165 99962 -35608 23827 -10786 17076 -25513 -37623 -86969 -64789 4936 -44832 -78794 52528 3831 -80928 -58891 15983 -55114 29199 62100 -40297
21001 66852 -77071 -2604 47242 -73314 88341 21101 -65531 -82537 21090 -18442 -4778 65209 34747 -23744 16106 -49278 39017 48508 -32783 -31474 23068 41524 -48578 -12702 -59681 203 -20780 4876 44138 59546 -82827 -56399 -37438 -73301 59868 -83811 55681 44812 -4657 53416 -92085 -78803 -43868 89272 647 544 -5121 -8890
85422 -37931 75738 -97701 -70409 -45760 74889 42967 -81040 -59486 37447 -38719 -75239 72633 79644 97503 -32204 -209 81529 35575 22526 78844 17651 26288 -62227 47106 49441 63862 70596 -80335 -90089 98453 63770 -55590 29549 -88143 -42241 -36073 24433 29204 -40268 45908 -219 -77864 -5376 -5238 -72612 46732 -2752 -88595
-99557 34696 -49920 -35015 -39391 -27993 -59742 91717 38394 35743 8072 -32294 71727 72670 -28863 45495 74900 -21970 -93672 32004 -94723 66028 1617 60058 31097 -96333 94277 87925 92645 -7673 81110 44948 41852 77561 -95429 67467 -96987 57963 -90561 -64296 33074 -86287 78359 44040 -58143 -84768 94393 -60121 -7474 -98190
11035 66966 83734 38041 -14144 70723 15539 -72277 22556 71813 -77214 30651 -82647 80005 90982 -95085 56703 4602 13666 51934 -5227 -59698 -26616 -90186 74777 89383 24170 5232 -81073 80369 61821 27008 6263 44371 87112 -35860 -86441 12613 -39559 -84428 -74965 4164 -50224 79789 -99997 -49397 -88547 -37388 59797 41258
17367 -96430 -54139 34678 -7970 14167 -81975 40197 -57804 84461 -29074 85290 -33323 -6883 78735 92943 -71756 -26433 114 -82821 -78824 -13720 98010 96721 7446 13037 99311 -67375 51891 3261 97815 77009 -64626 -85169 -8786 94376 -69211 -61212 1774 59915 54510 86776 -18694 -58359 -44286 -87604 -90622 86180 5769 59723
56394 83744 -52430 -11188 84764 -44172 20670 -16057 34548 20866 -27473 -32014 47789 22829 57265 54293 56613 -7089 74229 -54023 -56992 -41883 -54890 -24164 10582 63272 -84752 -81823 -6444 -32695 79513 -62575 6769 -77101 74923 38382 -82561 -78226 -54916 19415 97342 -44661 -32523 -13434 42381 -73921 -12989 56223 51807 -52271
47668 -79632 3546 43499 24011 31093 72399 36913 -37841 -19088 69635 -75999 23408 -16399 42177 -31734 8622 -48562 -12763 -9662 -6251 34544 -23902 49060 80426 -5059 -86576 58500 -70771 -14115 15587 5717 -20015 -32877 97828 -98465 37639 -46705 -13244 -4199 -81015 -85670 -43528 29946 9751 -11838 -91563 -58054 33215 -8941
35515 -53021 -94547 52219 -55701 -22170 45196 -48533 -82545 -76956 1342 -3198 -29489 74365 76443 24171 50372 -51096 -29465 -50437 -85226 6069 66842 60278 -90478 -77697 58428 52535 -28481 -35993 -89933 -57935 -75898 -92183 -87330 -6778 -63770 -13520 -42010 46382 -62651 31587 -29484 -90920 -84844 82762 -62106 57217 53211 -37846
-39658 43412 -16372 -16843 -6676 65112 40556 -73709 -54678 69387 -76234 -36759 52501 34642 -53938 -78794 35275 -18356 97092 87232 12156 -9220 -67575 34199 5148 -7564 26991 62451 -64461 5610 56433 44059 -513 14495 -79344 39254 98028 -48819 -52012 50781 -55781 4927 -23147 84184 49341 81113 -76676 -93942 22191 11055
-58122 36209 -78632 85905 63371 -17979 -6574 88928 77255 94373 -35238 92340 -29271 34875 80586 28558 3408 -86561 -1482 -39369 78280 95570 38568 30366 49846 -16457 -8258 -8326 -2483 -11752 -62514 -28694 -40749 -79319 -24408 -63662 -17860 -25638 -93990 -75488 37285 -67931 25487 5187 49686 90268 -28554 33329 -37040 81179
-21278 -83403 -89685 98948 96162 -53250 57769 67400 -36939 -48888 -2068 49717 -29660 -64668 33035 -34870 97298 46274 -83384 88325 82214 -52959 -68904 82902 23538 55828 54527 -37017 -16067 66284 93672 36060 13634 -46942 9414 -7094 -71280 -25591 -81409 -56587 -89610 3432 20107 68738 -69479 54114 72264 -74732 30957 -50693
72944 51928 -15027 -10508 -53223 -96430 -13687 26039 6454 54659 -42543 86896 65062 -24998 6511 -61922 96176 -38012 -26917 1560 65980 -75439 23702 78636 19646 -17305 -89101 90386 -35758 63830 -82006 -32726 -52797 27777 34591 -22043 -6224 14800 36668 51772 -67042 54551 98433 59872 8937 42058 57357 -73761 96631 -97040
89716 -46359 -41283 -88765 -87281 -37315 -9757 50541 59088 -3352 54308 51909 -34538 -49100 12678 60122 69473 80922 85225 -49853 33872 -49476 -40975 13584 2564 8066 -67044 -18975 54876 -6256 -87784 -12827 -71218 71940 53020 1190 -94457 -20449 -40441 -48240 -57769 38373 34338 7528 66017 -98157 15340 -21457 95653 73205
-49094 -92846 -45962 96704 -23712 -54324 -3427 70111 67191 -85239 -17951 -11205 -6453 89946 -81035 -26462 -11260 -49824 76196 -2476 22207 -61589 19936 -53367 36909 89010 -786 18860 74422 -35503 81842 66809 7827 89155 -29765 25500 43455 14389 -65608 -55631 9707 91703 2986 -66994 -930 39987 46110 71243 -27945 45198
14099 -62904 53315 -21478 -19168 60446 -91485 50389 -62488 61578 -15659 -30993 -15576 13255 47813 -80304 68254 66470 -71862 94119 76057 -67799 -42706 92395 -61031 -48771 97708 24311 -37095 -82215 30293 94756 81288 47558 59277 -13546 86136 -28058 -95183 -45932 26911 38644 -65040 14918 -68051 30928 -79704 93963 -64571 46423
-99621 -22828 20147 -22822 -60543 -1586 60042 44397 99241 62106 68152 -77340 25312 -49329 58445 37460 93941 -49146 18061 13833 84590 -35442 54109 28358 -56295 -49465 -40821 -3342 -96660 81138 -15011 4962 -75248 -85139 7231 36109 -91371 -291 76404 40653 55946 64229 91034 -6358 9212 80538 42183 -3440 69180 17831
-83895 32605 41427 -13785 14473 -89731 -17827 79508 9374 47275 -38797 -29690 -13132 -71366 6666 -40507 94579 -77414 -9858 -69829 -23060 -88979 -28940 -34975 -82258 90048 32746 -37931 29758 82988 -91183 -54904 -72702 89308 -24162 35297 -99581 66305 -37906 18419 28763 27634 91746 69800 -58077 82883 -46976 -42781 -38734 91310
-97966 -84301 -20332 77959 -88877 -65502 -18388 -53680 -61056 -64788 15058 46549 -62992 44430 37922 63141 87904 -56929 79792 26976 52355 9418 -53234 66343 66031 8387 -85332 -81246 37882 -61336 -16823 24734 -88813 886 -99472 -1743 13997 -54803 -55268 -91582 -26247 -45532 26488 47820 -46786 -3646 91234 82120 -39729 -55834
-94293 86167 -90071 -47734 -29766 -36429 -80374 -6826 48787 63433 19753 83608 96425 -21498 97969 -77586 96323 1367 -43882 99674 -78648 -88843 21781 -51167 -67802 -24323 -53609 11044 70096 66137 -1032 -25170 66461 15132 -38187 69993 66904 76959 2253 -86416 -46388 97599 -3444 -83324 -21980 32521 31906 -42163 -67385 65080
34587 30181 -94028 16064 27436 -48100 2240 -44672 27055 98264 54372 -39150 -58591 87550 5086 51554 19717 97384 27844 -78437 8423 12658 -86510 -98891 40131 -84649 -37822 57369 -40467 40002 77435 -78498 -95983 -47301 -71371 89589 65930 -15379 -9318 99820 89674 86436 18793 90071 -4263 -45669 15065 35128 -60186 -35331
3660 -37101 -55509 -18053 78866 67492 -19865 -34711 -76872 86962 -48611 -93066 -73158 -69460 -52191 -1 -86969 -10979 60642 48494 57883 -93929 -18303 47384 37403 -50829 98697 -41100 -79174 -3457 69958 78616 65375 -8140 -60789 38174 -17842 33202 -3848 -34531 65661 -83188 -98733 7602 -33186 -60985 -51610 92246 85424 83736
66854 89087 -68878 -42690 89326 -52940 -36799 39684 27721 -5176 35180 -79759 62554 -64444 -58335 -48981 -92524 6770 -18585 83328 -2197 -51022 -58370 -16500 -8604 96183 51594 -22076 96383 -21195 43616 -83776 31798 -168 79664 -17050 98016 56651 78790 -18167 55973 -53638 61404 -70305 -46459 25170 67506 -29784 -47846 -6624
-69613 -35041 5928 -10394 -18727 -18787 -73107 89888 9112 88770 -92986 54058 -66382 -64844 99854 39228 63726 -37435 40371 65575 -44726 -10326 62752 72448 67966 -34972 -13707 -80401 50138 -68590 -4194 -78273 -54611 12737 -74266 -90060 -52761 95563 -56469 -75208 27072 41697 51208 -2512 -95119 -51740 -98166 -33809 -40041 -79814
36535 2378 -62900 -92111 31487 -85961 81218 3495 20179 63504 75413 71176 -26792 -71842 -39420 -59599 -62866 -45650 -77588 38072 -75844 15108 85023 -45141 333 -70889 96912 64380 -9501 57050 76808 85456 23347 -83953 11556 -82349 71503 39489 90120 39584 61067 71773 -10036 6147 18114 14226 -80607 -35679 -12630 40848
40609 2450 -72869 -80562 83542 84639 -39143 -97376 56915 7741 -30435 14682 46494 -51279 55765 86027 97795 6051 27733 76822 11759 25441 46171 -83115 4313 -78408 34439 38682 50097 -78744 -11399 -86836 23398 -58823 36515 7444 51327 -82407 59080 79673 47692 -84637 -77601 -51402 -21084 -84075 54943 77255 84609 -35487
-26213 -73593 5588 -5983 25806 39532 46780 14090 44575 -88389 59974 -49703 62514 94940 -10103 79386 77183 80750 -41003 -5072 65808 9138 -28413 -90823 -97832 21532 10669 4173 -43257 -31240 -85189 -61579 -10937 43109 73115 -22554 80366 51264 -3396 -97535 27498 -32650 -27641 -37800 65467 42115 -75261 69325 62301 29295
55402 41907 90721 31957 79780 59993 97591 5231 -41236 -49882 -71602 90641 -17020 -47282 -68083 5349 -49402 -61955 61457 -1985 -91950 44305 -40988 99132 -10411 -4298 52338 91662 -62095 20406 54314 -63730 -99876 -28550 23871 -94228 72076 -12238 -52433 -50322 -15298 -97471 96187 23225 98567 62757 -50529 -78764 -64178 85736
85667 -47730 -27691 84368 2562 -11290 -79223 42693 54645 -86305 37442 -28125 56561 24551 15593 -65436 -91842 56543 75137 62147 -42114 -84068 -2745 16227 -87614 -96556 -35429 -8438 50115 91203 -1246 -41909 -83095 27159 63053 39286 -16520 79101 60185 7963 80284 24805 -66761 83271 -93359 57631 88375 32959 92164 24859
33157 -53003 68049 -65938 73406 18456 -85280 -93524 12874 37058 46580 -92988 51307 52231 -10167 -84062 -55218 -44811 22549 59701 -38580 49427 82754 -9989 46749 -75564 -49002 17354 -80066 13552 30103 94071 18592 -30971 -26005 66206 -85271 -81573 -96798 -52936 80221 -30537 -16044 -6249 44318 32194 80443 9960 -40667 -82174
-52933 39248 58852 -99326 -73832 -23009 81049 -58079 64828 -43364 45232 99255 94883 -21563 96023 -25928 94744 -14535 -89566 -71938 43624 -40016 73322 -76278 -51140 -62578 -4418 -79983 -61184 -93939 44035 14673 2644 -58644 -53206 47117 40517 -90543 90435 -57687 61003 66688 97782 -88273 34185 59314 -86571 99536 -8682 11376
96657 -41612 -32739 58388 -44069 -94391 87507 61244 59725 55003 -19286 -98019 59214 -70046 35978 -69702 86634 49489 25557 40375 -15281 -4137 3519 33502 -59713 -48985 -82023 93379 51038 -34159 -93358 -64651 -2888 -31866 -20465 -66196 83499 6145 54260 70485 42744 58134 84062 32371 50649 -83167 46666 -91015 -92542 53415
44849 -57201 -75297 85777 75099 74497 -2421 94797 -84190 -54759 -4573 -36035 69816 12372 30844 56804 38942 -98107 -13587 7086 58613 66932 18373 32904 -7351 -52395 34528 72222 -56266 1067 -8700 79465 20356 -27811 81807 -37053 -39773 -30868 -76288 -73388 -12699 92039 -79350 74440 94558 70725 66654 7045 81461 -16603
-64072 -81751 14971 24961 78360 -38452 58363 -85971 -78236 10238 -41282 -35962 13497 -99711 12931 97427 77410 76485 72358 -61921 -13304 51790 90384 78419 -48119 66734 64552 70619 88980 -24997 -77892 93482 5714 36069 31336 -39926 -90478 -50964 15255 15332 91681 46612 -54379 27792 77999 -84736 40031 24884 -70946 73102
-30151 -28466 85469 -75013 -88625 -10155 83312 59520 43347 60453 3716 72541 -84824 13882 36810 -19130 -48290 21230 88444 -40759 76571 3267 93701 -7874 75863 5666 -61959 -66528 84250 51729 -68392 -49603 21867 25189 72175 63441 -20545 -7921 12125 23492 -30471 69314 79611 -69395 -74886 -48841 87091 -9864 -48839 -80218
16635 -3089 60546 -6585 57058 -89055 -14042 32749 73508 -86028 -4002 37151 -24418 -31648 -58181 -84999 18175 53715 15526 65760 -72615 -3527 -99839 -58189 -28504 86812 -76601 -17232 -36232 -11105 -60871 12316 -9487 1009 -53492 -76413 82131 -28194 -82698 8233 -58128 88945 62419 15661 69905 -13494 -70240 95393 81426 79968
-68657 48332 -68787 -31220 52925 12187 76536 42353 -39284 -49590 -7397 -45483 -6916 -85841 -26415 -94870 41107 21598 -70739 49193 -99461 11378 86974 32930 79153 -84831 -34267 -94385 -15248 16112 36053 -43766 16265 41673 65925 52942 -36045 -29090 -33495 -99682 -96151 -45917 -17005 -58744 -4092 74729 5105 78398 -93471 -10103
-12711 41524 -53403 93871 91915 17486 9010 -33181 1032 -99367 -24874 39480 -72760 -9177 -13393 29507 38344 -29786 -47394 -25593 -77036 -8915 -29309 67843 -65085 73476 -99907 82878 -87703 64167 36224 21309 39215 -4078 -53085 -64840 -93544 39757 20237 -22387 -13378 -37760 3103 -42159 -66554 -88770 11928 -2802 -26546 -83898
32959 16034 -59415 -82016 19274 -63138 -76305 30329 8424 60137 91749 -73208 70567 48319 6590 66291 -21343 -26273 -32826 -37462 65273 93568 -24591 89063 33055 -34832 -54720 68072 -42725 -81529 -91149 -25468 56242 74535 -12004 8792 -38261 7200 26747 -12901 -70004 97889 -51837 -60725 11770 -17076 -1300 22009 -30773 -64769
94314 648 -15323 19340 -66205 -52689 -83116 -75154 58413 85010 97747 -77636 11128 24372 58022 -74931 72286 42074 -2781 -19085 -11255 -5617 -75060 97368 -82992 57970 7275 -25485 -32748 -86498 65565 -78485 15149 -98561 -87639 9943 -355 -45077 -22087 63099 533 -96346 1403 83756 38972 -62858 24498 39732 42795 47811
-45536 74817 8541 -49111 99294 97910 -55374 -49049 -8699 -1096 7688 22753 18138 -27168 92129 11261 -34944 58112 22415 -86833 -54561 1857 -33523 -6172 -2132 23668 48616 -819 41495 42569 48692 -28367 -33131 -77962 76026 -46324 10532 47823 27421 70746 93356 39477 -90695 76894 62195 -20270 75892 -78913 -13559 -10225
58210 -35936 -38778 25059 -69545 -93854 42162 -68237 -36559 -97713 71559 90942 7989 5162 34395 30742 9210 31343 6460 62177 14515 -73030 50200 -66604 -6260 -43379 60596 -60079 -64433 33448 -93118 -25765 -22777 -87689 30768 -63829 -85090 -86785 -13514 -41995 65692 -15352 88865 61808 22624 42357 75247 -77907 61415 27535
12237 -62338 99304 -80622 -91920 4261 30240 52113 88265 -75300 86795 -18717 -90640 -77834 1934 -25285 -94998 -54642 -39839 98286 93978 -65814 -79747 -21545 16502 -52869 -90987 -52728 -70845 -36906 -7190 -91461 -3088 -82805 -40022 50280 17241 -67479 -33759 30312 -38764 -89965 34893 28306 49938 -43454 2135 11970 -67654 9617
40082 -73954 72149 61471 95008 -79831 13821 68774 -83310 -33988 -23687 3651 15269 62108 36559 98954 -81231 1539 -72495 55002 5658 81234 16405 -3194 -27616 -19896 48815 -28139 51661 43886 -25431 42748 -99625 73818 44513 -73179 91405 -35819 77081 68908 -7368 67114 -4856 32538 38774 30067 67555 42555 4287 59209
65725 -59208 23510 -88092 -7189 -23405 97210 -15725 -24697 49769 48389 36069 44591 -34327 -68696 52557 52386 -1432 -75110 -12995 63668 92705 -38026 -99544 64004 -15455 -63278 11385 -32012 -86863 -13890 -5608 -33939 -81780 94458 11803 -22921 91600 -79094 9386 -16520 -41663 -11599 -48821 71456 59583 -55510 28016 -79886 -28766
20380 96082 4199 54708 -5860 50166 -8397 -71146 18323 16396 92524 -37972 -71195 42601 -99279 -40275 96912 -91784 -82114 26895 37198 -45652 -12643 -64508 18930 82273 -83971 57030 -45447 51609 -63135 56941 -77033 28979 -51961 -99135 -31499 -63675 -11038 -72856 -54903 21483 -73781 59119 -38702 -48196 -78681 79213 59644 48365
