29 48
-389 829 -164 -69 -623 -30 -712 -142 -903 784 501 -659 -230 -13 845 440 -320 664 184 730 -585 -603 261 -852 -780 380 -284 366 -172 538 -270 -462 -437 -126 264 752 247 221 -321 -747 -82 -71 -770 -522 -213 -368 190 -410
-35 223 -872 645 -471 -435 -385 833 -208 -875 -702 -612 663 278 -218 68 -226 -361 -415 -453 337 75 -276 -632 -228 -503 -129 36 248 671 314 -56 -512 -258 256 791 556 -589 528 -659 -798 -165 -584 253 142 339 -270 248
369 298 699 -237 -566 170 354 -766 -782 106 -473 174 312 -885 -806 -356 -133 360 158 -692 289 -229 164 -891 465 170 440 178 -279 229 751 -431 491 -357 216 -739 -463 -815 -655 564 411 21 -879 68 -531 -813 316 163
538 -198 -5 33 570 -430 -115 -243 658 -711 -653 -38 -671 129 -621 -477 -805 -787 -734 267 -424 49 -675 -788 811 836 -792 -773 96 691 665 589 -212 347 -241 -429 142 742 255 213 -256 -11 588 407 -732 836 283 -259
-639 673 -484 489 -193 -246 -439 26 -796 375 -625 -338 521 506 111 -34 160 -803 180 -193 192 -796 834 -402 557 -70 1256 867 277 1069 1162 70 1213 105 728 1173 535 316 973 1039 430 -113 1606 1576 -808 -378 395 695
22 -157 344 679 480 -67 -623 55 809 560 165 341 -182 555 378 -595 315 -296 -789 -523 -565 -801 -711 -462 505 296 800 1089 500 1311 -77 860 448 1411 1523 -83 1530 123 399 1551 -120 816 628 1152 391 583 513 -758
672 823 -881 -257 593 794 554 276 775 -402 -804 -174 -244 16 170 459 346 -195 -21 604 791 613 10 534 714 259 1373 1051 795 1453 1599 350 -32 365 1511 1571 64 1227 797 699 195 780 638 1090 609 -540 -34 123
642 -405 532 -782 366 -713 -135 348 -790 306 -899 206 -799 -143 -377 -357 -83 -15 24 -217 157 -160 -169 758 -577 11 1380 1301 1125 92 61 311 96 743 289 1206 1168 1614 1444 885 465 1381 240 233 -174 -836 645 407
440 592 -503 215 -298 -465 801 103 -521 -221 673 -743 -285 573 128 -84 356 -843 781 -223 -706 717 -40 -113 -469 385 1520 237 213 71 399 971 1224 323 386 1100 8 986 1186 14 -85 1119 928 -12 -264 -860 183 -174
-98 -581 -237 -630 -96 730 487 67 -872 -25 533 -658 337 -160 -227 769 -379 -645 -841 -530 205 592 724 695 -805 116 593 1033 1063 1181 484 1221 119 603 1344 744 1478 983 548 1355 781 121 604 756 105 -372 -673 -483
289 -178 438 -562 -62 -46 -463 -61 -447 770 -630 -881 -373 -16 -176 -278 -828 103 -827 94 519 443 222 267 371 1425 776 19 945 53 1348 269 1596 1202 610 -18 884 1191 66 688 868 721 1350 372 380 -737 90 101
-11 -469 500 -512 -786 -366 134 46 -502 648 521 -164 25 -452 559 663 -8 -331 -237 -596 -899 -899 228 166 -571 -196 117 352 180 -202 -620 -336 642 -877 538 421 565 254 -395 343 747 210 -155 137 -388 806 697 660
90 -853 251 -75 273 -539 -775 -725 545 801 830 -311 -812 547 778 615 102 -164 -626 -634 400 -111 201 -902 -809 -111 -531 -746 -64 725 -545 288 736 660 212 329 -528 -875 -875 107 185 836 302 -355 169 411 -633 374
-124 678 -188 -372 -409 562 -569 45 584 302 -491 -748 347 617 -569 40 -496 -342 17 836 -513 -174 670 -603 -41 628 526 -657 204 -194 213 814 609 -96 303 558 24 -398 117 801 -628 670 -660 -669 -23 -825 -823 154
-433 -183 6 143 -718 309 546 -511 131 698 -10 80 -461 -269 314 -766 -467 -541 672 -253 182 597 -532 -628 -766 -726 -879 360 -504 -122 284 822 -117 212 -802 217 -156 -728 -278 -855 -736 521 14 527 -22 449 -877 579
-848 630 -862 -895 -773 445 791 -656 -659 426 624 -199 -267 -116 304 460 -779 133 225 302 117 -370 657 -284 362 -748 -203 -102 -735 -240 -330 766 -246 379 -604 666 -192 -97 -677 -716 596 -825 -669 695 -319 455 -487 411
404 286 6 -390 67 27 -37 414 455 564 -81 352 5 542 742 152 13 721 429 -144 340 -89 -613 766 -19 -544 -270 -37 -570 533 -320 -638 -390 744 -783 711 22 -831 177 -666 -667 609 828 -77 -72 200 713 -481
684 -10 365 -220 153 666 590 694 734 423 101 747 261 -139 612 -212 38 -38 -601 615 283 -604 179 93 76 629 -122 -299 717 -463 423 504 802 -473 570 -619 -583 248 751 -892 -599 -406 -839 -664 -360 -868 459 509
523 515 -706 -295 668 -827 168 -609 -794 211 207 -837 52 -219 345 -470 409 119 618 -506 -850 -449 -849 260 276 -721 611 -580 -388 -129 -200 107 -489 673 -503 583 -80 295 -300 262 490 820 247 98 -583 -373 -717 130
-70 83 -897 623 -578 575 -740 14 320 35 -535 566 -772 -95 -824 -515 754 -308 -510 -73 -177 -195 -158 -752 -332 463 -698 -825 197 -393 -808 -389 -370 -564 245 58 -704 -700 -367 380 0 744 -22 -145 467 -749 -258 323
329 -575 -186 312 567 0 -626 -652 -830 392 704 25 -515 260 -94 608 -804 38 741 734 536 140 299 -335 501 318 526 -274 -847 -781 782 -482 816 -17 -216 -895 -214 -290 210 -258 -387 -442 -128 -518 -296 501 370 607
161 69 378 -616 312 300 686 160 -715 -443 -658 -114 -844 647 607 23 500 304 18 -619 -801 33 566 -468 233 716 785 -576 688 -662 551 -2 -886 723 749 -205 667 -384 699 -695 -760 -222 360 -865 -468 -675 -312 288
-892 -213 493 -883 -173 -650 -160 -491 -451 -363 244 741 243 -341 609 471 481 441 -358 -807 126 205 -180 594 -631 -376 -390 687 -807 446 408 726 411 810 -784 -486 -263 337 -487 159 -763 711 538 291 803 -882 -198 392
306 261 280 -408 -100 388 -342 -13 11 514 -77 555 552 -159 -577 -738 326 197 -69 -383 -5 -707 649 473 140 -227 -783 -676 111 -722 -95 -189 612 -873 313 -23 678 173 -535 701 415 209 168 315 -810 458 146 144
354 607 -606 -97 -558 -132 -142 -149 -399 240 495 650 -273 60 -810 -195 -346 -703 261 397 -61 -358 -523 362 -17 -657 513 339 720 -452 86 602 328 207 -650 138 761 737 784 -899 -97 313 -481 -165 -830 -668 374 -351
592 -94 -16 123 104 -527 85 424 -147 706 -573 -487 3 71 808 -576 -366 -897 -145 821 -768 105 -789 810 -428 345 106 215 291 -732 660 -408 -849 -366 130 -68 628 686 -392 580 -722 674 37 158 769 -865 -697 123
102 -161 -300 215 216 -580 614 -887 61 984 456 725 1134 192 768 1305 -6 133 -91 557 784 1155 1077 999 825 916 623 1034 253 785 839 480 -584 429 42 -387 -759 543 582 -467 -854 -830 113 159 569 -686 -315 720
-703 -361 763 69 825 632 670 -350 609 622 828 1217 1500 1082 1153 1033 1560 1583 839 1263 444 373 1489 1016 172 845 259 235 358 221 1560 -636 600 93 83 711 676 -813 -603 456 31 -368 247 -213 123 -215 134 839
-166 647 -292 -86 789 -338 84 609 84 -727 728 694 -506 201 -506 -787 -60 392 -546 -310 -847 -755 -723 355 824 322 588 284 802 52 -238 36 561 -136 -32 342 -70 -110 -230 758 -406 673 102 -566 127 -216 26 611
