15 27
252 -372 798 -362 -278 -698 664 -716 -650 725 -304 -192 799 -434 -684 -340 -352 378 743 613 -489 -56 213 -236 -687 619 -377
399 754 -384 -516 -402 -560 790 433 514 335 392 -502 -382 -77 688 -781 -392 -80 -704 250 -148 414 205 -162 173 79 525
-343 -830 12 -416 -119 859 314 -495 383 804 331 139 387 736 474 154 -328 419 -415 -901 468 -168 -79 295 -530 -802 -83
-371 195 815 -203 565 -11 523 118 -737 516 195 -389 858 -1 -130 625 -163 -31 -833 99 676 -555 -255 -447 -265 583 -439
680 -440 721 -664 -425 56 492 -299 -539 -603 -272 -358 -533 258 360 -873 381 666 -572 729 -454 656 -770 372 466 -780 283
151 -903 -188 581 363 -790 -887 770 101 -306 -616 -31 -108 -576 -81 -845 138 -797 -294 -763 -669 306 -636 121 -243 722 780
403 -492 585 480 -371 253 -59 117 508 -216 -740 625 -596 725 752 528 282 168 -83 527 -237 -267 -241 604 253 -100 753
-110 653 594 -468 658 -776 664 373 259 -304 -211 -841 -579 -236 661 6 -378 170 664 -682 -545 24 -99 429 -738 212 -164
-213 439 536 182 708 724 -609 -657 -543 -71 851 -227 -604 -514 -419 -501 -878 -754 3 -260 399 -385 -280 -133 -68 -706 -733
299 319 181 458 -199 -63 68 302 814 -191 299 -637 -250 -314 -68 625 -732 -325 -837 20 -249 654 -672 -220 -796 268 441
-65 -531 107 0 191 -44 446 -604 149 342 692 56 -709 -749 -363 555 -461 727 459 716 -901 200 228 743 -278 504 -553
-240 439 -323 -836 -207 -55 -524 639 69 -784 531 417 -386 -402 -124 323 -838 -511 331 661 -311 -605 -485 -607 -12 339 -302
-229 -323 526 -289 -305 -327 -787 24 -289 -283 208 -467 699 751 -344 753 -28 -523 27 320 702 -812 444 -551 91 746 -206
-243 68 -151 -549 -711 -849 64 -668 61 -571 -739 496 -46 103 -206 402 589 446 326 -133 696 697 -143 566 -724 -845 -101
723 -730 768 168 613 -529 -879 459 -170 -370 0 -357 584 -467 -875 -466 -240 -62 -269 245 541 494 -896 482 319 -25 495
