45 23
-296 3 134 -477 -1151 -500 -934 -511 -350 -652 -636 -807 -1030 -670 -1074 -1340 -731 92 50 -1308 -1038 -81 -162
-752 191 -1257 -1200 135 -453 -291 87 -1266 -1197 -654 -204 142 -568 -998 -109 -89 -1376 -631 -958 -1264 -1173 -1101
54 -1186 -193 -54 -1135 -1253 -195 -1297 -409 -943 -748 27 -397 -648 143 -1219 -1340 -254 -488 -662 -502 -1326 -968
-1013 -1012 -920 -903 -31 -606 -338 -313 -559 -148 -615 -113 -48 -6 -1140 -351 -1251 -121 -461 -640 -699 -124 86
-1249 -777 -1186 -1241 -1411 -15 148 -811 204 -1343 -1001 -160 -260 -655 -687 -101 -1015 -1168 170 -1073 -1016 195 44
-252 48 -292 50 200 -1149 -650 -798 -240 -201 -784 -333 -660 -1106 -405 -697 -360 -1145 -1114 61 -281 -325 -941
-905 -781 -226 -729 -280 172 -451 -93 -820 -727 -1316 -541 -122 -70 -1408 -363 -974 -181 -235 -1092 -1310 -21 -1302
151 -1297 -633 -556 -144 205 -829 -417 -488 -610 -574 1057 -143 1380 255 -183 -234 -149 -1203 -653 -629 -521 -232
-160 -954 -1303 145 -266 -1286 -676 -32 -1355 -725 -700 1221 1048 118 734 -245 -1320 -1217 -939 83 -1225 151 41
-1135 -1409 -1156 -1130 -750 -1054 -1129 206 -95 30 -1233 906 879 950 156 -234 55 -822 -817 -956 131 -508 35
-240 -72 -272 64 203 -1192 -1132 -1099 -1149 -1195 -1236 -188 473 1200 -91 -1324 -640 -233 -634 -745 -886 -6 -409
-1260 -300 -290 -412 -1283 -1140 -306 131 -824 -1367 -699 255 -133 502 92 -824 -405 -186 -246 -112 -496 -1253 -1029
1122 208 505 1342 933 124 190 350 892 -20 1359 -688 1396 765 421 189 -671 -1244 -327 -761 -446 31 -871
-138 -75 32 -14 1046 590 931 1329 1199 562 406 31 67 322 375 -449 -1111 -1214 -930 -308 -3 -1416 51
129 856 1285 172 740 1320 -47 1155 816 542 825 -686 1403 374 1388 -310 -669 -684 155 -735 -233 -327 -1145
745 -114 -136 1145 47 1185 252 7 1358 501 792 100 133 831 773 171 -754 -1289 112 -452 -216 -886 62
1132 790 853 1269 -96 836 457 1252 650 394 820 -857 -6 584 997 -439 -423 -255 136 -1123 -714 -956 -399
1043 -172 400 925 1336 35 -121 1363 1359 1215 330 1248 -1353 -791 119 -548 -179 -330 -662 -67 -1162 -743 -1368
757 1305 799 566 792 372 337 -147 850 901 -84 110 -1107 -63 -467 -802 -1156 -1093 -573 -737 -557 -928 -219
1281 1210 1176 569 511 994 1371 267 635 760 1093 646 -1091 -351 -313 -1131 -564 -291 -68 -1047 -381 -1388 -525
918 874 331 381 844 360 1175 625 732 839 486 124 77 -621 -1330 -335 -1376 -99 -1151 -806 -1368 -787 -1415
618 1018 1013 212 626 -26 1159 284 80 596 1051 877 -767 -9 -540 -628 -388 -792 -700 -256 -204 -188 69
1182 -161 70 170 1358 1384 801 -7 -71 1 -59 10 -226 175 -1091 -1413 -638 -522 -1290 -1057 -916 -480 -1329
131 1382 -15 775 1062 650 -49 255 1181 375 104 -61 -1317 -361 -81 -380 -54 -1386 -92 -992 -533 -507 123
820 196 506 50 174 1038 69 385 802 557 749 -11 -907 -858 -1085 -96 -1201 -754 -658 -74 -1235 -1282 -486
821 1257 -86 328 29 612 609 160 997 1182 -2 1373 -1250 -89 -698 -726 -243 -1395 125 -748 -276 -70 -1308
621 -140 -80 1065 1133 -145 1384 490 300 424 533 -47 -984 -462 -403 172 195 -1024 -108 -1182 -11 -303 -324
-32 982 1016 1334 144 1022 804 820 1007 914 924 778 -228 -1161 -918 -1389 -900 -450 -61 209 70 -846 -872
481 164 -171 -110 -4 191 56 1341 14 184 221 934 -1129 -261 -935 -122 -79 -1202 -967 -439 23 -1351 -900
25 605 664 -72 346 134 393 -116 551 867 -124 453 -64 91 -240 -1030 -399 -889 177 196 -35 -1406 -333
416 200 389 656 -159 1314 962 1381 -7 384 -75 23 -319 -778 70 -676 -387 -1212 -1214 -795 -411 -144 -526
-143 1053 163 1336 156 1123 478 818 373 519 1179 1226 -1402 -419 -1290 -557 -984 -1399 -467 -690 -791 -757 -191
913 1017 137 681 473 322 695 1353 380 244 -20 713 -491 -267 -22 -117 -1352 -866 -1205 -1276 171 -1278 40
492 915 611 1137 -20 -38 407 454 949 540 -127 1282 71 -1152 -389 -395 -95 -181 -239 -1201 -1221 59 -871
502 172 649 1418 1360 1331 -155 470 -139 180 560 225 153 -1045 -1369 196 -977 -837 -937 -60 -1359 -215 -628
634 1373 580 1298 1006 203 998 -107 855 1396 412 936 -583 -266 -1410 -262 -507 -114 -886 -735 -270 -350 -243
492 751 391 597 854 1332 96 1000 830 -53 450 646 -1186 -1228 -363 5 45 -616 -1390 -92 -93 -920 -999
514 935 -187 286 385 1000 1309 905 608 268 1399 -53 -978 -17 -10 -137 -801 -382 -652 157 -1235 143 -350
690 1265 688 527 995 794 398 572 -126 125 1395 127 -1291 -311 -541 -953 -703 -396 18 -107 -963 144 -679
870 643 187 1076 1010 644 185 -57 1346 526 1226 1251 -1041 130 38 -1374 -64 -105 -982 -1153 -1404 -599 -718
699 1138 615 1193 720 1437 604 1308 958 870 711 739 -1085 -1343 -135 -439 -65 -1137 -797 -552 -426 -720 -616
-979 -1259 -920 -1025 -802 -475 -808 -160 -71 -891 -1293 175 -933 -410 -1111 -707 -118 -793 -614 -304 -1305 50 -507
-1372 18 -752 -14 -538 -1048 -804 -245 -1068 -647 67 -145 -1169 -1148 -284 -1019 -1000 -219 -1106 -192 -81 -1080 -907
-976 -94 197 -485 81 -824 -827 -1214 -832 -1213 -1120 -567 -506 -396 -1213 -1297 -1395 -1401 -454 -1022 -906 -1144 -777
-145 -919 -941 -1124 -1337 188 199 62 -1301 -589 60 -260 -89 165 -414 -435 -1369 -427 -607 -514 -694 -1244 -202
