41 37
-400 -293 -154 1 217 215 83 155 -43 -609 -218 218 -640 195 -28 105 -784 -32 -700 -835 -136 -255 3 211 4 -236 -664 -848 182 -227 -396 -638 -729 -609 -348 -118 -170
-506 -843 48 -624 -62 98 -62 -246 -544 -385 -128 -472 -33 -382 -240 -311 -702 -93 -275 -617 -700 -652 -229 -769 -197 -540 -555 -615 -509 -331 120 -374 -253 -318 -428 78 -192
-460 242 -796 -772 -775 -620 231 -518 25 -590 -570 -702 25 69 -582 -193 -415 -533 -557 180 -608 -310 -50 -390 -622 161 -224 -719 -173 282 44 -346 -251 -107 -680 -771 276
-614 -221 -798 -331 -548 -299 -185 -593 -474 245 61 111 -831 -763 -501 -851 -404 -503 -701 -263 -419 -377 -507 160 -592 -515 -702 52 -548 -570 -1 -209 -609 138 -578 -575 216
78 -111 -58 -430 -424 -24 -839 -494 -589 -446 -287 179 77 -262 -278 -478 -609 139 -179 202 163 192 249 211 -565 -158 -32 -671 -317 177 170 -659 193 -381 -141 -484 -345
-417 247 98 -404 -36 -416 -362 123 -811 -527 175 213 -811 -12 -593 -245 192 -72 41 -790 -237 -372 -122 225 -738 -64 -172 -809 275 -413 -809 -131 204 -619 -400 66 263
271 -383 -842 226 -38 -230 -289 60 280 -355 -586 -657 56 -196 274 -858 -391 23 -207 -606 -125 -555 -154 -529 -732 148 -675 84 325 156 690 337 689 592 670 231 582
-377 -454 -376 -826 -399 89 196 -176 -587 161 -845 54 -275 -729 -446 268 36 -592 -67 -488 -142 -572 -738 -226 -248 -543 -502 -248 77 197 -358 -210 -514 -850 232 -553 181
-229 110 -750 -533 -667 -847 -159 72 253 -651 -720 145 -788 -510 -457 -466 -107 -25 -376 -2 -107 -399 234 -269 279 -675 -593 -260 -146 -476 -552 266 -153 -315 -211 -296 -53
-449 -325 -377 -216 -314 -185 64 -330 594 405 257 -430 -43 -559 -459 51 219 259 100 260 -319 -295 -332 -362 -425 -317 -41 -683 234 -55 -668 -667 -605 -348 15 -254 -809
-405 215 -178 -642 -530 -444 -568 -550 676 1130 879 -268 -107 -725 -150 -213 -855 -656 -677 37 -457 -269 -834 146 -604 12 132 74 119 -740 -34 208 185 -703 -607 30 166
-467 -338 18 -47 -21 -832 -384 -664 277 119 313 95 -670 -792 -765 -717 -694 -353 48 106 -558 -537 283 -400 -622 263 -642 -653 -519 -782 -171 -387 -485 -512 -585 -425 -589
-827 232 -807 -160 -389 -192 -98 -565 130 769 501 -341 -39 183 -339 158 -223 79 -165 -433 -652 -344 -250 -137 75 -513 -796 62 -226 -533 -176 -520 -524 -835 78 168 -190
-50 -394 59 -541 -514 -113 -513 217 572 -11 468 -586 -817 -721 -351 -610 268 -527 -652 77 -34 -16 177 251 -710 -409 36 222 282 52 -234 -637 38 76 -807 146 -155
223 -600 -276 178 107 97 -84 -338 1043 472 461 -346 -746 -407 -550 -554 -317 -319 -248 209 216 -587 -459 -311 67 -503 -741 -386 -268 -293 -564 -856 -227 -277 -825 -636 -460
-509 -166 -702 -625 -383 -222 -734 -758 294 949 944 -228 -257 -540 165 -462 -562 -706 -133 -283 -380 -119 -264 -129 273 -609 -548 -188 -265 -710 -626 92 -716 -618 -848 -253 -240
139 -29 -787 147 134 41 -728 -472 354 78 89 -112 -197 -288 -622 244 -188 -298 -842 -121 73 -852 104 -760 -114 -510 15 -320 -158 -484 -199 -149 -1 75 -418 -185 -233
-741 -187 -545 -41 57 -786 -387 208 822 947 554 -223 -727 259 -775 78 -778 -189 -695 -567 -364 265 -132 -128 -796 87 -143 84 -83 -242 -602 -487 -203 -451 163 -555 138
-554 -585 4 152 -198 -214 -704 254 569 692 235 -104 -442 215 -155 200 -425 -832 -600 -687 -349 33 -299 -820 221 201 -412 206 -831 -389 -356 142 -226 110 -810 -574 -595
-444 -411 -681 153 -401 48 92 -54 566 530 367 273 -441 -313 -580 -455 -516 -665 -544 -335 -769 -12 254 -29 255 -551 -289 113 -538 -345 122 -498 -658 -646 -670 -167 1
-612 -603 -757 -358 -844 -713 -717 54 206 882 421 -758 -629 143 -355 -71 22 -643 -616 257 -657 -444 -729 -157 -332 -292 -557 -336 -119 -301 59 9 -285 -550 105 -32 153
-406 -569 -537 -543 112 198 -761 -140 924 392 165 -484 -844 -691 124 -853 -373 -587 151 -705 -142 -49 -267 2 -392 -323 -425 -616 -389 -37 -30 -566 151 -380 -716 -669 193
-838 -515 -366 -214 -360 -759 -311 -393 124 296 837 -186 250 -20 -645 -387 -664 -482 -770 183 -92 -800 -532 173 105 167 20 -217 -22 -735 -757 237 -638 -144 -26 -124 -230
-308 19 27 -500 -820 -667 -356 -178 654 939 451 81 91 -210 -382 -195 -90 242 268 -148 -593 -358 53 -697 -48 200 -154 277 -51 -558 -346 -542 90 48 42 -703 -653
262 125 99 -261 -339 -226 37 -97 714 821 601 -305 -170 -118 -370 124 121 -772 -725 -803 -69 -75 -244 -544 -16 -214 -515 -147 -738 -43 -310 -785 -752 67 -480 -767 -682
-772 79 163 169 -143 -718 -443 -283 838 105 73 -146 237 -608 -651 -800 -551 134 131 -262 -607 -359 -180 -812 -99 85 28 29 -531 73 -821 -811 -397 -83 255 -133 -306
-499 -825 -418 233 -849 -367 -37 243 1073 626 70 -757 158 107 206 124 -254 141 -234 -102 78 -495 186 53 90 -768 22 191 173 -439 -542 -243 -389 75 216 -365 -140
-153 -479 -809 -218 -197 -58 278 -223 407 102 231 -356 151 -400 -190 -86 57 -227 201 -777 -433 -196 -269 -488 -799 -118 244 -231 197 193 31 -486 101 136 -32 -680 -229
-108 -1 -768 196 -719 -422 285 -326 416 536 364 71 -454 38 -74 -286 -405 -532 176 -383 -429 -306 93 -15 -398 -465 -148 -541 -710 125 -83 14 258 -628 -792 -347 -149
179 -823 -569 -209 -119 212 81 -582 1062 961 124 -850 -204 -299 112 -135 -212 -187 -818 -396 -524 -82 -554 -519 -542 -496 -159 -643 -662 -89 7 65 -306 235 -705 -673 -331
-685 72 261 -474 -710 -351 -545 -661 78 1110 396 164 -536 -482 -104 -209 29 163 -726 -250 -300 -62 151 -529 -471 -461 -481 -575 -468 -170 -545 142 -653 -251 -381 -165 90
-50 -692 267 -683 -836 100 -230 -710 -556 -747 -71 148 -661 -37 -301 -767 -380 -386 2 -638 -702 -442 45 -835 -733 -639 -322 -748 284 -52 -135 -573 -819 -396 -289 -571 216
-775 -43 -196 -456 -102 -734 -74 -19 -447 -829 -154 -219 -612 -408 169 -65 -135 -834 -548 -841 -471 -289 -165 126 -836 -376 -65 265 -730 -741 -527 -284 -838 -643 -808 -135 -610
206 127 68 -509 -184 -830 -673 -64 -799 -405 -650 -620 -695 -725 -511 -752 -736 -686 -224 222 -64 -619 -148 -385 -132 -432 -59 -60 -270 -322 -182 -542 141 -293 -489 -672 235
170 -204 -619 -343 -695 100 -240 -274 -572 84 106 -413 -306 -461 67 -718 -11 270 -372 -440 -271 -695 -528 214 -19 150 59 -779 -788 -723 154 51 -298 162 60 -752 0
-471 -464 -555 -583 -138 218 -691 235 144 -679 152 -486 282 -241 -490 -415 -739 104 -525 -678 -468 6 198 -430 -852 -610 -850 178 169 -656 -573 -10 -125 -395 -17 -50 -762
-42 78 -358 -72 -651 -202 -697 -20 -773 -157 -407 -463 154 -565 -137 -677 -300 -111 -37 -521 141 -210 -325 -43 -340 -625 -77 -661 -483 -449 -46 142 266 -292 -792 -89 40
-229 -46 -190 -84 -711 -765 -76 -728 273 201 -395 -4 -593 105 -817 262 267 -686 -406 -795 198 241 92 -843 -698 -555 -74 250 137 105 -722 -695 -23 -93 -42 -173 106
-696 -329 -798 204 33 244 -726 -739 -545 -724 -383 -844 -307 -550 -69 -78 -219 -655 39 216 14 -67 -340 198 158 66 -651 -154 133 -747 -184 -703 -403 -736 -813 -89 -698
205 83 -672 -437 -640 50 -127 -86 192 -784 -726 -834 31 186 -321 61 -374 -52 65 -103 -200 124 -750 -226 -776 -251 -242 -181 202 -720 -799 82 -100 -342 -608 -273 -684
25 -208 -654 -749 -73 -331 -590 228 -55 33 179 -550 -449 -705 202 -187 -490 45 -704 -377 -723 -752 -219 -425 -644 -302 49 -65 -283 61 -223 -103 -98 -92 -272 -19 -392
