14 17
-67 -40 -58 206 -459 -497 -549 223 235 -413 304 299 455 227 351 -625 -444
231 -137 48 -682 311 -297 118 -722 -479 77 -26 344 -334 -350 -135 -286 -491
304 341 -83 -22 37 -593 332 138 305 -850 -144 463 -136 -474 -68 -707 -673
-655 56 -189 -611 -473 -369 35 -792 -534 -473 85 55 -336 697 -252 -568 231
130 -519 -801 -708 -442 24 -142 -207 68 -258 -137 32 -442 -111 -915 -185 -359
-99 -790 -213 -229 112 -230 27 -799 -272 204 -38 124 197 351 -489 205 -917
-620 -789 256 143 -64 398 -402 -574 -117 -293 230 7 239 -890 -366 -271 -892
253 -904 -137 -436 342 -708 -559 -174 211 -251 -296 -862 -249 225 -731 110 -339
-514 -171 27 -94 -741 -687 -676 -609 298 -28 19 349 46 -73 -50 -544 -512
-410 368 -355 362 -428 -90 -171 384 366 -162 -603 312 -727 -560 110 -613 -356
-358 -756 -870 -227 -405 -300 -480 -481 -92 -239 -587 -568 -479 -20 -916 210 -384
-233 351 -531 143 -899 -910 -456 -904 -304 -838 -424 -661 220 68 -915 110 124
-736 -41 -655 -83 -862 345 -207 -186 -394 600 614 504 -399 -80 -651 379 -756
-266 148 -217 -645 -865 -89 -771 61 -179 -349 -388 -326 -733 385 -244 -152 351
