45 37
-284 -498 -522 -547 38 -32 44 -373 -36 94 25 -384 -587 235 41 305 -263 251 129 -443 267 -39 -489 273 61 -552 -411 -593 194 -317 74 233 -303 -462 -204 306 127
215 61 -157 -461 -169 292 -552 -461 0 -411 -311 -480 253 -430 55 196 -504 282 -365 -164 -43 -342 -19 278 -534 -99 -589 -334 -29 -458 35 -326 -551 108 -45 -337 -561
237 -83 -498 -249 185 87 -520 -494 -260 -486 -147 122 -202 289 43 -256 -53 224 -404 -313 -581 165 -58 -208 195 -266 -200 259 -336 176 -151 72 -317 277 -350 -412 266
92 33 -271 -85 -483 12 -411 -444 -340 89 -209 275 106 169 -514 -326 -256 -82 -521 -516 254 -440 -116 -86 -350 165 186 -425 -97 -575 -581 80 -79 -380 73 -607 78
12 -405 -308 223 184 -381 245 -146 -279 -8 230 5 -609 -454 -606 -592 -445 -271 288 -159 -123 92 31 -580 -612 -613 239 -572 -588 -289 -79 -375 -383 -156 98 157 77
91 -187 165 -316 276 -59 -262 -234 53 99 -232 -131 115 204 162 -541 -442 84 67 -457 106 -294 173 -130 86 -365 256 -330 77 20 -467 -409 205 85 20 37 -526
43 -443 167 -277 -252 241 221 -88 41 -447 -473 -388 -561 -296 -568 -172 32 213 304 -56 -519 -544 46 -388 -416 -185 17 -258 -222 -334 140 -565 -543 293 -329 227 -172
-528 -11 245 297 -257 -171 -549 202 161 -511 -52 298 193 216 -596 -305 -152 -360 -318 63 96 -291 23 -462 -517 234 -139 -26 -317 102 34 -434 153 99 -180 -603 212
-215 16 -223 -150 -239 -73 -141 80 100 -208 -605 182 2 -476 -54 -103 -437 -294 -545 -448 291 75 201 -16 -61 -530 -72 183 50 -362 -423 -304 -74 228 -519 -97 -462
286 63 -524 -484 -464 -380 -610 -86 -251 -378 -576 -386 132 -475 50 -204 -157 -451 36 -581 185 -605 -108 -511 -455 27 -197 -233 -507 100 -434 -259 -19 -580 83 -291 -506
-431 -417 -86 245 271 -102 34 -59 303 177 -436 -467 180 -53 -52 -9 -17 -411 183 -207 -249 -276 -364 -552 151 -140 -444 -100 -559 -278 157 239 -335 174 239 -321 -386
-70 -293 65 -320 -279 -608 199 -64 -290 -300 -28 -359 168 -323 348 275 -389 202 -286 -240 362 -172 496 -327 147 -271 348 473 -107 -152 268 -315 -312 108 73 20 -291
138 -74 -323 -116 -496 -60 -504 450 -383 501 133 92 -286 -379 -364 95 -305 -392 33 20 -353 -322 204 156 -232 487 387 -225 189 507 -362 306 84 245 236 75 -288
118 -402 110 10 -219 -303 261 -391 -66 -180 -32 -41 -58 227 35 -200 422 171 -47 -195 59 -204 209 -354 310 -29 -151 184 482 -319 337 138 145 -212 -107 -160 209
300 -546 -323 76 -565 -394 103 47 382 -34 -364 314 -158 -314 504 497 37 484 -203 71 -239 -256 263 -174 497 -54 264 28 77 -42 285 41 83 -186 453 -222 -310
-147 -341 259 -260 -583 -82 126 280 125 -89 -210 -143 165 -222 433 466 77 155 416 -169 -383 -286 -270 352 -130 -170 -229 -76 456 44 346 144 -337 -162 277 112 -197
240 -38 -48 -565 153 -478 -206 -57 -164 -281 -334 -75 364 160 -35 -368 328 289 -82 361 232 -331 -320 60 -47 270 56 -404 -153 -238 -113 31 203 385 303 179 -335
-429 -400 -554 125 -436 116 -252 -14 176 143 -56 -58 -357 -245 294 162 506 177 16 -143 -11 116 211 29 42 411 -104 512 2 75 -397 289 337 219 -323 311 72
174 -18 -202 -233 60 268 -401 -103 44 197 366 144 -340 308 456 433 -15 261 69 -337 330 -335 -331 -72 -83 329 -372 -209 -342 35 17 30 -253 496 215 -354 -107
-50 -572 -126 131 -220 259 -252 -208 72 -469 294 -309 -572 -130 -158 29 -170 -384 -90 -294 -404 -475 -87 -494 -574 133 76 -486 -224 -308 -577 175 -452 -508 -251 -116 -37
221 305 189 -571 -291 -440 -379 -472 250 196 242 -476 74 66 206 -107 -326 -226 -545 -444 -593 -297 31 293 88 62 90 285 -210 -75 141 -487 288 176 -7 -76 -75
-133 170 163 -602 -228 -103 10 -53 -218 -200 -424 -149 304 272 -444 -577 36 -449 -513 -417 -412 -407 -448 -254 -591 -389 95 -189 10 237 -491 90 -40 -235 -298 -221 -320
-541 487 -25 421 -372 25 -459 290 -279 -91 -57 181 210 -487 -557 -559 4 246 -342 13 42 -252 -340 -60 -483 -41 -70 -571 17 -537 -234 -607 -392 -299 -612 298 -24
200 -64 -281 160 478 157 170 -190 3 25 -348 -528 -247 -227 -514 156 -19 -71 116 231 -8 -303 183 -432 -145 -75 -259 136 -134 -211 -242 -333 -155 -558 221 -455 -376
-449 292 157 60 -151 167 -289 -234 -65 -474 -518 202 -396 -414 -215 -537 -27 -183 250 -140 -240 -581 -133 -416 0 -41 -446 -583 -393 259 -151 299 -370 159 -126 -485 -148
-169 -263 -222 -263 92 -237 -426 -93 -315 -28 3 -88 -63 255 -5 208 -237 118 -365 -162 -432 -185 -350 -190 -209 266 279 -491 -498 -524 -463 -197 -404 239 -435 300 -425
-299 36 -266 -78 13 -374 23 -450 138 -98 -324 43 -230 -535 -438 163 220 100 202 -189 -454 -276 -16 -247 -326 -590 -465 161 -378 -23 -301 10 -223 -214 -585 -307 -395
-29 235 -18 -214 228 194 -613 276 250 -465 -118 227 155 14 -404 -75 276 -21 -102 98 177 97 -599 -447 -7 -275 175 -61 -198 -505 171 213 56 -92 -19 -315 -572
-109 -448 -355 -366 77 175 -104 -509 -142 -435 -527 -473 233 -503 -293 -92 -319 -492 120 -540 -71 -293 -185 -53 -97 -583 130 33 307 18 -133 -491 -470 -414 -298 -387 -450
171 32 80 268 121 -536 -454 -121 25 113 -274 299 -257 132 -424 -297 -78 -570 203 230 -512 -514 -283 114 -103 -536 -572 -496 51 -380 -592 222 173 -345 -304 -418 263
163 210 -121 4 -278 -453 59 279 -6 76 -392 159 -211 -341 -275 181 178 -88 -160 4 -578 -43 -74 186 -64 284 -545 -365 -511 123 -413 29 -327 -366 -304 -273 260
-267 -316 -310 -371 85 -357 -422 -435 213 -147 -161 48 -314 -442 -288 -375 -295 137 -235 -302 -400 281 281 -71 -175 -12 52 52 -528 -457 300 -160 94 -5 -525 -67 260
-204 236 198 266 -594 158 -381 -36 -408 -103 -596 176 270 -4 -547 -536 -337 -24 -47 -246 206 -251 255 -107 -272 -270 -193 -126 -146 -279 49 -368 -359 192 -145 -602 46
-343 -208 -438 249 -484 -282 -118 -17 -100 -44 22 75 261 -542 -160 -522 -64 -303 -611 -82 240 130 -445 -543 -286 -81 -438 -207 8 -422 -317 -496 -220 159 -171 -366 73
1 -184 136 -75 -506 -15 142 -188 182 -403 -381 141 -249 -41 -473 4 -35 8 -280 -366 112 -428 -71 -550 -549 225 -571 -563 -143 -528 -176 -390 -166 25 122 -530 -90
-536 239 -55 274 -182 -412 -25 -238 -430 -340 71 -285 77 147 -353 45 214 -404 -405 -152 -98 42 178 68 51 196 -17 165 -204 -281 -337 272 -219 -72 40 -414 -377
204 -258 230 -575 100 86 114 -138 237 -338 -106 -488 115 172 164 -258 -308 215 -299 -195 -612 -104 -175 -300 -235 -382 -500 -398 -393 150 -518 -504 -4 150 -141 -455 -451
-93 -243 59 297 259 69 292 -364 222 -481 -597 -188 53 -423 -475 202 -465 -234 269 -480 -321 -500 -57 -288 -125 -157 -539 157 144 -242 64 -277 -414 152 -150 -85 -325
-283 -363 -595 -360 223 -436 -318 -492 -431 38 -530 -479 95 -6 -587 -577 -291 257 53 64 -454 -85 -27 -580 -548 224 -547 -414 126 247 -547 -578 200 10 152 -68 22
-114 -442 -7 -491 168 -330 141 -553 27 0 -346 -88 194 -64 -12 250 82 -455 -536 -517 250 -126 229 -476 166 264 -69 -205 252 88 -87 -510 -511 -168 -142 1 -104
-367 -151 -97 -511 -476 -565 -341 -257 -116 -77 -259 -379 166 155 -469 -475 -140 -216 179 -181 -605 -605 -454 260 -413 267 -450 -84 -276 -229 -47 -287 173 159 -316 -338 -71
250 166 -213 -456 -417 -280 -531 -149 -144 4 -422 -513 -220 -210 -436 253 -276 -310 -132 140 -139 97 -577 -392 -527 129 140 -301 -252 177 200 -543 -535 -215 -470 189 207
126 -359 -140 50 18 -533 -272 -465 125 -487 -307 145 -228 270 158 -296 71 -77 71 146 -417 -362 110 -338 217 -26 -236 25 216 7 -335 -111 97 137 20 -93 155
-174 198 304 -407 190 -424 -390 293 295 -202 -227 -435 -158 189 -91 106 -522 48 -575 -365 88 -442 -381 -177 -49 118 200 220 -403 -18 174 131 -277 -552 -141 29 -93
261 -78 -161 195 13 286 -556 -20 -406 -473 -55 -603 -121 234 -78 105 -425 -278 -453 251 -407 60 -502 -76 -70 -344 -400 225 -543 -376 -155 -587 73 -296 -549 213 -400
