19 45
-276 661 405 360 298 -217 557 -679 668 -757 639 -265 -146 -688 548 -611 -461 464 51 -421 -260 -792 86 52 68 312 473 -79 454 -116 232 559 -223 405 40 -13 -642 -417 519 -763 -66 78 212 -461 40
-86 -598 468 -130 181 -376 -560 582 -820 -11 -237 659 -345 659 -755 44 238 79 633 -158 -224 -234 -461 6 -700 -764 505 1099 227 1300 557 1169 244 917 338 176 1028 1174 41 -102 1120 738 403 -582 -484
659 311 -1 -532 280 319 4 -162 182 579 -317 -334 94 -220 354 408 -568 -444 -272 -525 -349 590 559 -117 -70 404 -703 -333 -434 -226 -654 55 -778 619 -176 -647 445 23 632 -598 -139 -109 -790 -16 539
-445 -422 39 259 -492 -157 -472 -115 270 144 157 231 387 1187 1024 331 187 969 50 31 774 442 936 26 536 808 346 642 857 942 638 1180 834 205 -141 1119 692 142 133 282 598 352 -785 625 -501
418 -741 -191 -234 672 -171 -182 -80 -421 -759 518 1206 1067 727 1051 143 741 718 542 336 453 1231 952 1047 1159 679 398 987 1031 397 -5 916 1042 103 -94 331 1042 346 587 241 -149 408 -471 -634 351
670 -290 -754 461 -804 -185 170 -376 117 165 741 1152 465 -116 1156 860 253 1137 1101 305 412 691 -72 1319 1221 386 391 74 564 1253 962 1043 1244 663 709 539 798 630 -450 -812 530 -389 -155 -621 203
-205 43 601 540 105 418 -186 -756 91 -247 190 617 436 -503 199 206 594 -7 -109 650 371 480 -91 100 -452 -575 -220 461 204 -268 -279 -784 -266 -488 -723 -231 260 -456 503 506 -109 -597 -478 -745 -224
426 107 -46 -625 -776 29 -79 451 197 385 380 -290 233 610 -723 -445 477 -808 412 -326 439 -315 427 429 -239 -368 68 185 669 449 117 417 500 -108 383 356 215 -294 611 433 487 -65 -293 -503 -296
645 -350 -621 -597 550 341 -611 -79 -771 161 -775 261 -58 -18 277 -469 156 348 -434 58 -11 423 -109 239 -14 -315 45 649 -790 646 47 -481 -367 -551 108 580 -821 629 -516 -4 -329 -251 55 273 -389
418 -401 94 628 450 275 -110 -478 254 -160 -8 -395 134 -108 453 104 315 -751 14 -695 339 381 449 -714 -350 -794 213 -740 -239 208 405 200 283 239 514 325 305 434 151 -363 567 -770 -3 -660 139
575 -45 436 -615 533 -10 120 -93 -183 -26 -97 -465 -45 -666 -185 482 -151 -354 -685 -146 402 -175 -220 -57 77 -46 -831 89 403 -817 -419 255 25 257 195 -399 582 -205 -637 326 -42 605 -543 663 -169
-178 474 315 -148 -566 343 -448 -80 -328 -350 342 -125 380 518 -675 -232 245 -416 117 398 -210 -41 87 506 -335 -523 420 -27 -38 -446 -813 -833 -456 405 55 565 98 127 -739 -517 -646 50 -727 281 151
-384 -106 638 -334 234 -79 672 632 -547 581 374 -598 -531 -441 127 -831 157 -250 -809 539 448 82 -172 -512 -523 -256 -116 -818 -745 406 -528 -266 263 -769 471 526 -730 420 235 668 -156 -349 211 -749 -161
255 -157 -148 46 152 192 555 -88 97 -55 -561 204 275 -613 197 463 -596 -456 -377 -721 352 -547 -769 659 476 -86 -279 204 241 -539 651 -157 -222 -452 19 -389 -252 310 -779 -199 -88 672 -202 547 -245
647 625 179 -349 -790 571 -198 -346 577 104 -375 479 -662 -661 -617 7 -516 378 670 7 484 -488 641 11 -382 515 -465 -199 -409 -563 46 214 190 -572 -818 175 -288 -407 -18 -611 -209 -802 -443 -109 652
-697 -163 -104 -447 447 -92 586 30 -575 327 272 471 -9 163 363 -700 -98 590 235 -315 192 193 -47 -374 411 -280 -635 -367 31 -593 354 311 -740 538 -89 104 -569 146 510 -698 -168 -180 -553 -797 -255
577 626 -696 42 45 -223 -147 496 -818 -349 -694 467 -488 -408 27 479 -571 323 549 100 335 207 -337 -184 568 -396 343 464 -90 289 280 -82 -286 156 -79 -671 -245 -290 422 432 120 -245 -673 63 -281
216 -1 507 361 488 524 592 -129 463 -78 -402 -329 124 157 -594 -332 584 645 66 47 543 -142 561 -302 -612 -818 -264 -372 -568 102 -476 -59 -187 -616 -816 -429 -312 428 -714 236 -420 12 -610 436 -326
-253 32 19 438 -211 -817 -18 342 -779 217 -759 -477 613 188 -618 -527 -835 -76 -779 -490 643 -401 -101 221 184 524 -241 -570 236 -65 155 467 -335 46 46 -472 -811 407 -355 -577 64 517 -741 417 259
