31 36
-915 -1288 -221 -966 -1399 -446 -347 -137 -1389 -1095 -824 -693 -721 -192 -889 -826 -360 -900 -1210 -1056 -1426 -179 -534 -1408 -203 -1069 -145 -666 -367 -498 -635 -798 -420 -672 -624 -520
-128 -179 -1223 -1213 -1302 -618 -1279 -674 -938 -1210 -298 -92 277 -446 328 -9 554 -16 633 189 -19 14 551 369 158 728 680 -307 156 -784 -394 -1197 -475 -543 -568 -1317
-1042 -1042 -285 -1422 -544 -882 -296 -810 -924 -688 -735 324 729 537 29 -106 -430 -48 -7 46 466 534 -160 639 -254 660 -29 772 626 -840 -125 -1211 -1012 -316 -934 -990
-665 -514 -584 -655 -523 -206 -368 -592 -291 -755 -1371 -395 -107 16 -410 199 -2 68 -242 250 541 685 324 16 501 8 776 759 244 -1412 -681 -294 -374 -1335 -697 -767
-885 -1314 -981 -943 -1388 -1374 -1358 -728 -583 -632 -754 321 -92 640 650 535 -236 -110 499 728 757 -351 167 159 489 441 -183 28 -451 -713 -1136 -379 -1059 -413 -205 -937
-709 -550 -458 -146 -824 -827 -273 -238 -1341 -500 -237 -460 177 779 478 782 462 -392 133 -493 698 146 -275 -148 -466 -487 -347 -37 626 -314 -568 -1259 -800 -804 -1062 -182
-653 -198 -1262 -729 -236 -240 -471 -1168 -614 -175 -726 -18 -13 124 -342 -200 -396 112 81 -84 310 39 -348 459 647 609 -299 50 739 -695 -1058 -621 -904 -946 -982 -554
-425 -771 -1126 -186 -248 -1369 -1376 -1081 -981 -881 -1048 192 -32 294 61 -493 -285 -90 755 -511 -335 -487 210 603 -244 225 352 -25 411 -176 -729 -685 -688 -852 -321 -1068
-933 -1384 -449 -383 -369 -1239 -279 -1272 -1100 -956 -726 368 -225 188 741 271 -216 274 697 236 617 -440 604 -404 -474 276 -427 -410 66 -625 -615 -166 -1376 -1373 -1282 -1145
-196 -773 -1170 -868 -1307 -1165 -252 -1335 -1002 -174 -541 -257 273 376 634 698 -254 165 79 -171 570 664 330 106 226 -366 443 220 760 -982 -486 -596 -559 -774 -1103 -795
-395 -438 -845 -516 -771 -922 -184 -342 -564 -1151 -1243 673 -509 -1403 -968 -457 -1105 -918 -821 -396 -702 293 521 75 -95 531 -263 110 -51 -1044 -656 -843 -676 -304 -895 -1406
-1293 -497 -916 -642 -1404 -984 -909 -849 -548 -886 -292 305 -1085 -323 -361 -797 -1015 -592 -820 -1288 -801 471 480 -287 644 65 12 51 300 -834 -587 -283 -1088 -236 -230 -274
-831 -544 -380 -922 -973 -1389 -1356 -1400 -1305 -978 -824 -312 -194 -1197 -405 -1256 -1173 -1122 -757 -199 -618 -267 -173 -211 -120 -476 -389 355 734 -1349 -319 -230 -283 -1115 -563 -953
-397 -758 -1329 -834 -658 -286 -264 -772 -694 -1287 -1085 510 -466 -480 238 -346 279 679 -345 -501 289 -423 -396 770 48 -465 -7 301 -227 -1080 -1088 -238 -355 -741 -409 -629
-477 -1150 -640 -1084 -274 -416 -1373 -319 -1176 -393 -777 -240 387 -443 60 1 -400 -213 475 349 351 520 532 -346 150 -421 712 364 -144 -1110 -851 -853 -267 -1421 -1221 -390
-624 -894 -1393 -1289 -329 -354 -1182 -944 -743 -320 -688 564 -275 -243 -21 -419 238 509 -504 37 212 -18 694 -284 290 99 96 101 -54 -1202 -818 -624 -996 -1254 -191 -504
-1290 -1356 -306 -742 -278 -721 -508 -581 -820 -955 -427 111 -431 77 235 526 308 34 -370 703 -140 -41 554 152 214 772 -154 570 518 -187 -695 -726 -1030 -638 -1122 -1392
-156 -894 -1384 -595 -838 -385 -1135 -861 -936 -1399 -642 -506 -202 557 180 128 -193 546 747 314 -9 86 119 -319 -11 -468 154 -119 -461 -552 -1353 -861 -1169 -965 -986 -1198
-511 -1058 -1097 -905 -1431 -493 -1307 -1319 -306 -269 -570 645 227 613 786 73 28 50 -144 503 285 -211 522 538 360 757 92 128 -181 -596 -289 -1029 -666 -1005 -764 -959
-746 -1366 -211 -926 -1279 -217 -828 -862 -188 -410 -447 144 -465 59 23 -65 -64 -234 -86 -166 -414 417 130 -280 299 606 53 668 766 -815 -913 -254 -639 -493 -1212 -975
-702 -508 -292 -410 -971 -441 -676 -203 -1422 -354 -999 -36 319 493 629 -43 691 577 781 -338 356 213 747 777 534 -73 553 -212 108 -864 -550 -983 -1087 -1217 -1394 -489
-471 -815 -701 -780 -850 -435 -1274 -160 -354 -1170 -967 -958 -506 -314 -1291 -529 -731 -835 -1276 -595 -585 -670 -284 -726 -1427 -1164 -245 -953 -801 -970 -1408 -707 -1184 -642 -1241 -694
-865 -355 -1235 -1377 -463 -398 -534 -624 -210 -407 -1003 -1296 -482 -1174 -934 -236 -514 -1031 -347 -1132 -191 -268 -1257 -818 -1256 -1086 -330 -1105 -733 -485 -1377 -863 -733 -940 -382 -462
-1340 -1274 -1195 -392 -1029 -490 -561 -1041 -1046 -1134 -971 -283 -1183 -1350 -1203 -243 -198 -585 -846 -291 -306 -1062 -826 -983 -1108 -765 -807 -347 -1232 -1135 -1331 -1277 -605 -1151 -801 -167
-1137 -880 -563 -645 -1250 -578 -1280 -709 -144 -491 -1107 -993 -484 -640 -782 -351 -667 -369 -258 -896 -400 -1230 -883 -348 -665 -1065 -1176 -1065 -210 -1340 -890 -221 -741 -930 -868 -369
-1138 -399 -190 -910 -563 -987 -155 -1328 -299 -366 -1383 -1264 -1321 -287 -657 -660 -982 -415 -428 -796 -779 -260 -714 -988 -1091 -598 -845 -1277 -260 -595 -717 -730 -510 -957 -150 -1258
-216 -1239 -509 -1120 -325 -1103 -1283 -679 -602 -1363 -169 -826 -1181 -272 -1281 -1163 -525 -483 -1373 -136 -176 -1070 -552 -532 -246 -1226 -986 -427 -1342 -170 -713 -1319 -234 -554 -602 -571
-263 -154 -1342 -1133 -1418 -738 -160 -1050 -1194 -1315 -140 -231 -788 -911 -1028 -129 -826 -786 -822 -781 -793 -708 -360 -671 -929 -265 -683 -1164 -606 -1401 -229 -336 -1160 -1066 -743 -244
-1416 -1180 -1174 -236 -904 -374 -715 -1194 -440 -624 -1066 -1333 -740 -828 -697 -283 -972 -638 -1359 -141 -877 -1408 -206 -239 -700 -1297 -541 -302 -483 -1091 -679 -1102 -1262 -1105 -620 -1372
-1194 -1134 -1180 -1204 -1344 -161 -206 -1300 -359 -193 -797 -967 -444 -339 -925 -606 -282 -890 -1311 -152 -188 -735 -762 -1332 -1083 -1379 -342 -427 -198 -590 -588 -302 -159 -930 -985 -1102
-872 -601 -513 -598 -443 -871 -910 -547 -1299 -1360 -916 -526 -146 -294 -783 -131 -246 -312 -1125 -1387 -1250 -386 -468 -792 -1036 -566 -890 -299 -1428 -943 -519 -226 -239 -338 -1150 -1315
