34 21
97 -774 -1042 -96 -167 -555 -713 -879 -1021 -1190 -294 -364 -416 -542 -462 -1044 -1134 -306 -729 -512 -990
-2 -831 -71 64 -315 -444 -780 -292 -426 -804 -804 -110 -34 -693 -66 -961 -32 -422 -310 -912 -429
40 -454 -440 -1172 -58 -203 -346 -54 -829 -365 -707 -1193 -401 -641 -1048 -982 -1024 -764 -769 -94 -1088
-508 -1107 -326 -1125 -247 -42 -793 -877 -630 105 -736 10 -289 -436 -434 -976 -510 37 -1068 -401 -966
-232 -904 -247 -468 -206 -949 -588 118 -629 -738 -805 -348 -712 -380 -25 577 878 -175 -659 -1116 -385
47 -393 -929 -371 -1112 -755 -784 -864 -818 -1015 -147 -55 -606 -1083 -385 744 608 -455 -384 -1118 -1025
-313 -137 -977 -178 -589 -870 109 -38 -458 102 -1092 -1038 -1012 -61 -121 365 90 -37 -423 34 -718
-217 -194 -508 -1165 -796 -1167 -263 -848 -654 -1011 -257 -965 -833 1019 659 -751 97 988 -247 836 -153
108 -397 -463 -436 -128 -56 -425 -898 -855 -557 -54 -821 -562 459 223 -108 -203 -206 -270 693 541
-402 -862 14 -353 -639 -6 -959 -817 -889 -458 28 -352 107 -102 835 -257 -832 951 651 420 629
-233 -969 -38 -912 97 -315 -195 -934 -569 -23 -569 -467 -116 -95 939 -100 -1042 902 240 961 -302
52 -726 -329 -1083 124 -472 -880 -1110 -755 -234 -1132 -25 -532 1003 293 -750 59 586 125 669 27
22 -494 -140 -615 -633 89 -230 -411 -1123 -321 -296 -183 88 -218 951 -178 -569 923 -64 642 275
-526 -163 -124 -795 -69 -31 -431 -177 -439 -1186 -906 -1032 -885 -24 73 -517 -52 663 227 965 144
-299 -1167 -1077 -818 -1140 -1074 -1027 -877 -869 -723 -531 -110 -864 716 671 -33 -910 -236 349 450 1010
-1116 -727 -61 -832 -31 -1187 -758 -1186 -894 50 28 -278 -156 881 847 -243 -35 -276 72 747 455
-1172 -132 -355 -237 -666 -328 -549 -74 -537 -12 -795 -612 -650 926 507 -586 -1075 -215 -187 982 866
-182 -559 -422 -1082 -568 -416 -165 -276 -569 -1015 -533 -1172 -1177 786 158 -755 14 -151 74 -19 263
-335 -464 -60 -1106 -77 -926 -244 -1056 -809 -460 -1175 -665 47 58 -188 -232 -242 842 -203 897 -86
-318 -769 -842 52 83 -18 -985 -65 -373 -877 -545 -800 -1085 17 567 -81 -642 -11 -172 811 357
-1050 -300 -824 -970 -807 -696 -875 -107 -281 -712 -284 -712 -749 -445 -824 160 169 -132 -484 -402 -65
23 -322 -718 -227 14 -971 -542 -940 -661 -255 -291 -184 -1038 -959 -520 981 851 -9 -599 -922 -381
-584 -132 -1022 -868 -898 -1061 -885 -604 -1072 -193 -1167 -425 -626 91 -994 733 905 -200 -981 -782 -857
-1113 -1048 -662 -602 -1021 -1196 -76 -867 -971 -35 111 -310 -683 -734 -57 689 -181 -233 -948 -270 -953
-673 -704 -34 -821 -246 -818 -1022 50 -878 -844 -138 -856 -177 -383 -209 359 173 -1160 -28 -768 -478
-43 -799 -363 113 -614 32 -37 -966 -1035 -677 -299 -1070 74 -541 -877 577 837 -454 -537 -1071 -919
-366 31 -356 -1033 -493 -1113 -1194 -1139 -323 -192 -983 -312 -570 91 -452 913 -33 -41 -454 -1122 -721
-612 83 -1005 -972 -1031 -555 -1097 -178 -1160 -952 -709 -324 -1187 -642 -638 642 267 -1025 -1196 -60 51
-361 -932 -25 -521 -749 -881 -689 -544 -463 -1180 -301 -755 -233 -450 -50 894 274 -810 -156 19 -726
67 87 -72 -914 -255 -521 -661 -492 -448 -260 -415 -177 -645 -1191 -350 481 -28 -1153 -43 -243 -97
-621 -515 -1021 103 -941 -354 -68 112 -851 -34 -895 -302 -1200 -1022 -696 106 766 70 -266 -967 -65
-334 -92 -142 -473 -989 -388 -409 -451 -533 -946 -442 -1029 -1084 -65 -831 1001 789 -588 -368 -872 -459
93 -224 -798 -17 -331 -1118 -318 107 -974 -540 -678 -786 -299 -149 -953 -762 -850 -772 26 -532 -501
-595 -356 -366 -976 -110 -412 -540 -168 -1000 -1194 -553 -1122 -75 -116 -1002 -1030 -190 -270 -322 -393 -1077
