50 50
-90070 -89925 -90259 -90234 -90297 -89808 -89747 -90078 -90014 -89800 -89824 -89781 -89772 -89839 -89856 -90044 -89913 -89903 -90043 -90163 -89745 -90203 -90144 -90235 -90012 -89943 -90073 -89764 -89795 -89833 -90001 -90060 -90232 -90136 -90043 -90294 -90037 -90103 -89977 -89895 -89883 -90002 -90115 -89944 -89971 -89817 -90126 -89842 -89752 -89887
-89772 -89839 -89933 -89767 -90120 -90140 -89898 -89743 -90095 -89837 -90075 -89736 -90266 -89991 -90008 -90216 -89919 -89931 -90112 -89971 -90061 -89997 -90251 -89820 -90301 -89813 -89787 -89848 -89828 -90068 -89983 -90136 -89845 -90233 -90249 -90214 -90285 -90260 -89930 -90292 -90163 -90145 -90088 -90023 -89937 -89913 -90070 -90198 -90096 -90211
-90065 -90138 -89948 -89860 -90216 -90098 -90258 -89802 -90287 -89894 -89740 -89853 -89983 -90015 -90128 -89959 -90076 -89918 -89962 -89839 -90093 -89886 -89811 -89787 -90139 -90161 -90082 -89960 -90167 -89774 -89804 -89913 -89983 -89849 -89881 -90288 -90269 -90022 -90117 -90291 -89895 -90183 -89755 -89794 -89877 -90103 -90042 -90168 -89945 -90234
-89960 -90134 -90000 -90054 -90051 -90256 -90135 -90055 -90151 -90139 -89866 -90059 -89751 -90116 -89842 -90011 -90231 -89925 -90134 -90162 -89814 -90277 -90021 -90074 -89845 -89747 -89865 -89960 -89772 -89801 -90023 -89774 -89772 -89742 -89980 -90264 -90211 -89792 -89815 -89980 -90187 -90085 -90095 -90051 -89917 -90278 -89947 -90298 -90024 -90055
-89843 -89912 -89921 -90061 -90090 -90229 -89911 -90210 -89914 -89848 -90194 -90260 -89929 -90262 -89849 -90197 -90079 -90279 -90190 -90036 -90072 -89889 -90209 -90029 -89949 -90263 -89833 -89826 -90257 -90069 -89932 -89900 -90261 -89840 -89912 -90193 -89982 -90077 -89839 -90191 -89958 -90027 -89860 -89925 -89828 -89763 -89948 -90017 -90106 -89796
-90134 -89873 -89872 -89825 -90016 -90260 -90047 -89966 -90128 -89975 -90027 -89970 -89851 -90262 -90085 -89876 -90223 -90005 -90057 -90248 -89934 -89757 -89765 -90278 -89974 -89754 -89835 -90158 -90077 -90147 -90241 -89857 -90136 -90294 -90246 -90286 -89929 -90250 -90266 -89925 -90052 -90291 -90294 -90269 -89955 -89905 -89880 -89862 -90274 -90014
-90206 -90190 -90100 -90110 -90046 -89799 -90016 -90273 -89978 -89982 -89965 -90138 -89935 -89785 -90074 -89948 -90017 -89795 -90214 -89811 -89961 -90262 -90146 -89745 -90199 -89816 -89895 -89734 -89835 -90082 -90111 -89782 -90038 -89806 -90300 -89969 -90031 -89991 -90282 -89736 -90121 -90164 -89754 -89994 -89791 -90117 -90065 -90119 -90239 -90293
-89783 -89900 -89917 -89917 -90185 -89795 -90257 -89777 -89879 -89782 -89795 -89981 -89841 -90109 -89782 -90151 -90066 -90222 -89748 -89836 -89866 -90206 -90237 -89779 -90276 -90202 -89904 -90065 -90131 -90106 -90152 -89877 -90046 -90085 -89761 -89850 -89945 -90287 -89818 -90056 -89922 -90165 -90248 -90136 -89773 -90214 -89762 -89947 -90120 -89751
-89971 -90065 -90225 -90135 -90067 -89758 -90170 -90214 -89858 -89926 -90275 -89926 -90069 -90301 -89737 -90292 -90188 -89933 -89951 -89900 -90156 -89792 -90279 -90079 -90047 -89739 -89981 -89859 -90118 -89797 -89843 -90137 -90084 -90121 -89945 -90205 -90107 -90191 -89996 -90226 -89803 -90029 -90161 -90014 -90096 -90040 -90165 -90239 -89980 -89910
-90060 -89952 -89881 -90110 -90295 -90023 -90282 -89851 -89959 -89838 -90244 -90193 -89859 -90086 -90042 -90212 -89857 -89928 -89929 -90104 -90273 -89977 -90028 -90112 -90236 -89843 -89929 -89745 -89838 -89844 -90188 -89896 -89861 -90160 -90176 -89824 -90073 -90225 -90010 -89835 -89876 -89735 -90299 -89998 -89946 -89859 -89996 -90097 -90202 -90296
-90071 -89825 -90038 -89758 -90258 -89775 -89817 -90057 -90016 -90053 -90119 -90183 -90126 -90035 -90140 -90100 -89760 -90196 -90234 -90184 -89990 -89797 -90134 -90102 -89804 -89947 -90030 -89795 -89964 -89835 -90240 -90085 -89859 -89779 -90156 -90185 -89856 -89794 -90051 -90211 -90044 -89870 -89985 -90019 -90162 -90259 -90045 -89823 -90287 -89901
-89741 -90099 -90247 -90078 -89857 -89826 -90123 -89948 -89910 -89974 -89990 -90019 -89829 -90030 -89812 -89821 -90122 -89951 -90023 -89957 -90007 -90256 -90202 -90195 -90061 -90094 -90165 -89755 -89913 -89917 -90181 -90175 -89916 -89779 -89757 -89789 -89967 -89788 -89758 -89830 -89921 -89785 -89934 -90017 -90020 -89881 -90045 -89931 -89835 -90207
-90288 -89869 -89946 -90078 -89808 -90284 -89819 -89914 -90012 -90088 -89874 84080 84534 84214 84400 84070 84529 84566 84355 84345 84522 84454 84504 84349 84151 84426 84219 84242 84077 84385 84555 84565 84076 84312 84422 84094 84195 84562 84528 84489 84001 84457 84019 84159 84489 84434 84210 84002 -89968 -90042
-90011 -90122 -90296 -89845 -90124 -90116 -90299 -89941 -90138 -90167 -90201 84063 84441 84274 84491 84408 84539 84073 84137 84064 84294 84176 84402 84002 84397 84523 84561 84148 84524 84286 84271 84390 84318 84404 84474 84001 84562 84361 84516 84559 84066 84106 84289 84329 84416 84198 84269 84018 -89806 -90299
-89880 -89747 -90084 -89828 -89963 -89942 -90018 -89924 -89829 -89963 -89819 84214 84351 84529 84531 84066 84294 84208 84007 84398 84009 84130 84031 84498 84458 84507 84029 84210 84009 84509 84535 84497 84100 84260 84400 84136 84111 84120 84087 84427 84205 84437 84148 84539 84260 84226 84193 84192 -89822 -90222
-90265 -90141 -90204 -90035 -90215 -89813 -90084 -90084 -89851 -89798 -90008 84039 84167 84426 84010 84529 84325 84531 84505 84253 84519 84061 84164 84457 84026 84275 84558 84023 84289 84542 84322 84144 84043 84538 84566 84046 84563 84490 84148 84407 84507 84103 84313 84179 84429 84276 84421 84328 -89761 -89806
-90046 -90298 -90141 -89977 -89828 -89809 -90132 -90050 -90055 -90051 -89939 84547 84253 84067 84449 84126 84455 84020 84560 84507 84211 84399 84555 84116 84440 84296 84557 84037 84504 84450 84424 84139 84207 84151 84289 84460 84536 84382 84187 84206 84210 84175 84506 84340 84112 84008 84024 84123 -89795 -89939
-90021 -90167 -89842 -90062 -89793 -90015 -89992 -89933 -90279 -90204 -90186 84059 84113 84150 84555 84357 84343 84322 84558 84249 84432 84472 84183 84334 84410 84361 84234 84406 84157 84139 84124 84014 84218 84115 84543 84277 84238 84519 84086 84447 84087 84173 84094 84540 84425 84433 84491 84397 -89742 -90049
-90168 -89892 -90294 -90220 -89823 -89920 -90017 -90301 -90073 -89968 -90138 84452 84017 84202 84045 84290 84435 84425 84177 84323 84128 84281 84217 -90168 -90173 -90296 -89866 -90110 -90210 -89991 -89928 -90025 -89991 -90185 -89782 -90044 84126 84205 84543 84513 84346 84468 84118 84158 84376 84112 84195 84188 -89925 -90214
-89811 -90297 -90004 -89910 -90102 -89989 -90257 -89822 -90029 -89949 -90263 84258 84353 84083 84124 84395 84114 84162 84097 84124 84405 84456 84374 -89899 -90023 -90031 -90198 -90103 -90197 -89960 -90044 -89768 -90176 -89737 -89872 -89888 84164 84537 84485 84339 84331 84133 84397 84035 84424 84024 84319 84322 -89736 -89809
-89775 -90266 -90212 -90004 -89733 -89907 -89739 -90212 -90239 -89737 -89875 84349 84500 84130 84324 84289 84107 84521 84439 84518 84287 84277 84489 -89822 -89900 -90111 -89884 -90210 -90079 -90052 -89834 -89953 -90243 -89998 -89962 -90232 84550 84381 84392 84333 84515 84378 84405 84506 84036 84533 84546 84395 -90019 -89910
-90002 -90221 -90071 -89895 -90265 -90247 -89995 -90078 -90282 -90108 -90197 84049 84020 84254 84112 84228 84170 84370 84453 84106 84374 84312 84202 -89744 -89861 -89960 -89883 -90294 -89848 -89824 -89816 -89855 -90235 -89972 -89926 -90137 84359 84066 84194 84103 84361 84232 84488 84317 84142 84461 84337 84314 -90220 -90297
-90021 -90296 -90241 -89837 -90150 -90023 -90174 -90230 -89888 -90210 -89985 84534 84320 84269 84135 84432 84441 84377 84469 84512 84037 84344 84406 -89918 -89892 -90021 -90195 -90229 -90004 -89831 -90094 -89925 -90290 -89796 -90048 -89915 84304 84051 84107 84035 84508 84115 84448 84415 84083 84279 84256 84038 -89856 -90275
-89906 -89972 -90202 -90185 -90158 -89802 -90045 -90215 -89753 -89902 -89917 84505 84415 84342 84424 84362 84287 84486 84371 84223 84377 84020 84252 -90245 -89846 -89785 -90208 -89962 -89912 -90205 -90239 -90140 -89807 -90197 -90037 -89883 84400 84539 84441 84375 84385 84025 84054 84280 84172 84229 84196 84535 -90251 -90092
-89858 -89865 -90051 -89866 -89825 -90022 -89760 -90299 -89831 -89760 -89851 84527 84544 84425 84311 84535 84110 84220 84299 84000 84248 84473 84346 -89985 -90297 -89835 -89941 -90004 -89869 -89769 -89753 -90078 -89816 -89740 -90281 -90249 84233 84428 84508 84393 84459 84336 84006 84071 84014 84154 84523 84415 -90164 -90098
-90178 -90230 -89733 -90195 -90115 -89962 -90272 -89881 -90128 -90158 -90067 84343 84026 84563 84385 84268 84371 84003 84117 84008 84439 84257 84192 -90068 -89948 -90234 -89909 -90051 -90237 -89971 -90192 -90044 -89921 -89883 -89870 -89864 84282 84402 84327 84544 84163 84479 84296 84156 84076 84356 84082 84046 -89881 -90152
-89843 -90300 -90139 -90234 -90024 -89806 -90210 -90035 -89845 -89792 -89871 84537 84282 84396 84455 84476 84204 84493 84334 84272 84077 84162 84457 -89758 -89759 -90035 -89956 -89829 -90111 -90261 -89809 -89948 -89870 -89901 -89923 -90000 84239 84442 84252 84272 84015 84120 84329 84156 84226 84327 84445 84147 -90089 -90057
-89895 -90162 -90143 -89790 -90103 -90019 -89798 -90200 -89845 -90116 -90183 84178 84127 84177 84393 84426 84251 84098 84325 84446 84262 84352 84478 -89880 -90282 -90215 -90136 -90112 -90169 -89957 -90046 -90138 -89947 -89770 -89853 -90243 84027 84352 84176 84346 84156 84368 84345 84139 84427 84537 84393 84515 -89740 -89812
-90079 -90197 -90239 -90048 -90014 -89928 -90120 -90169 -90028 -89818 -90283 84170 84459 84400 84456 84385 84485 84093 84524 84251 84382 84408 84122 -89906 -90018 -90288 -90083 -89868 -89788 -90109 -90125 -90268 -89877 -90109 -89964 -89838 84076 84373 84180 84193 84409 84451 84224 84367 84538 84536 84117 84439 -89913 -89951
-89802 -89870 -89744 -89940 -89734 -90251 -89944 -90260 -90266 -89805 -90181 84503 84132 84093 84168 84246 84331 84007 84118 84116 84502 84565 84094 -90229 -90113 -90043 -90084 -90290 -90200 -90115 -89853 -90270 -89758 -90282 -89997 -90178 84038 84148 84112 84508 84546 84514 84453 84366 84311 84293 84130 84210 -90101 -89877
-90015 -90280 -90154 -90238 -90220 -89742 -89904 -90199 -90132 -90035 -89997 84400 84114 84103 84419 84336 84011 84345 84504 84364 84154 84041 84103 -90193 -90197 -89854 -89847 -90266 -89814 -90077 -89987 -89997 -90051 -90085 -90182 -90078 84243 84048 84319 84369 84378 84200 84017 84213 84078 84037 84049 84425 -89952 -90100
-89969 -90136 -89902 -90100 -90051 -89875 -90017 -89965 -90205 -90030 -90077 84025 84193 84360 84454 84332 84040 84433 84433 84299 84356 84110 84545 -89833 -90147 -90088 -89988 -89825 -90027 -89945 -90186 -90004 -89858 -90185 -89837 -89972 84354 84055 84387 84211 84144 84529 84326 84466 84090 84391 84073 84376 -90020 -90011
-89781 -90173 -89901 -90186 -90023 -89876 -90205 -90036 -89972 -89941 -89885 84320 84009 84566 84228 84218 84078 84397 84159 84097 84440 84312 84367 84467 84278 84161 84524 84476 84353 84130 84519 84484 84052 84118 84230 84542 84462 84445 84075 84110 84437 84434 84047 84264 84408 84127 84149 84017 -89816 -90085
-90105 -90155 -90080 -90240 -90071 -89959 -89783 -90185 -89805 -90071 -90137 84276 84117 84482 84430 84553 84186 84273 84046 84398 84002 84212 84494 84170 84154 84325 84030 84266 84498 84463 84090 84219 84409 84534 84466 84273 84206 84036 84374 84192 84347 84354 84058 84188 84491 84196 84184 84148 -90005 -89852
-89756 -89994 -90100 -89947 -89803 -90044 -90157 -90216 -90061 -90074 -90210 84128 84332 84200 84210 84545 84357 84161 84059 84354 84210 84030 84017 84375 84072 84004 84424 84109 84396 84509 84303 84274 84373 84320 84494 84541 84520 84148 84518 84082 84150 84535 84234 84329 84524 84434 84400 84017 -89926 -90130
-90277 -90145 -89849 -89904 -90264 -90275 -89868 -90237 -90189 -90029 -89851 84147 84232 84438 84540 84544 84121 84236 84110 84258 84185 84278 84365 84513 84234 84451 84343 84338 84319 84464 84117 84404 84348 84264 84071 84054 84321 84303 84549 84125 84153 84249 84398 84398 84481 84167 84316 84051 -89963 -89863
-90217 -90051 -90100 -89836 -90296 -90057 -90021 -90300 -90167 -90291 -89763 84284 84084 84093 84224 84301 84208 84011 84352 84356 84047 84493 84094 84375 84203 84097 84158 84500 84423 84007 84025 84553 84158 84050 84560 84301 84013 84170 84253 84355 84002 84508 84416 84115 84213 84141 84252 84461 -90092 -89868
-89830 -89770 -89855 -89795 -89820 -90266 -89806 -89890 -90005 -89811 -89797 84071 84325 84426 84185 84353 84060 84421 84501 84524 84295 84480 84180 84286 84566 84244 84014 84376 84392 84434 84145 84335 84354 84320 84260 84085 84016 84346 84096 84325 84235 84503 84496 84163 84055 84277 84331 84297 -90289 -89813
-89929 -90221 -90257 -89901 -89741 -89979 -89841 -90221 -90176 -89908 -89873 84511 84532 84263 84247 84065 84112 84311 84449 84179 84233 84002 84360 84302 84065 84165 84108 84089 84040 84138 84236 84318 84307 84520 84230 84377 84431 84251 84379 84544 84351 84226 84357 84106 84227 84367 84206 84448 -90246 -89767
-90009 -90249 -90112 -90042 -89828 -90072 -90182 -90295 -90219 -90122 -90018 84503 84453 84546 84260 84343 84172 84093 84302 84161 84033 84495 84426 84506 84360 84094 84130 84047 84547 84289 84403 84149 84419 84401 84197 84073 84097 84045 84309 84201 84017 84431 84402 84223 84256 84066 84205 84446 -89848 -89799
-89937 -89741 -89961 -90027 -90152 -90085 -89887 -90113 -90203 -89782 -89959 84292 84193 84329 84230 84561 84166 83999 84192 84531 84163 84344 84110 84436 84113 84216 84373 84017 84151 84127 84362 84482 84316 84312 84287 84410 84515 84544 84344 84018 84011 84468 84325 84375 84457 84332 84079 84487 -89776 -89859
-90188 -89766 -89733 -90221 -89859 -89990 -90000 -89923 -89945 -90243 -90211 84164 84187 84557 84448 84382 84423 84221 84385 84128 84396 84511 84344 84284 84175 84064 84115 84342 84387 84469 84246 84260 84521 84244 84070 84469 84506 84490 84292 84479 84494 84244 84357 84355 84195 84548 84278 84550 -89882 -90033
-90085 -89876 -89942 -90286 -89771 -89816 -89778 -90277 -89927 -89931 -90232 -90209 -90157 -89864 -89812 -89839 -89741 -89819 -90229 -89787 -90136 -89748 -90083 -89962 -89895 -89804 -90096 -90002 -90105 -89798 -89857 -89908 -90277 -90008 -90155 -90115 -89957 -90084 -89892 -89736 -90032 -89839 -89890 -90225 -89957 -89799 -89907 -90205 -90071 -90008
-90164 -89955 -90174 -90090 -89856 -90025 -90202 -90250 -89854 -90006 -89764 -90296 -89989 -90185 -90123 -90073 -90125 -90046 -89979 -90037 -89971 -90030 -90019 -90094 -89869 -89850 -89842 -89798 -89990 -90135 -89741 -89741 -90250 -89765 -89797 -90079 -89811 -89922 -90016 -90239 -90009 -90240 -90101 -90087 -90285 -89925 -90100 -89993 -89978 -90041
-89917 -89820 -90219 -89858 -90176 -90140 -89830 -90192 -89941 -90091 -90072 -90210 -89854 -90163 -90191 -89929 -90180 -90071 -90100 -90132 -90079 -90245 -89756 -89866 -89835 -89947 -89970 -89885 -90193 -90189 -89817 -90135 -89943 -90222 -90273 -90233 -89919 -89751 -89770 -89833 -89794 -89929 -90214 -90169 -89982 -89891 -90022 -90128 -90288 -89935
-90200 -90083 -90128 -89881 -90299 -89891 -89774 -89946 -90234 -90006 -90287 -90023 -89821 -89963 -90160 -90226 -89948 -89791 -90088 -89896 -90179 -90167 -89925 -90234 -89929 -90017 -89820 -89884 -89867 -90086 -89795 -90054 -90084 -89773 -90040 -90115 -90118 -89948 -89923 -90165 -89830 -89916 -90024 -90063 -90150 -90009 -90032 -90249 -89759 -89738
-89911 -90012 -89984 -90168 -89844 -89795 -89855 -90300 -90277 -90136 -90293 -89846 -90269 -89856 -90191 -89905 -90014 -90004 -89932 -90195 -89841 -89946 -90011 -90061 -90196 -89954 -90041 -90027 -89777 -90220 -90035 -89788 -89741 -90107 -90094 -90046 -90261 -89824 -89791 -90254 -90021 -89883 -89901 -89793 -90167 -90063 -90281 -89979 -89744 -90046
-89928 -90081 -90194 -89833 -89955 -89736 -90122 -90300 -89921 -90253 -89988 -90189 -89946 -90103 -89890 -89975 -89920 -90091 -90005 -90047 -90048 -89949 -89920 -90001 -89953 -89917 -89982 -89925 -90267 -90067 -90142 -89905 -89868 -89833 -89807 -89886 -90008 -89875 -89947 -90103 -89812 -90078 -89995 -89815 -89885 -90275 -89924 -90299 -89811 -90076
-90006 -89787 -90084 -90142 -90047 -89960 -89743 -90197 -89950 -89787 -89794 -89758 -90193 -89740 -89910 -89983 -90074 -89776 -89896 -90100 -90121 -90185 -90082 -89813 -90206 -90165 -89830 -90027 -89786 -89996 -89906 -89953 -89932 -89936 -89964 -90162 -89923 -89766 -90300 -89995 -90220 -90240 -90084 -90223 -89922 -90232 -89972 -90200 -90201 -89845
-90167 -90046 -90240 -89922 -89780 -89905 -89888 -89886 -90301 -89917 -89979 -90106 -90116 -89905 -90207 -90248 -89859 -90027 -90091 -90021 -89907 -89776 -89993 -89996 -89970 -90290 -90066 -90172 -89780 -90094 -89994 -90262 -89980 -90095 -90119 -89938 -89952 -89768 -90285 -89793 -90017 -90260 -90052 -90082 -89854 -90148 -90038 -90112 -90150 -90174
