50 50
-78881 -78891 -78904 -78866 -78879 -78879 -78867 -78878 -78894 -78902 -78903 -78878 -78905 -78866 -78898 -78865 -78865 -78846 -78864 -78842 -78870 -78882 -78871 -78884 -78891 -78878 -78859 -78872 -78842 -78861 -78869 -78845 -78864 -78904 -78864 -78886 -78868 -78874 -78891 -78899 -78910 -78876 -78855 -78903 -78899 -78885 -78866 -78876 -78884 -78855
-78878 -78905 -78854 -78873 -78847 -78881 -78870 -78858 -78907 -78902 -78862 -78842 -78868 -78844 -78865 -78858 -78911 -78897 -78848 -78895 -78906 -78883 -78846 -78872 -78870 -78871 -78890 -78857 -78866 -78900 -78901 -78891 -78905 -78856 -78859 -78854 -78888 -78859 -78849 -78842 -78887 -78896 -78856 -78885 -78906 -78897 -78850 -78890 -78849 -78877
-78858 -78899 -78886 -78853 -78842 -78908 -78890 -78864 -78884 -78888 -78875 -78884 -78888 -78891 -78874 -78872 -78872 -78854 -78857 -78897 -78892 -78883 -78889 -78906 -78891 -78875 -78858 -78873 -78908 -78901 -78892 -78885 -78891 -78872 -78889 -78848 -78905 -78871 -78884 -78872 -78906 -78906 -78860 -78887 -78878 -78859 -78853 -78849 -78910 -78895
-78853 -78874 -78907 -78901 -78873 -78886 -78879 -78899 -78887 -78898 -78869 -78865 -78853 -78864 -78879 -78886 -78863 -78880 -78855 -78910 -78900 -78848 -78906 -78842 -78854 -78902 -78846 -78846 -78866 -78852 -78860 -78864 -78857 -78899 -78890 -78870 -78848 -78850 -78909 -78888 -78906 -78863 -78907 -78861 -78887 -78853 -78866 -78860 -78845 -78912
-78856 -78847 -78874 -78861 -78879 -78887 -78855 -78855 -78898 -78904 -78870 -78899 -78885 -78855 -78848 -78883 -78842 -78859 -78849 -78891 -78846 -78843 -78903 -78882 -78844 -78899 -78909 -78910 -78905 -78867 -78888 -78908 -78864 -78853 -78885 -78886 -78899 -78865 -78894 -78844 -78888 -78859 -78864 -78901 -78842 -78878 -78847 -78876 -78855 -78896
-78881 -78888 -78844 -78885 -78866 -78906 -78860 -78853 -78911 -78843 -78855 -78886 -78881 -78878 -78896 -78894 -78890 -78906 -78880 -78912 -78883 -78879 -78899 -78863 -78848 -78865 -78894 -78880 -78844 -78883 -78911 -78882 -78898 -78906 -78873 -78843 -78876 -78866 -78880 -78911 -78876 -78900 -78910 -78907 -78858 -78843 -78906 -78870 -78860 -78896
-78874 -78906 -78864 -78878 -78892 -78849 -78891 -78866 -78867 -78857 -78911 -78909 -78866 -78842 -78865 -78845 -78864 -78881 -78886 -78912 -78884 -78868 -78868 -78907 -78851 -78904 -78890 -78864 -78898 -78862 -78865 -78881 -78854 -78859 -78901 -78910 -78867 -78842 -78873 -78864 -78865 -78904 -78902 -78906 -78912 -78899 -78901 -78893 -78897 -78851
-78866 -78866 -78842 -78870 -78880 -78861 -78869 -78885 -78898 -78908 -78863 -78880 -78867 -78856 -78906 -78898 -78842 -78847 -78883 -78904 -78849 -78878 -78850 -78867 -78862 -78842 -78861 -78888 -78854 -78855 -78878 -78878 -78857 -78858 -78872 -78860 -78858 -78871 -78867 -78882 -78882 -78859 -78869 -78899 -78889 -78884 -78866 -78878 -78842 -78842
-78909 -78856 -78850 -78903 -78894 -78907 -78842 -78857 -78848 -78870 -78868 -78909 -78895 42441 42446 42466 42439 42449 -78871 -78896 -78911 -78901 -78899 -78894 -78854 -78848 -78850 -78862 -78895 -78887 -78907 -78844 -78859 -78891 -78892 -78912 -78893 -78856 -78891 -78883 -78872 -78870 -78869 -78870 -78894 -78889 -78893 -78889 -78859 -78860
-78888 -78869 -78888 -78890 -78910 -78856 -78901 -78843 -78855 -78896 -78910 -78874 -78874 42410 42411 42411 42435 42444 -78856 -78902 -78860 -78849 -78905 -78894 -78893 -78853 -78878 -78861 -78855 -78898 -78864 -78849 -78856 -78901 -78879 -78888 -78905 -78912 -78843 -78890 -78851 -78879 -78902 -78862 -78865 -78887 -78887 -78869 -78911 -78907
-78891 -78887 -78865 -78908 -78862 -78872 -78854 -78849 -78897 -78857 -78866 -78909 -78847 42427 42443 42441 42472 42434 -78856 -78860 -78858 -78885 -78876 -78866 -78850 -78893 -78843 -78879 -78856 -78893 -78859 -78896 -78910 -78854 -78843 -78903 -78849 -78872 -78860 -78906 -78895 -78871 -78894 -78912 -78911 -78863 -78910 -78900 -78893 -78856
-78852 -78873 -78863 -78909 -78875 -78882 -78860 -78896 -78912 -78857 -78878 -78892 -78888 42470 42425 42413 42425 42408 -78883 -78911 -78891 -78868 -78906 -78899 -78854 -78879 -78899 -78853 -78912 -78910 -78846 -78873 -78912 -78903 -78902 -78889 -78857 -78842 -78885 -78862 -78863 -78847 -78883 -78863 -78903 -78864 -78846 -78864 -78891 -78861
-78890 -78881 -78908 -78879 -78866 -78877 -78857 -78905 -78885 -78877 -78878 -78884 -78844 42448 42439 42473 42418 42472 -78844 -78909 -78904 -78853 -78853 -78910 -78893 -78898 -78884 -78887 -78867 -78885 -78853 -78849 -78867 -78905 -78859 -78888 -78890 -78871 -78882 -78855 -78859 -78872 -78894 -78870 -78874 -78870 -78881 -78864 -78854 -78900
-78850 -78908 -78858 -78883 -78863 -78844 -78909 -78905 -78886 -78879 -78912 -78890 -78887 42467 42465 42419 42449 42448 -78882 -78862 -78864 -78910 -78843 -78911 -78842 -78895 -78903 -78854 -78891 -78866 -78852 -78877 -78878 -78867 -78859 -78904 -78882 -78912 -78869 -78862 -78912 -78885 -78886 -78849 -78886 -78907 -78895 -78878 -78891 -78874
-78871 -78844 -78858 -78889 -78898 -78907 -78898 -78889 -78848 -78891 -78871 -78900 -78842 42475 42410 42461 42430 42432 -78880 -78847 -78880 -78848 -78853 -78865 -78860 -78857 -78871 -78890 -78859 -78904 -78900 -78869 -78864 -78884 -78908 -78910 -78895 -78879 -78889 -78858 -78874 -78847 -78868 -78858 -78906 -78879 -78846 -78906 -78862 -78860
-78893 -78865 -78878 -78876 -78864 -78867 -78898 -78888 -78856 -78891 -78882 -78857 -78878 42475 42431 42415 42411 42448 -78869 -78902 -78880 -78844 -78903 -78869 -78854 -78845 -78876 -78895 -78849 -78859 -78895 -78903 -78886 -78867 -78853 -78897 -78846 -78875 -78907 -78890 -78908 -78881 -78855 -78842 -78861 -78844 -78901 -78871 -78902 -78845
-78894 -78903 -78902 -78889 -78897 -78882 -78862 -78898 -78860 -78862 -78847 -78906 -78870 42417 42412 42412 42436 42438 -78851 -78853 -78887 -78883 -78888 -78868 -78904 -78842 -78873 -78904 -78851 -78904 -78904 -78862 -78885 -78866 -78905 -78907 -78895 -78868 -78868 -78843 -78889 -78908 -78862 -78864 -78860 -78901 -78905 -78858 -78878 -78899
-78892 -78908 -78845 -78891 -78904 -78862 -78883 -78864 -78845 -78872 -78902 -78847 -78909 42406 42436 42418 42436 42426 -78893 -78909 -78912 -78858 -78856 -78849 -78894 -78891 -78900 -78873 -78849 -78898 -78902 -78879 -78871 -78912 -78907 -78896 -78846 -78863 -78862 -78862 -78898 -78874 -78853 -78848 -78873 -78906 -78874 -78849 -78882 -78897
-78890 -78890 -78867 -78875 -78872 -78846 -78898 -78898 -78869 -78844 -78897 -78886 -78856 42411 42453 42430 42439 42460 -78876 -78901 -78853 -78885 -78848 -78901 -78876 -78846 -78849 -78908 -78887 -78842 -78868 -78863 -78893 -78855 -78851 -78885 -78854 -78874 -78852 -78876 -78843 -78901 -78866 -78846 -78854 -78908 -78870 -78879 -78872 -78879
-78856 -78899 -78858 -78885 -78883 -78866 -78862 -78912 -78907 -78909 -78859 -78884 -78900 42429 42422 42449 42462 42461 -78895 -78868 -78891 -78897 -78881 -78870 -78905 -78893 -78900 -78863 -78879 -78890 -78857 -78911 -78862 -78879 -78902 -78852 -78880 -78891 -78884 -78864 -78879 -78875 -78891 -78887 -78891 -78843 -78880 -78890 -78862 -78869
-78871 -78892 -78873 -78862 -78846 -78874 -78906 -78898 -78843 -78902 -78892 -78887 -78845 42406 42410 42473 42453 42438 -78854 -78860 -78843 -78901 -78888 -78875 -78888 -78851 -78878 -78906 -78869 -78897 -78890 -78852 -78896 -78844 -78870 -78876 -78906 -78896 -78899 -78861 -78901 -78879 -78880 -78851 -78846 -78911 -78861 -78892 -78858 -78886
-78857 -78878 -78855 -78857 -78883 -78875 -78847 -78880 -78864 -78890 -78858 -78867 -78877 42438 42434 42467 42412 42437 -78864 -78901 -78843 -78879 -78909 -78894 -78845 -78896 -78843 -78873 -78878 -78871 -78846 -78878 -78888 -78850 -78888 -78900 -78869 -78867 -78907 -78906 -78905 -78865 -78877 -78893 -78845 -78887 -78892 -78855 -78876 -78858
-78845 -78896 -78904 -78880 -78885 -78866 -78892 -78848 -78853 -78910 -78881 -78906 -78895 42422 42459 42440 42454 42424 -78883 -78864 -78896 -78864 -78893 -78900 -78852 -78879 -78862 -78905 -78856 -78898 -78872 -78878 -78894 -78851 -78866 -78899 -78885 -78910 -78875 -78872 -78882 -78876 -78887 -78900 -78892 -78848 -78860 -78869 -78880 -78870
-78875 -78851 -78896 -78895 -78846 -78851 -78890 -78858 -78891 -78891 -78876 -78882 -78904 42435 42446 42466 42424 42443 -78868 -78881 -78901 -78900 -78860 -78858 -78872 -78899 -78875 -78858 -78899 -78902 -78903 -78903 -78874 -78874 -78906 -78883 -78877 -78903 -78873 -78891 -78854 -78886 -78851 -78909 -78856 -78910 -78903 -78874 -78869 -78850
-78894 -78856 -78872 -78898 -78901 -78866 -78882 -78888 -78883 -78880 -78911 -78901 -78851 42470 42418 42462 42451 42414 -78912 -78853 -78879 -78887 -78884 -78898 -78855 -78843 -78843 -78907 -78870 -78879 -78902 -78843 -78909 -78908 -78860 -78875 -78843 -78900 -78907 -78885 -78880 -78887 -78901 -78900 -78848 -78890 -78843 -78849 -78911 -78876
-78884 -78872 -78884 -78854 -78880 -78866 -78847 -78855 -78860 -78863 -78912 -78859 -78862 42451 42443 42412 42434 42449 -78910 -78884 -78867 -78851 -78872 -78877 -78906 -78902 -78851 -78905 -78900 -78844 -78853 -78891 -78851 -78912 -78894 -78889 -78842 -78892 -78891 -78882 -78882 -78879 -78877 -78911 -78874 -78865 -78862 -78909 -78879 -78883
-78846 -78887 -78887 -78903 42439 42439 42434 42425 42425 42445 42440 42432 42444 -78851 -78886 -78870 -78861 -78844 42470 42418 42411 42461 42449 42436 42408 42407 42414 42461 42439 42405 42437 42416 42416 42467 42435 42419 42437 42465 -78878 -78889 -78908 -78856 -78851 -78892 -78878 -78892 -78883 -78884 -78863 -78881
-78865 -78844 -78862 -78877 42466 42436 42452 42420 42421 42437 42439 42421 42411 -78901 -78859 -78901 -78845 -78862 42461 42460 42428 42426 42450 42463 42415 42442 42444 42460 42434 42405 42419 42460 42450 42436 42428 42456 42451 42428 -78902 -78849 -78878 -78852 -78872 -78897 -78911 -78845 -78867 -78883 -78912 -78873
-78857 -78909 -78907 -78863 42435 42415 42452 42470 42451 42431 42408 42412 42447 -78879 -78891 -78905 -78849 -78901 42470 42454 42442 42450 42465 42454 42409 42413 42466 42473 42444 42439 42425 42415 42450 42422 42415 42457 42413 42453 -78846 -78844 -78872 -78901 -78885 -78878 -78895 -78908 -78901 -78845 -78885 -78876
-78869 -78874 -78849 -78849 42456 42465 42460 42456 42406 42463 42452 42456 42441 -78866 -78896 -78873 -78872 -78856 42452 42451 42460 42439 42460 42464 42417 42472 42416 42436 42418 42469 42406 42433 42427 42469 42461 42467 42413 42469 -78889 -78846 -78908 -78898 -78903 -78873 -78861 -78906 -78849 -78847 -78862 -78864
-78881 -78848 -78863 -78853 42465 42464 42451 42412 42466 42472 42426 42413 42423 -78865 -78865 -78850 -78912 -78909 42454 42422 42456 42410 42414 42432 42405 42447 42430 42429 42406 42445 42442 42413 42431 42441 42443 42452 42417 42432 -78870 -78848 -78887 -78898 -78869 -78882 -78889 -78887 -78868 -78894 -78867 -78854
-78912 -78866 -78911 -78859 42442 42427 42438 42440 42461 42469 42474 42411 42415 -78882 -78869 -78875 -78876 -78906 42475 42426 42432 42430 42409 42438 42450 42425 42421 42407 42406 42456 42469 42422 42433 42438 42429 42410 42423 42452 -78877 -78885 -78853 -78844 -78868 -78900 -78845 -78887 -78880 -78901 -78879 -78879
-78884 -78870 -78864 -78903 -78858 -78911 -78887 -78903 -78859 -78852 -78891 -78871 -78900 42456 42467 42470 42450 42461 -78849 -78882 -78870 -78893 -78864 -78893 -78858 -78860 -78879 -78898 -78866 -78897 -78901 -78860 -78906 -78888 -78846 -78903 -78868 -78892 -78879 -78865 -78881 -78876 -78872 -78902 -78868 -78901 -78875 -78861 -78881 -78860
-78845 -78905 -78847 -78844 -78903 -78873 -78903 -78872 -78886 -78912 -78852 -78855 -78871 42431 42451 42421 42475 42467 -78884 -78873 -78909 -78856 -78886 -78865 -78880 -78888 -78853 -78901 -78849 -78881 -78912 -78880 -78900 -78854 -78877 -78875 -78902 -78862 -78886 -78865 -78874 -78893 -78860 -78845 -78904 -78876 -78876 -78897 -78896 -78857
-78847 -78865 -78900 -78907 -78863 -78848 -78903 -78889 -78878 -78894 -78873 -78894 -78850 42427 42466 42405 42468 42466 -78912 -78850 -78895 -78888 -78871 -78891 -78905 -78866 -78873 -78888 -78902 -78875 -78880 -78845 -78848 -78855 -78876 -78889 -78874 -78846 -78868 -78901 -78871 -78854 -78875 -78855 -78900 -78864 -78864 -78877 -78895 -78855
-78887 -78894 -78896 -78854 -78887 -78905 -78869 -78871 -78876 -78901 -78855 -78908 -78886 42436 42435 42418 42474 42459 -78842 -78891 -78911 -78894 -78844 -78881 -78859 -78853 -78874 -78895 -78879 -78888 -78877 -78858 -78866 -78842 -78903 -78884 -78855 -78845 -78852 -78855 -78865 -78906 -78875 -78853 -78886 -78889 -78868 -78874 -78891 -78899
-78883 -78845 -78906 -78880 -78894 -78850 -78883 -78855 -78864 -78910 -78887 -78842 -78910 -78868 -78883 -78843 -78880 -78904 -78856 -78886 -78858 -78858 -78897 -78885 -78858 -78892 -78858 -78884 -78900 -78880 -78843 -78869 -78856 -78906 -78888 -78851 -78887 -78896 -78884 -78866 -78860 -78870 -78895 -78874 -78854 -78843 -78908 -78847 -78874 -78874
-78869 -78897 -78876 -78880 -78879 -78872 -78885 -78860 -78897 -78874 -78888 -78859 -78860 -78858 -78871 -78860 -78893 -78880 -78858 -78911 -78875 -78911 -78844 -78870 -78883 -78864 -78854 -78910 -78851 -78875 -78862 -78901 -78892 -78876 -78860 -78901 -78899 -78848 -78851 -78855 -78892 -78870 -78854 -78845 -78909 -78900 -78851 -78847 -78893 -78911
-78878 -78876 -78861 -78854 -78859 -78900 -78895 -78902 -78851 -78871 -78876 -78857 -78889 -78903 -78848 -78893 -78906 -78903 -78875 -78876 -78910 -78864 -78905 -78887 -78862 -78873 -78874 -78860 -78875 -78911 -78907 -78877 -78894 -78909 -78899 -78905 -78857 -78849 -78909 -78892 -78857 -78889 -78865 -78866 -78855 -78850 -78862 -78912 -78848 -78876
-78888 -78887 -78909 -78895 -78908 -78853 -78885 -78886 -78865 -78889 -78908 -78900 -78858 -78876 -78880 -78853 -78861 -78850 -78859 -78854 -78860 -78867 -78897 -78868 -78872 -78876 -78890 -78863 -78885 -78910 -78888 -78893 -78873 -78856 -78879 -78892 -78885 -78843 -78885 -78910 -78874 -78869 -78909 -78894 -78855 -78900 -78872 -78864 -78864 -78885
-78845 -78897 -78856 -78867 -78872 -78880 -78866 -78856 -78903 -78861 -78888 -78880 -78904 -78871 -78845 -78905 -78888 -78862 -78902 -78881 -78912 -78863 -78845 -78845 -78909 -78856 -78875 -78867 -78862 -78912 -78857 -78904 -78892 -78906 -78906 -78889 -78843 -78905 -78891 -78844 -78857 -78899 -78868 -78861 -78904 -78864 -78889 -78846 -78908 -78847
-78911 -78893 -78910 -78896 -78887 -78863 -78911 -78898 -78862 -78847 -78860 -78851 -78845 -78860 -78860 -78854 -78875 -78882 -78871 -78904 -78857 -78908 -78860 -78864 -78887 -78904 -78857 -78877 -78852 -78855 -78909 -78890 -78893 -78887 -78894 -78883 -78908 -78883 -78906 -78887 -78851 -78859 -78887 -78903 -78893 -78873 -78893 -78904 -78892 -78905
-78904 -78887 -78912 -78910 -78894 -78879 -78891 -78896 -78870 -78883 -78866 -78903 -78884 -78887 -78903 -78847 -78900 -78876 -78850 -78853 -78842 -78843 -78867 -78897 -78886 -78889 -78892 -78864 -78902 -78872 -78855 -78853 -78848 -78851 -78847 -78857 -78890 -78912 -78910 -78906 -78885 -78864 -78905 -78845 -78906 -78896 -78904 -78899 -78845 -78911
-78882 -78895 -78906 -78848 -78859 -78874 -78899 -78850 -78882 -78861 -78877 -78884 -78879 -78893 -78877 -78880 -78885 -78870 -78852 -78907 -78889 -78896 -78893 -78848 -78842 -78867 -78908 -78889 -78869 -78859 -78879 -78906 -78898 -78874 -78873 -78856 -78866 -78908 -78865 -78887 -78880 -78883 -78843 -78886 -78846 -78873 -78878 -78870 -78903 -78895
-78846 -78909 -78884 -78846 -78856 -78852 -78906 -78907 -78850 -78909 -78856 -78860 -78846 -78848 -78877 -78912 -78886 -78843 -78898 -78910 -78845 -78845 -78885 -78842 -78857 -78890 -78873 -78862 -78888 -78863 -78904 -78902 -78850 -78844 -78888 -78889 -78864 -78908 -78886 -78896 -78881 -78857 -78868 -78877 -78909 -78912 -78848 -78862 -78907 -78853
-78842 -78873 -78857 -78866 -78872 -78861 -78856 -78896 -78872 -78912 -78857 -78847 -78880 -78879 -78906 -78874 -78873 -78849 -78850 -78874 -78890 -78912 -78897 -78892 -78870 -78853 -78844 -78910 -78846 -78894 -78872 -78855 -78850 -78882 -78852 -78857 -78882 -78870 -78903 -78874 -78844 -78890 -78863 -78873 -78854 -78887 -78881 -78852 -78867 -78879
-78886 -78863 -78855 -78849 -78858 -78870 -78910 -78911 -78891 -78872 -78845 -78882 -78907 -78851 -78895 -78904 -78902 -78846 -78871 -78864 -78900 -78849 -78879 -78886 -78883 -78843 -78902 -78849 -78842 -78868 -78845 -78864 -78899 -78873 -78901 -78893 -78909 -78860 -78909 -78856 -78894 -78843 -78852 -78855 -78900 -78884 -78862 -78907 -78865 -78857
-78863 -78911 -78877 -78874 -78904 -78888 -78899 -78860 -78855 -78882 -78891 -78856 -78882 -78872 -78878 -78877 -78859 -78893 -78909 -78889 -78870 -78852 -78844 -78910 -78860 -78866 -78845 -78857 -78879 -78891 -78897 -78905 -78870 -78888 -78901 -78862 -78863 -78897 -78900 -78843 -78877 -78896 -78842 -78885 -78856 -78873 -78893 -78891 -78897 -78854
-78848 -78895 -78844 -78892 -78879 -78850 -78892 -78892 -78903 -78897 -78867 -78874 -78858 -78874 -78904 -78851 -78876 -78901 -78847 -78858 -78847 -78854 -78894 -78874 -78886 -78886 -78907 -78882 -78858 -78887 -78878 -78905 -78870 -78897 -78872 -78880 -78898 -78853 -78881 -78867 -78867 -78880 -78898 -78849 -78902 -78847 -78892 -78882 -78891 -78858
-78859 -78900 -78855 -78882 -78864 -78899 -78878 -78848 -78845 -78882 -78858 -78867 -78902 -78890 -78884 -78894 -78858 -78887 -78896 -78903 -78885 -78853 -78883 -78877 -78858 -78880 -78844 -78842 -78850 -78859 -78856 -78900 -78902 -78898 -78845 -78862 -78873 -78878 -78890 -78849 -78879 -78859 -78844 -78910 -78845 -78872 -78901 -78874 -78880 -78846
