50 50
-57772 -57663 -57794 -57902 -58246 -57589 -58130 -58000 -58234 -57843 -57666 -58022 -57472 -57135 -57595 -57435 -57568 -57679 -57951 -58215 -58073 -57963 -57163 -57765 -58077 -57265 -57230 -57995 -58144 -58133 -58125 -57816 -58204 -57018 -57160 -57471 -57442 -57243 -57234 -58083 -57797 -58123 -57342 -57533 -58264 -57785 -57401 -57157 -57696 -57744
-57645 -57533 -57500 -58164 -57103 -57298 -57460 -57391 -58108 -57183 -57861 -57127 -58107 -57724 -57169 -57386 -58114 -57798 -57254 -57351 -57317 -57011 -57850 -57173 -57314 -57714 -57883 -58271 -57942 -57498 -57832 -57689 -57832 -57426 -57542 -58131 -57453 -57432 -57037 -58060 -58263 -57016 -57347 -57501 -58093 -58016 -57120 -57285 -57339 -57964
-57833 -58123 -57761 -57843 -57182 -57010 -57994 -57755 -57025 -57035 -57748 -57827 -58123 -57371 -58265 -57303 -58230 -58317 -58099 -58233 -58038 -57636 -57205 -57351 -57690 -57721 -58293 -57169 -57186 -57594 -57785 -58172 -57610 -57737 -57215 -57309 -57690 -57146 -57994 99121 99890 99184 99928 99746 99100 99534 99730 100000 99029 99468
-57835 -58254 -57767 -57177 -57066 -57431 -58200 -57886 -57059 -57137 -57240 -57932 -58272 -57920 -57003 -57660 -57105 -57467 -57378 -58238 -57477 -58192 -58047 -57917 -57243 -57991 -57987 -57103 -57527 -58279 -57466 -58203 -58115 -57086 -58284 -57063 -57006 -57859 -57895 99171 99265 99353 99973 99017 99116 99977 99558 99139 99844 98996
-57910 -57911 -57120 -57459 -57456 -57676 -57877 -57418 -57843 -58028 -57004 -57913 -57872 -57031 -57367 -58126 -57091 -57644 -57114 -57189 -57060 -57468 -58088 -57741 -58234 -57709 -58309 -58043 -58012 -57991 -58084 -58189 -57364 -57568 -57061 -57005 -57126 -58063 -57096 99417 98904 98996 99817 99134 99789 99627 99720 100000 99204 100000
-57586 -58123 -58265 -57013 -57704 -58203 -57066 -57585 -57973 -57380 -57653 -58043 -58236 -58240 -57868 -58154 -58316 -57609 -57389 -58045 -57254 -57279 -57805 -57390 -57243 -57907 -57267 -57199 -57394 -58018 -57050 -57362 -57948 -58127 -57583 -57103 -57091 -57655 -57578 99746 99332 100000 99275 99161 99603 99815 99142 99830 99629 99418
-57654 -57655 -57892 -58079 -58146 -57681 -57441 -57439 -57622 -57489 -58311 -57494 -57769 -57537 -57764 -57724 -57854 -57836 -57211 -57286 -57761 -57935 -57336 -57336 -57486 -57222 -57589 -57734 -58190 -57098 -57903 -57303 -58156 -57016 -57303 -57100 -57907 -57348 -57807 -57481 -57600 -57544 -57733 -58275 -57924 -57494 -57537 -57505 -57695 -58008
-57789 -58024 -57468 -57391 -57691 -57699 -58061 -57238 -57366 -57565 -57736 -58076 -57531 -58317 -58172 -57716 -57793 -57258 -57126 -57371 -57018 -57007 -57998 -57166 -57014 -57858 -58311 -57426 -58161 -58232 -57156 -57839 -57532 -58064 -58297 -57016 -58098 -57526 -57947 -57842 -58173 -57625 -57971 -57596 -57348 -58136 -57457 -57278 -58161 -58216
-58060 -57829 -57832 -57024 -58289 -57026 -58291 -58133 -57599 -58111 -58088 -57325 -58105 -57287 -57372 -57333 -57552 -58077 -57205 -57079 -57866 -57882 -57482 -57620 -57548 -58121 -57917 -57122 -58319 -58208 -57595 -57024 -57777 -58185 -57572 -58053 -57441 -57598 -57173 -58107 -57619 -57269 -57068 -57193 -57579 -57001 -57987 -57639 -57027 -57713
-57707 -58161 -57327 -57913 -57852 -57801 -58165 -58154 -58019 -57907 -57275 -58152 -57030 -58166 -57633 -57595 -58246 -58103 -57252 -57754 -58080 -58294 -57967 -57578 -58016 -58067 -57173 -57764 -57595 -57802 -57363 -57745 -57973 -57020 -57135 -57999 -57662 -58229 -57902 -58253 -57826 -57729 -58138 -57986 -57993 -57904 -57112 -57450 -57250 -58108
-58190 -57907 -57179 -58115 -58006 -57850 -57504 -58096 -58211 -57125 -57791 -57658 -57868 -57815 -57660 -58284 -57923 -58315 -57866 -57662 -57698 -57701 -58045 -58157 -58106 -57600 -57939 -57259 -58144 -57741 -57618 -57802 -57124 -57885 -57006 -57825 -57391 -57023 -57863 -57265 -58060 -57796 -57243 -57745 -57815 -58031 -58077 -58261 -58209 -57665
-58210 -57711 -57495 -57459 -57699 -57570 -58050 -57827 -58212 -58310 -57419 -57060 -57987 -57920 -57832 -58137 -57452 -57534 -57015 -57739 -57594 -57217 -57615 -57996 -57689 -57898 -57630 -57464 -57626 -58049 -57602 -57915 -57718 -57988 -57472 -57757 -58047 -57424 -57052 -57989 -58192 -57861 -58180 -57331 -58134 -57947 -57238 -58220 -57811 -58115
-57611 -57345 -58235 -58036 -57721 -58097 -57684 -57625 -57338 -57148 -57104 -57121 -58293 -57820 -57835 -58078 -57095 -58152 -57146 -57606 -57618 -58132 -57424 -57835 -57320 -58070 -57539 -57517 -57203 -58171 -57067 -57632 -57442 -57888 -57788 -57934 -57963 -57484 -57172 -57221 -57725 -57942 -57662 -57282 -57956 -57887 -57445 -57788 -57974 -57579
-57710 -58012 -57442 -57036 -57615 -58278 -58209 -57243 -57539 -57263 -57667 -57956 -57926 -57436 -57600 -58162 -58238 -57699 -58263 -58208 -57498 -57609 -58094 -57664 -57892 -57360 -57008 -57647 -57833 -58233 -57578 -57162 -58323 -57886 -57912 -58313 -58152 -57542 -58132 -57588 -57341 -57461 -57118 -58307 -58282 -57866 -57270 -57307 -58127 -58314
-58159 -57982 -57688 -57929 -57565 -57622 -58058 -57560 -57320 -57164 -57277 -57098 -57825 -57648 -57203 -57996 -57246 -57689 -57636 -57080 -58018 -57954 -58277 -58256 -58250 -57403 -58267 -57167 -58073 -57901 -58205 -57164 -57902 -58198 -57217 -57074 -57259 -57774 -58301 -57892 -57284 -57136 -57583 -57660 -57494 -57768 -57914 -57970 -57119 -57497
-57419 -58162 -57979 -58133 -57347 -58032 -57971 -57998 -57126 -57399 -57215 -58279 -57506 -57731 -57665 -57452 -58271 -58201 -57951 -57294 -58171 -57613 -58087 -57492 -57313 -57664 -57889 -57129 -57078 -57072 -57273 -57901 -57608 -58152 -57076 -57179 -58113 -58202 -57635 -57357 -57466 -58190 -57631 -57049 -57149 -57758 -57331 -57110 -57702 -57572
-57783 -57835 -57703 -58226 -57985 -58067 -57441 -57959 -57881 -57602 -57398 -57775 -58081 -57930 -57497 -57805 -57188 -57708 -58077 -57579 -57328 -57987 -58091 -57921 -58039 -57780 -58238 -57290 -57320 -57252 -58318 -57361 -57445 -57864 -57925 -58248 -57521 -57041 -57727 -57877 -57907 -57382 -57816 -58019 -57657 -57751 -57260 -57854 -57749 -57456
-58123 -57092 -57345 -58323 -57180 -57623 -57793 -57671 -58112 -57498 -57823 -57739 -58227 -57978 -57725 -58311 -57953 -58155 -57716 -58108 -57618 -58051 -58079 -58130 -57404 -57662 -58305 -57701 -58049 -57562 -57807 -58066 -57308 -57110 -58126 -57646 -58039 -57138 -57158 -58139 -58173 -58286 -58296 -57128 -58062 -57043 -58311 -57168 -58224 -57906
-58269 -57953 -57309 -58082 -57046 -57212 -57893 -57222 -57218 -57498 -57726 -57773 -57823 -57304 -57621 -57824 -58256 -57854 -58039 -58233 -58201 -58285 -57461 -57715 -57009 -57676 -58153 -57096 -57378 -57522 -57726 -57686 -57961 -57128 -57656 -57604 -57345 -57476 -57902 -57940 -58212 -57670 -58189 -57960 -57842 -57505 -58118 -58234 -57681 -57225
-57557 -57328 -57559 -57860 -58306 -58034 -57779 -57214 -57667 -57455 -58257 -57347 -57762 -57083 -57223 -57115 -57733 -57600 -58127 -58293 -58253 -57061 -57765 -57067 -58203 -57682 -58079 -57207 -57123 -57396 -58119 -57868 -57042 -57688 -57090 -57692 -57277 -58286 -57198 -57102 -57520 -58161 -57881 -57644 -57829 -57262 -57373 -57795 -57235 -57062
-58295 -57736 -57903 -57207 -57031 -58066 -57939 -57426 -57450 -57201 -57624 -57028 -58226 -58095 -58210 -57504 -58291 -57410 -57366 -57703 -57604 -57758 -58036 -57680 -57675 -57644 -58171 -57663 -57161 -57227 -58233 -57615 -57894 -58015 -58149 -57347 -58265 -57694 -58063 -57988 -57856 -57552 -57031 -58012 -57549 -57292 -57062 -57059 -57849 -57833
-58237 -57490 -58036 -57770 -57792 -57834 -57885 -58242 -57910 -58007 -58164 -58207 -57171 -57885 -58016 -58166 -57864 -58108 -58171 -58127 -57679 -57896 -57715 -57841 -58171 -57963 -57032 -58239 -57592 -57505 -57397 -57823 -57983 -57778 -58184 -57002 -58108 -57207 -57186 -57679 -57616 -58105 -57991 -58208 -57095 -58281 -57118 -57652 -57941 -57541
-58048 -57057 -57921 -57898 -57076 -57583 -57583 -57353 -57737 -58316 -57688 -57497 -57151 -57853 -57801 -57624 -58119 -57118 -57278 -57905 -57465 -57069 -57242 -57150 -58270 -58312 -58102 -57968 -57369 -58069 -57164 -57100 -57326 -58093 -57586 -57037 -57624 -57822 -58081 -57183 -58114 -57669 -57600 -57717 -58166 -58167 -57209 -57333 -57314 -57561
-57527 -57663 -57680 -57969 -57296 -57798 -57839 -57281 -58161 -58120 -57444 -57292 -57296 -58108 -57568 -57634 -58132 -58014 -57784 -57071 -57959 -57325 -57364 -58224 -57234 -57671 -57425 -57917 -57482 -57296 -57011 -57936 -57010 -57006 -57859 -58183 -58297 -57237 -57510 -58223 -57790 -57276 -57723 -57697 -58128 -57568 -57438 -58318 -58070 -58301
-58024 -58036 -57279 -57627 -57018 -57616 -57673 -57137 -57810 -58117 -57151 -57083 -57239 -57509 -58068 -58293 -57958 -58213 -57366 -57108 -57433 -58088 -57896 -57417 -58188 -57425 -57049 -57884 -57002 -57692 -57281 -57918 -58119 -57226 -57901 -57897 -57717 -57900 -58015 -57830 -57797 -57883 -57564 -57820 -58241 -57169 -57032 -57898 -57578 -57167
-57934 -58201 -57115 -57744 -57434 -57399 -57947 -57093 -57352 -58092 -57980 -57555 -57564 -57182 -57002 -57831 -57989 -57209 -57115 -57125 -57742 -57163 -57034 -58157 -57871 -57581 -58084 -58211 -57281 -57583 -57157 -58076 -57225 -58316 -57841 -58191 -58286 -58121 -58258 -57309 -57402 -57696 -57074 -57741 -58132 -57798 -57138 -57529 -57970 -57855
-57398 -57495 -58081 -57917 -58245 -58140 -57036 -57216 -57624 -57162 -57989 -58298 -58259 -57269 -57743 -58216 -57193 -57460 -57010 -57337 -57800 -58226 -58181 -58009 -57694 -57092 -57437 -57664 -57599 -58057 -57358 -57896 -58192 -57832 -58217 -57625 -57238 -57005 -57215 -57395 -57909 -58091 -57461 -57001 -57811 -58326 -57140 -58167 -57272 -57856
-57787 -58220 -58254 -57149 -57485 -58155 -57003 -57683 -57238 -57590 -57236 -57754 -57585 -57071 -57258 -57745 -58025 -57745 -57908 -57091 -58062 -57880 -57669 -58039 -57693 -58031 -57682 -57323 -57610 -57358 -57151 -57722 -58131 -57282 -57457 -57117 -57424 -57560 -58061 -57958 -57767 -57949 -57647 -57132 -57129 -58231 -58140 -58111 -58159 -58011
-57170 -57825 -57221 -57629 -57984 -57784 -57298 -57069 -57037 -57915 -57629 -57509 -57757 -57728 -58133 -58093 -58109 -58302 -57910 -57701 -58241 -57521 -58143 -57578 -57308 -57951 -57378 -58244 -57802 -57184 -57104 -57472 -58300 -57140 -57884 -57364 -57562 -57670 -58225 -57035 -57585 -57610 -57231 -58275 -57062 -57814 -58289 -57773 -57893 -58218
-57614 -57130 -57306 -58252 -57298 -58059 -57530 -57354 -58082 -58278 -58280 -57283 -57027 -57072 -58143 -57666 -58132 -57838 -57552 -57212 -57800 -57130 -58107 -57950 -57288 -58310 -58233 -57106 -57574 -57008 -57692 -57222 -57245 -58273 -57688 -57013 -57802 -57175 -57932 -57848 -57475 -57037 -57363 -58161 -58291 -57030 -58057 -57602 -57722 -57333
-57178 -58230 -57717 -57672 -58147 -57099 -57501 -57406 -57040 -57445 -58274 -57776 -57346 -57991 -58043 -57904 -58199 -57954 -57630 -58005 -57517 -57271 -57550 -57452 -58190 -57478 -57456 -57337 -57343 -57251 -57559 -57118 -57394 -57256 -58317 -58258 -58168 -57353 -57572 -57639 -57463 -57015 -57713 -57198 -57604 -57347 -57041 -58000 -57583 -57171
-57133 -58310 -57080 -58065 -57399 -57441 -57870 -57137 -57835 -57145 -57066 -57773 -58095 -58322 -57683 -57595 -57721 -57607 -57647 -57551 -57276 -58156 -58310 -57313 -57138 -57686 -58296 -57099 -57480 -58108 -57053 -58049 -57018 -57727 -57293 -57836 -58021 -58043 -57974 -57354 -57464 -57865 -57333 -57277 -57699 -57069 -57935 -57686 -58319 -58071
-57651 -57921 -57766 -57827 -57128 -57328 -57420 -58271 -57021 -58140 -57483 -57723 -58286 -58157 -57659 -57120 -57771 -57951 -58173 -57680 -57003 -57268 -58078 -57462 -57630 -57498 -57536 -57920 -57780 -58079 -57905 -57987 -57986 -57910 -57752 -58101 -57397 -57779 -57637 -57552 -57705 -57543 -57081 -57845 -57042 -58149 -57379 -57820 -57333 -57201
-58285 -58293 -57707 -57797 -57332 -57809 -57193 -57267 -57137 -57723 -57021 -58014 -57836 -58241 -58279 -58296 -58233 -57500 -57656 -57033 -57370 -57023 -57018 -57835 -57160 -57503 -57220 -57416 -57685 -57437 -57898 -57540 -57457 -58275 -57221 -58072 -58169 -57470 -57132 -57395 -57393 -58278 -58315 -57893 -57163 -57120 -57287 -57555 -57882 -58111
-57193 -57486 -58188 -57403 -57307 -58188 -57141 -57657 -58136 -58233 -57152 -58016 -57159 -58171 -57730 -57593 -57506 -57585 -58049 -57160 -57212 -57798 -57667 -57657 -57717 -57791 -58195 -57656 -58245 -57195 -57687 -58055 -58105 -57261 -57418 -58293 -57209 -57219 -57553 -57108 -57074 -57462 -58037 -57401 -57063 -57091 -57733 -57986 -58015 -58227
-57050 -57472 -57968 -57677 -57247 -57484 -58179 -57363 -57081 -57495 -57029 -57419 -57958 -57200 -57231 -58168 -57362 -58107 -57830 -57256 -57684 -58274 -57828 -57156 -58207 -58123 -58259 -58027 -57045 -57431 -57288 -57944 -57860 -57302 -57410 -58117 -58134 -57780 -57633 -57140 -57980 -58191 -57800 -57697 -58160 -57867 -57137 -57817 -57831 -58273
-57691 -57103 -57543 -58039 -57807 -57499 -57992 -57746 -58151 -58178 -57376 -57081 -57092 -58242 -57267 -57249 -57900 -57369 -57254 -57526 -57864 -58035 -57535 -57901 -57181 -57506 -57822 -58271 -57151 -57901 -57430 -58252 -57635 -57788 -57281 -58052 -57789 -57568 -57174 -58127 -57470 -57759 -57259 -57503 -57053 -57418 -57569 -57520 -58317 -58219
-57772 -57904 -58016 -57252 -58075 -57038 -57748 -57172 -58063 -57979 -57428 -57559 -57619 -57976 -57420 -57703 -57944 -57953 -57720 -57804 -57868 -58259 -58287 -57383 -57046 -57858 -57469 -57242 -57423 -57660 -57301 -58303 -58130 -57820 -57686 -58015 -57390 -57335 -57208 -57258 -57226 -57748 -57404 -57966 -57788 -57498 -57712 -57998 -58265 -57746
-57024 -58313 -57685 -57889 -57599 -58277 -57843 -57180 -58005 -57306 -57955 -57428 -57031 -57377 -57664 -57461 -57832 -57639 -57063 -57792 -58172 -57098 -58058 -57012 -58303 -57708 -57522 -58262 -58162 -57229 -57877 -57607 -57371 -57703 -57697 -58129 -58257 -58250 -58210 -57503 -58299 -58301 -57751 -58105 -58254 -58304 -57849 -58119 -57102 -57847
-57419 -57650 -57000 -57524 -57843 -57113 -57537 -57429 -57192 -57528 -57030 -57241 -57203 -57935 -58008 -58106 -57297 -58275 -57362 -57773 -57598 -57924 -57042 -58185 -57175 -57541 -57480 -58023 -57591 -57651 -58175 -58304 -57657 -57510 -58039 -58236 -58143 -57590 -57212 -57096 -57383 -57391 -58026 -57692 -57308 -57392 -57720 -57004 -57098 -57634
-58127 -57321 -57677 -57437 -57841 -57242 -57105 -57132 -57053 -57960 -57855 -57396 -57207 -57452 -57778 -57436 -57002 -58223 -57658 99472 99332 98950 99181 99562 98987 100000 99827 99976 99997 99215 100000 99063 99096 100000 99507 99489 99540 99435 99871 99148 100000 99611 99050 98958 99483 99282 99986 -57045 -57620 -58319
-57277 -57204 -57845 -57173 -57036 -58237 -58095 -57619 -57734 -57556 -57396 -57242 -57836 -57218 -57133 -57839 -57344 -57481 -57546 98997 99806 100000 99717 99412 100000 99798 99684 98944 99581 99165 98962 100000 99343 99954 99491 99900 99675 98940 100000 99111 99456 99813 100000 99388 98979 99768 99443 -58083 -57452 -57262
-58094 -57055 -57937 -57877 -58232 -57701 -57330 -57362 -58260 -57434 -57327 -57849 -57681 -57642 -57524 -58099 -58285 -58154 -58024 98987 99385 99428 99835 99334 99543 99264 99270 99216 99543 100000 99792 99854 99229 99338 99159 99703 99426 99421 99119 99627 99069 99246 100000 99568 99706 100000 99651 -57934 -58217 -58012
-57729 -57246 -57840 -57644 -58219 -57861 -57648 -57545 -57194 -57002 -57562 -57509 -57864 -57690 -58237 -58097 -57706 -57132 -58270 99833 100000 98935 100000 99417 99230 98946 98969 99320 99864 99391 99698 99129 99537 99776 99920 99721 100000 99425 99734 98963 100000 99182 99219 100000 99384 99173 99218 -58226 -58205 -57202
-57925 -57430 -57817 -57789 -57716 -57534 -57239 -57600 -57043 -57575 -57176 -57389 -58061 -57423 -57672 -58266 -58024 -58188 -57623 -57924 -58216 -57537 -57981 -57458 -58062 -57054 -58015 -58301 -58271 -57208 -57597 -57135 -58026 -58073 -57299 -57168 -58311 -58053 -58254 -57726 -57024 -57598 -57419 -57444 -57083 -57844 -57667 -57527 -57167 -57547
-57539 -57335 -57063 -58111 -57600 -57570 -57634 -58223 -57947 -58206 -57038 -57508 -57818 -57542 -57040 -57071 -57121 -57172 -57651 -57387 -58134 -58296 -57661 -58080 -57273 -57488 -57639 -57456 -58096 -57946 -57988 -57485 -57305 -58176 -57553 -57060 -57583 -58092 -57090 -57438 -57310 -57593 -57354 -57791 -57633 -57371 -58055 -57862 -57186 -57199
-57627 -57890 -57597 -58126 -57306 -57684 -58079 -58045 -57722 -57629 -57520 -57035 -57155 -57255 -57598 -57386 -58033 -58263 -58239 -57038 -58058 -57844 -58086 -57406 -57959 -57110 -57623 -57519 -58060 -58021 -57687 -58020 -58259 -57367 -57422 -57735 -58215 -58057 -57066 -57080 -57843 -58237 -57696 -57660 -58254 -58229 -57451 -57336 -57567 -57408
-57405 -57676 -57486 -57562 -58225 -58072 -57952 -57968 -57294 -58061 -57517 -58323 -57396 -57634 -57404 -57605 -58044 -57278 -57405 -57080 -57485 -57565 -57326 -58002 -57000 -57901 -57691 -57429 -57117 -58229 -57642 -58166 -57707 -57702 -57113 -57293 -57261 -57469 -57893 -57921 -58130 -57504 -57903 -57368 -57557 -57974 -58318 -58318 -57766 -57106
-57124 -57560 -57966 -58195 -58160 -58262 -57950 -57555 -57127 -57606 -57890 -57619 -57729 -57609 -57901 -57436 -57730 -58134 -58123 -58016 -57505 -58216 -57848 -57972 -58191 -57846 -57969 -57812 -57227 -58222 -57408 -57414 -58047 -58120 -58307 -57921 -57359 -57605 -57314 -57454 -57864 -58182 -58032 -57499 -57511 -57594 -58209 -57782 -57768 -58135
-57945 -57684 -57714 -58224 -57449 -58062 -57642 -58285 -57880 -58310 -58203 -57822 -57955 -57195 -57491 -57062 -57230 -57317 -58121 -57997 -57500 -57407 -58108 -58001 -57615 -57500 -57201 -57022 -57578 -57409 -57854 -57638 -58069 -57963 -57000 -57979 -57481 -57025 -57968 -58319 -57767 -57258 -58117 -57047 -58252 -58009 -58139 -58241 -57650 -58090
