50 50
-34100 -34552 -34570 -34326 -34221 -34501 -35194 -34822 -34546 -34676 -34501 -34695 -34117 -34726 -34147 -34892 -34417 -34434 -34227 -34361 -34589 -34619 -34879 -34835 -34866 -34884 -35005 -34340 -35200 -34741 -34670 -34995 -34780 -34330 -34777 -34078 -34536 -34457 -34125 -35063 -34643 -34755 -34395 -34664 -35167 -34105 -35015 -34362 -34943 -34133
-35112 -34091 -34783 -34786 -34165 -34094 -34934 -34105 -34903 -35138 -35001 -34662 -35015 -34490 -34291 -35134 -35014 -34162 -34759 -34671 -34631 -34854 -34419 -34929 -34549 -34860 -34478 -34074 -34155 -35053 -35118 -34784 -34917 -35115 -34293 -34371 -34114 -34877 -34696 -34392 -35031 -34595 -34082 -34346 -35040 -34204 -34916 -35062 -34723 -35118
-34974 -34725 -35160 -35085 -34864 -34427 -34698 -34857 -34812 -34174 -35116 -34325 -34496 -34286 -35069 -34209 -34956 -34684 -34761 -34621 -34346 -35204 -35149 -35158 -34558 -34914 -35213 -34919 -35193 -34718 -34076 -35190 -34599 -34384 -34190 -34616 -34443 -35081 -34091 -34776 -35006 -34178 -34616 -34161 -34053 -34894 -34512 -34840 -34601 -35070
-34879 -35024 -34137 -34298 -34465 -34680 -35016 -34976 -34234 -35188 -34362 -34481 -34477 -34366 -34308 -34681 -34238 -34130 -34132 -34044 -34269 -34728 -34450 -35149 -34337 -34786 -34420 -34282 -34886 -34814 -34344 -35123 -34393 -35132 -34868 -34339 -34972 -35086 -34080 -34492 -34703 -34602 -34508 -35153 -34820 -34561 -34798 -34997 -34323 -34930
-34958 -34902 -34253 -34873 -34453 -34335 -34882 -34123 -34870 -35153 -34097 -34785 -34174 -34643 -35036 -34236 -34390 -35034 -34628 -34900 -34803 -35124 -34483 -34766 -34708 -34615 -34090 -34741 -34638 -34956 -34049 -35207 -34920 -34550 -34098 -34587 -35002 -35045 -34456 -34560 -34620 -34513 -34074 -34416 -34177 -34888 -34855 -34990 -34520 -35154
-34873 -34556 -34902 -34395 -34108 -34882 -34578 -34653 -34726 -35064 -34833 -34704 -34081 -34661 -34760 -35007 -35131 -34415 -34937 -35217 -34741 -34837 -35189 -34537 -34181 -34073 -35002 -34189 -34231 -34204 -34271 -34110 -35083 -35174 -34292 -34110 -34639 -34754 -34271 -34927 -35057 -34850 -34097 -34288 -34103 -34388 -35123 -34125 -34997 -34892
-34706 -34441 -34528 -34319 -34905 -34827 -34716 -34583 -35030 -35182 -34896 -34618 -34409 -34529 -34216 -34135 -34883 -34986 -34165 -35181 -34431 -34561 -34965 -35120 -34648 -34653 -34878 -34936 -34410 -34356 -34540 -34129 -34876 -35155 -35226 -34915 -34285 -34466 -35201 -34636 -35072 -34236 -34233 -34622 -34628 -34312 -34806 -34187 -34694 -34317
-34301 -34729 -34952 -35157 -34208 -34683 -34377 -34392 -34376 -34210 -34600 -34766 -35081 -34288 -34844 -34557 -34255 -34812 -34712 -34921 -34603 -34880 -34415 -35079 -35023 -34812 -34487 -34814 -34258 -34911 -35079 -34340 -34505 -34346 -34234 -34433 -34261 -35218 -34714 -34999 -34670 -35106 -34165 -34632 -34188 -35096 -34291 -34273 -34423 -35041
-34675 -34290 -35007 -35080 -34877 -35062 -34250 -34250 -34945 -34776 -35226 -34768 -34572 -35013 -34479 -34554 -34347 -34306 -34052 -34862 -34766 -34567 -34665 -34307 -35016 -34050 -34805 -34319 -34772 -34668 -34546 -34939 -35127 -34715 -35029 -34853 -35108 -35103 -34440 -35229 -34565 -34983 -34757 -35090 -34484 -34055 -34334 -34055 -34903 -34387
-35070 -34494 -35181 -34941 -34888 -34654 -34653 -34339 -35008 -34913 -34509 -34619 -34989 -34121 -35022 -34926 -34350 -35176 -34840 -34984 -34304 -34412 -34762 -35231 -34573 -34542 -34926 -34249 -34643 -34689 -34967 -35125 -34100 -34720 -34755 -34582 -34912 -34666 -34432 -35001 -34435 -34920 -34827 -34766 -34868 -34128 -34538 -34636 -35124 -34438
-34432 -34045 -34429 -34344 -35219 -34208 -34443 -34659 -34193 -35186 -35154 -34603 -34759 -34500 -34188 -34755 -34900 -34060 -34076 -34508 -34269 -34488 -34404 -35187 -34565 -34559 -34471 -35104 -34126 -35025 -34715 -34581 -34335 -35032 -34876 -34137 -34276 -34366 -34260 -35091 -34426 -34605 -34922 -34612 -35160 -34165 -34895 -34910 -34597 -34539
-34520 -34767 -34382 -34861 -34209 -34599 -34190 -34535 -34194 -34667 -34088 -34885 -34863 -34182 -34915 -34834 -35148 -34959 -34875 -34706 -35171 -34391 -34472 -34123 -34367 -34341 -34221 -35100 -34517 -35049 -34152 -35060 -34889 -34193 -34748 -34776 -34227 -34254 -34736 -34541 -34498 -34285 -35159 -35149 -35166 -34180 -34113 -34739 -35086 -34756
-34293 -34513 -34508 -34314 -35112 -35109 -35020 -34856 -34997 -34882 -34078 -34213 -34431 -34408 -34437 -34497 -34403 -34127 -34656 -34704 -34789 -35079 -35067 -34658 -34390 -34466 -35117 -35105 -34212 -35031 -34426 -34147 -34588 -34852 -34720 -35114 -34428 -34758 -35104 -34529 -34055 -35070 -34450 -35209 -35087 -35069 -34369 -34177 -34949 -35101
-34630 -34483 -35152 -35203 -34422 -35205 -34634 -35096 -34515 -34610 -34320 -34233 -35055 -35086 -34220 -34674 -35181 -34280 -34572 -34215 -35068 -34579 -34699 -34558 -34743 -35050 -34475 -34762 -34916 -34783 -35084 -34543 -35212 -34334 -34810 -35110 -34681 -34155 -34057 -34761 -34474 -34142 -34644 -34282 -35093 -34732 -34944 -34705 -34342 -34979
-34384 -34706 -35221 -34889 -34852 -34935 -34434 -34676 -35057 -35148 -34234 -34930 -35130 -34793 -34582 -35172 -34801 -34188 -34276 -34948 -34644 -34116 -34937 -34722 -34304 -35020 -34418 -34986 -34165 -35230 -34669 -34995 -34487 -35021 -34895 -34729 -35013 -34213 -34720 -34127 -34164 -34600 -34330 -35012 -34619 -34367 -34562 -34214 -34413 -35097
-34301 -34165 -34542 -35026 -34896 -35101 -34882 -35080 -34556 -34575 -34636 -34471 -35190 -35047 -35196 -34212 -34815 -34572 -34051 -34071 -34955 -34699 -34959 -34969 -34509 -34749 -35053 -34702 -34079 -34506 -34677 -35095 -34955 -34766 -35104 -34142 -34366 -34665 -34668 -34717 -34700 -34113 -35098 -34760 -34505 -34306 -34373 -34500 -34374 -34259
-35215 -34450 -34406 -34533 -34664 -34139 -34913 -34280 -34410 -34823 -34625 -35173 -34942 -34718 -35017 -34642 -35194 -34614 -34941 -34709 -34675 -34348 -34964 -34506 -34169 -34701 -34609 -34352 -35107 -34522 -34312 -34369 -34107 -35036 -34553 -34214 -34730 -34322 -34438 -34666 -34958 -34294 -34396 -35058 -34174 -35042 -34164 -34382 -34501 -34680
-35150 -34110 -34091 -35140 -34960 -34981 -34246 -34591 -34356 -34392 -34382 -34885 -34948 -34450 -35066 -35205 -35161 -34278 -34254 -34186 -34619 -34621 -34519 -35000 -34352 -34189 -34360 -35117 -34461 -34753 -35205 -34881 -34092 -34660 -34821 -34972 -34585 -34138 -35010 -34317 -35081 -34119 -35111 -34916 -34270 -34553 -34071 -34765 -34536 -34519
-35026 -35075 -34893 -34529 -34931 -34100 -34124 -35074 -34707 -34965 -34092 -34602 -35144 -34341 -34077 -35018 -34124 -34130 -34385 -34770 -35105 -34452 -34384 -34721 -34072 -34282 -34411 -34332 -34208 -34412 -35043 -34399 -34895 -34415 -34569 -34781 -35132 -35100 -34055 -34700 -34436 -34543 -34449 -34373 -35155 -34709 -34151 -35164 -34499 -34734
-34379 -34285 -35195 -35141 -35084 -34568 -34545 -35112 -34736 -34640 -35231 -35205 -35191 -35054 -34913 -35165 -34057 -35221 -34818 -35061 -34601 -34371 -34217 -34665 -35137 -35033 -34126 -34778 -34276 -34168 -34217 -34888 -34632 -34354 -34044 -35042 -34785 -35193 -34325 -34914 -35057 -34072 -34277 -34832 -34328 -34255 -34368 -34197 -34659 -34699
-35228 -34617 -34543 -34393 -34896 -34886 -34844 -34510 -34886 -34457 -35035 -34912 -35186 -35086 -35217 -34166 -34795 -34589 -35100 -34413 -34092 -35071 -34315 -34445 -34694 -34356 -34523 -35069 -35096 -34955 -34632 -34186 -34482 -35208 -34301 -34564 -34929 -34103 -34282 -34185 -34659 -34080 -34349 -34503 -34671 -34599 -35116 -34652 -34436 -35163
-34349 -35133 -35081 -34820 -34334 -34110 -34179 -34092 -34867 -34895 -34072 -34707 -35106 -34850 -34948 -34251 -34730 -35189 -34743 -34738 -34176 -34501 -34178 -35008 -34070 -34868 -34232 -35004 -34573 -34954 -34787 -34388 -34530 -34578 -34784 -34890 -34839 -34753 -35171 -34221 -34870 -34394 -35159 -34852 -34183 -34882 -34729 -34472 -34449 -34150
-34134 -34451 -34953 -35175 -34129 -35172 -34534 -34353 -34783 -34598 -34836 -34245 -34250 -34133 -34625 -34909 -34757 -34949 -35091 -35035 -34570 -35075 -34462 -34329 -34922 -34324 -34471 -34898 -34398 -34505 -34659 -35213 -34909 -34302 -34913 -34759 -34063 -35038 -34698 -34857 -35077 -34619 -34246 -34725 -34926 -35004 -34649 -35028 -34498 -34612
-34427 -35023 -34323 -34409 -34809 -34353 -34227 -34995 -34323 -34281 -34208 -34299 -34100 -35138 -34335 -35159 -34929 -35052 -35197 -34468 -34446 -34761 -34206 -34617 -34386 -34475 -34044 -35196 -35183 -34755 -35096 -34332 -34768 -34828 -34842 -34169 -34614 -34214 -34480 -34679 -34942 -34834 -34393 -34976 -34757 -34674 -34484 -34056 -34294 -34091
-34624 -34213 -34993 -34418 -34953 -34422 -34862 -34725 -35088 -35195 -34910 -34670 -34088 -35155 -35193 -34279 -34495 -34248 -34800 -35223 -35013 -34683 -34807 -34468 -34275 -34306 -34141 -34959 -35037 -34361 -34414 -34083 -34366 -34649 -34050 -34514 -34202 -34930 -34523 -34727 -34138 -34584 -34675 -34932 -34378 -34518 -34800 -34621 -34835 -34053
-34483 -34676 -34690 -34401 -35140 -34555 -34097 -34715 -34947 -34125 -34061 -34660 -34167 -34577 -34658 -35035 -34684 -34807 -34673 -34981 -34903 -35200 -34997 -34257 -34915 -34538 -34646 -34304 -34188 -35119 -34216 10343 10348 -35036 -34514 -34899 -35086 -34659 -34353 -34823 -34741 -34386 -34560 -34113 -34099 -34390 -35028 -34663 -34915 -35077
-34054 -34374 -34871 -35193 -34522 -34772 -34456 -34257 -34941 -34594 -34443 -34533 -34444 -34075 -34076 -34864 -34058 -34552 -34973 -34329 -34485 -34054 -34675 -34165 -34197 -34822 -34708 -34916 -34171 -34717 -34935 10808 10827 -35027 -34661 -35213 -34630 -34213 -34865 -34982 -34747 -34439 -35226 -34820 -34086 -34070 -34805 -34843 -34173 -34622
-34358 -34263 -34090 -34827 -34167 -35210 -34852 -35038 -34436 -35059 -34283 -34180 -34865 -34100 -34283 -34674 -34321 -34781 -34471 -34460 -34144 -34904 -34840 -34984 -34358 -34285 -35039 -34772 -34446 -35040 -34272 10082 11061 -34911 -35053 -34627 -34460 -34309 -34507 -34857 -34173 -35131 -34135 -34278 -34527 -34707 -34683 -34932 -34325 -35125
-34222 -34597 -35100 -34628 -34141 -35112 -34353 -34575 -34692 -34217 -35099 -34850 -35111 -34707 -34090 -34421 -34869 -34961 -34184 -34988 -34862 -35042 -35161 -34463 -34542 -35012 -35083 -35011 -34796 -34362 -34569 10055 10185 -34437 -34376 -35114 -34144 -34363 -34794 -35212 -35021 -34651 -34496 -34628 -34483 -34436 -34488 -34501 -34265 -35128
-34991 -35139 -34766 -34619 -34161 -34166 -34498 -35218 -35169 -35115 -34800 -34116 -34915 -34905 -34193 -34601 -34863 -34153 -35040 -34336 -35178 -34683 -35088 -34208 -34371 -34315 -34569 -34192 -34709 -34379 -34213 -34062 -34575 -34817 -35125 -34548 -34168 -35052 -34449 -35033 -34379 -35168 -34895 -34947 -34204 -34116 -35096 -34540 -34328 -34640
-34564 -34946 -34568 -34452 -34896 -34487 -34533 -34861 -34149 -35218 -34721 -35205 -34865 -34181 -34414 -34294 -34079 -35014 -35132 -34501 -34057 -34471 -34287 -35169 -34814 -35081 -34421 -34074 -34048 -34064 -34452 -34798 -34337 -34911 -34159 -35042 -34097 -34105 -34291 -34542 -34768 -34225 -34813 -34711 -34488 -34483 -34048 -35124 -34711 -34452
-35055 -34449 -34368 -34457 -35077 -35138 -35168 -34772 -34570 -34705 -34746 -34962 -34098 -34341 -34800 -34990 -34384 -34556 -34226 -35125 -34683 -35090 -34443 -34678 -34931 -34332 -34509 -34651 -34330 -34541 -34352 -35010 -34925 -34622 -34133 -34962 -34203 -34069 -34278 -35179 -34880 -34776 -34976 -34210 -35103 -34522 -35175 -34987 -34780 -34760
-34786 -34371 -34181 -34067 -34106 -34616 -34165 -34593 -34523 -34989 -34737 -34899 -35224 -34946 -34505 -34676 -34301 -34618 -34770 -34082 -34981 -34929 -35160 -34378 -35018 -34178 -34418 -34584 -34613 -34706 -34656 -35003 -34478 -34655 -34305 -34373 -34488 -34300 -34643 -34999 -34453 -34747 -34767 -34689 -34369 -34605 -34048 -34101 -35206 -35232
-34657 -34864 -34262 -34644 -35145 -34282 -34444 -34390 -34918 -35046 -34429 -34485 -34382 -35144 -34554 -34052 -34790 -34184 -34837 -34129 -34798 -34268 -34711 -35097 -35101 -34332 -34204 -35219 -34438 -34228 -34068 -34421 -34583 -34692 -34826 -34814 -35085 -34281 -34748 -35164 -34164 -34452 -34121 -34258 -34129 -34379 -34926 -34490 -34251 -34196
-34530 -34135 -34859 -34224 -34903 -34179 -34204 -35112 -34514 -34266 -34255 -34961 -34581 -35213 -34915 -35125 -35015 -34716 -34228 -34245 -34766 -35034 -34725 -34687 -35133 -34205 -34588 -34246 -34995 -34302 -34660 -34646 -34625 -34274 -34378 -34056 -35016 -34446 -34794 -34818 -34529 -34232 -34496 -34289 -34097 -34150 -34925 -34111 -34448 -34374
-35010 -34463 -35140 -34947 -34593 -34448 -34885 -34076 -35177 -35166 -34830 -34058 -34948 -34448 -34808 -34371 -34570 -34306 -35220 -34339 -34480 -35158 -34298 -34477 -34764 -34847 -34110 -34573 -34271 -34315 -34212 -34695 -34469 -34189 -34062 -34793 -34240 -34972 -34530 -34963 -35006 -34781 -34791 -34337 -34768 -34915 -34763 -34551 -34230 -35041
-34998 -34143 -34492 -34443 -34386 -34778 -34958 -34483 -34769 -34724 -34677 -34396 -35096 -34893 -35057 -34796 -34174 -34338 -34523 -35014 -35056 -34243 -34878 -35036 -34086 -34555 -34260 -34078 -34390 -34860 -34818 -34153 -34219 -35194 -35145 -34178 -34427 -34775 -35085 -34918 -34570 -34212 -34368 -35122 -34688 -34877 -34134 -34077 -34779 -34915
-34597 -34482 -35086 -34987 -34516 -34318 -34743 -35113 -34127 -34976 -34853 -35161 -34833 -34692 -34630 -34824 -34376 -35183 -34622 -35067 -35179 -34254 -34642 -34200 -34498 -34324 -34075 -34715 -34547 -34643 -34372 -35057 -34372 -34572 -34214 -34637 -34622 -34574 -34049 -34821 -34146 -34797 -34572 -34864 -34591 -34572 -34436 -34419 -34784 -34881
-34311 -34169 -35099 -34962 -34481 -35089 -34085 -34369 -34174 -34610 -34702 -34593 -35153 -35129 -35129 -34928 -35139 -34895 -34971 -34674 -34382 -34957 -35227 -34247 -34921 -34869 -35031 -34576 -34265 -34244 -34589 -34435 -34567 -34123 -34222 -34578 -34300 -34611 -34816 -35035 -34888 -35020 -34702 -34233 -34106 -35077 -34665 -35143 -34535 -34215
-35145 -34509 -34852 -34786 -35081 -34169 -34799 -34155 -34999 -34777 -34929 -35152 -34514 -34097 -34209 -34126 -34070 -34227 -34539 -34128 -34100 -34863 -34193 -34910 -34498 -34734 -35117 -35021 10796 10690 -35062 -34082 -35201 -34632 -34186 -34364 -34832 -34969 -34883 -34269 -34048 -34368 -34276 -34466 -34713 -34276 -34647 -34378 -34325 -34139
-34416 -34559 -34710 -34369 -34644 -34111 -34570 -34635 -34809 -34597 -34510 -34425 -34728 -34044 -34999 -34673 -34944 -34837 -34929 -34128 -34191 -34357 -34127 -34797 -34436 -34602 -34785 -35016 10084 11031 -35175 -35191 -34394 -34464 -34051 -34444 -34453 -34188 -34938 -34903 -34551 -34561 -34750 -34076 -34159 -35162 -34353 -34961 -34749 -34585
-34778 -35099 -35216 -34962 -34386 -34207 -34401 -34119 -34076 -34976 -35099 -34521 -34248 -34584 -34353 -35116 -34293 -34692 -35090 -34237 -34127 -34963 -34455 -34153 -34880 -34917 -34581 -34410 10671 10347 -34525 -34883 -34718 -35051 -34470 -34635 -35125 -35184 -34791 -35186 -34849 -34414 -34717 -34810 -34757 -34161 -34514 -35162 -35115 -34283
-34052 -34537 -34143 -34311 -35027 -34179 -34895 -34188 -34593 -35144 -34488 -34983 -34124 -34126 -35140 -34822 -34052 -34344 -34831 -34254 -34723 -34931 -34414 -35105 -34963 -34678 -34704 -34399 10206 10848 -34137 -34236 -35220 -35070 -34267 -34302 -34803 -35090 -35097 -34690 -34063 -34280 -34210 -34181 -34276 -34700 -34902 -34289 -34758 -34708
-34723 -34667 -34890 -35216 -34813 -35012 -34484 -34178 -34500 -34210 -35191 -34651 -34134 -34205 -35048 -34578 -34401 -34607 -34284 -34250 -34455 -34882 -34129 -34551 -34137 -34627 -34277 -34924 -34396 -34340 -34061 -35121 -34909 -34560 -34349 -35145 -34355 -35127 -35163 -34466 -34370 -34860 -34871 -34678 -34788 -34416 -35152 -34964 -34903 -34564
-35085 -34359 -35083 -35114 -34083 -35028 -34884 -34677 -35087 -34251 -34302 -34269 -34144 -34972 -34870 -35097 -35141 -34137 -34212 -34981 -34989 -34577 -34993 -34184 -35016 -34972 -35028 -34543 -35170 -34523 -34346 -34281 -34226 -35190 -34254 -34718 -34625 -34437 -34794 -34110 -35170 -34689 -34466 -34396 -34408 -34992 -34087 -34600 -34650 -34452
-34067 -34611 -34788 -34626 -34950 -34517 -35231 -34829 -34541 -34773 -34738 -34219 -34248 -34148 -34276 -34410 -34879 -34531 -34766 -35018 -34369 -34719 -35082 -34356 -35167 -34536 -34868 -35089 -35056 -34550 -34510 -34827 -34338 -34663 -34877 -34473 -34423 -34972 -34865 -34965 -34299 -34757 -34203 -34098 -34170 -34824 -34071 -34891 -34818 -34578
-34623 -35007 -35017 -34755 -34283 -34656 -34973 -34316 -35102 -34139 -34999 -35156 -34733 -35146 -34723 -34452 -34442 -34298 -34213 -34287 -34094 -34924 -34537 -34102 -35087 -34992 -35097 -34254 -34547 -34565 -34387 -34678 -34182 -34509 -34215 -34475 -34492 -34163 -34206 -34355 -34133 -34907 -34099 -35048 -34929 -34490 -35210 -34601 -34104 -34946
-34607 -34936 -34074 -35040 -34592 -34141 -34516 -34112 -34225 -34117 -34332 -35182 -34378 -34920 -35112 -35132 -34933 -34636 -34417 -34593 -34419 -34698 -34619 -35228 -34741 -34186 -34806 -34257 -34395 -34844 -34684 -34964 -34900 -34317 -34766 -34773 -34141 -34715 -35096 -34066 -34154 -34509 -34767 -34111 -35168 -34442 -34458 -34489 -34195 -35066
-35043 -34509 -34044 -34583 -34385 -34229 -34931 -34249 -35187 -34468 -34839 -35055 -34633 -34803 -34490 -34450 -34351 -35097 -34713 -34115 -34471 -35119 -34397 -34674 -34653 -34108 -34793 -34810 -34667 -34336 -34541 -35137 -34765 -34454 -34682 -34841 -34271 -34456 -34519 -34128 -34817 -34907 -34542 -35115 -34410 -35118 -34477 -34762 -34866 -34229
-34378 -34455 -34172 -35095 -35045 -35075 -34924 -35113 -34357 -34689 -34964 -34165 -34490 -35187 -34802 -34757 -34518 -34818 -35004 -35132 -34909 -34763 -35175 -34384 -34843 -35091 -34985 -34133 -34403 -35069 -34359 -34201 -34675 -35071 -34702 -34612 -34356 -34439 -35103 -34532 -34749 -34418 -34320 -34307 -34877 -34816 -34831 -34539 -35017 -34953
