50 50
-34527 -34952 -33941 -34695 -34271 -34088 -34111 -34185 -35036 -33678 -33905 -33803 -34741 -34894 -33573 -33745 -34791 -34501 -33798 -33609 -34703 -34826 -34829 -33965 -33687 -33304 -34251 -34139 -34953 -33400 -34976 -34029 -33455 -33540 -34383 -33336 -34816 -34391 -34385 -33878 -34590 -34088 -33407 -34285 -34227 -34044 -34701 -34777 -34217 -34347
-33842 -33770 -34197 -34317 -34235 -34190 -34018 -33835 -34171 -34970 -34978 -33958 -33809 -33454 -33645 -34081 -33392 -33978 -34381 -34702 -34090 -33666 -34134 -33258 -34597 -34104 -34246 -34839 -33199 -34437 -34775 -34395 -33424 -34563 -34251 -33837 -34307 -33239 -34943 -33189 -34778 -34444 -34787 -33418 -34057 -33290 -34897 -33819 -34949 -33597
-34603 -34736 -34701 -33767 -34339 -34801 -35021 -33451 -33237 -33465 -34754 -33961 -34888 -33314 -34410 -34194 -34660 -34495 -34281 -33540 -34057 -34400 -33914 -33243 -34982 -34956 -34807 -33801 -33776 -34761 -33719 -35043 -33812 -34477 -34011 -33772 -33858 -34032 -34053 -35005 -34171 -33573 -33299 -33788 -34741 -33672 -34141 -34303 -34227 -34229
-34456 -34377 -33702 -33905 -33693 -34587 -34902 -34775 -34349 -33211 -33385 -34268 -33914 -33869 -34333 -34046 -33957 -34527 -33472 -34316 -34434 -34103 -33736 -34770 -34030 -35012 -33552 -33965 -33662 -34861 -33690 -34442 -34221 -34288 -34344 -34620 -34328 -33967 -34528 -34689 -33878 -34705 -34615 -33929 -34079 -34939 -33254 -33786 -34032 -34690
-33609 -34323 -34353 -33327 -33775 -35016 -34549 -34524 -33283 -33310 -33652 -34309 -34220 -33767 -34726 -34842 -34671 -33728 -34004 -34451 -34464 -33455 -33470 -33607 -34696 -34593 -33598 -34614 -34594 -33657 -33802 -33604 -34268 -33469 -34009 -33168 -34359 -34149 -33410 -34758 -33867 -33874 -34428 -33663 -33389 -33573 -34208 -34201 -34550 -33581
-33387 -34060 -33706 -33617 -34664 -33532 -33560 -34294 -33935 -34687 -34824 -33726 -33939 -34940 -34559 -34152 -33291 -33286 -33463 -34175 -33618 -34299 -33877 -34568 -33175 -34935 -33715 -33462 -34914 -33390 -33769 -33814 -34371 -34208 -34736 -33782 -33707 -33893 -34088 -34749 -33623 -33578 -34482 -34393 -33501 -33905 -34297 -33586 -34570 -33610
-34057 -33347 -34069 -35053 -34427 -33516 -35026 -33942 -33411 -33712 -34516 -34746 -33530 -33260 -33319 -34922 -34412 -33927 -33801 -34850 -33180 -34817 -33396 -33380 -34373 -33205 -34882 -35054 -33379 -34135 -33530 -34442 -33232 -34661 -34118 -35038 -33978 -34307 -34314 -35011 -33348 -33383 -33899 -33633 -33313 -33927 -34021 -34818 -34665 -33790
-34267 -33482 -34863 -33237 -34485 -33878 -34220 -34680 -34569 -34456 -34778 -33330 -33184 -34882 -33700 -34550 -34268 -33895 -34248 -34276 -34052 -35026 -33527 -33466 -34725 -34837 -33496 -34047 -33383 -34510 -33580 -33945 -33860 -34463 -33496 -34888 -34366 -34952 -34976 -34406 -33223 -33502 -34775 -34330 -34983 -33622 -34952 -33428 -34520 -33252
-34152 -34761 -34401 -34623 -34498 -34958 -35042 -34884 -34418 -33853 -34327 -34491 -34797 -35008 -34420 -33522 -33741 -34297 -33472 -33423 -33939 -34772 -34540 -34323 -33552 -35033 -33703 -34845 -34108 -34639 -33762 -34095 -33393 -34279 -33574 -33221 -34890 -34674 -34069 -34356 -34532 -33416 -34291 -33169 -33823 -34047 -34698 -34760 -34321 -34967
-33949 -33765 -33754 -34891 -33867 -34182 -33898 -34915 -33236 -34942 -33427 -34310 -34403 -34161 -34633 -34486 -33722 -33615 -33604 -34362 -33465 -33986 -34934 -33302 -33851 -34692 -34322 -33873 -34543 -34180 -34346 -33526 -33567 -33527 -33338 -33927 -34708 -34109 -33410 -34540 -33740 -33867 -34487 -33475 -34227 -33320 -33995 -33341 -34450 -34599
-34221 -33270 -33654 -34463 86019 86695 85601 86503 86489 86504 86487 86449 86163 86407 85576 86841 85898 84988 85645 85843 85912 85849 85146 85280 86475 85805 85028 85776 86579 86322 85991 86520 85187 85484 86078 86616 85386 -33316 -34153 -33771 -34967 -34088 -34225 -33326 -34235 -34896 -34214 -33405 -33546 -34699
-33897 -34331 -34319 -33998 86024 85383 85906 86066 86168 86035 85210 85287 85566 85239 85968 85383 86175 86055 86366 85922 86805 84955 85148 86154 86007 85800 85146 86003 85012 85893 86362 86193 84946 85081 85181 85291 86462 -33809 -34138 -33728 -33877 -33221 -34404 -34454 -34225 -34334 -33802 -33676 -33875 -34699
-34577 -33653 -34706 -34197 86007 85573 86393 86647 86787 85736 85188 86339 85199 85138 85012 86781 86545 86362 86112 86599 86683 86087 85721 86586 85277 85437 85256 85458 84983 86771 85565 86240 86191 86419 85952 85001 84976 -33457 -34633 -33221 -33557 -34948 -33342 -34377 -34669 -33688 -33420 -33575 -34807 -33542
-34357 -33368 -34681 -34559 85355 85124 85623 85903 86713 85671 86788 85954 85180 85307 86671 85617 85766 86088 86457 85822 85754 86713 85348 85644 86779 85779 86618 85104 85297 85933 85294 85835 85972 85035 86523 85187 85214 -33902 -34744 -33678 -34711 -33751 -34074 -34892 -33757 -34504 -34087 -33799 -34397 -33903
-33232 -33341 -34767 -33315 85405 85626 84982 86047 85277 85608 86715 85644 86025 85901 86596 86627 86117 86373 86128 85051 85654 85114 85553 86463 86131 85764 85061 86244 86345 85334 85059 85124 85738 86544 85761 86468 85463 -34829 -34740 -34099 -34905 -34121 -33570 -33383 -34772 -33895 -34332 -33322 -33526 -34879
-33449 -33803 86282 85858 -33653 -33309 -34540 -33195 -34896 -33675 -33611 -33588 -34508 -33204 -33338 -34449 -33987 -33285 -34322 -34017 -34206 86651 85224 86395 85991 85061 85998 85996 85171 85848 86563 86592 85216 86400 85828 86763 85061 -34720 -33491 -33751 -33976 -34300 -34918 -33633 -33628 -34202 -34269 -34477 -34104 -34729
-34547 -33917 85038 86578 -34345 -33826 -34443 -33538 -34725 -34196 -33306 -34446 -34557 -34340 -34639 -33746 -34935 -33453 -34059 -34515 -34397 85092 86825 85331 85524 86600 85957 86438 85247 86386 86747 86645 86481 85619 85625 86833 84999 -34096 -33730 -34409 -34474 -34243 -34032 -33623 -33823 -33345 -34242 -33662 -33422 -33539
-34844 -33836 86319 86132 -33613 -34463 -34048 -34465 -33240 -33699 -34227 -34388 -34361 -35012 -34670 -33740 -34954 -34534 -34158 -33252 -34725 85292 86177 86437 86487 86696 85579 86660 86739 86460 86595 85219 85975 86355 85401 86408 85718 -34475 -33691 -33599 -33704 -33426 -34784 -33359 -34530 -33264 -34986 -33444 -34396 -34763
-34391 -34303 86007 86210 -34515 -34591 -33354 -34052 -33847 -33169 -34475 -33483 -33574 -34708 -34554 -34611 -33518 -33992 -33626 -33200 -34922 85529 85996 85315 86474 86395 86713 85463 86561 85485 85644 86623 86834 85457 85441 85450 86708 -33753 -34337 -35012 -34202 -33844 -34761 -33338 -33577 -34797 -34914 -34909 -33613 -34205
-33961 -34674 86592 86616 -34658 -33968 -33237 -34876 -33867 -33290 -34395 -34321 -33746 -33922 -33347 -34479 -33918 -33218 -33484 -33166 -33427 85613 85884 85241 85568 85499 86305 86139 86778 86721 85102 85374 86746 85403 85396 85993 86398 -33533 -33571 -34198 -34962 -34533 -34432 -34138 -34745 -34811 -33296 -33400 -34700 -33952
-35004 -34146 85581 86839 -34619 -34980 -33909 -34937 -33688 -33557 -34087 -33490 -34281 -34820 -34894 -34000 -34676 -34508 -34448 -33940 -33678 85509 85572 85024 85581 85024 86776 85023 86399 86754 86638 85505 85250 85022 86589 85670 85862 -34580 -33225 -34157 -33861 -34081 -33944 -33971 -33826 -34370 -34174 -33700 -34922 -33827
-33499 -34811 85786 84972 -34291 -34912 -35046 -34305 -34907 -34447 -33894 -34205 -34344 -33775 -34887 -33701 -34440 -34012 -34363 -34672 -34761 86605 86139 86736 85101 85738 86212 86541 86310 86104 85699 86486 86494 85259 85471 85552 85579 -33387 -33539 -34414 -34458 -34223 -33658 -34140 -34815 -33829 -33182 -34243 -34701 -34128
-34909 -33263 86741 85586 -33797 -33600 -34845 -34867 -34413 -34501 -35054 -34816 -34293 -34727 -33354 -34078 -34749 -34129 -33792 -34355 -33541 85777 85235 85617 86220 86292 85527 85105 85018 86191 86028 85964 86159 85590 85254 86059 85640 -34558 -34582 -34751 -34944 -35020 -33679 -34892 -33404 -33836 -33847 -33997 -35023 -34204
-34726 -33818 85890 85216 -33211 -35056 -33544 -34532 -33920 -34951 -34611 -34504 -33506 -33900 -34272 -33351 -33582 -33919 -33534 -33498 -34896 85148 85911 85388 86698 85982 86680 85222 86706 86309 85352 85741 85451 85306 86079 85072 86427 -34951 -33646 -33950 -33632 -33588 -34123 -33863 -33295 -33684 -33250 -33841 -34172 -33380
-33807 -33347 86725 86621 -34946 -33781 -34446 -34780 -33753 -33268 -33832 -33896 -33697 -33284 -33991 -34836 -34574 -33445 -34399 -34776 -33269 85359 86111 86447 86065 85601 86147 86202 84985 86823 85303 85952 86418 86690 85930 85896 85311 -34232 -34189 -33518 -33242 -34412 -35039 -34440 -34008 -33944 -34635 -35008 -34966 -34652
-33233 -33580 86739 86807 -34893 -33494 -33670 -34840 -34100 -33265 -34177 -34364 -33745 -34571 -34475 -34384 -34882 -33169 -34228 -33787 -33496 85639 85440 86657 86381 86655 86452 86276 86631 85823 86529 85419 85597 85395 85393 85608 85822 -33563 -34226 -34709 -33250 -34261 -34171 -34457 -34175 -34663 -33227 -33316 -33471 -34067
-34389 -33444 85862 85168 -34197 -33785 -33793 -34101 -34214 -34044 -33635 -33719 -34153 -34888 -34424 -34777 -33490 -34773 -33491 -33668 -33664 85390 85016 86375 85176 85967 85910 85754 85364 85465 86521 86834 85204 85451 85158 86326 86528 -33637 -33511 -33800 -33637 -33822 -34902 -33984 -34240 -34422 -33656 -34856 -34723 -34231
-33467 -34713 86755 86278 -33929 -33650 -34354 -34808 -34381 -34347 -34075 -33528 -34977 -33901 -34990 -34773 -34531 -34221 -33965 -34200 -33317 85808 85893 86439 85514 85002 85083 86181 86218 86672 85777 85073 85411 85452 86672 85564 85139 -33241 -34654 -33594 -34099 -33321 -34116 -33474 -33804 -34895 -34473 -34508 -34971 -33973
-34686 -34360 86108 85560 -33778 -34130 -33719 -33296 -34398 -33476 -34739 -34135 -34671 -34984 -34780 -33316 -33958 -34636 -34288 -34627 -33246 85162 86575 85911 85176 85072 85448 85311 85716 86215 85355 85252 86656 85028 86747 85086 85993 -34864 -35011 -33298 -34658 -34790 -35006 -34156 -35037 -33268 -33597 -33483 -34519 -34974
-34176 -34207 85229 86652 -33569 -34658 -34730 -34242 -33228 -34985 -34726 -33948 -33308 -35014 -34448 -34064 -33445 -34121 -33853 -34572 -34891 86194 86082 85560 85527 85005 86178 85768 86767 85405 85874 85114 86329 85506 85513 86357 85742 -34095 -34048 -34448 -34023 -33585 -33753 -34868 -33327 -34948 -33316 -34525 -34448 -34933
-35028 -33739 85272 86771 86380 85481 85332 86117 86443 85296 86313 86476 85695 85202 86029 85356 86171 86497 84990 85313 85730 -34845 -34394 -33822 -33551 -34318 -34229 -35057 -33305 -33721 -33593 -33955 -35046 -33624 -33429 -33921 -33175 -33916 -34995 -35049 -34022 -33481 -34122 -35034 -33328 -34253 -33204 -34670 -33530 -35034
-34246 -34792 86785 86373 86023 86705 86324 85218 85175 86433 86802 85018 86728 86776 85648 85513 85294 86570 86304 86638 85029 -34815 -34761 -34281 -33733 -34797 -34374 -34043 -34782 -33886 -34944 -33176 -34523 -33613 -34559 -33859 -35009 -33214 -34545 -34999 -34695 -35036 -33196 -33358 -33322 -33478 -34815 -33743 -33496 -34902
-34018 -33348 85949 85756 86593 85406 86294 86678 86778 86484 86699 85776 85775 85583 86261 86060 86638 85859 85290 85674 85083 -34553 -34752 -34132 -34903 -33911 -33322 -33990 -34677 -34897 -34365 -34873 -34634 -33975 -33902 -33803 -33198 -34233 -34872 -34055 -34248 -34340 -33355 -35009 -34918 -34952 -34857 -34975 -33185 -34069
-33455 -33653 86736 86765 86667 85738 85672 85437 86107 86529 85890 85717 86652 86301 85020 86060 85146 85308 84964 86391 85039 -33696 -33641 -33511 -33246 -33265 -33194 -34811 -34536 -34865 -33670 -34268 -33740 -33383 -34525 -35006 -33610 -34986 -33813 -33478 -33812 -34702 -34362 -33886 -34846 -33506 -34064 -33163 -33812 -34375
-34697 -34467 86198 85316 86681 86221 85580 85220 85660 85806 86565 86511 86205 84983 85348 86138 86769 86501 85023 86555 86772 -34026 -34681 -33812 -33758 -34198 -34820 -33367 -34981 -34337 -33966 -33487 -34757 -33474 -33664 -34176 -33943 -34275 -33387 -33927 -34531 -33813 -34036 -33240 -33249 -34462 -34739 -35053 -33243 -33569
-34300 -34624 86346 85485 86513 84994 86193 85845 86833 84966 85922 85125 85592 86721 86101 85388 85839 86122 85849 85883 85730 -35055 -33348 -33729 -34347 -34262 -34919 -34766 -33364 -33947 -34670 -33751 -33285 -34528 -33929 -33835 -33171 -33288 -34512 -34540 -33914 -33192 -34833 -34700 -34040 -33834 -34430 -34202 -34868 -33316
-34738 -34283 86617 85961 85681 86761 85731 85114 85677 86797 85557 86480 86509 86465 85001 85672 86467 86307 85243 85213 86022 -34559 -33361 -34487 -35003 -33708 -34901 -34735 -34749 -33333 -34998 -34281 -33215 -33766 -34910 -34254 -34396 -33940 -33425 -34084 -34286 -34592 -34009 -33827 -34311 -34301 -33189 -33845 -34782 -33745
-33658 -34643 84993 86246 85431 85846 85557 86667 86029 86521 86527 85879 85354 85626 85229 85123 85119 86552 85511 86554 86570 -34346 -34328 -34634 -33166 -33230 -33584 -33531 -33566 -33849 -33643 -34959 -34307 -34161 -33773 -33828 -33989 -34121 -33911 -33272 -33559 -33642 -33289 -34587 -34874 -34656 -33588 -34173 -33685 -33346
-34256 -34967 86590 86061 86424 85105 86561 86331 85282 85245 86631 86283 85725 86782 85201 85498 85014 85701 85741 85554 85470 -33576 -35047 -34802 -33209 -34663 -33918 -33407 -34342 -35030 -34595 -34508 -34306 -34282 -33552 -34405 -33876 -34221 -33337 -35008 -34374 -33287 -34572 -33695 -33497 -34102 -34544 -33287 -33667 -34092
-33165 -33368 85761 86417 85937 85523 86039 86823 85990 86273 85693 86323 85097 85590 86528 85684 86709 86180 86676 85417 86205 -34479 -33358 -33887 -34410 -33866 -34213 -33162 -33264 -34068 -34957 -34296 -35052 -34948 -34159 -34351 -33454 -34711 -34522 -35029 -33355 -33917 -33994 -34921 -34316 -34013 -34735 -34608 -33463 -34847
-34331 -33217 85495 86198 86061 85946 85689 85196 85029 86214 85599 85353 85078 85641 85440 86591 85631 85978 85566 85177 86058 -33828 -34374 -33681 -34072 -34444 -33881 -33633 -33980 -34034 -33736 -34034 -33243 -33976 -34461 -33230 -34453 -33333 -34984 -33527 -33859 -33700 -34568 -34373 -34533 -34106 -33368 -34689 -34470 -33752
-33876 -33327 85532 86137 85639 86446 86233 85651 85377 85347 86132 86011 86491 86800 85347 85791 86002 85836 84984 85150 85444 -33465 -34472 -34607 -33669 -34226 -34182 -34853 -33344 -34588 -33441 -33773 -33228 -33290 -34531 -34480 -33514 -34748 -34394 -34740 -33199 -34179 -34665 -33512 -33848 -34887 -33410 -33550 -34329 -34343
-33682 -34120 86437 85241 85913 86802 86039 85489 86055 85490 86520 85538 86467 85597 85382 85350 85969 86050 85961 85966 85193 -34292 -34771 -33646 -34072 -34311 -34943 -34652 -33208 -34490 -33864 -34054 -33939 -33875 -33961 -34669 -33721 -34479 -33666 -34463 -33891 -34143 -34303 -33182 -33453 -34021 -34354 -34327 -34806 -34341
-34728 -33931 85288 85470 84990 85054 85790 85787 86235 86814 85016 86820 86620 86129 86120 85220 86341 85779 85973 85919 85833 -33266 -34210 -33349 -34139 -34684 -34325 -33506 -34973 -34525 -34509 -34770 -34938 -33456 -33508 -33554 -34618 -34376 -34990 -33511 -34965 -33476 -33837 -34727 -33989 -34011 -34862 -33676 -34147 -34141
-33985 -34404 -34888 -33327 -34400 -34366 -35033 -34566 -34835 -33861 -34496 -34474 -34335 -34042 -33906 -33712 -34411 -34049 -33294 -34246 -35032 -34759 -33967 -34800 -33201 -33390 -33987 -33331 -33597 -33420 -33663 -34984 -33234 -33203 -33904 -33987 -33742 -33497 -34916 -33523 -34293 -34832 -34985 -34712 -34055 -33189 -33433 -33928 -34413 -33245
-33326 -34586 -34787 -34676 -34607 -34418 -35044 -33897 -33264 -34738 -34105 -33898 -33481 -34896 -33380 -33608 -33893 -33475 -34875 -33253 -33569 -34054 -34571 -34406 -34489 -33945 -33314 -34388 -33502 -34148 -34014 -34999 -34093 -34256 -34593 -34843 -34215 -34503 -34570 -34309 -34313 -33640 -34818 -33428 -34513 -33696 -33694 -34730 -33249 -34723
-34231 -34279 -33371 -34851 -34419 -34688 -34376 -34135 -33465 -33237 -33763 -34595 -33784 -33985 -34500 -34564 -34350 -33399 -34238 -34571 -34063 -33307 -34366 -33520 -34927 -33829 -34469 -34000 -34414 -34757 -33967 -34389 -33201 -33985 -34603 -33331 -33277 -34382 -34502 -34378 -34997 -34704 -33546 -33738 -33413 -33285 -33865 -33291 -34425 -34568
-33609 -34347 -33169 -34001 -34555 -34376 -34819 -34833 -34390 -34251 -33771 -33751 -34518 -33914 -34558 -34317 -34135 -33309 -34656 -33272 -35007 -33627 -33791 -34649 -33704 -35033 -35021 -34719 -34504 -34996 -34908 -34887 -33369 -34631 -33420 -33312 -34914 -34911 -34045 -34502 -34417 -34737 -33196 -34598 -34384 -33767 -33933 -34675 -33854 -34465
-34516 -33673 -34831 -33980 -34999 -33183 -33213 -34799 -33481 -33407 -34730 -34544 -33691 -34621 -33429 -34007 -33785 -33699 -33908 -33186 -34485 -33901 -33278 -33183 -34579 -34465 -34104 -33840 -34601 -33673 -34491 -34769 -33706 -34074 -34990 -34538 -34871 -34046 -33535 -34204 -33638 -33565 -34890 -34350 -34969 -34323 -34112 -33568 -33267 -34337
-33728 -33824 -34778 -34446 -33598 -33932 -35020 -34761 -34149 -35016 -34168 -33811 -33651 -34976 -34550 -34652 -33468 -34082 -33703 -34931 -34629 -34322 -34271 -33673 -33309 -33637 -33604 -33296 -33835 -33626 -33530 -35056 -34061 -33673 -33432 -34018 -34825 -33761 -33854 -33829 -33843 -34499 -33460 -34982 -34713 -34830 -34092 -34488 -33625 -33597
