50 50
-51792 -52632 -52094 -52520 -51715 -52287 -51733 -52207 -51961 -52629 -51990 -51816 -52110 -51955 -52478 -52090 -51667 -51774 -52197 -52436 -52191 -52535 -52332 -51970 -52234 -52572 -51887 -52345 -51765 -51786 -52144 -52494 -51829 -52410 -51945 -51876 -52098 -51845 -52102 -52085 -52381 -52536 -51729 -52392 -52622 -52422 -52189 -51848 -51770 -52477
-52561 -51938 -52532 -52625 -52566 -52527 -52298 -52571 -52101 -51965 -52622 -52280 -52386 -51720 -52128 -52569 -52116 -52025 -51823 -52108 -51714 -51856 -51862 -52634 -52358 -51912 -52054 -52130 -52473 -52113 -51766 -51971 -51791 -51884 -52379 -52148 -52156 -52131 -52526 -52629 -52589 -52027 -52565 -52199 -51929 -51776 -52125 -52634 -52541 -52163
-52493 -52502 -52267 -52404 -51839 -52401 -52194 -51761 -51806 -52460 41866 42020 41996 42121 41866 41945 41459 41792 41535 41596 41900 41317 42047 42145 41428 41358 41252 42184 42096 41940 41558 41262 42152 42145 41628 41397 41302 41493 41996 42022 42144 41880 41437 41735 41459 41992 41380 41738 42137 41885
-52411 -51899 -52401 -51747 -52316 -52586 -51978 -52116 -52170 -52282 41548 41460 41557 41598 42180 41486 41844 42108 41584 41631 42137 41411 41318 41562 41820 41981 41735 41901 42160 41369 41356 41988 41943 41816 42143 42114 41518 41253 41948 41799 41323 41510 41348 41664 41983 42034 41847 42198 41452 41849
-52306 -51695 -52457 -51817 -51717 -52264 -52393 -52582 -51795 -52118 42212 41823 41409 42071 41660 41381 41802 41578 41477 41263 41634 41853 42088 41933 42093 41956 41793 41562 41646 41883 42083 42082 41443 41584 41643 41685 41288 41800 41589 41410 42082 41667 41341 41431 41824 41366 41767 41403 42211 41618
-52167 -52434 -52147 -51854 -52010 -51937 -52417 -52467 -51897 -51962 41848 42157 41594 41492 41311 41721 41596 42197 42205 41699 41816 42050 41317 42203 42172 41269 42099 41849 41633 42168 41998 41697 41930 41460 41970 41268 41922 41957 41653 42105 42067 41686 41607 42119 41763 41318 41838 41306 41888 41972
-51730 -52108 -52267 -51757 -51989 -51745 -51947 -52066 -51872 -52321 41862 41552 41500 41921 41354 41969 41757 41262 41642 41387 41840 42198 41885 41734 41890 41321 41742 41734 41448 41274 41721 41408 42219 42059 41596 41828 41855 41278 41466 41848 41785 41516 41611 41479 41721 42036 41988 41561 41996 42083
-52092 -52330 -51733 -51856 -51734 -52107 -51683 -52394 -51779 -51945 41433 41529 42144 41417 41883 41478 41565 41494 41413 41641 41283 41668 41811 41270 41321 41470 42012 41840 42160 41328 41714 41910 41886 41996 41260 41288 41566 41875 42210 41422 41880 41413 42160 42046 41591 41879 41767 41841 41707 42034
-52262 -51826 -52393 -52570 -52281 -52441 -52571 -52354 -52350 -52186 41384 41631 41526 41874 41617 42125 41966 41404 41613 41431 41336 41605 41886 41550 41325 41861 42059 42173 41953 41997 41371 42067 41976 41309 41927 41972 41439 41540 41540 41672 41432 42006 41312 41850 41882 41347 42221 41474 41725 41555
-51754 -52202 -51711 -51795 -52275 -51749 -52158 -52430 -51943 -51730 42180 41654 42221 42175 41257 41540 41657 42070 41595 41480 42150 41396 41415 41350 41562 41857 42082 41357 42127 42056 41434 41703 42073 42053 41657 41661 42194 41517 41798 41696 42136 42148 42027 41719 41709 42040 41671 42130 41459 41631
-52041 -52041 -51856 -52631 -52577 -51949 -52600 -52551 -51756 -51755 41623 41595 41881 42118 42047 41754 41771 41272 42062 42185 41914 41716 41420 41647 41929 41277 41578 41545 41975 42145 41385 41514 41630 41954 41494 41805 41345 41531 41255 41841 41998 42190 41363 41802 41885 41267 41834 42016 41731 41761
-52025 -52342 -52057 -52190 -52079 -51774 -52150 -52635 -52296 -52206 41690 42152 41390 41901 41900 41764 41726 41682 42218 41775 42221 41762 41841 41903 41467 41927 41264 41825 42187 41446 41355 41382 41611 41639 41479 41659 41434 41376 41819 41609 41937 42026 41930 41836 41317 41888 41728 41925 41303 41983
-52269 -51984 -52067 -52469 -52097 -52149 -51728 -52255 -52350 -51887 41493 42119 42140 41436 41522 41332 41446 41603 41659 41677 41743 41288 42152 42169 41337 41565 41947 42119 41922 42215 41447 41340 42056 41506 42022 42141 42059 41854 41295 42171 41669 41620 41300 41853 41304 42194 42095 41970 41448 42169
-52021 -51670 -52099 -52520 -52409 -52406 -52330 -51788 -52146 -51970 41334 41524 41704 41621 41431 41823 41964 41982 41477 42216 41788 41494 42067 41462 41522 42041 42159 42128 41966 41585 41768 41804 41845 41804 41891 41749 41942 41285 41785 41993 42199 41687 41995 42064 41398 41780 41668 41554 41883 41393
-51916 -51948 -52511 -51781 -52521 -52556 -52407 -51805 -52552 -51989 41789 41616 41857 41925 41266 42023 41331 41359 41781 42005 41953 42197 41464 41486 41279 41885 41369 41617 42147 41974 41744 41454 41990 41866 41799 41788 41272 41784 41375 41430 41976 42123 41927 41840 41914 41556 41255 41262 41740 41644
-51753 -52539 -51971 -51941 -51677 -51951 -52322 -51757 -52404 -51930 41700 41530 42061 41860 41461 42095 41879 41299 42049 41544 42054 41553 41456 42135 41656 42133 41949 41763 41579 41992 41773 42068 41280 41767 42077 41714 42070 42165 41414 41476 41521 41575 41714 41935 41401 41272 41297 41303 41937 41813
-51884 -52271 -52139 -52619 -52526 -51808 -52321 -52301 -52546 -51923 42209 41364 42010 41383 42089 41840 41552 41559 41643 41285 41480 41820 42151 41335 41950 41720 41922 41868 41834 41848 41679 42202 41625 41562 41532 41846 41478 41589 41941 41552 41814 41612 41665 42084 41975 42110 41423 41690 42045 41912
-51924 -51905 -52548 -52540 -51756 -52451 -52485 -51961 -52340 -52085 42201 41906 42035 41538 41732 41600 41303 41616 41836 41431 41679 41682 41323 42210 41640 41981 41688 42051 41628 41436 42064 42083 41282 41402 41888 42161 42057 41279 42160 41443 41893 41374 41927 41966 42211 41398 42212 41704 41276 41262
-51837 -52375 -52573 -52265 -51997 -51718 -51882 -52306 -52628 -52447 42063 41706 42068 41259 41940 41339 41636 41561 42120 42011 41787 41486 41724 41693 41816 41579 42104 41756 41729 41479 41395 42051 41733 41493 41897 41367 41912 42218 41892 41983 41917 41943 41497 41842 41911 42182 41357 41815 41367 42185
-52390 -52333 -52453 -52322 -52537 -52266 -52072 -51707 -52028 -52116 42022 41423 41835 41637 41531 41812 42166 42106 42056 41435 42096 41256 42076 41295 41376 41293 41927 41694 41785 41916 41828 42126 41258 42113 41378 41572 41369 41340 41691 41967 41546 41980 41591 42003 41726 41738 42038 41971 41491 41286
-52601 -52560 -52009 -52301 -51802 -52439 -51890 -52614 -51763 -51737 41934 41854 41624 41860 42187 41256 41982 42048 41990 41411 42166 41825 41581 41317 42095 41563 42029 41783 41996 41596 41925 41438 42180 41377 41692 41910 41537 41952 41854 41258 42191 41904 41939 41283 42090 41974 42112 42199 41468 41825
-52499 -51887 -52448 -52358 -52073 -51875 -52125 -52164 -51929 -52420 41376 41293 42221 42097 41701 41455 42084 41702 41697 41744 42030 41373 42002 41716 41479 41884 41958 41305 41616 41659 41723 41257 41601 41850 41367 42040 42183 41851 41976 41573 41449 41886 41367 42021 41639 41870 41703 42016 42010 41311
-52105 -52059 -52253 -52517 -52280 -52583 -52427 -52323 -51794 -51885 41703 41291 41996 41499 42134 41258 41492 41886 41464 41661 41800 41367 41538 41379 42113 41921 42171 41492 41955 41469 41488 41932 42147 41981 41383 42164 41784 41512 42096 41798 41362 41860 41997 41349 41284 42184 41999 41404 42005 41888
-52521 -52192 -52631 -52185 -52535 -51860 -52442 -52314 -52020 -51837 41332 42185 41610 41444 41788 41301 41923 42015 41273 42067 41982 42040 41959 41821 42111 42125 41534 41642 41345 42100 41859 41263 41654 42006 41785 41434 41776 41324 41876 41388 42034 41752 41622 41671 41779 41529 41730 42065 41905 42148
-52019 -51927 -51890 -51840 -52632 -52091 -51684 -52075 -52507 -51803 41797 42028 41284 42158 42105 41719 42101 41783 41419 41997 42142 41773 41320 41541 41992 41350 42094 41401 41364 42174 41440 41526 41730 41556 41691 41280 41581 42129 41384 41311 41559 41541 41961 41634 41642 41564 42180 41942 42017 41886
-52529 -52530 -51918 -52096 -52496 -52595 -52270 -52516 -51753 -52318 -52311 -52423 -52279 -51675 -51812 -52488 -52576 -52323 -52071 -52213 -52553 -52021 -51944 -51823 -52395 -51830 -52599 -52628 -51691 -52017 -52418 -52435 -52121 -51693 -52199 -52032 -52037 -52232 -52093 -52123 -52381 -52306 -51867 -52594 -52403 -51990 -51867 -51830 -52328 -52232
-51968 -51873 -51792 -51799 -51757 -52247 -52322 -51705 -51869 -51731 -51695 -52043 -51860 -51851 -51669 -52329 -52207 -52403 -52498 -52613 -52250 -52153 -51745 -52233 -51992 -52311 -52545 -51873 -51985 -52616 -51938 -51901 -51835 -52377 -51852 -51936 -51786 -52090 -51939 -52156 -51824 -51961 -51766 -52371 -52488 -52594 -52391 -51675 -52206 -52503
-51808 -52495 -51695 -52614 -52239 -52575 -52534 -52269 -51810 -52314 -52335 -52470 -52209 -51747 -52213 -52158 -51739 -51949 -52163 -52108 -52459 -52552 -51912 -51763 -52450 -52387 -52544 -52479 -51862 -52336 -52584 -52423 -51966 -51986 -51963 -52427 -52556 -51732 -52468 -52335 -52281 -52305 -52392 -51993 -52111 -52207 -52083 -52579 -52247 -52181
-52324 -51804 -52206 -52080 -52350 -52573 -52431 -51768 -52336 -52321 -52143 -51868 -52378 -51995 -52441 -51953 -52165 -51702 -51828 -52589 -52258 -51996 -52411 -52508 -52307 -52140 -52536 -52575 -51919 -51913 -52031 -52135 -52253 -52010 -52235 -51673 -52553 -52457 -52148 -52007 -51932 -52464 -51757 -52393 -51848 -51855 -52178 -52154 -51990 -51795
-51906 -52565 -51755 -51715 -51767 -52350 -51700 -52415 -52531 -51962 -51710 -51882 -52117 -52436 -52413 -52473 -52170 -51838 -52231 -51868 -52379 -51846 -51800 -52094 -52315 -51690 -52084 -51751 -52313 -51920 -52168 -52556 -52016 -52271 -51689 -52204 -52318 -52196 -51860 -51668 -52637 -51986 -51709 -52145 -52553 -51950 -51831 -52372 -52141 -52163
-52184 -52138 -51908 -52603 -52035 -52046 -52130 -52086 -52313 -52026 -52467 -52327 -51902 -52550 -52352 -52258 -52195 -51733 -52210 -52099 -52577 -51993 -51875 -52155 -52265 -51900 -52632 -52288 -51972 -52507 -51710 -52110 -51899 -52059 -51681 -51799 -52213 -51726 -52061 -52538 -51863 -51810 -52034 -51760 -52333 -52274 -52290 -52063 -52312 -52290
-52424 -51892 -52347 -51771 -51695 -51905 -52552 -52526 -52267 -52575 -52397 -52257 -52351 -51782 -52252 -52228 -52211 -52156 -51918 -51985 -52134 -52206 -52124 -52248 -52213 -52293 -52398 -51691 -51773 -52511 -52376 -51916 -52177 -52364 -52030 -52408 -51966 -51968 -52281 -51796 -52108 -51904 -52272 -52208 -52286 -51794 -51812 -52303 -52007 -51916
-52609 -51694 -52154 -52585 -51921 -52485 -52121 -52078 -52377 -52439 -52268 -52178 -52357 -51670 -51699 -52480 -52425 -52094 -51727 -51842 -52467 -51862 -51792 -51769 -52087 -52344 -52024 -52224 -52035 -52347 -52163 -52429 -52612 -51722 -52546 -52097 -52406 -51871 -51726 -52467 -52210 -51726 -52012 -52376 -51718 -51826 -52070 -52137 -52262 -52597
-51880 -52635 -51824 -51901 -52505 -52047 -51878 -52375 -52619 -52238 -51813 -52560 -52348 -51838 -51764 -51929 -51959 -52231 -52372 -52163 -51689 -52477 -51822 -51933 -52489 -52155 -51948 -52359 -52035 -51906 -52464 -52423 -52433 -52551 -52341 -51733 -52207 -52587 -52134 -51931 -51900 -52133 -52206 -52293 -51833 -52034 -52578 -52333 -52502 -52302
-52045 -52482 -52554 -52588 -51736 -52090 -51767 -52090 -52039 -52031 -51691 -51852 -52167 -51693 -52015 -52020 -52058 -51932 -51995 -52002 -51765 -52364 -52335 -51918 -52594 -52180 -51872 -51769 -52495 -52195 -52471 -52481 -52444 -52540 -52173 -51829 -52364 -52297 -52038 -52012 -51907 -52442 -52371 -51731 -51766 -52415 -51994 -51876 -52364 -52137
-52419 -51808 -52598 -52560 -51892 -52274 -51914 -52470 -52022 -52520 -51794 -52342 -52618 -51758 -51922 -51842 -52177 -51778 -51955 -51808 -52231 -52157 -52629 -52551 -52562 -52569 -51732 -52328 -51769 -52501 -52195 -52050 -52199 -52539 -51906 -51845 -51757 -51939 -51951 -52288 -52033 -52475 -51752 -52254 -51681 -52196 -52367 -51690 -52210 -51991
-51798 -52572 -51895 -52560 -52329 -52055 41494 -52036 -52241 -52614 -52177 -52391 -51745 -52142 -52164 -51859 -52439 -51787 -52095 -52048 -52313 -52199 -52283 -51976 -52171 -52190 -52495 -52625 -52245 -52551 -51795 -52425 -52123 -52187 -51836 -51791 -52007 -51679 -52039 -52312 -52556 -52587 -52366 -52435 -52069 -52588 -51785 -52137 -52103 -52239
-52368 -52589 -51849 -52198 -52587 -52272 42059 -52441 -52564 -52523 -51754 -52217 -52336 -51900 -52510 -51774 -52382 -51983 -52542 -52588 -51909 -52378 -52055 -52206 -51734 -52290 -52275 -51779 -52276 -51911 -51670 -51703 -52034 -52019 -52281 -52000 -52280 -51716 -52567 -51767 -51855 -51847 -51737 -52555 -52525 -52291 -52231 -52147 -52303 -51784
-52518 -52364 -52547 -52419 -52602 -52094 41654 -52585 -51862 -52184 -52422 -52235 -51729 -52531 -52383 -51842 -52355 -52004 -52340 -52266 -52296 -51775 -52424 -52431 -52020 -52477 -52257 -52119 -52503 -51731 -52505 -52606 -52132 -51936 -51717 -51746 -51716 -52056 -51747 -51770 -51891 -52000 -52078 -51846 -51728 -51781 -52241 -52175 -52229 -52205
-52345 -51744 -52436 -51788 -52610 -52110 41735 -51892 -52308 -51877 -52505 -51831 -51728 -52458 -51876 -52466 -51942 -52088 -52114 -51702 -52571 -51890 -51973 -52589 -51914 -51805 -51872 -52095 -52278 -52122 -52597 -52610 -52207 -52078 -52031 -52274 -52104 -52501 -52386 -52007 -51971 -52189 -51944 -52121 -52252 -52610 -51826 -51937 -51906 -52431
-51760 -51946 -52255 -52613 -51689 -51866 42001 -52412 -51724 -51970 -52152 -51852 -52603 -52592 -51687 -51827 -52262 -51745 -51951 -51707 -52132 -52552 -51849 -51914 -52335 -52153 -52034 -52528 -52186 -51704 -51918 -52337 -51705 -52406 -52397 -52010 -51847 -51912 -52260 -52568 -52160 -51927 -51966 -52386 -52470 -52054 -51895 -51695 -52530 -52266
-51863 -52145 -52277 -52134 -52519 -52404 41525 -52292 -51857 -51921 -52234 -52305 -52610 -51714 -52576 -52602 -51973 -51939 -51944 -52198 -52537 -51877 -52463 -51885 -51884 -51948 -52565 -52179 -52044 -51776 -51967 -52571 -51879 -52019 -52153 -52331 -52262 -52422 -52578 -52052 -52288 -52171 -51687 -52005 -52497 -51963 -51740 -51947 -52362 -52130
-51950 -52626 -52558 -52160 -52274 -52532 41639 -52450 -52529 -52555 -51700 -52120 -52259 -51667 -52021 -51912 -51845 -51776 -51741 -52443 -51729 -52038 -52344 -51860 -52533 -52410 -52047 -52071 -51927 -52594 -52562 -52338 -51764 -52010 -51962 -52239 -51843 -52238 -52609 -52608 -52062 -51705 -52403 -52083 -52398 -51895 -52104 -52419 -52634 -51860
-52580 -52466 -52152 -51956 -52122 -52616 -52571 -51993 -51895 -52118 -51989 -52226 -52290 -52163 -52595 -52043 -52021 -52405 -52425 -52013 -51749 -52397 -51846 -52567 -52469 -52150 -52362 -52066 -51958 -52152 -51779 -52625 -52180 -52464 -52579 -52007 -52187 -52504 -52157 -52077 -52241 -52610 -52135 -51740 -52080 -51667 -52125 -52077 -52303 -52281
-51832 -51757 -51794 -52391 -52451 -51807 -52417 -52470 -52178 -51791 -52590 -52616 -51848 -52086 -52372 -51866 -52328 -52316 -51716 -51675 -52355 -52331 -52547 -51693 -51669 -52021 -52045 -51877 -51919 -52629 -52404 -52360 -52190 -51762 -51836 -52217 -51771 -51828 -52223 -51965 -52222 -52185 -51677 -52423 -52091 -52015 -51904 -52497 -51799 -51773
-52637 -51883 -52387 -51850 -52328 -52040 -52422 -52515 -51949 -52480 -52526 -51770 -51855 -52294 -52434 -51895 -52001 -52545 -51951 -51819 -52429 -52259 -52267 -52156 -52124 -52215 -52122 -52350 -52126 -51928 -51670 -51913 -52091 -52191 -51974 -51839 -52052 -52271 -51865 -51690 -52562 -51692 -52251 -52255 -52612 -51836 -51798 -52181 -52202 -52018
-52195 -51727 -51852 -51715 -52392 -51880 -52120 -52363 -52531 -52047 -52106 -52585 -52477 -52051 -52125 -52268 -52099 -51860 -52198 -52003 -51697 -52183 -52367 -52233 -52161 -51779 -51910 -52301 -52560 -52413 -52575 -52272 -52328 -51791 -52029 -52243 -51687 -51686 -52040 -52046 -51958 -52328 -52209 -51692 -52340 -52021 -51709 -52017 -52320 -52260
-52100 -51778 -52632 -52482 -52629 -52021 -51918 -52186 -52066 -52540 -51950 -52425 -51792 -52561 -52137 -51673 -51998 -52389 -52081 -51941 -52412 -52307 -52086 -51837 -52465 -51813 -52537 -51761 -52028 -52603 -52272 -51843 -51759 -52513 -52309 -52540 -52067 -52148 -52325 -52581 -52143 -52620 -52249 -51904 -51680 -52062 -52450 -51882 -52622 -51706
-52375 -52193 -51879 -51716 -52324 -52222 -52351 -52218 -52090 -51902 -52270 -52597 -52009 -51762 -52315 -52307 -51810 -51881 -52133 -51811 -52530 -52103 -52432 -52256 -52280 -51953 -52618 -52486 -51719 -51926 -51918 -52602 -52144 -52280 -52309 -52062 -52449 -52255 -52340 -52599 -52086 -52597 -52404 -52202 -52077 -51691 -52313 -52201 -52316 -51770
-52596 -52118 -52305 -52132 -51753 -52462 -51739 -52279 -52216 -52475 -52442 -52251 -52182 -52344 -52276 -52507 -51714 -52028 -52613 -52567 -52016 -52360 -52003 -52396 -52373 -52548 -52629 -52564 -52035 -52498 -52525 -52488 -51894 -51670 -51754 -51778 -52430 -51679 -52255 -51731 -51862 -52428 -51894 -52534 -51969 -52180 -52593 -52071 -52347 -52220
