50 50
-10304 -11699 -11811 -11725 -11141 -11456 -11300 -10636 -10139 -11798 -11262 -10876 -10960 -11545 -11118 -10125 -11142 -11339 -11066 -10568 -11295 -11431 -11753 -10298 -10759 -11232 -10844 -11758 -10567 -10618 -11316 -10442 -10595 -11852 -11503 -10298 -10103 -10955 -11093 -11550 -11259 -10327 -10085 -11390 -10208 -10294 -11068 -10880 -10436 -10126
-10130 -10701 -10768 -11239 -11432 -11527 -11689 -11584 -10890 -10530 -10319 -11320 -11778 -10627 -10124 -10348 -11201 -10623 -10101 -11530 -10319 -10997 -11289 -11608 -10691 -10552 -10908 -11485 -10453 -11273 -11700 -10146 -11665 -10172 -11655 -11226 -11771 -11850 -11611 -11170 -10955 -11352 -11295 -10374 -10309 -10744 -11764 -11595 -10861 -11241
-11634 -10222 -11376 -10999 -11598 -11810 -11416 -11538 -10487 -10541 -11837 -10166 -11213 -11287 -10739 -11133 -10388 -11135 -11083 -11168 -11501 -11596 -11399 -11572 -11864 -11274 -11222 -10913 -11023 -11594 -11572 -11597 -11694 -11571 -10454 -11033 -10759 -10375 -11355 -10790 -10312 -11227 -11816 -10454 -10797 -10861 -10283 -11208 -10994 -10489
-11149 -10407 -10976 -11017 -11026 -10656 -11810 -10763 -10992 -11337 -10527 -11718 -10881 -11683 -10959 -10343 -10090 -11300 -10812 -10900 -10661 -10671 -10822 -10827 -11726 -10614 -10428 -10440 -10588 -11186 -10284 -11021 -11604 -11287 -11777 -11094 -11070 -11707 -11620 -11566 -10585 -10216 -10676 -11011 -11028 -10089 -10699 -10579 -10400 -11136
-11140 -11126 -11745 -10192 -11458 -10824 -10653 -11625 -10872 -10536 -10808 -11283 -10350 -11811 -11385 -10458 -10271 -10894 -10982 -10486 -10258 -10329 -11520 -11297 -10931 -11192 -11619 -11252 -10360 -10192 -11105 -11394 -11225 -10680 -10359 -10137 -11254 -11465 -11255 -10932 -11470 -11272 -11303 -10784 -11336 -11831 -10818 -11826 -11035 -10693
-11403 -11063 -11272 -10396 -10504 -11717 -10139 -10687 -10515 -11039 -11116 -10501 -11408 -11235 -11322 -10720 -10470 -10359 -11440 -11489 -10179 -11014 -10821 -11764 -10100 -11528 -11486 -10930 -10305 -10648 -11658 -10400 -11321 -10863 -11367 -10823 -10316 -11781 -10325 -11068 -10995 -10334 -10724 -11545 -10203 -10806 -10846 -10446 -11204 -11408
-10302 -10326 -10538 -11070 -10541 -10560 -10931 -10091 -11101 -10212 -10847 -11601 -10906 -10231 -11530 -11487 -11467 -11713 -11673 -10489 -10537 -11438 -11232 -10984 -11655 -11769 -10579 -11406 -11533 -11700 -10373 -10185 -10863 -11715 -10235 -10132 -11716 -11245 -11852 -10917 -11487 -11402 -10141 -10670 -10227 -11871 -11612 -10936 -10232 -10780
-11831 -10502 -11550 -11363 -10179 -11093 -11454 -11743 -11009 -11577 -10229 -11774 -10410 -10414 -10473 -11417 -10483 -10767 -10362 -10623 -10699 -10363 -10350 -10498 -11154 -10140 -11615 -10543 -10623 -10529 -11750 -10345 -10725 -10472 -11197 -11736 -11492 -10390 -10752 -10720 -10455 -10434 -10841 -10792 -10339 -10309 -10559 -11261 -10175 -10387
-10685 -11459 -10762 -10808 -11427 -10098 -11118 -10579 -11638 -11506 -10307 -10735 -11405 -11487 -10868 -11514 -11255 -11247 -11156 -10391 -10578 -10991 -10462 -11584 -10641 -10367 -11531 -11319 -11857 -10820 -10248 -11285 -10401 -10802 -10890 -11151 -11004 -11002 -11449 -11569 -11714 -11202 -10228 -10480 -11427 -11230 -10856 -11795 -11663 -10652
-11518 -11723 -11366 -10090 -11194 -11760 -11550 -10518 -10089 -10189 -11209 -10675 -10819 -11589 -11801 -11726 -11539 -11584 -10181 -10205 -10175 -10341 -10543 -10728 -10717 -10980 -11387 -11809 -11493 -10264 -10151 -11361 -11863 -10433 -11002 -10769 -11176 -11622 -11221 -11563 -11113 -11464 -10938 -10854 -11581 -10257 -10263 -11871 -10109 -11825
-10922 -11055 -10384 -10353 -10981 -10459 -11357 -11392 -11228 -11810 -10783 -10577 -11795 -10371 -10363 -10598 -11292 -11541 -11055 -11580 -11712 -11274 -11732 -10622 -11809 -11628 -11162 -11271 -11158 -10542 -11433 -11239 -11202 -11129 -10855 -10379 -10853 -11178 -11512 -11755 -11371 -11221 -11705 -10794 -10390 -11388 -10254 -11461 -10292 -11043
-11451 -10321 -11870 -11437 -10839 -10649 -10454 -10855 -10102 -10591 -10158 -11271 -10651 -10505 -11189 -10419 -11327 -11562 -10186 -11332 -11463 -11331 -10280 -11188 -10696 -10275 -10793 -11396 -10948 -11819 -10422 -10427 -11068 -11390 -10373 -10836 -10972 -11869 -11363 -10950 -11461 -11361 -10795 -10839 -11104 -11639 -10616 -10609 -10684 -11578
-10218 -11111 -11066 -11241 -11261 -11710 -11802 -10089 -11745 -11084 -11512 -10352 -11734 -11075 -10468 -10667 -11187 -10905 -11840 -10153 -11708 -10307 -10579 -10854 -10256 -10324 -11520 -10958 -11257 -11095 -11767 -10083 -10281 -10926 -10823 -11005 -11635 -11015 -11601 -10529 -11145 -10997 -11295 -10620 -10336 -11158 -11123 -10278 -10188 -11168
-11149 -10440 -10661 -11632 -10696 -11849 -10427 -11214 -10900 -11385 -10783 -11764 -10827 -10565 -11718 -10413 -10308 -10595 -11781 -10731 -11347 -11181 -10984 -11623 -10229 -10770 -11503 -11247 -10139 -10276 -11224 -10383 -10633 -10884 -11838 -11727 -11401 -11558 -10643 -10558 -10761 -11799 -11639 -11116 -10249 -11121 -10562 -11100 -11592 -10177
-11088 -10996 -11185 -10289 -11342 -11029 -10266 -11563 -11202 -10261 -10607 -11789 -10681 -11562 -11333 -10647 -10978 -10482 -10957 -10119 -11498 -10512 -10575 -11223 -10271 -11014 -10812 -11311 -10682 -11265 -10239 12791 13360 12154 12931 12985 12665 13448 12033 13166 11837 12453 13311 -11353 -11813 -11792 -10990 -10599 -11700 -10147
-10902 -10745 -11731 -11242 -10138 -11323 -10540 -10787 -11738 -10474 -11668 -10335 -11409 -11812 -10316 -11627 -11152 -10226 -11611 -11537 -10432 -10958 -11035 -11508 -10405 -10632 -11834 -10630 -11421 -11658 -10751 11790 13069 12801 12705 12179 12849 13079 13147 12459 12173 11918 12866 -11675 -11698 -10966 -10291 -10185 -11670 -11256
-10784 -11614 -10918 -11821 -11746 -10656 -11586 -11235 -10998 -11469 -10514 -10719 -10943 -10731 -10299 -11771 -10374 -10171 -11173 -10472 -10771 -10487 -10219 -10929 -10831 -11357 -11662 -11754 -11053 -10352 -10814 12659 12591 12368 13165 13079 13240 12167 13232 11850 12440 12178 12066 -11759 -11239 -10619 -10343 -11438 -10166 -10286
-10920 -10845 -10174 -10860 -10678 -11296 -11012 -11442 -11790 -10678 -10839 -10603 -10179 -10623 -10828 -11385 -11363 -10093 -11735 -11336 -10162 -11502 -11813 -11598 -11285 -11807 -10177 -11601 -10285 -10249 -11182 11684 13101 11902 13085 12609 12349 13184 12479 11908 11777 12706 12314 -10907 -10880 -10353 -10700 -10462 -10294 -10397
-10221 -10084 -10285 -11516 -11218 -10188 -10785 -10221 -11754 -10159 -10834 -11140 -11481 -11299 -10694 -11702 -10267 -10525 -10881 -11026 -11831 -11703 -10158 -11389 -11343 -10610 -10483 -11031 -10225 -11697 -10359 13255 12898 12153 13432 12807 11711 12221 12432 13103 13374 12056 13283 -11147 -11660 -10782 -10149 -10560 -10353 -10180
-11401 -11529 -10842 -11370 -10608 -11822 -11513 -10709 -11069 -10522 -11610 -10408 -10428 -10613 -11288 -10673 -11198 -10911 -10949 -10864 -10634 -11538 -11120 -10669 -10903 -10983 -10869 -10543 -11728 -10091 -10391 11986 11900 12134 11883 12074 12130 11953 12498 12856 13313 12391 13054 -10543 -10948 -11294 -10785 -11433 -10170 -11249
-11766 -11663 -10214 -11730 -11602 -10221 -11604 -11773 -10799 -11279 -11493 -10123 -10134 -10102 -11746 -10182 -10771 -10917 -11054 -11578 -11748 -11688 -10961 -10384 -10910 -10829 -11410 -11335 -10102 -10672 -10921 11774 12474 13435 13186 13255 13171 13117 12478 12473 12285 12842 13053 -11395 -11070 -11060 -10098 -10431 -10802 -11602
-11018 -10768 -11804 -10501 -10896 -11533 -10747 -10921 -10684 -10599 -10785 -10203 -11557 -10513 -10749 -11747 -10897 -10980 -11155 -10385 -11658 -10235 -10757 -10658 -11023 -10400 -11267 -10905 -10762 -11128 -11444 12578 13047 12392 12115 12081 12388 12387 12997 13102 12132 13141 11767 -11121 -10964 -11854 -11735 -11037 -11129 -11790
-11327 -11320 -10239 -10429 -10710 -11843 -10884 -10438 -11062 -11134 -10941 -10714 -10240 -11447 -11481 -10891 -11423 -10183 -10736 -11565 -10654 -10899 -11240 -10251 -11671 -10360 -11793 -11518 -10553 -11615 -11195 12349 13414 13287 12962 12947 11814 13314 12901 13017 12496 13191 12032 -10592 -10792 -11573 -11490 -10788 -11491 -11208
-11264 -11774 -11121 -10176 -11036 -11209 -10389 -10776 -10160 -10600 -10512 -11574 -11200 -11053 -11498 -11112 -11520 -10408 -11436 -11634 -10725 -10912 -11102 -11665 -10929 -11090 -11523 -10664 -11785 -10609 -10368 13224 12562 11869 11993 12510 12582 13274 12385 12865 12600 12673 12297 -10138 -11685 -11006 -11084 -11504 -11362 -10643
-11523 -10240 -10680 -10193 -10442 -11424 -11109 -10714 -11363 -11570 -11483 -10631 -10980 -11585 -10695 -11382 -11012 -10352 -11070 -10725 -11776 -11473 -11004 -11515 -10829 -11246 -11492 -11435 -10284 -11795 -11632 13107 12971 11830 12201 12232 12694 11995 12730 12011 11822 11895 13023 -10200 -11025 -10725 -11317 -10559 -11639 -11833
-10855 -11766 -11171 -10444 -11514 -11353 -11646 -11600 -11530 -10486 -11028 -11280 -11768 -11077 -10397 -10910 -11569 -10928 -11815 -11475 -10128 -10259 -11589 -11451 -10920 -11189 -11149 -11820 -11483 -10477 -10205 12407 11819 12621 12026 12074 13427 12994 12178 13144 11824 13381 13058 -10868 -11246 -10302 -11510 -11229 -11062 -10772
-10641 -11173 -10955 -10416 -11287 -11744 -11329 -11083 -10290 -10436 -11231 -11312 -11593 -10477 -10746 -11156 -10388 -11438 -10155 -10847 -10080 -11399 -10154 -10200 -11016 -10159 -11114 -10774 -11837 -10380 -10308 12402 12412 12057 11715 13244 12256 12893 12222 12017 12242 12213 13208 -11167 -10888 -10357 -11438 -11305 -11735 -11453
-11183 -10776 -11549 -10543 -11396 -11711 -11180 -11034 -10194 -10441 -10146 -10129 -11395 -10316 -10831 -10533 -11351 -10785 -11620 -10822 -11067 -11610 -11759 -11582 -10531 -10170 -11196 -10452 -11417 -10478 -10412 12382 11890 12494 12477 12918 12814 11804 12572 13076 11979 13082 12169 -11326 -10573 -10870 -11839 -10513 -10424 -11243
-10270 -10662 -11136 -10691 -11076 -10794 -10943 -11121 -10357 -11271 -10496 -11429 -10813 -10349 -10714 -10769 -11412 -10666 -11568 -10153 -10368 -10868 -11814 -10842 -10946 -10574 -10719 -11281 -10090 -11679 -11249 12542 12136 12790 12500 12917 12046 11951 11823 11980 13130 13044 12677 -10232 -11401 -11089 -10608 -10810 -10404 -10220
-10663 -10183 -11512 -10292 -11534 -10529 -10910 -10228 -10101 -10128 -11705 -10353 -10506 -11220 -10296 -11745 -10245 -10443 -11602 -11587 -10613 -10522 -11061 -11387 -11799 -11160 -10897 -11468 -11120 -11344 -10820 13337 12435 11679 13446 12433 12834 13429 12580 12745 13136 13039 12546 -10684 -10572 -10328 -11466 -10897 -10861 -11210
-10364 -10709 -11620 -11308 -10654 -10606 -11705 -10594 -10903 -10610 -11475 -11235 -11306 -10753 -11447 -10580 -10399 -10191 -10350 -10642 -10915 -11803 -11234 -10152 -10823 -10924 -11468 -10328 -10416 -10920 -10343 13168 11830 12751 12616 12696 12720 13348 13347 12070 12307 13011 12823 -11616 -11393 -10854 -11762 -11176 -10846 -10096
-11229 -11860 -10297 -10194 -11110 -10484 -10704 -11626 -11797 -10899 -10440 -11554 -10502 -10465 -11304 -11582 -11017 -11547 -10091 -10356 -11640 -11538 -10426 -10662 -11710 -10925 -10947 -11360 -11428 -10890 -10634 13368 13066 13296 11999 13417 13233 13041 12742 11794 12122 12273 12091 -10334 -11468 -11403 -11700 -10409 -10356 -10710
-11059 -11182 -10566 -11266 -11179 -10986 -10692 -11394 -11592 -11064 -10846 -10143 -10715 -10863 -10847 -10663 -11662 -11655 -10089 -10868 -10435 -10321 -11841 -11119 -10103 -10304 -10544 -10372 -11481 -10342 -11306 11952 12004 12339 12102 13267 12121 12623 12170 12043 12812 11780 12101 -11865 -10455 -11368 -10753 -11234 -10252 -11503
-11647 -11364 -11536 -10472 -11008 -11566 -11336 -10910 -11025 -10327 -10191 -11817 -10346 -11719 -11810 -10474 -11225 -11076 -11202 -11139 -10404 -10489 -11446 -10343 -11019 -10951 -11002 -10367 -11532 -11838 -10693 12665 12298 13262 12098 13097 13005 11691 12757 12158 11991 12819 11703 -10859 -11098 -10534 -11466 -10702 -10534 -11315
-10908 -11712 -10570 -10299 -10826 -11182 -11490 -10489 -11819 -10842 -11197 -10961 -10174 -10354 -11241 -10710 -10090 -11834 -11133 -10800 -11533 -11238 -10638 -11337 -10412 -11312 -10705 -11749 -10568 -11275 -11051 11790 12791 11747 12769 12041 11849 11729 13284 13180 12126 12299 12205 -11469 -10307 -11605 -11483 -11547 -10512 -11342
-11143 -11070 -10973 -11545 -10162 -10150 -10702 -11858 -11825 -10155 -11787 -10131 -11636 -10889 -10638 -11599 -10910 -10577 -10997 12034 12035 12354 12105 13125 12087 12948 12496 12865 12956 12133 13028 -11648 -10657 -10150 -11031 -10830 -10608 11674 12392 12499 13130 12172 13226 -10323 -11634 -11032 -10094 -11166 -11141 -10464
-11432 -11866 -10220 -11661 -10568 -10293 -10703 -11521 -11836 -10965 -11316 -11276 -11372 -11680 -11035 -11661 -11135 -11076 -10154 12159 12948 12894 12321 12355 13135 12550 11779 12583 12828 13443 12461 -11589 -10490 -10158 -11817 -10217 -11377 13338 12104 12509 13264 13189 13434 -11771 -11305 -11513 -10400 -11826 -10231 -10886
-10106 -10985 -10640 -10274 -10175 -10217 -10382 -11833 -11356 -11337 -10761 -10434 -10632 -11202 -11668 -10717 -10341 -10327 -11117 11880 12564 11983 11740 11847 13275 12997 13088 13041 12976 13372 13368 12859 12341 12719 11934 13255 12790 -11139 -10178 -10677 -10508 -11872 -11177 -10211 -11487 -11044 -10428 -10121 -10353 -11572
-11624 -11522 -10686 -11552 -10980 -10268 -10380 -11063 -10558 -10252 -11642 -11296 -11491 -10187 -10944 -11141 -10444 -10907 -11185 12030 12758 12005 12444 12079 11872 11729 12848 13132 13426 12230 12823 12350 13152 13388 12420 11688 12401 -10321 -11180 -10216 -11245 -11286 -11323 -11748 -11822 -10305 -10120 -11152 -11551 -11382
-10982 -10735 -10323 -10965 -10560 -10441 -10686 -10304 -11155 -11408 -10608 -10432 -10304 -10790 -11687 -11558 -11233 -11174 -10812 12130 11994 12958 11970 12331 12912 12846 13280 12292 12351 12636 13339 12333 11788 12368 13089 12056 11747 -10093 -10718 -10489 -10644 -11832 -11247 -10448 -11240 -10311 -11744 -11298 -11519 -11638
-11727 -10266 -10614 -11144 -11179 -11589 -10571 -11108 -11054 -11009 -11221 -11445 -11511 -11577 -10135 -11129 -10667 -11682 -11571 12283 12109 13120 13327 12743 12661 11995 12133 12225 12245 12473 12605 12484 13175 13181 11865 11875 11906 -11644 -10434 -10565 -10309 -11765 -10540 -11530 -10798 -11282 -10464 -11428 -11568 -11737
-11044 -11524 -10390 -10833 -10729 -11612 -10979 -10964 -11101 -10432 -11246 -11331 -10645 -10861 -10547 -11314 -11455 -10488 -10841 11659 13131 12116 12471 12129 12562 11776 12453 13254 12861 13036 12233 12892 11669 12746 12621 11876 12319 -11565 -11168 -11010 -10386 -10660 -10750 -10345 -10424 -10922 -10688 -10838 -10506 -11657
-10167 -10565 -11868 -10741 -10092 -11175 -10262 -10718 -11797 -11286 -11772 -11572 -10415 -11753 -10353 -11247 -10316 -11358 -10171 12802 12337 12456 12628 12172 12776 12487 12164 13085 11762 12549 13213 12680 12807 12189 12434 11799 12630 -10953 -11096 -11585 -10224 -10296 -11653 -10144 -10994 -10361 -10549 -11356 -11374 -11326
-10269 -11299 -10697 -11407 -10114 -11511 -11781 -11366 -11054 -10278 -10437 -11851 -10119 -10869 -10668 -10100 -11423 -11085 -11406 12620 12364 13372 12159 11900 13181 12350 12975 12615 13280 11954 12041 11765 12635 13405 12913 11954 11839 -10562 -11693 -11096 -10999 -10948 -11513 -10992 -11457 -11792 -11871 -11613 -11553 -10441
-11858 -10681 -10319 -10566 -11040 -11226 -11408 -11847 -11648 -11312 -10146 -11851 -11768 -11490 -10820 -11468 -11781 -11043 -10806 12389 13094 13316 12823 13151 12114 13219 13416 13024 13056 12705 12704 13070 13294 12144 13187 12908 13025 -11679 -10532 -11767 -10949 -11540 -10672 -10266 -11651 -10221 -10109 -11188 -11233 -10746
-11827 -10946 -11344 -10765 -11375 -10812 -11517 -10490 -11635 -11467 -11412 -11583 -11754 -11074 -11585 -10938 -10250 -11058 -10828 12964 11867 12994 11775 11799 12441 12824 12816 12105 13139 11718 13249 12722 11932 12779 13094 12068 12247 -11526 -10318 -11853 -10608 -11815 -10352 -10514 -11663 -10262 -11063 -10782 -11333 -11113
-10280 -10650 -10200 -10896 -11420 -10263 -11763 -11194 -11212 -11262 -10490 -11657 -10131 -11631 -11512 -11154 -11570 -11357 -11704 -11207 -10869 -11192 -11032 -11692 -10128 -11180 -10522 -10247 -11118 -11285 -11517 -11649 -11446 -11859 -10944 -10270 -11473 -10301 -11293 -10954 -10716 -10642 -11335 -11158 -10952 -11656 -10595 -11468 -10162 -10080
-10208 -10199 -11615 -10595 -10291 -10183 -10550 -11794 -10361 -11449 -10565 -10490 -10302 -10492 -11558 -11128 -10340 -11588 -11261 -10244 -10494 -10869 -10842 -10416 -11469 -11713 -11458 -10481 -11791 -10372 -11508 -11555 -11665 -10703 -10846 -10460 -10267 -10453 -10352 -11821 -10934 -10500 -11532 -11574 -10404 -11580 -10850 -10381 -11166 -11652
-10525 -11848 -11528 -10125 -10259 -11653 -11452 -11664 -10598 -11800 -11541 -11245 -10707 -11209 -11098 -10490 -10749 -11451 -10733 -11550 -11801 -11411 -11179 -11652 -10868 -10913 -10085 -11070 -11194 -11518 -10801 -11808 -10366 -11405 -10904 -10517 -10820 -11752 -10771 -10502 -11818 -11366 -11361 -11261 -10491 -11134 -11619 -10302 -10920 -10358
-11014 -11113 -10793 -10232 -10913 -10348 -10190 -10555 -11319 -11080 -11736 -11647 -11632 -10191 -11028 -11041 -11035 -10232 -10740 -10410 -10744 -10205 -11631 -11094 -11270 -11042 -10443 -10329 -10858 -10539 -11253 -11378 -10857 -11834 -10126 -11686 -11098 -11417 -10966 -11224 -11690 -11574 -11705 -11150 -11556 -10773 -10574 -11841 -11868 -10104
