50 50
-70478 -69819 -70383 -70921 -71286 -71225 -70464 -69497 -70431 -70534 -70364 -69870 -70596 -70056 -69981 -70281 -70123 -70365 -71302 -70286 -70698 -70921 -70844 -70567 -70048 -70550 -69867 -69940 -70144 -70323 -71153 -71114 -70519 -70310 -70316 -71281 -70779 -70317 -69704 -70965 -70462 -70214 -71075 -69914 -70027 -70526 -70398 -70959 -71186 -70316
-71143 -70870 -70836 -70758 -70109 -69563 -69945 -70134 -70335 -69928 -70890 -70464 -71266 -69701 -69783 -69629 -71138 -70988 -69547 -70290 -71185 -70205 -69795 -70358 -71286 -71238 -69812 -70222 -69599 -70701 -70059 -71041 -70939 -69759 -70110 -70713 -71105 -69511 -70379 -70584 -70182 -71275 -70406 -69588 -70667 -70067 -71133 -69918 -70862 -69580
-71125 -69987 -70866 -69570 -69785 -71065 -70991 -69835 -70079 -69988 -70948 -69746 -71266 -69960 -69588 -70651 -70399 -70265 -70589 -70742 -69885 -70978 -70415 -69582 -70057 -71022 -69716 -70133 -70612 -70298 -70893 -70062 -70743 -69917 -69581 -70232 -70939 -70809 -70833 -69799 -70853 -69553 -70743 -70695 -69869 -69832 -70833 -70664 -70541 -71224
-71294 -71325 -70282 -70688 -70723 -70442 -70313 -70356 -71030 -71043 -71059 -70227 -69512 -69586 -71151 -69923 -70279 -70873 -69520 -71079 -71099 -71075 -69795 -69724 -70807 -69658 -70727 -70607 -69514 -70527 -69767 -70869 -69922 -69816 -70615 -70185 -70395 -70855 -70845 -71196 -70080 -71094 -71271 -69689 -70139 -71169 -70027 -69932 -71210 -71163
-70373 -71099 -70595 -69697 -71208 -70028 -70757 -69980 -70473 -70509 -69895 -70786 -70481 -70729 -69869 -69984 -69851 -70281 -70535 -69849 -70449 -70794 -69675 -70247 -71278 -70960 -70069 -71239 -69984 -71130 -71000 -69511 -70905 -71091 -71048 -70321 -69972 -69883 -69598 -70850 -70209 -69664 -70503 -69877 -71338 -69788 -69584 -70782 -71088 -70777
-70427 -70255 -70563 -70853 -70495 -69657 87083 87207 87787 87913 87711 88008 86772 87414 88486 86911 87173 86781 87074 87967 86774 87153 87546 86903 88276 87776 88557 87249 87654 86956 88084 87544 88508 87711 88418 86982 87431 86791 88059 -70732 -69494 -69938 -70923 -70802 -69996 -70464 -70059 -71290 -69755 -71139
-71076 -70860 -70889 -69853 -70328 -69683 87006 87160 86935 87028 86751 88033 87560 86993 86920 88481 86948 86955 87634 86885 87564 87675 88338 88017 88315 87729 87792 87073 88354 88447 87698 88539 86778 87159 87288 87208 86955 87549 88127 -71270 -71146 -69929 -71058 -70851 -69810 -71308 -70728 -70588 -70046 -70637
-70450 -70222 -70516 -71042 -69505 -71174 87668 87326 87198 87351 86944 88253 88264 86862 88131 88561 87625 86808 88557 87847 87614 86908 88259 88480 87813 86908 87531 88245 87734 86973 87120 88007 86842 87086 87182 88467 87468 87343 87941 -69980 -70642 -69490 -70824 -70475 -71059 -71194 -71285 -71330 -69841 -71033
-70982 -70755 -70357 -70322 -69576 -69846 88374 87003 87643 86842 87347 87430 88108 87717 86898 88220 88191 88506 87961 88334 87917 87216 87297 86872 86988 88360 87664 87552 86919 88193 86860 88446 87914 88295 88373 88484 87178 87546 88524 -71280 -70288 -70282 -69483 -70265 -70432 -69648 -71314 -70622 -70719 -70306
-70258 -70716 -70720 -70039 -69905 -70736 87238 88172 87054 87219 86957 86990 87833 87089 88483 87145 88030 88408 86941 87461 88205 86939 88026 87380 86900 88525 87524 87580 87874 87837 87088 87888 88246 86987 87201 87984 86776 87952 88365 -69803 -69655 -70655 -71165 -71125 -71235 -69566 -70695 -70734 -70880 -71083
-69855 -71283 -70074 -69486 -69967 -70411 87531 87577 87767 88047 88216 87291 87586 87002 88329 88321 86874 88004 87791 87854 87538 87726 87012 87330 88110 86861 87113 87401 88449 88306 88066 86796 88220 88404 88072 87269 86930 87054 87679 -69918 -69516 -70525 -69838 -70696 -69933 -70531 -71068 -70923 -70336 -70229
-70153 -70610 -70677 -70262 -70627 -71262 87355 88492 88495 87290 87534 87202 87276 88221 88190 87369 87446 88323 86754 87234 87403 88357 88496 87479 86943 88409 88252 87041 86764 88322 87973 87392 87847 88322 88164 86905 87401 87045 87051 -70378 -70637 -70100 -69911 -70762 -69502 -71194 -69757 -69617 -70098 -70404
-71167 -69930 -70401 -70488 -69735 -70715 86945 87909 88399 88090 87349 87376 87171 87735 86990 87259 87559 87223 86771 87983 87611 88259 88399 88354 87599 87207 88463 88289 86883 87849 87345 87378 87053 87341 87705 87838 87274 88195 87456 -70539 -70376 -70776 -70908 -69536 -70398 -70853 -70164 -69674 -70813 -70886
-70156 -69798 -69702 -70627 -70507 -69614 87225 86959 88036 87983 87491 88464 87576 87896 87730 87931 87749 88063 87831 87249 88035 86734 87190 87898 87245 87103 88371 87047 86880 88299 88066 87627 87459 87323 86948 87034 87453 88246 87626 -69936 -70259 -71018 -70690 -69523 -70300 -71188 -70541 -70981 -70554 -70524
-70532 -70549 -70514 -70843 -70440 -71061 88194 87540 87791 87461 87164 88526 87754 87755 88075 88334 87017 87695 86933 88125 87604 88518 88443 87644 88423 88423 87263 86994 88377 87604 88375 87179 87597 87361 87039 87065 88283 86984 87293 -69926 -70815 -70207 -70344 -71175 -69625 -70078 -71104 -70824 -71232 -70537
-70212 -70513 -70921 -70176 -70694 -69830 88053 86803 87589 88459 88573 87022 87399 87799 88067 88439 87355 87325 87486 88236 88165 88386 87864 87428 86783 88237 88038 86858 86929 88330 87065 86830 88208 86955 87799 87649 88006 88373 86913 -69905 -69503 -70477 -69759 -70814 -70846 -70292 -70931 -70958 -70276 -70669
-71176 -70173 -71008 -70841 -71048 -69860 87358 88077 87757 87606 88306 87180 88513 87899 86841 86780 88141 88276 87926 87846 87976 88567 87880 87465 87561 88477 87118 87742 87611 87011 87339 87057 87149 87232 87891 88364 87405 87951 87013 -70918 -70361 -70682 -69645 -70333 -70936 -70213 -71157 -70299 -70548 -70733
-71202 -69512 -71197 -70444 -70003 -70082 87059 88522 87398 87231 87287 87918 88342 88116 86893 87971 87954 86749 88222 86989 86824 87597 87305 88093 88309 86755 87297 86857 88168 88480 87313 86958 87362 87005 88567 88359 87264 87684 87570 -69660 -70144 -70857 -70063 -70950 -70937 -71026 -70385 -69932 -70679 -70099
-71135 -70572 -69961 -70901 -70429 -70904 86741 88081 87230 87704 86912 87693 87530 87166 87414 86819 88075 86949 88103 86775 88188 88143 87804 86971 87723 86801 87445 87231 87911 87355 87560 87016 87399 88203 87940 87786 88433 87071 88154 -70320 -70463 -71176 -71013 -69673 -70862 -70946 -70265 -69817 -70410 -70041
-71012 -70692 -70088 -70291 -69864 -71189 87749 87239 88025 87058 87186 88262 87053 86965 86811 87518 87198 88151 87038 88465 87503 87784 86983 88141 86983 88195 86809 88360 88086 88372 87944 86892 86972 87134 87564 87304 86946 88183 87601 -70886 -70035 -71160 -70478 -70868 -69901 -71016 -70299 -70569 -71327 -71248
-71319 -70907 -69643 86979 88346 87868 -71092 -71151 -71166 -70945 -71259 -71048 -71194 -70783 -70239 -70752 -70544 -71187 -70250 87254 87120 86988 87171 86932 86897 88401 87719 88342 86876 86916 88522 87457 87253 87398 86783 86874 87344 87339 88528 -71225 -69631 -71270 -71053 -70108 -71206 -70851 -71285 -71145 -69780 -69977
-71097 -70083 -70671 87003 87521 86832 -69767 -70605 -70185 -70533 -70861 -69912 -70168 -71076 -69747 -70662 -70420 -70650 -70440 88286 88024 86888 86746 88493 88582 87962 88136 87078 87979 87944 87414 87995 86792 86783 87883 87998 86864 88532 87945 -69534 -71007 -70099 -70502 -69975 -71179 -70992 -70500 -71215 -70354 -70328
-70163 -70305 -70947 88011 87719 88280 -69824 -70554 -70400 -70490 -70995 -70663 -71028 -69601 -69779 -70640 -71297 -69990 -69620 87246 88059 87894 86797 87647 88098 88439 88152 86767 88459 87600 88246 87502 87408 88176 87523 87658 88505 87066 87901 -70214 -70860 -70794 -70055 -71170 -69960 -70960 -71198 -71312 -71227 -70218
-71263 -69502 -70612 88575 87299 88272 -70392 -70120 -70905 -70920 -70399 -69585 -70966 -71261 -70214 -71294 -69610 -71188 -70163 87691 87269 87174 88478 88309 87782 86730 87621 87061 88053 88334 87859 87740 87241 88132 87442 86953 87029 86977 86798 -69531 -71334 -70818 -69782 -69778 -70004 -71004 -70712 -70290 -69558 -70235
-70328 -71194 -70761 88099 87626 87292 -70051 -70111 -70681 -71281 -70868 -70887 -70877 -70556 -69874 -70497 -70579 -69974 -69600 87363 87058 88534 88297 86745 86735 87636 87131 87405 88250 87747 86800 87156 87633 87430 87296 87502 87554 87031 87421 -70649 -69727 -70240 -69511 -71002 -71230 -70511 -69857 -71059 -69512 -70443
-71145 -69847 -71046 87528 87076 87937 -69507 -70878 -69687 -69853 -70452 -70839 -71228 -69737 -71127 -70504 -70554 -69896 -69777 87758 86948 88008 88344 87055 87859 86754 87971 87444 88043 87273 87935 87812 87610 87145 88022 87617 87144 88283 87281 -69613 -69935 -69706 -70024 -70792 -70051 -69563 -69722 -71245 -70217 -70877
-71258 -70284 -70880 87008 87192 87023 -69791 -70771 -71201 -69858 -69678 -71113 -70333 -70211 -71168 -69958 -70238 -69725 -70455 87129 86926 88349 87790 87183 87071 87373 86979 88306 86759 87486 88231 88027 88568 87211 87057 87233 88332 87954 87927 -69524 -71102 -69614 -71051 -70488 -70418 -70058 -70588 -70523 -70187 -69761
-70053 -70079 -69880 87740 88070 88250 -70637 -70697 -70146 -70800 -70336 -71272 -69488 -71044 -70627 -69717 -69863 -70129 -71162 87897 87694 88016 87059 86868 87553 87425 86934 87031 86902 87740 87461 88002 87199 87909 86938 87664 88519 87272 87818 -69709 -71094 -70735 -71122 -70848 -69575 -69852 -70989 -70944 -70437 -70527
-71306 -69524 -69549 88476 87065 87097 -70550 -69745 -70820 -69537 -69831 -70367 -69696 -70858 -70263 -69573 -71321 -71145 -71086 87114 87409 86808 87435 88553 86900 86981 88095 88442 88334 86877 87318 87089 88435 87634 88090 86860 87104 87443 88362 -70570 -70974 -70212 -69779 -71199 -70561 -70445 -70718 -71333 -70432 -70275
-69791 -71168 -70342 87184 87258 87235 -71075 -70659 -69636 -71181 -70741 -71176 -70525 -69794 -70858 -70951 -69553 -70102 -69506 87404 87353 87316 87953 87676 87274 88405 86945 88239 87553 88359 87174 87739 86846 88409 87262 87087 87992 86930 87209 -71171 -69734 -70348 -70930 -70708 -70206 -70050 -69789 -70728 -70563 -69761
-70382 -71111 -69713 86870 86809 87498 -70668 -69593 -70811 -70257 -70376 -70334 -69559 -71248 -69866 -70014 -70174 -69591 -70956 88298 88377 88379 87657 87600 87209 87883 87199 87734 87809 88128 87329 87302 87743 88385 87989 86860 87315 88172 87028 -70313 -69947 -69757 -70815 -69584 -69483 -69707 -71137 -70036 -70517 -70007
-69784 -70833 -70548 87136 87634 86935 -71181 -71293 -70807 -70948 -69918 -69962 -69709 -70921 -71051 -70037 -71136 -69603 -69683 88471 88060 88542 87980 87124 87385 87652 87385 87607 88582 87307 87363 87729 87656 87339 87934 88273 87940 87938 87756 -70409 -70228 -70537 -70464 -70674 -69829 -69516 -70802 -70523 -70898 -70974
-69802 -69701 -69623 88155 87391 87146 -70796 -70367 -70765 -70705 -70897 -70942 -71306 -69749 -71270 -70059 -70809 -70900 -69841 88557 87315 86847 88121 86727 88148 87651 88439 88390 88255 88339 86899 88436 86731 87293 88289 87859 88157 87259 87133 -70830 -70602 -71162 -70253 -69793 -69666 -70797 -70524 -71221 -70104 -70526
-69647 -69614 -70427 86893 88042 87650 -70740 -70409 -69814 -70263 -71216 -70728 -70972 -69590 -70904 -71207 -70908 -71269 -70773 87065 87225 88086 87238 88274 87184 88454 88272 88294 87855 87577 87382 87056 88286 86815 88145 87227 87652 87311 87368 -69731 -71239 -70532 -71163 -71216 -70761 -70804 -70983 -70128 -71322 -70953
-69958 -70185 -69600 88087 87837 87172 88149 88516 86764 88241 88355 87676 88291 87576 88344 88253 87231 86805 88551 -71256 -70049 -70348 -69613 -69594 -71235 -69637 -70108 -69702 -70467 -69578 -70880 -70208 -70412 -70893 -70669 -69678 -71064 -69845 -71222 -71129 -69952 -70553 -70936 -69582 -70666 -69539 -71160 -70787 -69870 -69839
-71236 -70775 -69831 87064 87487 87643 87589 87903 88562 87035 87495 87560 88554 88043 87479 87108 87874 87750 87761 -69621 -70586 -71282 -69652 -70502 -71068 -71083 -69925 -71280 -70836 -69569 -70622 -70673 -70252 -70252 -70050 -69534 -71291 -69902 -70640 -69823 -70658 -69857 -69924 -69642 -70762 -70339 -70330 -70442 -69833 -69517
-70503 -70472 -70414 88432 87789 88397 86924 87222 87333 87717 88213 88012 88252 88242 88416 87091 87663 87471 86930 -70450 -70851 -70870 -69787 -70969 -70082 -71035 -70686 -71200 -70516 -70458 -70387 -70714 -70812 -70266 -70527 -71052 -69805 -70890 -70572 -71125 -69949 -69660 -71194 -70618 -71180 -69967 -70136 -70064 -70866 -69871
-71162 -69563 -70808 87822 86970 87934 87933 87051 86851 87745 86826 86732 88472 86769 87113 88506 87813 88172 87228 -69885 -69882 -70511 -70404 -71284 -70743 -70746 -70720 -70753 -69858 -70230 -70348 -70468 -70371 -70648 -70814 -69770 -70608 -70566 -70210 -71114 -70656 -70716 -70462 -70478 -70264 -69795 -70661 -70214 -70851 -69816
-69615 -70208 -70891 88185 86980 87597 87566 86810 87852 87580 87285 88528 87958 87369 87230 87321 88293 87202 87914 -70160 -70021 -70296 -70952 -69911 -71161 -70044 -70045 -70892 -69985 -71279 -70051 -71089 -70653 -71078 -70614 -69657 -70313 -70711 -69842 -70616 -70071 -70350 -70275 -70563 -70888 -70842 -70612 -70330 -70877 -70819
-71245 -69941 -70265 88280 87838 88191 87603 88564 88361 87796 87950 87041 88029 87164 88482 87705 88010 88138 88128 -70195 -70599 -70734 -70764 -70378 -70138 -71159 -70539 -71157 -70192 -69509 -70946 -69755 -71206 -70214 -70183 -70998 -69484 -71037 -71249 -70392 -71192 -71265 -70159 -69874 -70007 -70599 -70073 -70408 -70031 -71303
-70137 -70498 -70696 88195 86828 87428 88185 88513 88105 87915 87048 87878 87073 87070 87259 87607 87243 87838 86841 -69813 -69785 -70662 -69709 -70892 -70990 -70445 -70115 -69847 -71231 -71283 -69609 -69994 -70173 -70630 -71018 -69990 -69729 -69957 -71200 -70451 -69986 -71093 -71089 -71025 -69713 -71181 -70546 -69990 -71157 -69506
-70479 -70339 -70099 88513 88486 87087 87655 87950 88488 87174 86880 87543 87403 88040 87908 87781 87414 87985 87958 -71259 -70338 -70126 -70799 -70400 -70609 -70781 -69489 -70007 -71151 -70080 -70916 -69560 -70131 -71321 -70204 -70834 -70224 -70872 -69640 -70618 -71228 -71010 -70656 -71045 -69763 -70446 -70762 -69654 -70375 -69641
-70475 -71257 -69710 87807 87944 87317 88031 88257 87627 87221 88013 87644 87536 87938 88340 87730 86795 87430 86865 -70308 -70017 -71216 -70278 -70706 -69571 -71211 -71125 -69697 -69736 -71248 -70473 -70428 -69704 -70809 -71143 -70428 -70932 -71203 -70282 -70601 -71122 -71171 -70399 -70280 -71152 -70838 -69958 -70865 -70141 -69811
-69757 -69873 -70863 87885 87831 87537 87667 87690 88013 88042 87105 88525 87894 88506 86841 88223 87481 88527 87550 -70130 -71193 -70533 -69989 -70467 -71190 -69683 -69775 -70964 -70936 -71248 -70967 -70746 -70408 -71241 -70252 -70540 -70812 -71276 -71217 -69948 -70628 -70055 -70877 -70639 -69950 -71261 -70088 -70601 -70613 -70120
-69645 -70228 -71174 88532 87507 87328 88236 86882 87643 88396 87336 86831 88245 87203 88109 88141 87428 87720 87242 -70972 -71055 -70690 -71216 -70033 -71332 -70854 -70484 -69880 -70168 -70149 -70616 -70482 -69492 -70724 -70574 -69586 -70820 -70970 -70214 -70764 -70598 -70582 -69540 -70546 -71028 -70321 -70167 -71284 -70749 -70165
-70452 -69753 -69632 -70503 -69543 -69739 -71050 -70219 -70695 -69600 -69629 -71202 -70746 -70400 -70862 -69859 -70330 -69591 -70696 -71261 -70706 -70558 -70229 -69571 -70215 -70054 -70268 -70128 -70387 -70553 -70046 -69767 -69930 -70380 -69860 -71083 -70046 -69899 -70696 -71119 -70006 -70982 -71310 -70113 -69555 -70854 -70730 -70636 -71334 -71121
-71201 -69815 -70575 -70515 -71289 -70548 -69940 -70408 -70812 -70999 -69969 -69483 -70738 -70553 -69862 -71118 -69737 -70954 -70349 -70948 -70416 -70008 -71318 -70980 -70955 -69501 -70066 -70589 -69590 -69844 -69958 -70596 -70718 -70972 -69992 -70910 -71039 -71124 -71060 -71209 -70384 -70015 -70206 -71304 -69860 -71182 -70094 -70235 -71009 -70139
-69653 -69642 -70787 -70093 -69788 -71215 -69795 -70901 -70857 -71064 -70198 -69644 -70964 -69657 -69877 -69729 -69868 -69973 -69559 -70531 -70571 -70921 -70140 -70638 -70335 -70413 -70839 -70681 -69562 -71165 -70097 -71227 -71291 -70031 -69514 -69651 -71039 -70601 -70892 -69647 -71088 -70558 -70184 -70649 -71145 -70841 -69506 -70174 -71116 -69889
-71110 -70047 -69816 -69824 -69546 -70408 -69842 -69847 -69568 -70211 -69617 -69823 -71178 -70889 -70410 -69529 -70077 -71308 -70212 -70548 -69797 -70985 -71050 -69511 -69539 -71084 -70594 -69802 -70897 -69890 -70638 -69579 -70453 -70064 -69635 -70609 -70766 -71302 -69652 -69784 -70373 -69925 -69856 -71334 -69917 -70018 -70124 -70164 -69798 -69658
-71033 -70203 -69778 -69538 -70933 -69599 -70946 -69572 -70733 -71313 -71111 -69790 -70740 -69896 -70844 -70084 -70844 -69807 -70201 -70144 -69941 -70176 -71231 -70665 -70868 -70133 -69789 -70061 -70041 -70583 -70144 -69918 -69937 -70134 -70452 -69967 -71219 -70515 -69524 -70388 -70688 -70392 -69624 -70486 -69794 -71338 -71144 -70382 -71207 -69528
