50 50
-59952 -60024 -59587 -60010 -59860 -59172 -59966 -59343 -59843 -59645 -59805 -59645 -59921 -59304 -60383 -60162 -59355 -59263 -60267 -60326 -59834 -59445 -59583 -59894 -59560 -60310 -60419 -59331 -60368 -60448 -60245 -60098 -59715 -59439 -60387 -60252 -59974 -60021 -59639 -60256 -59463 -59532 -59579 -59512 -60069 -59459 -59490 -60035 -59653 -60111
-59150 -59872 -60099 -59289 -59519 -60012 -60013 -60020 -60472 -60313 -59606 -59536 -59274 -59517 -59483 -60304 -59116 -59240 -60389 -59492 -59481 -59864 -60187 -59957 -60406 -59725 -60264 -59277 -59476 -60189 -60017 -59943 -59726 -59539 -59608 -59256 -59709 -59564 -59967 -59932 -59233 -59287 -59653 -60258 -59904 -60321 -59594 -59831 -60135 -59697
-59905 -59971 -60057 -59536 -60327 -59786 -59910 -59407 -59165 -60192 -60380 -60340 -59120 -59676 -59796 -59278 -59145 -59999 -59875 -59843 -59437 -60153 -60341 -60387 -59738 -59653 -59673 -60064 -59182 -60114 -59265 -60435 -59712 -59837 -59770 -59305 -60470 -60153 -60205 -59200 -59511 -59721 -59882 -60074 -59765 -60356 -59747 -59789 -60296 -59669
-59835 -60248 -60455 -60021 -59340 -59321 -59568 -59357 -59174 -60126 -59257 -60456 -60378 -60258 -59848 -59350 -59736 -59151 -60327 -59284 -60043 -60395 -60057 -59477 -60446 -59335 -59092 -59099 -60026 -59719 -59240 -59874 -59458 -59240 -59753 -59323 -59909 -59839 -60407 -60458 -59916 -59312 -60454 -60122 -59672 -59748 -60080 -60158 -60336 -59950
-60201 -60330 -60322 -59548 -60249 -60112 -59990 -60150 -60002 -59272 -59983 -59163 -60070 -59993 -60088 -60181 -60300 -60146 -59994 -59366 -59210 -60429 -60421 -60428 -60232 -59330 -59564 -59309 -60063 -59996 -59302 -59877 -59218 -59384 -59710 -60365 -59305 -60328 -60311 -59624 -60168 -59938 -60051 -59799 -60116 -59331 -59756 -59091 -59321 -60312
-60079 -60138 -59244 -59438 -59944 -59594 -60309 -59640 -60121 -59352 -60280 -59506 -60185 -60390 -59345 -59334 -59841 -59874 -59820 -59356 -60004 -59410 -60076 -59721 -59437 -60291 -59509 -59635 -59710 -59835 -60476 -59876 -59869 -59157 -59197 -59985 -59365 -59742 -59254 -60321 -59912 -59565 -59887 -59221 -59509 -60162 -59506 -60329 -59655 -60200
-59921 -59253 -60287 -60310 -59361 -60328 -59439 -59363 -60462 -59564 -59277 -59141 -59585 -59884 -60095 -60077 -59146 -59465 -59295 -59156 -59315 -60092 -59196 -59228 -59557 -60089 -59258 -59195 -59388 -60437 -59654 -59818 -60300 -60141 -59899 -59273 -60053 -59675 -59311 -59658 -60065 -60456 -60368 -59441 -59202 -59288 -59213 -60180 -60162 -60305
-60095 -60149 -60214 -59861 -60436 -59671 -60010 -59879 -60005 -60092 -59335 -59301 -59154 -60118 -59410 -60404 -60368 -59421 -59519 -59129 -59177 -60241 -59917 -59477 -59650 -59694 -60274 -59241 -59726 -59093 -59681 -59255 -59932 -59842 -60005 -59584 -59523 -59504 -59474 -59862 -59566 -60315 -59731 -59385 -60447 -60454 -59567 -59256 -59609 -59315
-59819 -59288 -59173 -59506 -59624 -59574 -59252 -59534 -59498 -60132 -60464 -60231 -60281 -59491 -60384 -59646 -60358 -59304 -59308 -59251 -59692 -59827 -59525 -60373 -59662 -59090 -59237 -60135 -60348 -60113 -60314 -59649 -60177 -60120 -59931 -59104 -60417 -59589 -59258 -60061 -60174 -60406 -60461 -60122 -60421 -60374 -59643 -59775 -59928 -59677
-59717 -60124 -59472 -59534 -60115 -59916 -59617 -59296 -60192 -59951 -60418 -60442 -59265 -60097 -59634 -59500 -60067 -59401 -59379 -59209 -59678 -60384 -59612 -59358 -59436 -59351 -60343 -60455 -60082 -59328 -59222 -59289 -60280 -59162 -59394 -60203 -59833 -59704 -59781 -60267 -59092 -59216 -59331 -60246 -60038 -60244 -59238 -59962 -59594 -59262
-59992 -59484 -60449 -59922 -59734 -59503 -60454 -60269 -59641 -59449 -59733 -60354 -59355 -59573 -59385 -60207 -59218 -60151 -59993 -59559 -59410 -60367 -59937 -59721 -60375 -60352 -59562 -60463 -59672 -59448 -59180 -60191 -59210 -59650 -60225 -60064 -60101 -60181 -60280 -59989 -59178 -60430 -60239 -60074 -60259 -59757 -60000 -59295 -60277 -59896
-60187 -60012 -60209 -59575 -60005 -60283 -59482 -60429 -59232 -59792 -60009 -60421 -60324 -60223 -60062 -59636 -60188 -60281 -59852 -60431 -59690 -59969 -60032 -59541 -59693 -60166 -59391 -59477 -60247 -59901 -60352 -59319 -59949 -60045 -59693 -59795 -59357 -59716 -59388 -59575 -59911 -59277 -59969 -60231 -60206 -59989 -60005 -59117 -60442 -60192
-59558 -60153 -59361 -59171 -60366 -59652 -60011 -60198 -59725 -59730 -60118 -60402 -60277 -59396 -59450 -60064 -59484 -60423 -60079 -59320 -59508 -59561 -60473 -59561 -59912 -60342 -59737 -59744 -59097 -59787 -59475 -59439 -60103 -60372 -59142 -60340 -59590 -60383 -59491 -59200 -59924 -60239 -60341 -59903 -59275 -59248 -59721 -59404 -59687 -59689
-59950 -59732 -59149 -59466 -59394 -60119 -60422 -59182 -59921 -60047 -59297 -60155 -60161 -59443 -59587 -59440 -59769 -60389 -59380 -60017 -59522 -59512 -60061 -59553 -60316 -59642 -60078 -60396 -59643 -60400 -60095 -60457 -59687 -60459 -59681 -60334 -60461 -59861 -59148 -59636 -59565 -60210 -60436 -60017 -59731 -59600 -59598 -59390 -59302 -60231
-59997 -59686 -59493 -59714 -59448 -59876 -59345 -60273 -60165 -59566 -59945 -60305 -59428 -59935 -59147 -59631 -59779 -59089 -59756 -60025 -59424 -59185 5857 5632 5460 5699 -60306 -60185 -59941 -60368 -59107 -59941 -60415 -59979 -59345 -60257 -60435 -59391 -59356 -59800 -60209 -60023 -59230 -60156 -59396 -59159 -59190 -60313 -59438 -60293
-59222 -60225 -60397 -60260 -59234 -59887 -59951 -59871 -59457 -59892 -59687 -59727 -59965 -59975 -59127 -59708 -59545 -59422 -60159 -59150 -59131 -59330 5831 6242 5548 6009 -60423 -59092 -59889 -60084 -59450 -60480 -59331 -59888 -60184 -59717 -59738 -59997 -60428 -59284 -59265 -59608 -60141 -60375 -59865 -59697 -59436 -59135 -59255 -59402
-60156 -59947 -59536 -60115 -59783 -59794 -60260 -59723 -59232 -60408 -60094 -59745 -59138 -59864 -59781 -60266 -60111 -60212 -59884 -60305 -59301 -60108 6256 6652 5594 5694 -59946 -59325 -60383 -59742 -59951 -60126 -60008 -60081 -59623 -59645 -59985 -59415 -60419 -59504 -59176 -59259 -59773 -59652 -59462 -59114 -59896 -59138 -59470 -59520
-60072 -59923 -60230 -59651 -60204 -59518 -59308 -60180 -59998 6450 5820 5550 6300 6149 6032 5701 5555 5701 6270 5942 6040 6400 -59098 -59674 -60207 -59738 6040 5953 5828 6277 6720 6289 6155 6531 5615 6298 6347 5726 6052 6538 -59941 -60312 -59467 -60262 -60121 -59901 -59572 -60054 -59184 -59501
-59977 -59650 -59641 -59398 -60029 -59673 -60152 -59170 -59375 6698 6144 6728 5548 6240 6430 6734 6232 5724 5875 5521 5526 5614 -59273 -59114 -59772 -60390 5758 6242 6060 6074 6341 5875 5439 5519 6504 6340 5661 6294 6135 6600 -60359 -60471 -59769 -59871 -59623 -59906 -59802 -60057 -59643 -59294
-60332 -60085 -60438 -60161 -60455 -59878 -59269 -60232 -60434 5586 5561 6696 6496 5945 6401 6656 6043 6553 5712 6509 6223 6682 -59549 -60116 -60074 -59442 6463 6377 6675 6001 5945 5737 6267 5791 6524 6594 5836 5553 6706 6487 -60099 -60368 -60244 -59172 -59129 -60138 -59918 -60186 -59802 -60400
-59162 -59887 -59892 -60135 -60058 -59920 -60157 -59291 -59490 5811 5946 6133 5563 5863 6528 6068 6409 6070 5425 6118 6067 6161 -59383 -59408 -60375 -60458 6721 5961 5677 6334 6146 5867 6541 5959 6567 5944 5749 6758 6336 5473 -59256 -60159 -59210 -60237 -59527 -60209 -59951 -59096 -59508 -59232
-59597 -59534 -60370 -60443 -59317 -60380 -60061 -60465 -59497 6274 6554 5488 5946 6072 5710 6353 6507 5637 6231 6149 6511 6158 -59819 -59963 -59292 -59635 5727 6594 6386 5612 5492 6720 5596 6293 5598 6434 6080 6170 5897 6603 -60032 -60456 -59789 -60116 -59951 -59346 -59484 -59242 -59472 -59231
-59367 -60181 -59566 -59785 -59574 -60233 -60071 -60061 -60165 6057 6037 6090 5447 6141 6789 5529 5784 5955 5846 5511 5575 6180 -59924 -59259 -60107 -59885 6513 5806 5966 6717 6370 5546 5935 6711 5487 6214 6088 5551 6357 6624 -59719 -60466 -59601 -60069 -60365 -59790 -59667 -59186 -60002 -60376
-60108 -59247 -59761 -59091 -59567 -60404 -59519 -59238 -59736 5576 5667 6789 5486 6586 5830 5603 5717 6494 6501 6763 5762 5609 -59230 -60023 -60171 -59146 6321 6022 5612 5973 5709 5871 6019 5422 6609 5430 6477 6533 6583 5654 -60064 -59853 -59635 -59877 -59993 -59342 -60206 -59505 -59229 -59354
-59481 -60478 -60364 -59999 -59606 -59788 -59776 -60058 -59536 6546 5598 5940 5746 6396 5890 5855 5877 6057 6773 6619 6302 5414 -59093 -59582 -59612 -59399 5463 6563 5834 6607 6406 5927 6250 6223 6548 5810 6494 6362 5854 5425 -59580 -60050 -59598 -59619 -60296 -60218 -59795 -60308 -59473 -59957
-60471 -59541 -59856 -60120 -60229 -60150 -59885 -59605 -59217 6105 5996 6511 6205 6568 6340 6667 5414 5878 5699 6624 6316 5460 -59999 -59229 -60155 -59293 5830 5518 6577 5818 6473 6659 6234 5590 6219 6523 6249 6414 5849 5468 -59973 -59578 -60248 -59999 -60438 -59476 -59348 -59352 -59221 -60194
-59962 -59911 -59465 -60108 -59421 -59956 -59722 -59686 -60307 5506 5807 5474 6016 6645 6261 6797 5535 5695 5720 5614 6627 6327 -60455 -60150 -59903 -59838 6523 6555 5957 6122 5855 6276 5440 6270 6659 6721 5966 6282 5611 5458 -59636 -60017 -59204 -60009 -60345 -59327 -59483 -59563 -60005 -60029
-59205 -60411 -60452 -60180 -60033 -59929 -59740 -60228 -59852 5509 6563 5622 6249 6748 5516 6798 5622 6155 6020 6332 5683 5843 -60429 -59402 -60081 -59532 6490 5525 6391 6055 6483 5530 5794 6020 5871 6290 5844 6255 5537 6017 -59155 -59402 -59856 -60141 -59780 -59165 -59303 -60286 -59823 -59953
-59784 -59742 -60154 -59868 -59447 -60312 -59635 -59788 -59903 6713 5512 6410 5829 5536 6200 5785 6377 6297 5686 5529 6634 5788 -59787 -59797 -60007 -59128 5851 6427 5792 6016 6526 5501 6709 5751 6699 6278 5680 5880 6481 6500 -59206 -59446 -60237 -59159 -59501 -59568 -60275 -59861 -59536 -60271
-59360 -60198 -59698 -59808 -59188 -59308 -59235 -59665 -60444 6329 5799 6529 6510 6748 6567 6170 5984 6310 5687 6041 6565 5635 -60084 -59874 -59090 -60143 5824 5812 6488 5490 5523 6482 5627 5808 6401 6198 5652 6246 6649 5705 -59598 -59388 -59092 -59489 -60216 -59742 -60249 -59120 -59972 -59318
-60280 -60364 -59811 -59211 -60346 -60363 -59659 -59994 -59121 6253 6750 5987 5938 6667 6498 5707 6740 6755 5917 6336 6211 6608 -59263 -60143 -59528 -60071 6575 5494 6044 6283 5961 5526 6670 6218 5831 6239 5829 6499 5486 5512 -60059 -59218 -59687 -59995 -59174 -59876 -60331 -59411 -60381 -59406
-60312 -60421 -60116 -59567 -60068 -59100 -59702 -59152 -59391 5432 6133 5902 5559 5779 6143 6497 5668 5958 6579 5505 6345 6618 -60421 -59572 -59769 -59266 5445 5696 5985 6534 6455 6652 6640 5789 6707 6306 5556 5820 6209 6127 -59157 -60035 -59189 -59343 -60343 -59561 -59264 -59308 -59788 -60242
-59405 -59309 -59989 -59577 -59916 -59160 -60312 -60483 -59693 6316 5485 6584 6499 5965 6045 5678 5437 5559 5481 5473 6593 5877 -60342 -59439 -60054 -59947 5481 6263 6488 5772 5436 6642 5607 6678 6773 6714 6798 5445 5790 6508 -59273 -60163 -59247 -59481 -59562 -59247 -59750 -60186 -59955 -60321
-60267 -60170 -59294 -59801 -60132 -59990 -60408 -59233 -59348 6236 5832 5409 5557 6342 6152 6151 6406 6559 6670 6713 5417 6215 -60482 -59426 -60439 -60086 5988 6115 5504 6013 5515 5924 6014 6550 5630 5998 6100 5787 5453 5951 -59689 -60164 -59287 -59912 -59831 -59522 -59183 -60134 -59179 -59914
-59764 -59588 -59607 -59847 -59398 -59544 -60122 -59343 -59486 6594 5780 6175 6605 6063 6523 6565 5554 5791 6702 5869 5481 5405 -60095 -59895 -59952 -60475 6790 5822 5993 5431 5532 6297 6029 5471 5682 6731 5620 5882 5769 5605 -60479 -60069 -60202 -60225 -59594 -60361 -59376 -59336 -60185 -59543
-59497 -59278 -60378 -59281 -59289 -60154 -60061 -59904 -59411 6272 6645 6690 6222 5754 6657 5733 5635 6289 6275 5475 6760 5556 -59604 -59742 -59563 -59176 5924 5887 5452 6625 6082 6456 6059 5676 6184 6420 6699 6145 5918 5412 -59899 -59910 -60230 -59432 -59275 -60331 -60465 -59884 -59185 -59151
-60228 -59816 -60284 -59456 -59280 -59385 -60116 -59707 -60353 6136 6622 6216 6093 6079 5863 6175 6288 6661 6264 6451 6738 6495 -59152 -59580 -59685 -59957 6747 6204 5885 6792 5478 6438 5876 5850 6738 6175 6448 5424 6173 6304 -59565 -59988 -59985 -60043 -59777 -59766 -60456 -59104 -60413 -59829
-60283 -60147 -59196 -59692 -59966 -59757 -59631 -60086 -60222 6490 5636 6085 5419 5474 5773 5420 6545 6092 6579 6622 5727 5805 -59823 -59952 -59472 -59326 6543 6786 5911 5538 6115 6640 5549 5959 6686 6764 6494 6651 6124 5629 -59213 -59493 -59560 -59625 -59466 -59765 -59226 -59548 -60022 -59382
-60415 -59360 -59122 -60078 -59779 -59480 -59902 -59283 -60236 6069 6180 5662 6401 5523 6572 5869 6026 5720 6133 5686 6334 6497 -60449 -60326 -59660 -59985 5604 6461 5787 6681 6153 6291 6333 5770 5507 6536 5525 6015 5443 5874 -60022 -59334 -59782 -59382 -60032 -59324 -60226 -59134 -59842 -60280
-60367 -59966 -59092 -60316 -59669 -59238 -60141 -59708 -59277 6715 6645 6186 5627 5815 5705 6434 6490 6768 5419 5496 5987 5685 -59201 -59527 -60222 -60176 5673 6524 5515 5972 6402 5773 6557 5996 6291 6094 6103 6370 6587 5500 -59128 -59501 -60190 -59614 -60408 -60302 -59567 -60369 -59357 -60398
-59442 -59391 -59498 -60118 -59289 -59592 -59571 -59282 -59294 -59507 -59198 -59411 -59364 -59129 -60127 -60054 -59201 -60405 -59225 -60404 -59304 -59454 5990 5813 6645 5896 -60261 -59100 -59292 -59674 -60112 -60362 -60442 -59528 -60333 -59325 -60475 -60110 -59458 -59195 -59794 -60133 -59418 -60421 -59528 -59224 -59515 -60114 -60288 -59933
-59327 -60107 -60182 -59634 -59900 -60444 -60338 -59685 -59188 -60404 -60135 -59802 -59338 -59844 -59730 -59270 -59448 -59116 -60242 -59110 -60451 -59581 6658 6112 6388 6264 -59748 -60377 -59432 -59157 -59434 -60330 -59958 -60354 -60010 -59595 -59806 -60416 -59466 -59572 -60415 -59513 -60367 -59730 -59412 -59917 -59654 -60009 -59415 -59773
-59989 -60099 -60457 -59493 -59425 -59115 -60257 -60179 -59674 -59917 -60255 -59993 -60362 -59654 -60281 -59165 -59651 -60231 -60012 -60132 -60337 -59120 6262 6492 6104 6421 -59712 -60298 -60142 -59452 -60116 -60009 -60229 -59502 -60133 -60468 -60276 -59129 -60207 -59136 -59819 -59439 -59781 -59824 -60043 -59475 -60039 -59166 -59187 -59913
-59486 -59157 -59984 -60421 -59942 -59095 -59651 -59636 -59879 -59302 -59186 -59412 -59254 -60281 -59676 -59861 -59565 -60228 -59896 -60142 -60160 -59399 5517 5941 6225 6576 -59673 -60179 -60350 -59438 -59244 -60198 -60249 -60141 -59105 -59463 -59097 -59932 -59094 -60389 -59830 -59586 -59941 -59868 -59794 -59668 -59300 -59138 -59351 -59732
-60186 -60294 -60398 -60333 -59647 -59747 -59874 -59948 -59728 -59855 -59660 -60031 -59978 -59539 -59914 -59693 -59475 -60246 -60267 -59178 -59892 -60337 5941 6251 5879 6264 -59651 -60019 -59498 -59923 -59584 -60339 -59620 -59882 -60423 -59906 -59599 -59295 -59845 -59679 -60194 -60293 -59958 -59380 -60209 -59247 -59593 -60220 -59308 -59301
-60326 -60396 -60322 -59686 -59917 -60366 -59632 -59717 -60378 -60012 -60281 -59205 -59616 -59389 -59778 -59613 -59738 -59544 -60360 -59688 -60379 -59559 -60394 -59417 -60348 -59367 -59942 -59253 -59399 -59098 -59427 -59554 -60097 -60469 -59508 -59117 -60210 -59701 -59407 -59433 -60477 -59549 -59443 -60078 -60135 -59107 -59678 -59627 -60281 -59139
-59838 -60037 -60011 -59553 -59332 -60001 -59882 -59481 -59269 -60472 -59530 -59188 -59382 -59098 -59344 -59602 -59164 -60419 -59643 -59382 -59110 -59395 -59622 -60001 -60160 -59118 -60353 -59096 -60055 -59664 -60468 -59351 -59669 -60071 -60111 -59232 -59384 -59838 -60141 -59917 -59090 -60426 -59956 -60129 -60234 -59429 -60385 -60438 -59987 -59951
-59411 -60030 -59717 -59730 -60210 -59947 -60176 -60026 -59760 -59753 -59584 -59940 -59404 -60321 -59561 -59167 -59208 -59735 -59706 -59341 -59734 -60334 -59835 -60134 -59410 -60017 -59471 -60130 -59662 -59929 -60385 -59138 -59198 -60468 -59285 -59635 -59705 -60081 -60459 -59532 -59278 -59947 -60073 -59774 -59893 -59399 -59262 -59679 -60036 -59603
-60225 -59220 -59519 -59869 -59225 -59645 -59162 -59127 -59386 -59246 -60314 -59530 -60320 -60120 -59178 -60295 -59601 -59225 -59946 -59315 -59124 -59630 -59678 -59989 -59983 -60463 -59633 -60380 -59114 -59244 -60304 -59884 -59674 -59784 -60273 -60239 -59359 -59132 -59967 -60161 -60032 -59467 -60005 -59161 -60253 -59910 -59444 -60295 -59155 -59157
-59292 -60000 -60228 -59725 -59687 -59140 -60257 -59946 -59367 -59806 -59794 -60366 -59857 -59513 -59932 -59791 -59506 -59367 -59099 -59905 -60399 -60341 -60428 -59558 -59435 -59315 -60071 -59814 -59238 -60256 -59354 -59900 -59313 -60319 -59327 -59601 -60159 -60238 -60182 -59120 -60021 -59974 -59291 -59918 -59862 -60482 -59689 -59776 -59801 -59236
