50 50
-42460 -42393 -42155 -42847 -42842 -42141 -43101 -43173 -42403 -42454 -42241 -42184 -42250 -42475 -42931 -43117 -42227 -42317 -42386 -42741 -42253 -42692 -43032 -42126 -42304 -43192 -42258 -42677 -42258 -43263 -43133 -42106 -42831 -42657 -42146 -42128 -42665 -42250 -42223 -42225 -42477 -42406 -43002 -43053 -42664 -42629 -43202 -42440 -42191 -42966
-42753 -42367 -43025 -43183 -42821 -42673 -42328 -42369 -42767 -42905 -42092 -42764 -43182 -43085 -42435 -42712 -42909 -42819 -42949 -43036 -42437 -42301 -43111 -42542 -42346 -43007 -42103 -43095 -42220 -42523 -42731 -42238 -42479 -43232 -42577 -42648 -42409 -42135 -42255 -42379 -42783 -42549 -43059 -42538 -42210 -42348 -42900 -42074 -43077 -42701
-42819 -42863 -42699 -42578 -42640 -42586 -43251 -42683 -43173 -43112 -42563 -42176 -42334 -42330 -42765 -42633 -43112 -42985 -42277 -42142 -42471 -42243 -42279 -42974 -43070 -43274 -42672 -42378 -43230 -42716 -42826 -43170 -42472 -42354 -42468 -42757 -42682 -42146 -42704 -43148 -42196 -42617 -42280 -42302 -43200 -42988 -42353 -43095 -42763 -42887
-42766 -42711 -42186 -42303 -42492 -42660 -42300 -42778 -42112 -42710 -42346 -42354 -42235 -42394 -42781 -42848 -42561 -42099 -42104 -42096 -43051 -42875 -43144 -42172 -42580 -42097 -43219 -42677 -42192 -42985 -42632 -42733 -42291 -42515 -42349 -42724 -42276 -43008 -43010 -42823 -42249 -43242 -42229 -42296 -43131 -43045 -42881 -42310 -42769 -42305
-42131 -42812 -42578 -42635 -43194 -42663 -43106 -42845 -42940 -42182 -42319 -42901 -42941 -43028 -42733 -42118 -42108 -42512 -42788 -42959 -42110 -42322 -42428 -42995 -42796 -42841 -42282 -42914 -42221 -42142 -43258 -43279 -42429 -42281 -42349 -42214 -42401 -42249 -42689 -42969 -43043 -42087 -42417 -42458 -42391 -42921 -42671 -42779 -43105 -43086
-42894 -42596 -42628 -42944 -42501 -43149 -43189 -43009 -43202 -42973 -43073 -42742 -43259 -42809 -42419 -42683 -42663 -42414 -42161 -43010 -42920 -42521 -42560 -42348 -42276 -42660 -43265 -42189 -43244 -42522 -42818 -42462 -43270 -43078 -42402 -43048 -42772 -42801 -42086 -42870 -42922 -42415 -42657 -42439 -42838 -42991 -42917 -42692 -42406 -42768
-43244 -42354 -42259 -43128 -43056 -42873 -42837 -42413 -42726 -42643 -42453 -42544 -42943 -42702 -43126 -42594 -42173 -43103 -42468 -42273 -42331 -43077 -42335 -42250 -42343 -42118 -42364 -42399 -42146 -43072 -42136 -42689 -42786 -42122 -42319 -42995 -42611 -42288 -42073 -42313 -42110 -42769 -42832 -43198 -42698 -42722 -42415 -42467 -42294 -42530
-42287 -42660 -42822 -43239 -42774 -42551 -42488 -42694 -43217 -43117 -43091 -42194 -42270 -42876 -43151 -42680 -42570 -43266 -43119 -42794 -43080 -42870 -42918 -42161 -42208 -43180 -42744 -42560 -42637 -42890 -42174 -42410 -42115 -42522 -42136 -42550 -43221 -42701 -42146 -43223 -43269 -42889 -43186 71757 71317 71732 71952 70880 71942 71004
-42293 -42503 -42741 -42163 -43264 -43011 -42091 -42604 -42397 -43158 -42703 -42107 -42961 -42496 -43039 -42373 -42433 -42611 -42271 -42322 -42386 -42160 -42739 -43106 -42185 -42701 -42823 -42457 -42436 -42194 -42839 -42885 -42960 -43188 -42416 -42671 -42769 -42714 -42084 -43225 -42843 -43196 -42984 71282 71976 71784 71845 71845 70927 70863
-42743 -42093 -42998 -42515 -42840 -42316 -42759 -42950 -42965 -42898 -42712 -42939 -43241 -42131 -42865 -42792 -43113 -42875 -42994 -42352 -42555 -42638 -42090 -42618 -42907 -43071 -43144 -42817 -42533 -43201 -42322 -42619 -42850 -42131 -43039 -42292 -42675 -42337 -43157 -42769 -43194 -42895 -42113 71051 72016 71066 71701 71909 71532 71739
-42882 -43013 -42575 -42098 -42461 -42228 -42119 -42190 -42142 -42636 -42373 -42194 -42459 -42444 -42132 -43036 -42601 -42799 -43289 -42350 -42923 -42199 -42432 -42754 -42907 -42406 -43022 -42403 -42785 -43136 -42292 -42823 -42489 -43251 -42212 -43014 -42392 -42478 -42972 -43010 -43076 -42455 -43015 -43113 -42201 -42225 -42578 -42749 -42840 -43173
-42616 -42451 -42644 -42241 -42899 -42807 -42300 -43024 -43244 -42792 -42247 -42853 -42154 -42757 -42614 -43074 -42891 -42716 -43056 -43113 -43220 -42153 -42737 -42907 -42339 -42309 -42434 -43183 -42150 -42565 -42704 -42195 -42348 -43085 -42345 -42968 -43158 -42418 -42616 -42205 -43117 -42819 -42589 -42688 -42267 -42694 -42522 -42492 -43170 -42960
-42582 -42520 -42611 -43201 -42116 -42709 -42168 -42496 -42815 -42961 -42080 -42865 -42667 -42849 -42114 -42755 -43116 -43106 -43209 -42338 -43087 -43009 -42462 -42803 -42137 -42122 -42937 -42667 -42505 -42478 -42405 -42917 -42455 -42420 -43122 -42702 -42579 -42639 -42647 -42193 -43161 -43271 -42844 -42682 -43265 -42223 -42658 -42106 -42907 -42472
-42196 -43288 -42447 -42241 -42981 -43108 -42576 -42102 -42142 -42865 -43200 -42739 -42958 -43258 -42976 -42380 -43020 -42813 -43288 -43266 -42922 -42101 -42536 -42727 -43039 -42846 -42926 -42457 -43120 -42400 -42583 -42624 -42582 -42512 -42224 -43125 -43056 -43248 -42946 -42434 -43201 -42469 -42191 -42124 -43283 -42413 -43094 -43115 -42223 -42967
-42503 -42123 -42944 -42164 -43136 -42566 -42864 -42825 -42432 -42658 -42964 -42463 -42842 -43184 -43009 -42170 -43189 -42203 -42907 -42250 -42581 -42787 -42261 -42844 -43082 -42284 -42263 -42408 -43098 -42316 -42097 -42690 -42912 -42319 -42803 -42278 -42225 -42868 -42993 -43011 -42087 -43025 -43276 -43161 -42271 -42285 -42516 -42277 -42930 -43256
-42259 -42821 -42843 -42614 -42525 -42157 -42558 -43146 -42139 -43269 -42838 -42568 -42599 -42846 -42258 -42390 -42119 -42620 -43271 -43253 -42989 -42843 -42945 -42843 -42511 -42592 -43042 -42930 -42523 -43213 -42978 -42288 -43034 -42911 -42986 -43049 -42728 -42093 -42759 -42591 -42767 -43270 -42380 -42318 -42372 -42852 -42235 -42681 -42917 -42446
-42975 -42777 -43266 -42899 -42103 -42727 -42803 -42940 -42191 -42972 -42235 -42650 -43027 -42950 -42620 -42800 -42739 -42195 -42558 -42390 -42482 -42188 -42450 -42851 -43024 -43165 -42891 -42265 -42905 -42379 -42707 -42469 -43053 -42890 -42717 -43177 -42842 -42304 -42496 -43164 -42101 -42083 -42953 -42286 -42355 -42942 -42382 -42679 -42922 -42371
-42487 -42158 -42413 -42381 -43261 -42570 -42385 -42599 -43214 -43224 -42633 -43070 -43262 -43140 -42186 -42673 -42110 -42889 -42653 -42214 -42480 -43042 -42097 -42391 -42754 -42396 -42536 -42811 -42323 -43105 -42982 -42325 -42323 -42500 -42978 -42558 -42555 -42525 -42101 -42803 -43040 -43071 -42886 -42163 -42496 -42888 -42549 -42235 -42657 -43188
-43249 -43043 -42912 -42965 -42589 -42495 -43058 -42620 -42790 -42368 -42942 -42793 -42769 -43233 -42756 -43288 -43061 -42343 -42639 -42595 -42572 -42401 -42759 -42997 -42217 -42590 -43280 -42295 -42921 -42721 -42650 -43253 -42216 -42340 -42853 -42371 -42810 -42574 -42749 -42228 -43094 -42611 -42536 -42995 -42749 -43155 -42766 -42345 -42607 -42794
-42837 -43093 -43015 -42974 -42184 -42394 -42539 -43203 -42793 -42971 -42220 -42791 -42398 -42688 -43281 -42429 -42675 -42404 -42964 -43123 -42138 -42456 -42790 -42659 -42996 -43240 -42479 -42279 -42222 -42688 -43149 -42907 -42281 -43207 -43145 -42996 -42610 -43021 -42177 -42937 -42787 -42470 -42232 -43116 -42780 -42432 -42825 -42661 -42919 -42335
-42341 -42734 -42379 -42112 -42186 -42807 -42893 -43153 -42956 -42211 -43170 -43184 -43010 -43068 -43271 -42180 -42244 -42479 -42399 -42807 -42385 -42153 -42799 -43088 -42985 -43006 -42763 -42867 -42752 -43018 -42079 -43275 -42217 -42596 -42355 -42149 -43196 -42294 -42806 -42318 -42739 -42597 -43253 -42917 -42861 -43001 -42834 -42665 -42922 -42224
-43146 -43195 -42677 -42278 -42856 -42632 -42317 -42962 -43126 -42833 -42387 -42291 -42360 -42481 -42602 -42444 -42417 -43270 -42966 -42629 -42336 -42442 -42435 -42160 -42202 -43256 -43216 -42900 -43032 -42613 -42983 -43123 -42207 -42839 -42862 -42759 -42882 -42145 -42650 -43051 -42821 -42815 -43184 -42708 -43225 -42664 -42183 -42154 -42155 -42189
-42883 -42847 -42413 -42591 -42151 -42298 -42500 -42561 -43199 -42489 -42086 -42341 -42289 -42122 -42663 -42126 -42258 -42398 -42606 -42404 -42165 -42880 -42359 -42617 -43110 -42960 -42189 -42894 -42820 -42493 -42471 -42885 -42970 -42515 -42097 -42188 -42598 -42091 -42472 -42276 -42187 -42806 -42470 -42260 -42711 -42328 -43069 -42653 -42816 -43157
-42444 -42494 -42400 -43198 -42143 -42406 -43161 -42957 -42955 -42171 -42089 -42226 -42232 -42418 -42769 -43129 -42336 -42777 -43038 -43066 -42655 -42725 -43008 -42606 -42879 -42234 -42954 -43208 -42807 -42657 -42925 -42661 -42411 -42963 -43044 -42355 -42743 -42997 -43110 -42683 -42759 -42563 -43179 -42528 -43137 -42887 -42227 -43213 -42613 -42998
-42692 -43089 -42775 -42699 -42960 -42837 -42138 -42882 -42597 -42461 -42077 -43191 -42594 -42296 -42896 -42983 -43269 -42258 -42758 -42546 -42382 -43248 -42233 -42274 -42770 -42514 -42931 -42155 -42362 -43282 -42606 -42842 -42846 -43224 -42922 -42860 -42994 -42861 -42121 -42755 -43242 -42381 -43185 -42321 -42800 -42837 -42410 -43151 -42386 -42268
-42108 -43262 -42295 -42386 -42604 -42834 -42320 -42249 -43076 -42439 -42271 -43134 -42638 -42075 -42992 -42601 -42921 -42789 -42659 -43117 -42878 -43140 -42975 -43037 -42653 -43007 -42363 -42692 -42618 -42095 -43104 -42537 -42346 -43285 -42368 -42553 -42436 -42870 -42591 -42398 -42261 -42370 -43039 -43032 -42856 -43216 -42487 -42564 -42871 -43092
-43283 -42542 -42654 -42160 -42748 -42277 -42211 -43232 -42346 -43167 -42841 -43196 -42469 -42170 -43277 -42278 -42420 -42184 -43113 -42912 -42626 -42377 -42611 -43127 -42296 -42408 -42693 -43062 -42227 -42454 -42975 -42795 -42836 -42263 -43048 -42437 -42667 -42272 -42574 -42308 -42541 -42702 -42392 -42321 -42992 -42095 -42126 -42581 -42507 -42621
-42108 -42197 -42262 -43182 -42969 -43218 -42438 -42895 -43202 -42644 -43070 -42510 -42543 -43063 -42979 -42608 -42615 -42239 -42180 -42390 -43046 -42615 -43051 -42598 -42437 -43114 -42937 -42872 -42374 -42612 -42768 -43166 -42982 -42427 -43148 -42334 -43075 -43216 -42325 -43180 -43097 -42269 -42761 -42297 -43038 -42353 -43142 -42150 -42415 -43096
-43099 -42848 -42956 -43032 -42601 -42441 -43085 -43125 -42409 -43251 -42116 -42110 -42881 -42827 -42723 -42196 -42319 -43239 -42681 -42553 -42423 -42731 -42781 -42101 -42802 -43082 -42556 -42230 -43142 -42615 -43186 -42264 -43002 -42770 -43017 -42236 -43163 -42871 -42313 -42138 -43202 -42087 -42581 -42265 -42658 -42850 -42904 -42731 -42636 -42552
-42737 -42090 -42262 -43116 -42961 -42939 -43083 -43202 -42187 -42232 -42299 -42394 -43128 -42609 -42247 -43108 -42146 -42760 -42157 -42390 -42155 -42808 -42363 -42964 -43229 -43253 -42943 -42136 -42087 -42475 -42601 -42247 -42566 -42488 -42443 -43250 -43243 -42127 -42778 -42386 -43176 -42453 -42486 -42825 -43007 -42573 -43188 -42429 -42235 -42230
-42599 -42990 -43264 -42155 -42286 -42796 -43093 -42091 -43234 -43139 -42353 -42695 -42794 -42549 -42902 -42302 -43222 -42906 -42706 -43183 -42657 -42850 -42108 -42656 -42318 -42923 -42790 -43211 -42687 -42650 -42818 -42667 -42922 -43146 -43002 -43273 -42977 -43039 -42845 -42459 -42211 -42629 -42292 -42248 -42366 -42781 -42778 -43162 -43206 -42905
-43254 -42671 -42996 -42571 -42486 -42889 -42831 -42114 -43075 -42118 -42264 -42866 -43111 -42991 -43035 -42724 -42419 -42077 -42576 -42331 -42401 -42154 -43015 -43271 -43117 -42166 -42751 -42695 -42641 -42094 -43039 -42867 -42877 -43152 -43271 -42681 -42498 -42753 -42152 -42882 -42271 -42576 -43198 -42511 -42759 -43246 -42710 -43081 -42700 -42306
-42461 -42715 -42241 -42334 -43009 -43220 -42179 -43142 -42170 -42472 -42560 -42212 -42973 -42635 -42822 -42374 -42673 -42347 -42167 -42271 -42746 -42623 -42822 -43147 -42661 -42990 -42615 -42637 -42109 -42983 -42360 -43275 -42639 -42221 -42288 -42342 -42896 -42648 -42978 -42745 -42490 -42699 -43007 -42794 -42276 -42159 -42539 -42957 -42219 -42108
-42716 -42075 -42600 -43286 -42215 -42994 -42749 -42186 -42619 -42990 -43053 -42216 -43097 -42320 -42624 -42735 -42379 -42852 -42876 -42516 -43044 -42870 -42316 -42234 -42335 -42543 -42991 -42218 -42588 71291 72025 71048 71115 70891 71254 71346 71732 71419 71535 70901 71348 71559 71932 70842 71144 71504 70963 71180 -42073 -42119
-42890 -43033 -42560 -42876 -43030 -43077 -42225 -42781 -42454 -42867 -43227 -43093 -42723 -42797 -43153 -42517 -42949 -42546 -42904 -42574 -42480 -42341 -42835 -43022 -42405 -42788 -42345 -43040 -42489 70847 71455 71142 71308 71695 71384 71925 71461 71087 71983 71582 71393 71504 71650 71892 70894 71704 70911 71589 -42929 -43011
-42572 -42094 -42474 -42530 -42438 -42860 -42261 -42510 -43123 -43270 -42301 -42916 -42422 -43162 -42726 -42139 -42726 -42396 -42920 -42284 -42285 -42879 -42796 -42741 -42859 -43101 -42544 -42857 -42442 71593 71963 71499 71717 71590 71142 71398 71420 71439 71364 71016 71682 71392 71151 71882 71687 71026 71288 71916 -42667 -43115
-42606 -42474 -42955 -42382 -42324 -42922 -42293 -42622 -42226 -43194 -42495 -43146 -42581 -43102 -43126 -42783 -42557 -42248 -42316 -42346 -42337 -42909 -42892 -43283 -43146 -42708 -42402 -42625 -42481 71369 71443 71634 70927 71010 71149 70895 71918 71612 72010 70822 71453 71209 71894 70958 71607 71019 71266 70825 -42296 -42445
-42510 -42912 -42751 -43008 -43038 -42580 -42637 -42877 -42077 -43195 -42366 -42536 -42228 -43025 -42246 -43076 -42544 -42389 -42882 -43159 -42662 -42786 -42767 -42876 -42467 -43095 -42808 -42497 -43037 71035 71319 71680 71940 70920 71012 70897 71604 71791 70980 70917 71192 71358 71732 71964 71218 71479 71075 71021 -43089 -42659
-43163 -42244 -42579 -42909 -42181 -42372 -42987 -42106 -42456 -43236 -43057 -42865 -43182 -42090 -42486 -43181 -42702 -43002 -43197 -42610 -42209 -42335 -43211 -42171 -42265 -42761 -42439 -42604 -42755 -42304 -42749 -42404 -42308 -42846 -43262 -42659 -42475 -42446 -42132 -43289 -42179 -42683 -42864 -43018 -42321 -42127 -42939 -43156 -42155 -42416
-43253 -43053 -42263 -42492 -43005 -42276 -42729 -42621 -42772 -42707 -43272 -43076 -42729 -42397 -42676 -42081 -42255 -42224 -42666 -42659 -43042 -42568 -42143 -43012 -43185 -42154 -42596 -42360 -43071 -42224 -43141 -42507 -42354 -42311 -43197 -43174 -42628 -42333 -42535 -42661 -43214 -42719 -43115 -42239 -43055 -42240 -42967 -42245 -42587 -42571
-42301 -42295 -42144 -42469 -42921 -42354 -42570 -42173 -42257 -43184 -42145 -43079 -42202 -42670 -43081 -42828 -43096 -42572 -42515 -42520 -42768 -42704 -43034 -42575 -42560 -42419 -42547 -42572 -42440 -42482 -43173 -42268 -42368 -42192 -43201 -43058 -42110 -43101 -42210 -43115 -42708 -42558 -42348 -42235 -42315 -43273 -42967 -42793 -42709 -42980
-43031 -43127 -42744 -42876 -42297 -42885 -42774 -42664 -42685 -43072 -43182 -42994 -42800 -43196 -42095 -42613 -42278 -42185 -42126 -43067 -42908 -43171 -42895 -42513 -43195 -42519 -42914 -43012 -42438 -42247 -42426 -43276 -43236 -42338 -42777 -43079 -42386 -42643 -42552 -42495 -43100 -42670 -43246 -42535 -42218 -43123 -42765 -42320 -42810 -42443
-43118 -43132 -42597 -42828 -42214 -42307 -42805 -43127 -43127 -43050 -42844 -43035 -42073 -43190 -43240 -42168 -42992 -42954 -42530 -42533 -42425 -43256 -42630 -42726 -42315 -43053 -43152 -42743 -42985 -42938 -42384 -42761 -42657 -42168 -42582 -42580 -42126 -42138 -42701 -42961 -43105 -43233 -43226 -42722 -43164 -43021 -43158 -42149 -42588 -43096
-42550 -42409 -42711 -42390 -42306 -42466 -42090 -42488 -42725 -42935 -42863 -43181 -43216 -43146 -42980 -42952 -42390 -42524 -42743 -42948 -43238 -42942 -42992 -43193 -43156 -42188 -42222 -42796 -42138 -42987 -42501 -42141 -42691 -42344 -42257 -42658 -43169 -42339 -42542 -42338 -43187 -43251 -42304 -42941 -42547 -43262 -43036 -43146 -42164 -42477
-42900 -42220 -43111 -43264 -42335 -43188 -42303 -42750 -42877 -42410 -42960 -42523 -42796 -43012 -42378 -42492 -42445 -42716 -42925 -43093 -42158 -42464 -42344 -42966 -42961 -42420 -42398 -42755 -42266 -42662 -42225 -42352 -42513 -42086 -42521 -43203 -42140 -42946 -42580 -42908 -42272 -42473 -42459 -42226 -42574 -42722 -42949 -42654 -42100 -42323
-42509 -42441 -43163 -43263 -42339 -42085 -42198 -42395 -42704 -42592 -42439 -43123 -42369 -42437 -42520 -43143 -42671 -42837 -43178 -43088 -42095 -42492 -42102 -43248 -42368 -42649 -43014 -42638 -42572 -43171 -42158 -42811 -43000 -42311 -42733 -43033 -42514 -43024 -42610 -42609 -43081 -43106 -42591 -42691 -42249 -42993 -42322 -42560 -42195 -42438
-42241 -42685 -42322 -42244 -42634 -42559 -42467 -42924 -43189 -43055 -42400 -42804 -43045 -42187 -43175 -42486 -42502 -43098 -43118 -42243 -42189 -42469 -42809 -43274 -42279 -42313 -43251 -42133 -42198 -42448 -42096 -43032 -42457 -42988 -43097 -43089 -42825 -42735 -42193 -42737 -42973 -43072 -43028 -42074 -42400 -42646 -43285 -42463 -43040 -42249
-42720 -43128 -42260 -42481 -42832 -42261 -43153 -43070 -42715 -42820 -42952 -42997 -42252 -42988 -42497 -42522 -43035 -42122 -42282 -42767 -42127 -42664 -42366 -42456 -42152 -43087 -42158 -42498 -42820 -42302 -42832 -42175 -42507 -42086 -43201 -42309 -42615 -42746 -43090 -42882 -42924 -42471 -43074 -42815 -42344 -42177 -43111 -42975 -42402 -42177
-43264 -42162 -42568 -42347 -42194 -43076 -43251 -42821 -42635 -43123 -42496 -42817 -42529 -43180 -43252 -42919 -42422 -42759 -42443 -42133 -42793 -42440 -43273 -43205 -43114 -42956 -43000 -42703 -43136 -42428 -42305 -42254 -42810 -42091 -42721 -42937 -42864 -42755 -42468 -43225 -42882 -42182 -42928 -42878 -43193 -42659 -42433 -42496 -42175 -43104
-42543 -43247 -42627 -42859 -42639 -42432 -42674 -43165 -42303 -42720 -42172 -43141 -43007 -42560 -42523 -42627 -43020 -42848 -42206 -42310 -42768 -43202 -42991 -42783 -42863 -42741 -42169 -43044 -42182 -42490 -43081 -42433 -43273 -42458 -42135 -42104 -42675 -42919 -42144 -42265 -43067 -42361 -42805 -42841 -43276 -42090 -42333 -42858 -42575 -43174
