50 50
-29332 -29808 -29774 -29272 -29980 -28919 -29843 -29720 -29231 -29157 -29512 -28762 -28859 -29929 -28813 -29976 -29103 -29540 -29665 -29044 -29429 -29900 -29146 -30036 -29710 -29849 -29128 -28928 -29683 -29069 -28777 -29081 -29637 -30018 -29886 -29313 -29910 -29368 -29617 -29588 -29859 -28820 -29331 -28960 -29168 -29001 -29815 -29312 -28889 -29642
-30040 -29340 -29470 -28797 -29878 -28829 -29656 -29344 -29162 -29777 -29582 -29383 -28878 -30082 -29115 -29742 -29895 -29392 -29446 -29719 -29638 -29685 -29944 -29424 -29937 -29210 -29720 -29339 -29400 -29245 -28851 -29829 -29997 -29181 -29958 -29017 -29381 -29084 -29431 -29801 -29592 -30068 -29438 -29209 -28891 -29818 -29304 -29401 -29607 -29697
-29352 -29987 -29013 -29736 -29887 -29219 -29735 -29516 -29270 -29645 -29628 -29268 -29255 -29458 -29787 -30074 -28800 -28997 -29179 -29284 -29187 -29021 -29353 -30087 -29771 -29213 -29677 -29914 -29733 -29488 -29031 -28908 -29138 -29230 -28830 -29504 -29601 -28927 -28811 -28842 -29545 -29660 -29554 -29814 -29168 -29300 -29674 -29311 -29170 -29856
-29439 -29945 -29464 -29454 -28886 -29584 -29645 -29933 -29767 -29994 -28911 -29086 -30087 -29133 -28988 -29282 -29737 -29690 -28909 -29133 -29895 -29837 -29135 -29587 -29329 -29009 -29791 -28999 -29788 -29816 -29501 -30003 -29424 -29786 -29069 -29191 -29223 -28892 -29789 -29100 -29486 -29797 -28922 -29100 -29631 -29660 -29323 -29001 -29727 -29814
-29822 -29621 -29553 -29563 -28933 -29410 -29350 -28764 -28968 -29713 -29678 -29656 -29885 -29378 -28835 -28787 -29555 -28931 -28902 -28827 -29427 -28989 -29527 -28910 -29618 -29537 -29993 -28928 -29745 -29850 -29916 -29453 -29966 -28768 -29911 -29853 -29953 -29342 -29258 -29487 -29874 -28832 -29379 -29500 -29275 -29587 -30014 -29743 -28769 -29186
-29334 -29174 -30030 -29692 -29518 -29517 -29168 -29406 -29738 -29412 -29889 -29645 -28980 -29447 -29626 -29603 -29648 -29993 -29737 -29876 -28971 -29826 -30053 -29957 -28768 -28818 -29754 -28894 -29588 -29776 -29024 -29669 -30017 -28846 -29833 -30063 -29031 -29843 -29688 -29031 -29547 -29810 -29529 -29585 -29659 -29700 -29544 -29852 -29307 -29224
-29060 -29533 -29669 -29939 -29130 -29193 -29503 -30050 -30006 -29828 -29005 -28967 -29913 -28971 -29824 -28870 -28812 -29586 -29744 -28787 -30073 -28913 4103 4720 3711 4568 4964 4380 4668 4813 4065 4525 3690 3936 4945 4622 4115 4858 4962 4558 3958 3724 -29162 -29493 -28812 -29219 -29662 -30029 -29594 -28974
-29407 -29712 -29690 -29852 -29872 -29376 -29105 -29754 -29407 -29488 -30039 -29831 -29943 -29290 -29280 -30033 -29774 -28876 -29385 -29927 -29140 -29803 4637 4343 4571 4519 3773 4636 4663 4448 4616 4981 4311 3831 4238 4647 3910 4365 3813 4262 4787 4800 -30092 -30018 -29680 -29944 -29247 -29736 -29433 -29298
-29799 -29774 -29764 -29979 -28776 -30035 -28845 -28904 -28902 -29572 -28768 -29482 -29351 -29751 -29731 -29581 -30043 -29366 -29301 -30011 -30087 -29759 3899 4352 4902 4893 4311 4497 4327 4041 4572 4694 4097 4166 3939 3758 4810 4413 3855 4751 4993 4562 -29559 -29190 -29601 -29976 -28966 -29506 -29674 -29529
-29680 -29746 -28916 -28908 -29067 -28772 -29874 -29797 -29688 -28814 -29677 -30047 -29933 -30080 -29044 -29667 -29163 -29988 -29628 -29664 -29935 -29034 4368 4831 4241 3933 4509 3771 4049 4282 4697 4153 4816 4919 4651 4024 3852 4911 3749 4604 4508 3967 -28991 -29852 -29476 -29565 -29093 -29432 -29539 -30059
-28881 -29964 -29833 -29668 -29855 -29051 -29762 -29509 -29662 -29754 -30074 -28859 -28895 -28863 -28911 -29378 -29124 -29767 -29661 -29095 -29567 -29889 4557 3931 4205 4688 3774 4611 4939 4511 4795 4450 4406 4908 4617 4460 3904 4698 3854 3926 4639 4470 -29411 -29868 -29152 -29700 -28790 -29014 -29637 -29667
-29912 -29987 -29090 -29821 -28818 -28980 -29149 -29342 -29594 -29979 -29562 -29255 -28913 -29064 -29276 -29800 -29712 -29756 -28994 -29609 -29237 -29644 4878 4442 4009 4014 3883 4115 3830 4460 3719 4774 4878 4592 3772 3749 4284 4955 4580 3797 3903 3833 -29511 -29335 -28926 -28942 -29209 -29989 -29618 -29182
-28988 -29695 -29166 -29079 -29102 -29662 -29121 -29727 -29412 -29839 -29068 -29078 -29671 -29404 -28819 -29100 -28947 -29914 -29241 -29830 -29203 -29581 4518 4675 4007 4450 4493 4781 4427 4026 4494 3948 4650 4105 3807 4200 3702 4342 4111 3941 4522 3801 -29745 -29368 -29759 -29460 -29057 -28973 -29775 -28823
-29875 -29249 -29804 -28822 -29150 -29593 -29225 -29177 -29186 -29510 -30053 -28930 -29339 -28775 -30059 -29776 -29577 -29367 -29234 -29896 -29685 -29053 4963 3824 3779 4399 4264 4631 4730 3769 4949 4201 4747 4910 4156 4523 3707 4435 4724 3960 4646 3903 -29071 -29910 -29946 -29321 -28961 -28927 -28927 -29985
-29000 -29782 -29364 -28819 -29952 -29129 -29196 -29018 -29268 -29427 -28812 -29711 -29032 -29661 -29017 -29341 -29102 -29399 -28813 -29314 -29627 -29580 4639 3744 3781 4769 4827 4557 4865 3706 4849 4639 4764 4080 4308 3768 4037 4275 3862 4755 4279 4099 -29821 -29673 -30016 -29355 -29381 -29579 -28989 -29808
-29564 -29513 -29002 -29301 -28932 -29480 -30000 -29688 -29775 -28938 -30032 -29884 -28842 -29201 -29950 -30060 -28799 -29644 -29689 -29399 -29299 -28862 4184 4121 5018 4956 4850 5017 4425 3796 4714 4926 4349 4087 3991 4672 4790 4347 3849 3952 4202 4052 -30087 -29628 -29903 -29222 -29044 -28996 -29320 -29902
-29824 -29146 -30049 -29453 -29407 -28950 -29550 -29301 -29672 -29386 -29625 -28794 -29427 -29695 -29716 -29480 -29979 -29349 -29897 -29592 -29157 -29090 5004 3867 4604 4999 3906 4515 3898 4376 4184 3790 3914 4305 4159 4539 4746 4651 4191 4330 3786 3858 -28845 -29760 -29863 -28876 -29330 -29467 -29252 -29989
-28807 -29035 -29994 -30039 -29503 -29548 -30091 -28798 -29027 -29516 -28819 -29252 -29585 -29883 -29023 -29220 -29422 -29640 -28830 -28803 -29740 -29636 3776 4849 4224 4623 4016 4011 4482 3949 3781 4013 4445 4311 4142 4017 4278 4536 4904 4770 3920 3938 -29233 -29682 -29532 -28894 -29150 -29263 -29183 -29571
-29620 -29845 -28880 -29399 -29469 -29665 -29591 -29092 -29077 -29880 -29474 -28996 -29791 -29769 -29381 -29096 -29202 -30036 -29015 -29601 -30005 -29059 4273 4233 4193 3704 4532 3704 4411 4682 4658 4996 3958 4978 4158 4738 4300 3981 4183 4097 3762 4757 -28956 -29806 -28775 -29286 -28982 -29186 -29917 -28784
-29659 -28854 -29420 -28974 -30035 -29685 -29916 -29698 -29451 -29676 -29744 -29851 -29147 -29888 -29764 -28972 -29191 -28810 -29252 -29138 -29473 -29863 3786 4081 4807 4947 4948 3799 4448 3974 4315 4525 3901 3789 4126 3799 3879 4406 4775 3885 3738 4644 -29840 -29496 -29305 -29783 -29123 -29145 -29484 -29245
-29725 -29100 -30067 -30039 -29608 -29418 -29509 -29615 -28795 -28843 -29642 -29754 -29758 -28791 -29088 -28812 -29974 -29517 -29922 -28915 -29681 -28803 4189 4638 4796 4087 4775 4706 3918 3873 4928 3711 3905 3700 4256 4580 3850 4076 4896 4626 4085 4249 -30082 -29270 -30033 -29292 -29654 -28930 -29212 -29708
-30042 -29866 -28794 -29893 -29953 -29886 -29634 -29082 -29933 -29253 -28960 -29694 -29225 -29765 -29038 -29780 -29243 -29541 -29334 -29935 -29395 -29878 4916 4863 4520 4184 4233 4052 4014 4089 4359 3733 4439 4356 4686 4901 3821 3828 4772 5013 4286 3888 -29408 -29146 -28838 -29771 -29773 -29744 -29310 -28886
-28967 -29882 -28794 -29313 -29802 -29151 -29481 -28827 -29841 -29476 -28974 -29691 -29221 -28854 -29539 -29066 -29688 -29828 -30084 -29979 -29681 -29890 4966 4849 3768 4711 4661 4888 4659 3697 4009 4301 4486 4152 3974 4269 4951 4134 4228 4101 4706 4360 -29253 -29156 -29476 -30065 -29470 -29241 -29055 -29884
-30034 -29263 -29252 -29717 -29560 -29296 -29361 -29909 -29507 -29541 -29167 -28879 -29451 -29423 -29045 -29032 -29283 -29309 -28820 -28881 -29438 -28931 3859 3958 3775 4850 4193 4186 3907 4588 4161 4858 4056 4591 4578 4296 4838 4018 4336 4654 3974 4269 -29003 -29585 -29909 -28813 -28780 -28999 -28890 -29477
-29185 -29899 -28950 -30071 -29545 -30074 -28896 -29493 -29851 -29810 -29961 -29805 -28987 -29601 -29984 -29387 -29916 -29305 -30036 -29770 -29954 -29497 4525 4121 4542 4929 4558 3856 3722 4349 4948 3897 4821 4963 4699 3911 4488 4699 4589 4432 3798 4994 -30087 -28858 -29501 -29437 -30019 -28866 -29986 -29141
-29605 -29193 -29068 -29837 -29200 -29920 -30041 -29606 -28990 -29852 -30019 -30050 -29334 -29353 -30089 -29847 -29872 -29997 -28910 -29993 -29607 -29995 4722 3707 4223 4116 4664 3789 4319 4709 4912 3734 4361 4615 4434 3996 3824 4372 4374 4584 4852 4755 -28926 -29546 -29876 -29285 -29385 -29727 -28993 -29766
-29935 -29136 -29964 -29179 -29234 -29464 -29317 -29864 -29024 -28893 -28781 -30088 -28773 -29256 -29632 -29516 -29240 -30050 -29572 -29805 -29093 -30082 4243 3891 4684 3756 4381 4436 4450 4305 4959 4772 4555 4119 3956 4999 3702 4538 4860 4608 4012 4853 -29081 -29994 -28810 -29241 -28866 -30023 -29026 -29220
-29594 -29920 -28808 -29460 -29152 -29787 -29372 -29278 -29980 -29223 -29953 -29185 -29801 -28811 -29527 -29325 -29527 -28964 -29049 -30091 -29190 -29113 4907 4676 4723 4554 4639 4748 4894 3797 4947 3901 3800 3728 4468 4388 4569 4012 4255 4305 4250 4859 -29806 -29125 -29304 -29872 -29376 -29427 -29417 -29273
-29074 -28791 -29896 -28791 -29043 -29605 -29780 -29729 -29419 -29783 -28971 -29373 -29440 -29779 -28952 -29452 -29764 -29559 -29365 -29467 -29983 -29206 4107 4547 3887 4049 4553 3692 4047 4959 4498 3842 4347 4618 4114 4940 4435 3749 3830 4806 4277 4762 -29971 -29938 -29654 -29185 -30053 -29117 -29278 -29719
-28996 -29476 -29049 -29666 -29812 -28796 -28867 -29139 -29593 -28948 -30026 -29930 -29365 -29365 -29853 -29306 -29514 -29880 -30036 -30048 -29201 -29018 4925 4599 4480 4934 4967 4440 4320 4009 4105 4556 4357 4380 4413 3933 4692 4473 4441 4313 3993 4413 -29128 -29611 -28956 -29249 -30081 -29879 -29831 -29303
-28986 -28964 -29537 -29991 -29110 -28866 -28802 -29732 -29099 -29020 -29992 -29269 -30089 -30078 -29249 -29956 -28915 -29359 -29516 -29410 -29541 -28883 4987 4984 3840 4208 4288 5012 4728 4927 4970 4528 4395 4945 4241 3780 4251 3795 4013 4941 3879 4565 -29276 -29283 -29364 -29748 -29821 -28962 -28795 -28974
-29359 -28884 -29689 -29991 -29844 -29425 -29197 -28821 -29377 -28895 -28798 -29641 -28773 -28786 -29557 -29783 -29320 -29216 -29731 -30022 -29487 -29866 4708 4163 3879 4831 3973 4827 4134 3748 4966 3981 4277 3784 5013 4769 4756 3908 4902 4791 4917 3701 -29464 -29414 -29015 -29282 -29329 -29190 -29851 -29439
-29454 -29482 -29080 -29849 -29404 -29519 -29828 -28939 -29111 -29132 -29689 -29759 -29075 -29672 -29849 -29249 -29890 -29219 -29158 -28846 -28859 -29707 -28963 -28883 -29033 -29639 -29733 -29777 -29942 -29539 -29949 -29806 -29539 -29909 -28839 -29996 -29058 -28920 -28829 -30066 -28821 -29713 -29827 -29826 -29777 -29318 -29794 -29683 -29343 -29249
-29664 -28973 -29768 -28975 -29262 -29593 -29514 -29783 -29237 -29235 -29951 -29245 -29547 -29867 -28863 -28862 -29029 -29114 -29414 -28843 -29090 -28859 -29324 -30052 -29828 -29923 -29587 -29050 -29753 -29203 -28912 -28866 -29853 -29095 -30021 -29025 -29187 -29195 -29044 -29240 -30052 -29687 -30062 -29691 -29894 -29267 -29019 -29984 -29922 -29838
-29564 -28962 -30022 -29154 -28815 -29633 -29757 -28989 -29208 -29571 4855 4854 4386 4160 3690 3854 4003 4295 4484 -28946 -29401 -30081 -29048 -29102 -29862 -29793 -29844 -29523 -29119 -28784 -29969 -29845 -28881 -29583 -29427 -28858 -29915 -28794 -28794 -29552 -28815 -29036 -29420 -29713 -29452 -29235 -30073 -29166 -28970 -29099
-29827 -29657 -30014 -29113 -30048 -29308 -29749 -28982 -29631 -29994 3834 4510 3824 4589 3866 4182 4483 4367 4444 -29905 -29212 -28949 -29746 -28940 -29070 -30046 -29978 -28979 -29347 -29401 -29383 -29708 -29663 -29804 -29391 -30088 -28899 -30054 -30060 -30042 -29398 -28803 -28818 -29402 -29942 -29427 -29447 -30054 -29957 -28919
-28991 -28786 -29038 -29630 -29230 -29614 -29813 -28876 -29321 -29499 4292 4807 3870 4333 4031 4708 4832 4062 4967 -29860 -29381 -28944 -29929 -29198 -29690 -29747 -29770 -29999 -29023 -29759 -29168 -29779 -29463 -29295 -30037 -29593 -29928 -29066 -29787 -29785 -29240 -29587 -28916 -29305 -29031 -29969 -29201 -29977 -29629 -29485
-29578 -29026 -29060 -29164 -29453 -29669 -28899 -29622 -28787 -29677 4457 3901 4624 4369 4318 3871 4473 4463 4764 -29515 -29494 -28967 -28978 -29944 -29642 -28871 -29395 -28978 -29790 -30028 -28841 -28762 -30037 -29931 -29986 -29440 -29101 -29072 -29025 -30090 -29138 -29949 -29608 -29892 -29106 -29741 -28988 -29917 -29109 -29878
-30081 -28770 -28861 -29262 -28860 -28826 -29203 -28966 -29678 -29758 4818 4746 4617 4612 4383 4105 3847 4778 4024 -28946 -28914 -28769 -29510 -29018 -28807 -29905 -29400 -28939 -28915 -29549 -29692 -29331 -29555 -28879 -29614 -29584 -29792 -29500 -29356 -29710 -28973 -29996 -29542 -29023 -29206 -29124 -29606 -28818 -29241 -28881
-29465 -29085 -29262 -29604 -29897 -28817 -29274 -29769 -29963 -29581 -29235 -28970 -29248 -28918 -29955 -28853 -29048 -29250 -29210 -29297 -29850 -28865 -29957 -29659 -29242 -29206 -29299 -29143 -29356 -28804 -28791 -29426 -29997 -29666 -29970 -29493 -29771 -29625 -28860 -29739 -29549 -29254 -29405 -29589 -28835 -29576 -29192 -29206 -28818 -28793
-29733 -28801 -29871 -29650 -29977 -29617 -29624 -29645 -29904 -29397 -29843 -28826 -29241 -28759 -29601 -29407 -29758 -29115 -29994 -28828 -29436 -29450 -28813 -29477 -28874 -28922 -29925 -29928 -28797 -29595 -29725 -29382 -30004 -29695 -28895 -28810 -28793 -29759 -29499 -29589 -29542 -29614 -29502 -29370 -29808 -29067 -29996 -29743 -29969 -28774
-29982 -29115 -28854 -28823 -29919 -29450 -28987 -29586 -29858 -29133 -29176 -29639 -29155 -28854 -28913 -29720 -29381 -29370 -29727 -29333 -29437 -29626 -30087 -28927 -30078 -29530 -29818 -29448 -29694 -29559 -30003 -28972 -29998 -30068 -29737 -28907 -30046 -29001 -29461 -29915 -29231 -29492 -29479 -29606 -29258 -30054 -29260 -30045 -28765 -29566
-30031 -29017 -29397 -29990 -29227 -29018 -28925 -29958 -29625 -29037 -30092 -29747 -29583 -29833 -29885 -29503 -29919 -29344 -28861 -30078 -28813 -28912 -29483 -30068 -28759 -28794 -29996 -29102 -29123 -29700 -29519 -28802 -29438 -29928 -28939 -29639 -28975 -28877 -29667 -28792 -29022 -29227 -29344 -29886 -29286 -28799 -29929 -29602 -29929 -28901
-29239 -28982 -29754 -29506 -29824 -29599 -29870 -29543 -29728 -29504 -29943 -29860 -29980 -29453 -28811 -30074 -29736 -29631 -29032 -29521 -29187 -30077 -29257 -28863 -29287 -28921 -28796 -29345 -29256 -29137 -29073 -29435 -29861 -29643 -29049 -29746 -29432 -29557 -29135 -29449 -28879 -28810 -29123 -29114 -30054 -29446 -28981 -29573 -29227 -29555
-28930 -29870 -29753 -28804 -29081 -29561 -28997 -29718 -29286 -29912 -28934 -29009 -29540 -29311 -29765 -29147 -28972 -29778 -28923 -30019 -29136 -29408 -29924 -29427 -28917 -28811 -28907 -30007 -30068 -29611 -29421 -29103 -29154 -29122 -29193 -29612 -29197 -29349 -28958 -29446 -29375 -29056 -28903 -29469 -29468 -29056 -28919 -29568 -29141 -29201
-29041 -29350 -29991 -30076 -29592 -29286 -29133 -29902 -29780 -28860 -30023 -28945 -28816 -28971 -29347 -29408 -29954 -29644 -29464 -29703 -30019 -28864 -30022 -29215 -29416 -28939 -29374 -29114 -29222 -29896 -29467 -29506 -29110 -29425 -29233 -29857 -28779 -29647 -29310 -29730 -28805 -29218 -30060 -29888 -28791 -29315 -28789 -29062 -29805 -29644
-29800 -29987 -29009 -29551 -29096 -28883 -28836 -29800 -29714 -29557 -29087 -29210 -29125 -28969 -30073 -30014 -29815 -29706 -29588 -29955 -29698 -29476 -29888 -29594 -29035 -29664 -29696 -29380 -28788 -29299 -29060 -29325 -29603 -28908 -29716 -29785 -29274 -28831 -29035 -29754 -29071 -29045 -29585 -29531 -29385 -29630 -29375 -28880 -28916 -29680
-29254 -29354 -29926 -28865 -30065 -29238 -30045 -28943 -28970 -29821 -30071 -28987 -29460 -29137 -29730 -30013 -29886 -29887 -29642 -29175 -28929 -29644 -29109 -28801 -29213 -29649 -29025 -29483 -30071 -29422 -28788 -29988 -29547 -29553 -29887 -29480 -29801 -30011 -29186 -29905 -29963 -29876 -29968 -30009 -29976 -29175 -29717 -29398 -29103 -29599
-28885 -29429 -29308 -29795 -29620 -28828 -29811 -29440 -29874 -28794 -29796 -28991 -29473 -28821 -29141 -29054 -29902 -29239 -29612 -29463 -29066 -29713 -29933 -29369 -30048 -29426 -28953 -29624 -29458 -29070 -29954 -29283 -29719 -29571 -29862 -28917 -29764 -30057 -29831 -29176 -29024 -30084 -29270 -29003 -29986 -29385 -29622 -29994 -29786 -28891
-29825 -29989 -29768 -30066 -29090 -29712 -29773 -30090 -30004 -29656 -28925 -29637 -28977 -28881 -29063 -29023 -30045 -29093 -29872 -29466 -29104 -29166 -29275 -29152 -29714 -29096 -28829 -28917 -29263 -29820 -29629 -29760 -30092 -29028 -29093 -29038 -30042 -29576 -28797 -29302 -28965 -29469 -30009 -29330 -29104 -29661 -29149 -29971 -29071 -29463
