50 50
-33453 -33369 -33226 -33285 -33393 -33326 -33306 -33275 -33306 -33307 -33256 -33302 -33337 -33308 -33230 -33370 -33391 -33427 -33309 -33403 -33349 -33304 -33402 -33362 -33287 -33328 -33244 -33384 -33283 -33408 -33327 -33334 -33222 -33422 -33439 -33319 -33437 -33307 -33273 -33295 -33392 -33386 -33295 -33357 -33275 -33257 -33295 -33353 -33243 -33242
-33221 -33358 -33378 -33444 -33375 -33450 -33434 -33369 -33275 -33426 -33373 -33402 -33265 -33269 -33457 -33252 -33461 -33307 -33297 -33248 -33347 -33224 -33426 -33337 -33321 -33261 -33279 -33221 -33226 -33447 -33260 -33325 -33426 -33395 -33293 -33235 -33423 -33332 -33272 -33304 -33262 -33250 -33464 -33389 -33236 -33287 -33312 -33232 -33411 -33362
-33424 -33279 -33257 -33244 -33354 -33265 -33286 -33302 -33433 -33354 -33319 -33296 -33468 -33238 -33221 -33230 -33249 -33284 -33392 -33240 -33237 -33453 -33321 -33310 -33385 -33354 -33293 -33294 -33413 -33273 -33263 -33229 -33321 -33446 -33364 -33466 -33424 -33270 -33390 -33253 -33343 -33227 -33327 -33221 -33402 -33359 -33382 -33227 -33263 -33366
-33459 -33321 -33282 -33411 -33384 -33289 -33424 -33418 -33343 -33353 -33369 -33416 -33442 -33256 -33318 -33352 -33349 -33297 -33258 -33229 -33268 -33342 -33338 -33327 -33415 -33329 -33265 -33443 -33353 -33434 -33378 -33345 -33312 -33371 -33392 -33423 -33460 -33257 -33360 -33386 -33294 -33378 -33357 -33289 -33470 -33300 -33236 -33470 -33300 -33393
-33259 -33333 -33337 -33322 -33450 -33431 -33428 -33269 -33465 -33345 -33239 -33330 -33243 -33406 -33269 -33253 -33402 -33357 -33298 -33423 -33263 -33345 -33277 -33460 -33461 -33281 -33261 -33325 -33417 -33466 -33373 -33355 -33378 -33355 -33253 -33346 -33462 -33296 -33371 -33335 -33272 -33260 -33282 -33364 -33426 -33437 -33373 -33305 -33429 -33272
-33385 -33410 -33280 -33293 -33268 -33463 -33458 -33309 -33324 -33240 -33303 -33377 -33393 -33422 -33341 -33371 -33286 -33332 -33275 -33413 -33434 -33329 -33376 -33238 -33361 -33329 -33345 -33314 -33290 -33317 -33265 -33277 -33316 -33297 -33296 -33224 -33261 -33294 -33244 -33455 -33235 -33299 -33406 -33415 -33310 -33333 -33458 -33236 -33408 -33361
-33284 -33241 -33433 -33228 -33427 -33383 -33371 -33224 -33258 -33350 -33245 -33383 -33268 -33364 -33266 -33300 -33286 -33299 -33351 -33275 -33446 -33303 -33348 -33404 -33225 -33273 -33399 -33452 -33350 -33360 -33291 -33308 -33429 -33303 -33333 -33278 -33333 -33254 -33456 -33383 -33356 -33284 -33331 -33419 -33237 -33335 -33388 -33285 -33300 -33328
-33446 -33361 -33376 -33369 -33321 -33457 -33415 -33354 -33434 -33307 -33420 -33269 -33254 -33441 -33409 -33233 -33337 -33452 -33465 -33325 -33324 -33352 -33418 -33423 -33314 -33468 -33468 -33324 -33447 -33400 -33419 -33269 -33438 -33363 -33236 -33407 -33294 -33414 -33409 -33359 -33461 -33370 -33315 -33311 -33415 -33420 -33463 -33403 -33224 -33456
-33373 -33416 -33445 -33324 -33470 -33390 -33471 -33439 -33236 -33238 -33250 -33366 -33262 -33299 -33331 -33465 -33261 -33392 -33283 -33436 -33286 -33319 -33338 -33301 -33302 -33327 -33450 -33240 -33236 -33460 -33224 -33426 -33446 -33254 -33289 -33239 -33370 -33271 -33408 -33229 -33255 -33439 -33316 -33300 -33340 -33417 -33280 -33405 -33469 -33303
-33298 -33330 -33380 -33399 -33240 -33335 -33255 -33284 -33336 -33277 -33293 -33451 -33269 -33287 -33287 -33361 -33340 -33352 -33366 -33262 -33221 -33393 -33446 -33442 -33361 -33272 -33277 -33224 -33440 -33358 -33278 -33467 -33251 -33230 -33469 -33433 -33332 -33449 -33311 -33420 -33451 -33448 -33301 -33234 -33394 -33390 -33273 -33429 -33236 -33307
-33392 -33266 -33290 -33258 -33403 -33401 -33318 -33447 -33456 -33397 -33441 -33436 -33369 -33361 -33325 -33231 -33247 -33318 -33380 -33329 -33346 -33463 -33459 -33269 -33432 -33251 -33420 -33263 -33391 -33222 -33288 -33452 -33318 -33431 -33447 -33267 -33453 -33416 -33330 -33276 -33371 -33312 -33262 -33319 -33337 -33384 -33229 -33405 -33441 -33387
-33374 -33455 -33460 -33287 -33349 -33238 -33256 -33278 -33410 -33329 -33348 -33304 -33273 -33246 -33459 -33229 -33330 -33461 -33465 -33338 -33297 -33377 -33316 -33423 -33430 -33345 -33346 -33228 -33429 -33282 -33278 -33331 -33373 -33417 -33259 -33234 -33368 -33470 -33395 -33321 -33338 -33379 -33227 -33232 -33274 -33245 -33423 -33296 -33305 -33400
-33346 -33436 -33351 -33343 -33444 -33293 -33402 -33444 -33259 -33277 -33376 -33390 -33435 -33315 -33455 -33413 -33228 -33333 -33325 -33469 -33346 -33320 -33351 -33255 -33356 -33434 -33294 -33269 -33398 -33366 -33368 -33336 -33356 -33444 -33296 -33364 -33438 -33273 -33289 -33427 -33290 -33249 -33225 -33286 -33388 -33222 -33343 -33238 -33339 -33454
-33418 -33297 -33354 -33374 -33356 -33272 -33391 -33253 -33345 -33380 -33443 -33356 -33434 -33335 -33312 -33368 -33314 -33469 -33271 -33334 -33227 -33225 -33421 -33429 -33247 -33250 -33421 -33229 -33300 -33309 -33281 -33356 -33410 -33324 -33237 -33254 -33456 -33355 -33428 -33463 -33313 -33275 -33432 -33444 -33299 -33339 -33346 -33289 -33328 -33312
-33424 -33303 -33351 -33465 -33415 -33372 -33290 -33286 -33456 -33398 -33388 -33448 -33230 -33410 -33414 -33437 -33335 -33449 -33459 -33320 -33235 -33415 -33337 -33353 -33405 -33288 -33387 -33308 -33223 -33430 -33283 -33375 -33320 -33436 -33293 -33417 -33406 -33328 -33352 -33241 -33266 -33341 -33290 -33308 -33246 -33407 -33459 -33293 -33386 -33304
54269 54120 54159 54232 54318 54160 54357 54192 54141 54349 54227 54205 54186 54163 54179 54319 54133 54315 54263 54363 54320 54259 54184 54179 54345 54159 54295 54340 54131 54276 54264 54285 54173 54174 -33317 -33404 -33327 -33454 -33352 -33400 -33353 -33224 -33314 -33322 -33341 -33375 -33416 -33339 -33320 -33384
54239 54153 54124 54226 54296 54212 54256 54210 54122 54218 54191 54327 54275 54175 54149 54360 54142 54295 54238 54311 54214 54247 54356 54146 54332 54180 54215 54143 54156 54123 54244 54263 54158 54250 -33366 -33388 -33461 -33221 -33350 -33433 -33260 -33430 -33246 -33338 -33297 -33356 -33463 -33241 -33432 -33396
54151 54285 54261 54352 54326 54214 54293 54293 54273 54305 54287 54300 54353 54221 54279 54230 54319 54123 54247 54217 54360 54351 54254 54279 54304 54191 54136 54267 54301 54285 54136 54159 54297 54224 -33321 -33312 -33456 -33224 -33347 -33414 -33402 -33341 -33463 -33469 -33446 -33396 -33282 -33228 -33462 -33311
54288 54156 54124 54291 54250 54277 54215 54283 54362 54259 54181 54230 54356 54164 54143 54170 54249 54292 54209 54332 54261 54143 54246 54342 54320 54274 54349 54226 54162 54363 54339 54355 54312 54341 -33318 -33264 -33369 -33357 -33395 -33399 -33348 -33234 -33404 -33302 -33430 -33304 -33462 -33429 -33352 -33380
54317 54247 54334 -33230 -33289 -33429 -33412 -33312 54331 54130 54181 54306 54355 54284 54158 54232 54321 54225 54315 54353 54216 54345 54196 54133 54165 54180 54265 54324 54260 54334 54320 54298 54258 54250 -33231 -33341 -33286 -33434 -33260 -33230 -33338 -33400 -33325 -33448 -33352 -33326 -33436 -33253 -33335 -33319
54359 54306 54269 -33306 -33236 -33238 -33371 -33408 54229 54327 54152 54334 54295 54316 54291 54279 54334 54251 54249 54338 54206 54309 54217 54310 54147 54364 54272 54355 54230 54227 54254 54280 54332 54212 -33432 -33273 -33247 -33244 -33454 -33449 -33373 -33274 -33243 -33444 -33382 -33340 -33236 -33265 -33389 -33328
54332 54195 54354 54131 54145 54117 54139 54123 54226 54263 54297 54364 54152 54304 54260 54173 54330 54116 54352 54226 54225 54176 54343 54183 54125 54124 54120 54270 54289 54169 54217 54358 54230 54217 -33431 -33409 -33459 -33249 -33393 -33321 -33281 -33294 -33243 -33311 -33363 -33352 -33399 -33458 -33435 -33421
-33244 -33304 -33257 -33429 -33323 -33346 -33363 -33374 -33434 -33293 -33317 -33343 -33314 -33223 -33321 -33412 -33227 -33468 -33336 -33291 -33287 -33256 -33248 -33265 -33271 -33365 -33248 -33334 -33260 -33229 -33370 -33297 -33351 -33350 -33264 -33286 -33458 -33369 -33229 -33403 -33457 -33465 -33333 -33353 -33427 -33338 -33406 -33468 -33350 -33256
-33349 -33233 -33448 -33295 -33354 -33364 -33405 -33285 -33376 -33266 -33368 -33394 -33466 -33350 -33246 -33314 -33320 -33342 -33454 -33277 -33312 -33244 -33470 -33378 -33373 -33457 -33360 -33311 -33292 -33419 -33443 -33376 -33397 -33327 -33368 -33401 -33294 -33405 -33356 -33410 -33455 -33356 -33222 -33353 -33412 -33311 -33332 -33378 -33266 -33280
-33233 -33410 -33244 -33252 -33262 -33348 -33339 -33377 -33302 -33233 -33347 -33304 -33248 -33407 -33364 -33304 -33236 -33361 -33244 -33363 -33288 -33259 -33460 -33279 -33423 -33432 -33346 -33376 -33267 -33286 -33289 -33417 -33429 -33361 -33448 -33390 -33299 -33411 -33347 -33415 -33379 -33460 -33460 -33400 -33317 -33268 -33374 -33281 -33443 -33428
-33464 -33315 -33355 -33418 -33288 -33443 -33234 -33431 -33323 -33427 -33299 -33454 -33363 -33271 -33378 -33314 -33259 -33400 -33430 -33295 -33361 -33241 -33407 -33454 -33260 -33313 -33244 -33324 -33378 -33427 -33439 -33374 -33464 -33412 -33373 -33416 -33327 -33320 -33383 -33244 -33250 -33286 -33430 -33316 -33264 -33440 -33394 -33416 -33346 -33266
-33301 -33411 -33325 -33274 -33368 -33364 -33374 -33239 -33400 -33416 -33394 -33411 -33241 -33380 -33464 -33402 -33244 -33298 -33238 -33349 -33267 -33390 -33437 -33366 -33312 -33298 -33436 -33376 -33406 -33452 -33361 -33372 -33318 -33449 -33293 -33410 -33462 -33391 -33256 -33263 -33337 -33390 -33332 -33288 -33448 -33403 -33407 -33324 -33269 -33421
-33323 -33452 -33367 -33400 -33412 -33393 -33361 -33469 -33307 -33286 -33421 -33301 -33359 -33314 -33458 -33322 -33328 -33222 -33295 -33268 -33313 -33459 -33366 -33464 -33448 -33417 -33224 -33432 -33440 -33465 -33227 -33436 -33425 -33403 -33223 -33375 -33386 -33446 -33407 -33469 -33333 -33383 -33320 -33343 -33383 -33241 -33382 -33236 -33425 -33304
-33324 -33323 -33278 -33282 -33391 -33300 -33328 -33410 -33299 -33241 -33277 -33310 -33244 -33400 -33361 -33373 -33322 -33292 -33438 -33282 -33471 -33339 -33435 -33390 -33450 -33387 -33226 -33430 -33283 -33378 -33392 -33329 -33459 -33235 -33330 -33440 -33384 -33401 -33289 -33438 -33318 -33345 -33289 -33307 -33459 -33355 -33340 -33458 -33401 -33321
-33467 -33266 -33388 -33235 -33259 -33421 -33379 -33376 -33387 -33323 -33402 -33337 -33226 -33282 -33259 -33347 -33245 -33379 -33294 -33252 -33334 -33323 -33284 -33287 -33464 -33424 -33447 -33348 -33374 -33348 -33339 -33444 -33273 -33329 -33263 -33389 -33262 -33384 -33225 -33327 -33268 -33352 -33245 -33303 -33420 -33292 -33238 -33403 -33258 -33364
-33223 -33358 -33464 -33242 -33466 -33277 -33296 -33401 -33444 -33375 -33447 -33421 -33422 -33411 -33361 -33363 -33396 -33409 -33246 -33238 -33449 -33238 -33251 -33308 -33262 -33396 -33274 -33252 -33246 -33396 -33423 -33466 -33264 -33374 -33400 -33395 -33351 -33457 -33253 -33242 -33305 -33291 -33316 -33423 -33365 -33384 -33452 -33454 -33379 -33325
-33252 -33450 -33418 -33258 -33456 -33457 -33428 -33229 -33462 -33240 -33467 -33414 -33343 -33322 -33433 -33398 -33283 -33367 -33341 -33286 -33380 -33250 -33360 -33354 -33437 -33293 -33264 -33249 -33264 -33230 -33361 -33308 -33397 -33468 -33310 -33365 -33324 -33371 -33258 -33311 -33385 -33430 -33291 -33314 -33335 -33324 -33408 -33237 -33458 -33369
-33311 -33457 -33273 -33279 -33325 -33438 -33307 -33380 -33271 -33239 -33464 -33424 -33241 -33327 -33442 -33445 -33384 -33250 -33261 -33294 -33398 -33231 -33319 -33355 -33262 -33339 -33459 -33336 -33354 -33234 -33349 -33315 -33232 -33351 -33378 -33311 -33340 -33349 -33389 -33390 -33324 -33425 -33381 -33271 -33277 -33413 -33382 -33468 -33408 -33409
-33461 -33447 -33304 -33388 -33422 -33362 -33381 -33446 -33359 -33409 -33430 -33378 -33245 -33361 -33373 -33272 -33454 -33288 -33391 -33417 -33467 -33429 -33454 -33399 -33286 -33462 -33373 -33264 -33334 -33364 -33327 -33389 -33403 -33279 -33427 -33359 -33383 -33450 -33415 -33317 -33418 -33359 -33431 -33274 -33394 -33253 -33420 -33447 -33310 -33467
-33356 -33412 -33419 -33232 -33348 -33415 -33464 -33368 -33395 -33325 -33427 -33313 -33230 -33287 -33304 -33350 -33443 -33273 -33347 -33454 -33342 -33402 -33273 -33228 -33259 -33310 -33418 -33471 -33355 -33381 -33314 -33419 -33352 -33391 -33431 -33367 -33391 -33287 -33438 -33388 -33305 -33420 -33457 -33267 -33308 -33314 -33303 -33441 -33399 -33456
-33417 -33357 -33462 -33358 -33231 -33313 -33361 -33289 -33398 -33333 -33416 -33361 -33341 -33399 -33266 -33371 -33394 -33262 -33459 -33463 -33248 -33302 -33327 -33446 -33292 -33224 -33301 -33318 -33311 -33326 -33259 -33452 -33412 -33300 -33434 -33316 -33396 -33447 -33240 -33410 -33383 -33280 -33281 -33400 -33339 -33297 -33277 -33425 -33260 -33398
-33290 -33292 -33325 -33234 -33431 -33421 -33328 -33324 -33382 -33353 -33351 -33386 -33361 -33323 -33341 -33315 -33317 -33297 -33259 -33359 -33408 -33408 -33323 -33227 -33311 -33328 -33234 -33317 -33423 -33373 -33449 -33274 -33294 -33225 -33302 -33253 -33290 -33381 -33390 -33440 -33355 -33374 -33358 -33259 -33284 -33461 -33380 -33355 -33296 -33410
-33339 -33223 -33398 -33367 -33418 -33372 -33272 -33355 -33454 -33344 -33328 -33311 -33282 -33307 -33255 -33288 -33389 -33251 -33392 -33331 -33410 -33355 -33283 -33300 -33348 -33463 -33360 -33388 -33454 -33340 -33228 -33292 -33381 -33372 -33299 -33287 -33454 -33240 -33240 -33388 -33231 -33299 -33352 -33337 -33357 -33259 -33234 -33264 -33320 -33253
-33327 -33431 -33460 -33455 -33418 -33342 -33424 -33457 -33373 -33344 -33274 -33271 -33429 -33349 -33464 -33432 -33343 -33337 -33374 -33351 -33362 -33459 -33423 -33326 -33434 -33373 -33254 -33369 -33317 -33374 -33443 -33429 -33339 -33292 -33374 -33315 -33382 -33455 -33289 -33307 -33397 -33380 -33444 -33284 -33266 -33375 -33361 -33390 -33261 -33465
-33237 -33230 -33224 -33242 -33374 -33292 -33429 -33268 -33349 -33406 -33285 -33449 -33351 -33324 -33454 -33237 -33292 -33295 -33383 -33259 -33394 -33448 -33291 -33360 -33440 -33333 -33389 -33224 -33276 -33354 -33440 -33304 -33362 -33417 -33225 -33441 -33242 -33257 -33318 -33377 -33330 -33441 -33238 -33282 -33265 -33307 -33448 -33440 -33267 -33403
-33406 -33336 -33301 -33391 -33446 -33273 -33358 -33386 -33305 -33305 -33278 -33328 -33239 -33374 -33451 -33276 -33383 -33343 -33357 -33273 -33296 -33421 -33351 -33270 -33345 -33327 -33314 -33334 -33401 -33351 -33298 -33414 -33250 -33367 -33399 -33280 -33297 -33448 -33325 -33240 -33416 -33406 -33255 -33283 -33396 -33326 -33442 -33250 -33371 -33438
-33391 -33337 -33379 -33357 -33236 -33389 -33415 -33324 -33470 -33436 -33254 -33278 -33379 -33261 -33310 -33223 -33285 -33443 -33391 -33418 -33336 -33343 -33398 -33323 -33280 -33323 -33355 -33287 -33338 -33422 -33273 -33343 -33399 -33332 -33401 -33375 -33436 -33369 -33349 -33298 -33450 -33324 -33352 -33372 -33389 -33260 -33263 -33439 -33389 -33306
-33452 -33382 -33351 -33297 -33321 -33296 -33253 -33471 -33403 -33379 -33378 -33361 -33444 -33382 -33316 -33310 -33255 -33360 -33291 -33361 -33292 -33466 -33276 -33466 -33406 -33407 -33259 -33432 -33471 -33431 -33435 -33230 -33424 -33330 -33374 -33403 -33247 -33453 -33317 -33400 -33223 -33404 -33263 -33360 -33330 -33380 -33419 -33264 -33435 -33404
-33284 -33361 -33319 -33323 -33419 -33225 -33221 -33404 -33432 -33421 -33309 -33407 -33394 -33394 -33376 -33268 -33291 -33301 -33364 -33355 -33257 -33294 -33470 -33401 -33390 -33256 -33393 -33427 -33399 -33330 -33246 -33336 -33228 -33279 -33441 -33366 -33387 -33328 -33293 -33460 -33265 -33410 -33462 -33259 -33436 -33289 -33375 -33297 -33428 -33354
-33463 -33439 -33465 -33395 -33340 -33433 -33302 -33431 -33303 -33305 -33338 -33360 -33307 -33390 -33266 -33311 -33351 -33234 -33398 -33222 -33244 -33257 -33444 -33368 -33332 -33383 -33322 -33412 -33416 -33431 -33293 -33388 -33384 -33401 -33443 -33434 -33283 -33229 -33456 -33418 -33316 -33433 -33227 -33416 -33336 -33246 -33452 -33324 -33261 -33368
-33345 -33313 -33279 -33462 -33234 -33406 -33329 -33342 -33276 -33295 -33316 -33452 -33428 -33286 -33408 -33445 -33397 -33470 -33259 -33267 -33326 -33288 -33343 -33328 -33431 -33299 -33341 -33467 -33347 -33225 -33323 -33341 -33458 -33467 -33289 -33251 -33306 -33310 -33396 -33399 -33461 -33372 -33378 -33319 -33316 -33254 -33290 -33355 -33231 -33367
-33247 -33436 -33237 -33432 -33332 -33363 -33295 -33462 -33447 -33350 -33386 -33270 -33271 -33358 -33439 -33252 -33244 -33224 -33331 -33461 -33283 -33414 -33271 -33328 -33435 -33384 -33355 -33446 -33258 -33411 -33441 -33410 -33313 -33432 -33339 -33307 -33339 -33399 -33342 -33297 -33340 -33446 -33290 -33274 -33312 -33327 -33387 -33382 -33275 -33270
-33380 -33246 -33393 -33399 -33392 -33275 -33327 -33467 -33302 -33324 -33375 -33254 -33461 -33291 -33337 -33424 -33373 -33260 -33465 -33268 -33261 -33236 -33281 -33460 -33363 -33284 -33331 -33255 -33441 -33268 -33417 -33301 -33423 -33283 -33411 -33272 -33262 -33471 -33255 -33276 -33374 -33239 -33309 -33467 -33362 -33273 -33263 -33245 -33313 -33392
-33221 -33434 -33229 -33373 -33402 -33454 -33319 -33276 -33260 -33401 -33464 -33270 -33431 -33441 -33294 -33369 -33419 -33252 -33311 -33428 -33454 -33309 -33432 -33340 -33450 -33449 -33296 -33286 -33459 -33299 -33390 -33334 -33422 -33379 -33256 -33447 -33351 -33459 -33238 -33340 -33385 -33406 -33426 -33271 -33348 -33276 -33316 -33260 -33451 -33246
-33471 -33269 -33289 -33276 -33331 -33254 -33322 -33313 -33301 -33441 -33336 -33391 -33353 -33353 -33382 -33361 -33260 -33459 -33460 -33462 -33402 -33459 -33370 -33301 -33372 -33302 -33417 -33446 -33378 -33261 -33299 -33328 -33233 -33277 -33407 -33312 -33233 -33236 -33230 -33422 -33313 -33288 -33287 -33370 -33377 -33232 -33406 -33232 -33439 -33249
