50 50
-29756 -19736 -54935 -57644 -49684 -91679 -96564 -943 -32861 -67422 -45026 -5725 -35099 -76990 -19265 -27455 -77253 -25331 -29292 -76827 -76745 -66349 -9201 -75324 -43581 -85055 -62525 -57732 -67588 -88813 -52121 -60610 -782 -5430 -25936 -65157 -62120 -72646 -70234 -24514 -9020 -99535 -35889 -76166 -38021 -83930 -88693 -57527 -49725 -85614
-64686 -9617 -70677 -91784 -37489 -30364 -17598 -24111 -1377 -56377 -99020 -25908 -80392 -23902 -27061 -87795 -87411 -47372 -68138 -66377 -60293 -22483 -56228 -6991 -49585 -13471 -28769 -91411 -3819 -12587 -38023 -61965 -38194 -39317 -1995 -16525 -74555 -16454 -30980 -99130 -71723 -88404 -34921 -59851 -40201 -14031 -53151 -62671 -69144 -37307
-40811 -43277 -39595 -29329 -15530 -46265 -97871 -94430 -12056 -83198 -83524 -502 -4170 -84379 -66581 -37345 -48658 -69233 -76704 -40522 -1022 -21274 -43534 -10709 -57914 -5465 -37506 -19700 -68393 -13510 -80316 -34054 -73848 -14467 -95735 -27579 -26673 -3729 -32293 -13196 -73656 -85863 -62746 -89802 -11126 -51687 -10547 -43687 -33394 -44298
-25879 -54693 -2633 -6525 -13086 -68868 -94176 -41283 -78552 -36916 -71835 -88544 -89118 -29422 -16218 -15155 -43632 -95119 -42158 -92314 -12523 -99617 -80382 -66565 -43499 -6359 -26036 -63869 -88421 -13616 -27072 -92465 -3429 -71035 -23868 -83485 -56245 -71390 -76667 -62505 -16915 -10184 -51852 -30542 -34629 -51625 -91332 -20130 -91555 -68253
-53217 -5300 -91550 -66740 -88880 -31481 -28053 -25009 -9730 -77437 -50130 -17066 -58207 -81074 -98684 -72337 -5604 -1903 -98808 -16412 -58904 -69550 -23784 -51569 -43913 -25081 -11541 -18185 -36028 -70693 -88165 -82838 -62479 -15467 -53610 -4965 -56527 -87132 -92027 -98233 -31357 -95697 -23893 -66724 -2634 -2624 -56231 -92912 -43065 -3770
-43431 -12707 -13598 -85957 -38293 -40425 -69088 -91552 -50646 -14980 -48808 -20996 -87231 -79486 -5654 -40409 -96970 -97409 -93933 -7839 -30361 -78260 -40485 -38728 -68612 -945 -52189 -94959 -80085 -80343 -52850 -37440 -91847 -60809 -70615 -45130 -54284 -13928 -4285 -975 -12485 -74714 -20459 -73704 -2568 -79386 -13245 -32429 -27633 -71729
-81087 -80384 -98528 -21361 -89692 -49021 -16156 -80379 -31816 -28707 -47785 -56146 -20254 -16474 -17745 -22133 -81248 -80171 -6862 -45947 -91033 -29732 -36478 -43246 -22033 -18413 -77763 -44581 -60320 -78220 -9519 -28577 -51974 -68899 -2113 -7305 -31168 -48224 -59490 -84166 -34755 -34399 -94763 -55063 -50799 -5750 -10601 -83134 -47952 -89813
-4461 -83388 -51543 -12420 -69774 -99980 -97681 -62245 -58680 -97932 -55868 -54945 -93390 -11518 -96788 -28544 -57959 -97028 -18836 -61364 -79698 -62990 -89746 -18279 -75418 -35747 -60713 -79663 -52731 -25435 -29636 -57045 -15184 -53722 -73587 -34472 -97743 -92898 -52441 -11612 -12934 -14964 -98719 -22289 -8775 -48355 -4805 -85328 -48053 -96568
-17735 -283 -96079 -73869 -70453 -81902 -41209 -36302 -73099 -11346 -56162 -76459 -98959 -77277 -44341 -59451 -26334 -952 -26183 -8568 -13273 -13267 -85304 -31777 -57644 -5563 -62533 -42418 -51734 -62283 -68527 -68168 -84051 -17226 -22326 -73830 -27894 -43358 -9830 -83157 -81867 -95532 -12161 -40188 -27787 -28604 -18085 -38767 -51361 -39737
-85778 -59121 -31589 -90708 -11357 -89685 -6830 -94313 -34453 -86949 -19037 -66619 -35673 -55851 -68707 -16822 -82205 -77957 -92523 -42663 -37686 -26794 -34232 -34118 -13403 -25263 -27968 -51820 -90255 -46033 -20575 -64414 -77339 -55880 -1266 -15074 -16593 -76083 -39110 -49738 -28427 -32821 -18565 -12789 -9511 -33667 -50098 -36959 -73727 -52047
-6619 -69973 -95242 -52110 -48730 -49796 -94931 -98690 -91635 -79792 -61571 -64514 -31336 -26007 -81793 -52228 -76963 -23200 -40077 -58713 -64005 -93136 -95625 -41042 -46149 -37821 -19561 -32349 -15232 -56503 -71528 -11737 -86418 -9603 -58784 -79296 -77004 -37131 -98027 -71654 -61182 -27516 -75602 -20840 -88840 -13633 -87864 -85912 -38257 -74708
-95423 -23562 -51226 -68022 -10658 -56508 -78342 -40437 -91842 -24545 -94869 -10365 -77852 -95337 -44574 -85289 -99600 -38947 -41282 -63779 -23081 -11948 -44142 -88172 -64988 -91003 -44548 -38249 -17655 -23517 -486 -74823 -8552 -66850 -37669 -69400 -29199 -61316 -6623 -48378 -71528 -4494 -63825 -5912 -18524 -25534 -91299 -51160 -12351 -43175
-32958 -6693 -52463 -89703 -89677 -97492 -50749 -49750 -62198 -70290 -24031 -30542 -90207 -52081 -1332 -2834 -24860 -3864 -33808 -28535 -50449 -76212 -87282 -68871 -57305 -51706 -39972 -63873 -82269 -30322 -44521 -96635 -84459 -38032 -73350 -87376 -62247 -51355 -78884 -86170 -59562 -89397 -58755 -68874 -95055 -54515 -71113 -39288 -42016 -23728
-4097 -37769 -20039 -65363 -35695 -64087 -49527 -72436 -35365 -87001 -71373 -81734 -7511 -34511 -24859 -74739 -2656 -48260 -82711 -37619 -91118 -10135 -28568 -30318 -98561 -6368 -6624 -82312 -90011 -5054 -70735 -924 -86134 -78913 -60847 -20821 -29613 -6713 -12045 -29594 -7553 -38225 -60301 -54909 -4851 -49320 -57731 -5906 -18891 -65205
-93630 -67087 -69086 -4826 -11786 -62635 -30153 -96365 -98959 -9839 -76057 -44293 -12870 -84914 -94796 -85249 -77486 -33892 -57718 -10957 -71452 -41167 -99441 -41984 -93211 -6285 -85682 -53786 -6906 -45303 -14441 -96951 -95787 -63424 -9826 -43466 -6491 -17375 -14162 -48139 -64076 -6387 -30656 -97889 -6378 -46834 -71467 -12478 -39623 -30791
-45005 -30425 -26708 -54487 -97057 -88496 -61111 -83332 -28857 -31211 -30475 -59152 -52876 -15853 -59276 -67480 -97998 -16699 -10082 -13746 -5805 -84398 -69488 -39242 -45693 -87474 -21085 -70810 -80215 -86786 -43072 -82150 -56962 -51593 -78738 -70641 -70106 -53693 -20417 -49681 -41293 -97802 -73653 -92162 -82118 -638 -76539 -29370 -55907 -50062
-64358 -23004 -77223 -75535 -3684 -67752 -4855 -10337 -75094 -11446 -90757 -52980 -34132 -28813 -71905 -9117 -17712 -24890 -76674 -96738 -97847 -87813 -15922 -6656 -86484 -84909 -98460 -43998 -7081 -73451 -73753 -20075 -10691 -16691 -43889 -31297 -33318 -70105 -71908 -68999 -18931 -21320 -99467 -67395 -66528 -48265 -72743 -94738 -64316 -3915
-66438 -69701 -553 -1035 -75956 -43731 -9726 -57814 -31568 -30799 -24670 -78720 -80251 -62013 -69703 -60772 -50748 -66575 -93220 -61241 -30156 -31473 -4722 -85463 -19653 -31872 -67871 -48689 -8461 -33475 -22698 -10520 -79168 -55991 -5158 -16024 -12361 -21295 -93501 -13401 -27203 -14130 -16392 -79470 -29888 -11618 -82390 -78508 -88818 -65538
-78566 -93613 -14559 -54593 -30093 -97340 -31966 -81499 -57085 -31484 -11235 -800 -56625 -82086 -24045 -96482 -25653 -35039 -81181 -1209 -60490 -2897 -75472 -37866 -17332 -99128 -33504 -36714 -29318 -89523 -31111 -19457 -585 -59566 -29174 -87763 -59344 -77418 -57091 -49718 -11175 -43444 -83711 -84794 -27608 -43255 -89086 -66385 -54369 -47395
-96254 -90973 -92462 -70443 -37761 -25216 -45509 -13124 -96430 -95137 -92268 -2484 -36049 -63452 -47944 -16448 -35091 -83231 -81966 -24666 -55212 -33322 -3232 -5056 -16812 -18634 -74626 -12608 -30778 -56686 -19500 -21980 -40166 -21192 -73458 -56337 -49818 -76853 -70731 -29158 -12354 -51652 -84879 -70189 -80370 -22831 -75034 -26179 -78450 -39955
-69091 -61166 -30959 -13037 -65865 -15939 -64650 -10659 -53754 -85035 -37779 -93034 -33304 -94705 -50084 -43160 -39100 -87109 -43662 -67385 -35772 -51411 -40344 -80474 -5219 -32063 -38201 -14882 -56420 -32472 -56276 -73729 -25507 -66361 -33661 -65721 -16654 -99294 -74739 -62112 -20661 -71711 -41369 -37741 -84680 -18944 -83330 -6905 -144 -21473
-80632 -33409 -57322 -21430 -64112 -37341 -83023 -30548 -18150 -15939 -53638 -88956 -90718 -65017 -1512 -60579 -62367 -88740 -20041 -73025 -51399 -53029 -97996 -29673 -5422 -2039 -89773 -50856 -41382 -10416 -32776 -54832 -26884 -78496 -58680 -7662 -25404 -64083 -70278 -35929 -35812 -62365 -65717 -71447 -32312 -71332 -39706 -20968 -62261 -54647
-90114 -24559 -63280 -53465 -94587 -71099 -34811 -46949 -5785 -14367 -11768 -25927 -7381 -71748 -86316 -48179 -11975 -29076 -24107 -83731 -20509 -43522 -3645 -66354 -11358 -88493 -25324 -9730 -62153 -69687 -54872 -68865 -58648 -86650 -83235 -54936 -89788 -23509 -48604 -88235 -63829 -30959 -57664 -24967 -16710 -19155 -85478 -3866 -29528 -31276
-75478 -69522 -19570 -52434 -30512 -74820 -4704 -78822 -94457 -54261 -61293 -23773 -45872 -98193 -99509 -4039 -28795 -43712 -48731 -78260 -85902 -35948 -80512 -49532 -93280 -12798 -97971 -85316 -54144 -87412 -23226 -56383 -28235 -21688 -42180 -38381 -27772 -44080 -98380 -93209 -18953 -28024 -84116 -83801 -71739 -41066 -53258 -33223 -86960 -35341
-21837 -74635 -83024 -13607 -90083 -76728 -99831 -53038 -72056 -13320 -5671 -13711 -91881 -33903 -27430 -64584 -75662 -22345 -99552 -20816 -6681 -27235 -7142 -2935 -72585 -11203 -73034 -60821 -10834 -5293 -72198 -96304 -84529 -77317 -46180 -62841 -17812 -94435 -75129 -43109 -40467 -3389 -35972 -34422 -22323 -11021 -63831 -48647 -10013 -7228
-7778 -51333 -88368 -8150 -51382 -73494 -80382 -61966 -33149 -81521 -78250 -88325 -65078 -58483 -92835 -96503 -56165 -93991 -78320 -39903 -64174 -8994 -96807 -57564 -63685 -15646 -68483 -25263 -5421 -72005 -55554 -34138 -22292 -54980 -78718 -63615 -92200 -62210 -2908 -60348 -76243 -63230 -38105 -25814 -79975 -28115 -65685 -6598 -93262 -18154
-66762 -80324 -61045 -62805 -72707 -25837 -18250 -26876 -58401 -96337 -31408 -81798 -96668 -17584 -44641 -93202 -16716 -59866 -72117 -36000 -11083 -74397 -70161 -83016 -59491 -83014 -11168 -33505 -51515 -62650 -84338 -98777 -47526 -71034 -37148 -66575 -74424 -71251 -45365 -31907 -13257 -66881 -71447 -49574 -33591 -73475 -65286 -88634 -15011 -19350
-57786 -95909 -25486 -4977 -4147 -80422 -59959 -88105 -22075 -29606 -90588 -65601 -74482 -7738 -3409 -520 -19824 -56136 -13091 -4933 -25796 -23404 -91599 -55035 -44780 -99697 -8138 -6098 -11052 -47023 -73414 -15407 -57891 -13214 -13124 -16307 -71225 -50262 -31608 -40523 -31770 -39991 -59189 -5673 -56712 -45679 -56280 -77736 -19794 -38828
-84495 -80297 -35266 -94417 -9597 -79201 -68641 -41498 -98311 -10771 -69198 -4340 -41996 -77211 -7858 -60359 -93378 -47005 -83132 -60358 -96323 -10482 -77338 -6463 -38063 -75306 -25492 -75096 -91876 -32975 -2110 -75851 -78174 -57848 -6374 -12020 -7905 -11726 -72209 -61844 -45054 -90 -18123 -1212 -13263 -57703 -80409 -28361 -36386 -19882
-83524 -47063 -81992 -15713 -47705 -89789 -7916 -37451 -14948 -8863 -72121 -38427 -74851 -77190 -42948 -102 -65937 -89582 -53368 -15543 -97845 -93038 -63196 -1236 -81307 -21940 -98922 -93701 -71708 -45581 -85056 -62386 -63949 -35164 -95547 -71367 -41293 -85028 -36416 -76224 -58713 -20228 -60297 -96540 -23174 -83838 -66523 -93705 -6423 -12448
-70414 -42900 -4102 -8935 -74419 -55110 -92693 -4037 -99293 -71633 -93902 -47185 -13301 -68814 -39686 -65790 -99884 -1490 -89862 -74048 -10009 -9702 -24559 -3033 -59038 -27911 -8143 -7589 -72617 -26623 -32692 -70769 -73275 -32219 -1505 -86110 -95266 -85306 -46603 -8644 -13426 -95043 -29077 -12183 -67230 -44971 -37555 -57524 -16009 -30792
-71250 -1758 -9571 -94419 -25016 -7209 -90048 -80695 -7965 -37896 -58460 -2524 -78744 -87667 -73659 -46123 -42924 -8076 -19518 -53984 -1780 -32901 -98619 -82399 -19791 -89921 -81851 -53807 -21159 -12465 -73865 -46161 -38973 -10280 -2518 -98926 -51848 -82184 -20776 -67133 -95011 -11103 -74723 -17709 -27395 -96034 -34006 -14565 -59735 -20846
-33463 -62837 -55960 -5769 -76106 -18423 -1112 -29064 -70852 -49708 -15510 -60478 -9986 -67856 -64534 -80554 -99217 -70431 -94815 -34968 -80903 -50761 -17114 -92730 -35110 -89763 -68963 -74268 -89495 -32614 -70762 -34196 -86361 -14128 -78281 -66053 -59602 -97547 -89426 -68763 -76806 -71195 -48168 -31889 -9505 -54217 -63181 -29989 -56759 -9753
-55430 -65467 -21750 -29245 -69684 -20316 -11314 -83478 -82492 -82690 -88984 -2804 -37243 -73134 -16981 -24983 -45472 -85809 -30916 -78094 -76920 -87301 -27295 -36912 -17934 -82209 -12950 -53636 -98642 -26022 -83428 -66795 -748 -1405 -33058 -65250 -49432 -72433 -57200 -81464 -99281 -7999 -74767 -62742 -54910 -36099 -6638 -77212 -32050 -16136
-91590 -72893 -47318 -67981 -41360 -99101 -51935 -16998 -55994 -37649 -21736 -37607 -61622 -85901 -55382 -55683 -81096 -83335 -41743 -15241 -97709 -80629 -56447 -31497 -73182 -9352 -69556 -49175 -63598 -57065 -94504 -29750 -78160 -9365 -78408 -78031 -40189 -9406 -8334 -28358 -68940 -67728 -2613 -4079 -67664 -25821 -97540 -69845 -92701 -39595
-60213 -1894 -68099 -73500 -76823 -11395 -79274 -46566 -10816 -66653 -13340 -2544 -62949 -77673 -54022 -5539 -1585 -25666 -42688 -3122 -61124 -5630 -22129 -32097 -57143 -26951 -71083 -70898 -76500 -56933 -45637 -93314 -70969 -5055 -41849 -19616 -58380 -27311 -23973 -868 -39121 -53331 -94527 -66168 -25394 -8969 -19970 -4599 -30704 -24476
-27466 -2637 -35896 -28666 -14644 -39712 -80300 -9036 -43708 -12632 -268 -76770 -17130 -62590 -43384 -36955 -61340 -55022 -58289 -19188 -4765 -73304 -81246 -60574 -24078 -35684 -46691 -51709 -1205 -43655 -62614 -2805 -88569 -53324 -39886 -95263 -92262 -58846 -14432 -89012 -1762 -54541 -8940 -55499 -60978 -66451 -77543 -41099 -87535 -81319
-50778 -99731 -75459 -88922 -99733 -32343 -17351 -17925 -24608 -18719 -70208 -99200 -75186 -1879 -52224 -47825 -72989 -48558 -16373 -92857 -84303 -66087 -92945 -21325 -85016 -97532 -43618 -98606 -74755 -59898 -76371 -37966 -15750 -74973 -29657 -47478 -23754 -94585 -28731 -35375 -1271 -75761 -51666 -775 -64811 -18812 -99759 -90286 -96808 -87822
-54847 -29621 -46789 -72704 -24362 -34882 -78788 -59945 -14863 -90304 -8095 -56937 -66626 -40074 -57270 -44452 -87784 -65911 -27874 -75358 -96232 -14680 -33176 -62974 -16900 -5569 -95429 -98650 -87463 -63024 -32055 -8014 -89145 -20493 -21175 -596 -3842 -79206 -68496 -26803 -56363 -41856 -94507 -38943 -57619 -96469 -87628 -91985 -40835 -77992
-48336 -44053 -90491 -14759 -58305 -10702 -46318 -91613 -91873 -79813 -3709 -68111 -38266 -59254 -2766 -20222 -31955 -84516 -14518 -17043 -80256 -24077 -38502 -82048 -40891 -25256 -45829 -19089 -54119 -52298 -25699 -8462 -46085 -83884 -53449 -62719 -45793 -37896 -24603 -55629 -78758 -77053 -58406 -18185 -91621 -27578 -54019 -69771 -53663 -92771
-96564 -29380 -55262 -7895 -71779 -30911 -87418 -48022 -61680 -83416 -19627 -10774 -94985 -83048 -44037 -1676 -41113 -65848 -21585 -46406 -94324 -87623 -22299 -13055 -67347 -269 -32330 -55238 -52711 -46168 -12683 -4360 -85249 -29374 -33117 -38206 -49889 -9133 -24146 -17121 -12087 -45079 -81890 -26295 -62491 -51009 -22873 -2240 -82799 -64044
-48252 -15653 -78334 -8608 -75866 -8108 -15042 -26003 -65098 -84196 -6691 -70158 -25733 -36259 -12989 -10639 -33343 -20283 -93423 -48417 -87862 -93545 -39846 -89600 -76810 -87579 -16176 -76544 -76645 -21487 -97277 -73445 -36057 -44209 -76990 -1263 -34884 -26294 -84275 -46835 -61910 -33787 -72973 -78923 -78336 -91548 -41670 -64733 -81394 -39217
-30886 -78465 -91216 -58323 -45252 -1126 -43980 -47721 -29141 -53112 -19033 -91875 -8890 -94589 -51132 -27246 -42879 -1117 -25196 -23531 -38231 -79953 -51607 -14232 -88464 -81765 -99547 -47511 -33989 -77484 -41048 -13255 -35844 -51930 -69316 -85036 -39609 -27044 -84039 -49935 -5377 -38812 -2498 -39939 -28380 -74031 -79640 -54463 -41435 -39186
-86269 -62845 -72756 -96721 -57851 -96453 -2944 -88259 -25163 -70876 -20733 -81685 -96740 -53692 -6114 -91076 -5400 -88725 -77419 -95161 -89480 -78472 -12095 -79833 -80749 -85094 -99948 -93483 -87307 -51196 -30078 -61334 -5504 -67698 -27306 -67631 -52757 -72697 -13636 -7864 -28201 -9078 -13622 -80093 -58389 -35044 -23659 -6243 -51667 -10326
-87535 -76289 -86552 -93902 -6548 -78505 -67190 -54097 -1464 -15113 -60241 -39998 -64260 -55151 -97453 -48567 -12044 -18840 -57752 -93360 -49982 -26366 -10651 -87491 -81694 -34155 -43864 -51983 -63098 -12651 -70249 -10012 -3998 -3076 -78366 -77253 -75341 -519 -98728 -45050 -55129 -10261 -64693 -31215 -9598 -23643 -33019 -97436 -1313 -27143
-25082 -99221 -36340 -25886 -34213 -40635 -16613 -56220 -36998 -92208 -39062 -51613 -67422 -17487 -85788 -28719 -53985 -45747 -8617 -37687 -97754 -13102 -72615 -45836 -93472 -99719 -25735 -99106 -28089 -46251 -57611 -22640 -94304 -74987 -90039 -32838 -63180 -93864 -32526 -23249 -10695 -13470 -32620 -63097 -67004 -54952 -77297 -41477 -23141 -85680
-99224 -71870 -53806 -43883 -7835 -2864 -79592 -2054 -25890 -78713 -66987 -77713 -83540 -73330 -42097 -30438 -11607 -65454 -11726 -61267 -24675 -7799 -12773 -43005 -7845 -79508 -36683 -32866 -61940 -95650 -62848 -41570 -39089 -28177 -27715 -54758 -20642 -24277 -28421 -17102 -28437 -21592 -94953 -66491 -59101 -47336 -1822 -35872 -47156 -4578
-68210 -64912 -71813 -76685 -55262 -20908 -26717 -59481 -89810 -50469 -20282 -64957 -14273 -58793 -73437 -59965 -51379 -39037 -73806 -31335 -22864 -91312 -82606 -26539 -13801 -2415 -40363 -26469 -46528 -58780 -96142 -74791 -46393 -24069 -59946 -65272 -62012 -56350 -20924 -63703 -24417 -6607 -26988 -89702 -162 -90593 -99021 -59003 -36954 -74288
-45851 -28658 -49305 -60344 -11660 -28213 -70209 -47921 -36403 -79672 -45315 -39644 -57866 -86544 -59148 -77672 -219 -68113 -36692 -86986 -35332 -20615 -6870 -35288 -95068 -93219 -42879 -63986 -37916 -33316 -14165 -26451 -31195 -20314 -72104 -87429 -99422 -80934 -58401 -98385 -65113 -30214 -70951 -2715 -23358 -33326 -99642 -5386 -15068 -57675
-78566 -66794 -1856 -97406 -9777 -80336 -83894 -28981 -46516 -59620 -93782 -96436 -35177 -13500 -8865 -77941 -15288 -35801 -71125 -70685 -18914 -40527 -57798 -95896 -52440 -84259 -65225 -6960 -81990 -49061 -668 -36300 -1970 -77982 -93446 -70391 -62426 -57739 -62427 -89524 -14587 -39162 -69544 -55503 -64310 -33634 -5714 -66381 -45662 -24159
