50 50
-21749 -39955 -70152 -22181 -71239 -36673 -88561 -74847 -48105 -8254 -56037 -20532 -23873 -39268 -17412 -97669 -64966 -49540 -42039 -65905 -20638 -45415 -64312 -70701 -37545 -40610 -99151 -35033 -17451 -71306 -87927 -17349 -6492 -48978 -32193 -62292 -46200 -68824 -30269 -71179 -97511 -53918 -88329 -54536 -3074 -82226 -58607 -15740 -85828 -25183
-57893 -26636 -78733 -63849 -39679 -47405 -87680 -4438 -64800 -61719 -14826 -45158 -1677 -52064 -7374 -65919 -13789 -83397 -49975 -14913 -81284 -47138 -67405 -67055 -91175 -76044 -46928 -77025 -44984 -16297 -11443 -81574 -28325 -26272 -13154 -1324 -63805 -71989 -41691 -88137 -17867 -84811 -60387 -37600 -28275 -82461 -82254 -7908 -79346 -17659
-34449 -81414 -89834 -58897 -38868 -84203 -50303 -9718 -61487 -44250 -37720 -70275 -50525 -87981 -58683 -81485 -53314 -4534 -641 -50410 -6578 -46342 -71529 -35022 -62802 -53061 -42507 -87135 -25595 -90043 -53080 -93894 -26605 -63485 -83451 -83257 -7622 -59864 -70744 -91635 -41180 -98245 -53405 -66627 -55716 -64170 -4507 -57614 -27902 -49791
-41472 -87060 -92021 -51749 -3155 -78204 -11050 -32556 -21407 -49452 -45528 -73702 -15301 -18490 -10535 -49749 -79437 -66421 -62821 -59725 -49495 -44971 -97016 -10500 -32244 -72649 -93718 -56807 -69311 -23646 -83240 -37626 -56522 -5913 -12367 -2819 -15001 -86779 -28743 -46557 -23208 -79956 -89029 -59266 -53720 -75197 -23608 -9032 -53067 -80213
-40355 -47548 -57736 -68986 -50682 -96148 -10699 -55679 -3836 -57537 -16942 -53 -84785 -79652 -38084 -61815 -80817 -5114 -71080 -43293 -1354 -72292 -53879 -87496 -45398 -40652 -80089 -75688 -60063 -70259 -21772 -81593 -51140 -29642 -29220 -80449 -39319 -79173 -81288 -55131 -7448 -15675 -5359 -46530 -17350 -91634 -85128 -55209 -58252 -37045
-70347 -80247 -33722 -80481 -36213 -58282 -37911 -10384 -85455 -89951 -4243 -83786 -16573 -33652 -28439 -51208 -48327 -41634 -38813 -71911 -13457 -65990 -17650 -50258 -2927 -16280 -69 -22448 -46419 -70112 -42461 -28943 -8587 -90857 -85701 -43007 -62741 -47881 -33715 -39625 -24045 -95816 -55855 -91755 -421 -6188 -55495 -20488 -23176 -43077
-95886 -47876 -19888 -19832 -42048 -30368 -43063 -20429 -5771 -1179 -26345 -19358 -22929 -48763 -40563 -8018 -3583 -69349 -54627 -49106 -16690 -42505 -52811 -81474 -72871 -40387 -29188 -88913 -35681 -74257 -40757 -3327 -22884 -65041 -20906 -70073 -36050 -58272 -96897 -12566 -56688 -6848 -78347 -34129 -61198 -13134 -35184 -96950 -39881 -21490
-94430 -57547 -70029 -3923 -48611 -49131 -50293 -49123 -14411 -39882 -53815 -49832 -53592 -49205 -67625 -6277 -23976 -74813 -16062 -96177 -68114 -85234 -38151 -88580 -77811 -8171 -42291 -47856 -10182 -35141 -12957 -19997 -30405 -57586 -61704 -53776 -30587 -4543 -12731 -89755 -29492 -24255 -59038 -24999 -14667 -91051 -35491 -81645 -39729 -6021
-38222 -35594 -56814 -9577 -98870 -69462 -89845 -13602 -99418 -38082 -31419 -37638 -27178 -37014 -46784 -22929 -95822 -47580 -78727 -89124 -80368 -34417 -30682 -18407 -41607 -56471 -43897 -18813 -29679 -20183 -33718 -11344 -65665 -20491 -23311 -49987 -52619 -37591 -76266 -6281 -1440 -15235 -39628 -89356 -70081 -78686 -45920 -50952 -74938 -41604
-80613 -30931 -88684 -9042 -53523 -94560 -52074 -583 -11795 -29251 -71009 -87371 -2611 -42428 -97527 -41490 -59973 -85468 -63757 -21025 -15802 -66323 -88610 -85085 -53060 -20899 -6845 -19618 -27044 -31419 -95400 -42951 -74901 -26998 -92535 -96381 -61231 -2703 -31831 -75305 -53269 -32623 -3824 -96440 -11203 -6029 -28122 -34537 -23620 -85700
-71016 -89087 -61477 -57647 -38154 -59815 -84408 -10417 -37760 -45786 -80494 -87295 -47290 -21375 -73917 -26150 -46054 -7472 -75415 -4416 -9037 -74326 -42277 -91369 -32975 -40723 -78570 -20272 -41071 -68415 -96855 -48910 -50955 -58576 -8551 -32105 -84211 -25519 -56872 -60556 -20489 -44358 -24745 -11601 -12738 -96592 -45952 -42251 -22450 -19015
-80427 -50809 -94322 -60400 -62783 -13004 -78839 -53788 -41715 -35511 -35386 -69616 -90342 -30582 -884 -93912 -28413 -43479 -81068 -91839 -65003 -91492 -7250 -1283 -17103 -55777 -34539 -15839 -10501 -43956 -10282 -26270 -66375 -23699 -69531 -52517 -38262 -846 -75022 -69299 -22112 -7149 -8995 -94990 -58787 -44615 -72733 -79601 -55937 -40672
-58626 -29348 -63311 -27363 -34133 -56233 -89545 -7190 -24092 -22174 -82364 -41462 -48910 -561 -42184 -52612 -44151 -18826 -99270 -15211 -38264 -9484 -92697 -28399 -17410 -12030 -91525 -90633 -1021 -49158 -95459 -7991 -9097 -62517 -86378 -41944 -10707 -64604 -5941 -30243 -12124 -92035 -45768 -47624 -49893 -20012 -45516 -58380 -11304 -5713
-36634 -78088 -57490 -85504 -87210 -78026 -9901 -53640 -19992 -76251 -27357 -8802 -16254 -35874 -80294 -12685 -25188 -33257 -40978 -47665 -40960 -33933 -29741 -10534 -98454 -4572 -94316 -49559 -18181 -22287 -48857 -46427 -93738 -17420 -69601 -84048 -36865 -57632 -87979 -16382 -6960 -80165 -60189 -59933 -20690 -67597 -21490 -8783 -36944 -45196
-82461 -76386 -24616 -86034 -98837 -82265 -75566 -60747 -79726 -82168 -48925 -33560 -24630 -69342 -80526 -23657 -95866 -24434 -14974 -35794 -20550 -24052 -48592 -96757 -16441 -40734 -31128 -10504 -65721 -5989 -2324 -87906 -74849 -52310 -30650 -83565 -51915 -32054 -27085 -43369 -77997 -44163 -62820 -53333 -80848 -65550 -93385 -53722 -47433 -3582
-7721 -27585 -86395 -72682 -83415 -90437 -48522 -50518 -6051 -54762 -33393 -17929 57879 -63429 -44207 -96622 -20919 -46534 -72310 -12795 -35723 -34327 -91600 -60975 -47033 -96144 -98975 -24761 -69178 -80752 -91138 -94698 -63060 -48764 -47128 -77369 -44949 -8222 -87244 -69161 -28002 -71634 -41157 -11392 -97854 -79693 -54051 -67128 -31049 -30781
-11015 -53395 -81247 -10003 -87781 -63687 -67812 -27822 -99003 -20945 -42218 -12413 -51001 -83033 -26427 -20518 -72498 -89426 -60620 -34047 -68354 -55103 -90640 -57869 -36347 -56009 -37451 -22603 -33753 -38504 -66272 -23846 -67799 -56820 -30464 -8850 -7415 -35722 -98538 -46811 -12718 -7736 -31491 -15447 -84198 -79730 -97689 -90550 -27614 -94031
-27746 -63823 -84857 -3624 -98144 -58169 -67122 -38369 -54071 -96289 -43328 -99528 -72846 -36832 -57373 -33104 -99154 -72829 -47812 -34541 -26648 -61327 -97769 -44927 -21656 -61317 -46975 -46509 -2626 -83736 -77990 -18222 -29516 -89900 -64438 -16355 -56996 -80485 -25602 -51215 -56075 -71193 -68905 -27237 -90614 -49748 -31081 -89729 -22375 -43613
-34518 -95997 -21941 -74950 -53978 -72902 -85151 -49183 -18230 -5023 -80068 -25200 -615 -23706 -85638 -18047 -43170 -88544 -63489 -53034 -37241 -95209 -89001 -24855 -20332 -7963 -5381 -6092 -57093 -7731 -68866 -77503 -21779 -94863 -35544 -79022 -53939 -48302 -9722 -50167 -46385 -18534 -49449 -75913 -16434 -88002 -75584 -76594 -94121 -79764
-43444 -44676 -15780 -71457 -80598 -8703 -61635 -77698 -71608 -82329 -92736 -85016 -92025 -43313 -7468 -4861 -31423 -32726 -87210 -79689 -82897 -73869 -94534 -36264 -54166 -67142 -49734 -78579 -52314 -60262 -13738 -73770 -87184 -58739 -68778 -93360 -43664 -15204 -47180 -29521 -70360 -6425 -23665 -66143 -83533 -3467 -88684 -44108 -92861 -86650
-33981 -89413 -87416 -51894 -95250 -77634 -71453 -92161 -86932 -56473 -26402 -85990 -29235 -46354 -42812 -129 -41506 -22681 -32637 -87520 -75049 -89228 -42407 -59163 -36695 -56365 -44766 -52921 -52301 -9418 -13299 -9755 -81490 -79571 -88007 -67866 -17461 -96155 -5080 -3454 -17986 -72669 -322 -63059 -47851 -7488 -84413 -50939 -41108 -17934
-19851 -1485 -95954 -34697 -12577 -66163 -48956 -81808 -98812 -9390 -57636 -47268 -83984 -96256 -9871 -57284 -82439 -64156 -78430 -741 -59203 -71724 -22737 -2739 -13252 -5314 -1883 -32691 -91429 -28310 -42557 -88700 -98116 -1519 -50545 -77951 -99987 -1012 -15357 -61138 -55714 -2425 -89552 -44197 -40823 -65738 -82905 -56351 -51915 -46726
-10370 -2574 -47834 -20077 -50469 -74524 -90570 -46214 -14623 -23078 -3859 -64381 -77390 -83407 -39899 -65504 -47252 -10055 -83949 -42177 -5708 -31142 -9 -37295 -10527 -70532 -20777 -97717 -75208 -12947 -38976 -64287 -50506 -22328 -81203 -42360 -37352 -85708 -60858 -41266 -21150 -88733 -40041 -26878 -23580 -26280 -68694 -68810 -34303 -89750
-38961 -84258 -88635 -60650 -79677 -52127 -58672 -68215 -53549 -88893 -79960 -97039 -42058 -23632 -48401 -85733 -3262 -19748 -41584 -38331 -20852 -74125 -77002 -50519 -66998 -8921 -96264 -75557 -90139 -544 -12911 -27808 -29739 -18834 -4420 -96438 -32577 -57986 -50764 -33614 -79657 -44928 -33878 -61264 -5658 -63383 -92391 -935 -1958 -99147
-32232 -72207 -71372 -86014 -65917 -61841 -2125 -39637 -88741 -83040 -17867 -76312 -25944 -93180 -68615 -17245 -8976 -99621 -20839 -67411 -5561 -55701 -88389 -28651 -85021 -66295 -5142 -56495 -20139 -66748 -38073 -19375 -25376 -97587 -66883 -37487 -44099 -46739 -75540 -57451 -82239 -50463 -32079 -3033 -87438 -57233 -11683 -74876 -72138 -17125
-50217 -69202 -80691 -74 -86935 -71729 -73533 -17713 -33349 -67791 -40752 -47118 -18873 -76236 -23360 -62377 -44859 -65023 -68903 -23953 -91440 -89181 -21595 -33862 -19967 -38066 -81533 -1457 -44892 -84571 -43498 -22929 -6383 -74474 -83222 -79468 -88553 -34804 -33275 -93223 -71406 -15347 -66432 -72387 -7461 -89965 -75766 -52106 -38324 -89005
-1809 -11767 -53126 -57395 -68450 -84409 -30783 -95079 -92451 -31260 -24230 -85821 -5425 -95401 -39954 -62775 -39996 -33018 -26931 -87753 -66651 -7853 -23717 -76643 -92396 -26631 -39324 -46089 -1862 -32642 -54643 -2454 -1463 -66981 -3191 -18659 -50981 -50024 -52289 -83973 -56848 -8844 -78818 -2485 -76281 -70931 -1553 -55883 -44552 -11605
-90115 -21732 -8492 -82718 -53506 -16534 -29863 -25155 -26198 -81609 -97714 -99665 -58422 -34358 -34483 -90394 -87248 -92706 -65775 -3254 -91084 -59114 -8510 -17715 -30037 -58487 -14922 -56152 -13498 -9391 -96124 -871 -6600 -65140 -67777 -54978 -84215 -95961 -50699 -73132 -85678 -64832 -82690 -94879 -1744 -24511 -32041 -23001 -30952 -95688
-73748 -66922 -16136 -43605 -101 -92180 -86484 -3737 -2387 -9805 -55483 -9823 -76143 -45727 -1455 -54567 -74480 -42074 -15779 -27704 -99604 -82238 -6835 -51478 -14368 -75906 -95860 -96980 -85555 -16660 -70457 -53899 -54804 -29487 -83977 -95301 -2584 -12112 -2713 -13401 -2281 -36725 -49917 -11112 -35372 -50949 -90742 -33510 -20724 -41009
-25177 -76987 -89875 -66311 -48196 -51229 -11583 -59188 -24131 -24801 -37708 -37049 -18424 -80516 -26098 -63710 -96591 -27804 -92146 -95103 -74292 -7579 -28990 -4233 -35596 -94761 -37949 -45990 -78079 -24119 -90297 -71966 -25706 -80282 -65475 -33843 -45684 -78860 -32173 -12986 -48726 -89229 -73122 -6685 -44642 -10186 -79710 -97855 -71378 -7686
-6076 -99146 -30908 -64883 -84519 -20989 -3273 -44993 -76654 -74901 -1022 -76901 -50721 -23977 -10722 -47160 -25845 -18979 -25647 -15491 -71362 -4694 -45172 -26474 -54919 -75328 -79435 -62349 -36999 -15981 -160 -75924 -5864 -69860 -75723 -26526 -5988 -1348 -52905 -45663 -62505 -68037 -27340 -97791 -76150 -79919 -67985 -66431 -85842 -27503
-18114 -23335 -61149 -64718 -83835 -47759 -11776 -16411 -17727 -87157 -10520 -58250 -90721 -50247 -6201 -50626 -43166 -43632 -68207 -54683 -45256 -27366 -98638 -21752 -52271 -93839 -6645 -68191 -90746 -40433 -39832 -22470 -97440 -19495 -80663 -68327 -62398 -35218 -81653 -51969 -74489 -18982 -82638 -61996 -73700 -1463 -97884 -65337 -81840 -36437
-92718 -76092 -57064 -56700 -50732 -29190 -14347 -85832 -19148 -42740 -18067 -18053 -20315 -68991 -49247 -6582 -11810 -75574 -17939 -7346 -15114 -18019 -37031 -91527 -22529 -96934 -71409 -68783 -84652 -51536 -96975 -60722 -72085 -49810 -14077 -16734 -35071 -13515 -63878 -48758 -19385 -68191 -4571 -36364 -25313 -79811 -79018 -4740 -96925 -97654
-24221 -43016 -48982 -65536 -65017 -20561 -82354 -67621 -55276 -32849 -27248 -31843 -7300 -81278 -55064 -18581 -62610 -1879 -32454 -15993 -90379 -96335 -14436 -96717 -95462 -87388 -5373 -8569 -50904 -49304 -79999 -67755 -78092 -75264 -52149 -90596 -28168 -21296 -16696 -90078 -85093 -52818 -3614 -8868 -18856 -9327 -98674 -97137 -46953 -59987
-54703 -38808 -54338 -89971 -56996 -81183 -84495 -73943 -69778 -54903 -67645 -89989 -28698 -47714 -85389 -64028 -91131 -89394 -82796 -82599 -85131 -19653 -43104 -62343 -58839 -71233 -28615 -89880 -17138 -75391 -95842 -48311 -92756 -57508 -26237 -61668 -69579 -3381 -42737 -40540 -86168 -19635 -46894 -61818 -54774 -67949 -50816 -81998 -85313 -6720
-96411 -64932 -90859 -8518 -71675 -6603 -72574 -10447 -8066 -50 -28831 -8565 -57932 -72048 -87810 -43234 -44737 -30915 -34744 -99148 -7004 -9586 -53778 -74936 -25336 -45464 -67547 -1493 -49153 -53349 -18891 -16312 -12062 -41259 -36227 -53136 -38639 -73902 -71936 -46720 -30542 -76508 -25900 -10124 -39159 -48125 -38709 -31933 -93915 -67572
-28559 -52314 -48800 -17239 -83893 -67040 -52498 -15866 -81799 -54635 -4544 -60612 -45990 -2601 -6655 -41104 -26975 -98876 -63890 -51825 -1567 -32332 -82332 -49404 -65768 -94576 -53107 -67421 -24792 -77721 -16032 -15434 -24816 -60948 -71640 -66063 -84929 -67962 -51456 -54515 -84103 -32822 -91374 -9405 -94031 -37936 -98903 -16357 -42350 -40618
-49830 -9296 -10416 -34700 -44977 -23257 -38661 -2855 -37037 -72593 -31834 -51275 -97405 -72102 -62355 -30348 -81496 -78602 -25217 -5755 -67823 -45001 -73896 -67981 -39102 -82431 -34805 -13619 -29395 -33134 -73471 -47730 -35156 -20713 -73623 -24260 -68020 -89666 -24861 -50279 -84785 -27060 -16125 -97227 -17484 -55807 -44760 -26340 -79700 -89989
-3252 -30104 -86280 -5043 -90092 -35199 -82070 -38421 -17790 -74169 -78847 -66375 -39329 -57675 -7124 -41025 -30600 -4514 -40906 -65232 -95914 -29933 -47862 -72016 -16620 -67875 -76557 -85792 -28932 -9099 -60291 -57116 -94987 -14746 -46219 -52484 -22095 -32754 -84220 -45745 -13361 -88059 -83007 -29196 -44198 -51104 -96499 -73593 -86592 -48511
-2835 -44557 -33580 -82397 -27027 -29703 -61916 -42887 -39586 -42113 -23759 -65681 -83444 -66568 -24077 -55753 -44072 -1619 -44488 -92714 -71919 -49310 -78438 -33193 -5694 -56284 -28726 -36594 -93353 -46896 -6553 -55031 -65388 -79692 -15166 -11152 -45602 -27194 -9606 -33120 -17642 -46378 -64196 -41656 -47855 -23903 -76187 -29953 -37478 -50726
-23550 -90904 -95820 -1138 -58934 -44330 -7865 -49337 -52581 -75579 -92868 -92893 -90384 -14284 -81798 -88928 -55593 -19150 -88564 -94259 -45948 -41627 -45833 -38596 -60203 -57628 -17281 -21874 -93193 -55403 -93269 -62149 -83930 -50636 -82543 -91000 -99946 -69439 -79964 -62100 -40497 -64591 -36850 -79590 -20215 -62764 -8329 -24662 -94198 -7861
-67619 -97413 -94276 -15308 -8365 -27643 -96504 -69873 -21269 -80273 -83956 -39609 -39818 -57147 -56280 -57150 -32690 -19880 -97853 -89691 -43613 -65416 -60212 -11897 -65172 -88243 -42707 -83506 -70792 -76091 -48960 -41405 -61518 -44418 -66454 -4517 -59775 -20597 -13073 -93037 -75975 -97361 -42608 -78305 -18751 -97384 -88439 -73291 -17493 -98500
-1467 -24987 -93077 -84332 -56558 -62594 -25400 -54206 -34454 -8875 -31170 -18435 -72749 -29445 -27750 -72032 -5005 -31857 -32064 -2701 -97816 -16166 -41800 -32499 -79992 -50472 -86454 -77210 -54172 -74004 -6925 -55807 -35245 -30083 -67645 -46199 -8886 -22597 -41852 -9375 -70247 -4889 -76353 -82955 -82 -63824 -73188 -14717 -23285 -96806
-11753 -12354 -31824 -36577 -21298 -60813 -61522 -62835 -79628 -45634 -51766 -53743 -87489 -74602 -13683 -70911 -95254 -63315 -27276 -5611 -99115 -46190 -48449 -10019 -9765 -66815 -32520 -15354 -21953 -37200 -9996 -62855 -51014 -71420 -98227 -43402 -22749 -37325 -48085 -98168 -7661 -51089 -66017 -81514 -13009 -71706 -34789 -22529 -36906 -55297
-77825 -43560 -82029 -44724 -44220 -24167 -31994 -96785 -31572 -35163 -44008 -96269 -83878 -54846 -62477 -3940 -25217 -84046 -5 -13929 -35802 -91145 -25611 -56138 -61256 -88779 -28111 -45547 -2588 -40109 -12583 -19813 -78862 -11909 -80004 -11529 -77379 -61281 -88137 -48680 -52961 -49471 -64861 -34545 -70609 -37753 -94081 -36432 -78334 -79420
-27141 -36993 -57667 -8648 -74249 -92939 -59095 -77135 -11820 -41047 -243 -10054 -53399 -37564 -53482 -65986 -28106 -28108 -51204 -90526 -32395 -57633 -28596 -46075 -45069 -46637 -34757 -8567 -99128 -68486 -24160 -6355 -2806 -91111 -1513 -50320 -79253 -72979 -64545 -59691 -14653 -45456 -74379 -58988 -42010 -76271 -15001 -23511 -64973 -25354
-84904 -3944 -53716 -37452 -4085 -42751 -87057 -42798 -1806 -96719 -7445 -35382 -82713 -79037 -35143 -10409 -19600 -29814 -54196 -31482 -68942 -41546 -86614 -12475 -72451 -71589 -13378 -66038 -58386 -25999 -44611 -31791 -11191 -23157 -52070 -44376 -59604 -72425 -28970 -98953 -9004 -30831 -78698 -12402 -26022 -51922 -99581 -89614 -1919 -64331
-41458 -63151 -49219 -94352 -77820 -59472 -42778 -80475 -5335 -84982 -59727 -73333 -85990 -80463 -25563 -98195 -96262 -11370 -35336 -58879 -46104 -74989 -29275 -16914 -42586 -2726 -85922 -46374 -12693 -87045 -6593 -74042 -89671 -83439 -40358 -6825 -97478 -4247 -93300 -35816 -40197 -35161 -58297 -56716 -65730 -98450 -69371 -58895 -24721 -83250
-69724 -50635 -20438 -74690 -6740 -79654 -11195 -2327 -46950 -37603 -12609 -84826 -16878 -89463 -32643 -61358 -44970 -44985 -89930 -6592 -9268 -51725 -76940 -77949 -37445 -89755 -25952 -8492 -7929 -51890 -44407 -62150 -27903 -64645 -8543 -52931 -77524 -50824 -60637 -66727 -35742 -16280 -50146 -21645 -17999 -75089 -33217 -60516 -85361 -73152
-30791 -97341 -16377 -90554 -97764 -34919 -17871 -32709 -92698 -78374 -64905 -5349 -9930 -70616 -68301 -40351 -8624 -28115 -83826 -77012 -8639 -66581 -67736 -14733 -53174 -39113 -325 -52614 -79762 -39015 -10162 -8524 -27637 -35744 -42790 -8172 -8298 -48220 -823 -17939 -33332 -64479 -97340 -97597 -37531 -2873 -40018 -60466 -58630 -44724
