248
-779641 850094
-779641 -850094
798256 798835
798256 -798835
881993 545123
881993 -545123
340303 757477
340303 -757477
169675 893773
169675 -893773
-604241 338124
-604241 -338124
788781 276088
788781 -276088
-508766 921083
-508766 -921083
-796787 397045
-796787 -397045
-494760 346437
-494760 -346437
-44627 945454
-44627 -945454
-104594 909881
-104594 -909881
-472038 845056
-472038 -845056
-615400 717826
-615400 -717826
-880354 564122
-880354 -564122
931053 815301
931053 -815301
-305881 339926
-305881 -339926
406275 518557
406275 -518557
365051 226850
365051 -226850
389846 362765
389846 -362765
495298 397302
495298 -397302
-330349 686061
-330349 -686061
-862992 425907
-862992 -425907
-850990 427570
-850990 -427570
-858123 910146
-858123 -910146
699498 268898
699498 -268898
-753494 580574
-753494 -580574
345805 318213
345805 -318213
-580653 369171
-580653 -369171
435773 269407
435773 -269407
884337 633188
884337 -633188
-585746 775739
-585746 -775739
-406619 771176
-406619 -771176
804098 793922
804098 -793922
-343363 293572
-343363 -293572
-210245 515089
-210245 -515089
861947 349360
861947 -349360
843592 455600
843592 -455600
-592653 329709
-592653 -329709
-61760 490241
-61760 -490241
386977 330787
386977 -330787
-713773 566363
-713773 -566363
-689841 548413
-689841 -548413
-10462 606077
-10462 -606077
76367 463055
76367 -463055
-603950 264039
-603950 -264039
-532560 487128
-532560 -487128
69447 413938
69447 -413938
-250105 941467
-250105 -941467
-726988 513337
-726988 -513337
870654 456867
870654 -456867
-871147 667479
-871147 -667479
446813 757371
446813 -757371
-221125 882922
-221125 -882922
76517 688524
76517 -688524
-488691 564710
-488691 -564710
-644147 889466
-644147 -889466
697587 987488
697587 -987488
689947 620385
689947 -620385
-89787 709816
-89787 -709816
723495 305614
723495 -305614
898969 905318
898969 -905318
-746637 964370
-746637 -964370
-890854 262958
-890854 -262958
-53620 507379
-53620 -507379
-452209 986766
-452209 -986766
-506226 583319
-506226 -583319
555653 336857
555653 -336857
-244565 973243
-244565 -973243
-720181 926608
-720181 -926608
-547770 692974
-547770 -692974
268859 704325
268859 -704325
-256777 939922
-256777 -939922
-216178 376742
-216178 -376742
-117066 201552
-117066 -201552
550014 953456
550014 -953456
233375 680924
233375 -680924
555746 326574
555746 -326574
371061 871870
371061 -871870
-516808 826546
-516808 -826546
-497367 442393
-497367 -442393
715757 607192
715757 -607192
-273462 627252
-273462 -627252
611146 957751
611146 -957751
-86457 614251
-86457 -614251
870084 874226
870084 -874226
-664271 834281
-664271 -834281
664724 808286
664724 -808286
247995 690523
247995 -690523
506748 489981
506748 -489981
165556 464627
165556 -464627
-828514 747734
-828514 -747734
637900 211227
637900 -211227
-397722 338718
-397722 -338718
281746 778012
281746 -778012
-499104 360532
-499104 -360532
769054 916682
769054 -916682
-558330 662659
-558330 -662659
990131 647106
990131 -647106
144863 315771
144863 -315771
-241313 344757
-241313 -344757
-814269 511643
-814269 -511643
-157940 200008
-157940 -200008
346884 995412
346884 -995412
241402 402514
241402 -402514
-405378 566769
-405378 -566769
159041 808999
159041 -808999
138962 577355
138962 -577355
-538929 497366
-538929 -497366
-64963 330307
-64963 -330307
-786932 516578
-786932 -516578
-938132 786289
-938132 -786289
342241 827156
342241 -827156
-302366 585957
-302366 -585957
-25650 418343
-25650 -418343
-515517 404101
-515517 -404101
186507 342230
186507 -342230
240622 286324
240622 -286324
-228169 223770
-228169 -223770
933717 216473
933717 -216473
-948763 533893
-948763 -533893
624950 896694
624950 -896694
-370849 929421
-370849 -929421
-700146 948457
-700146 -948457
