300
-350886 201654
-350886 -201654
361892 206148
361892 -206148
-189353 496868
-189353 -496868
-923402 728477
-923402 -728477
978646 245728
978646 -245728
-783411 239783
-783411 -239783
-217339 815847
-217339 -815847
-104973 538367
-104973 -538367
913454 285169
913454 -285169
367167 905960
367167 -905960
-454984 546511
-454984 -546511
687481 615797
687481 -615797
836045 703433
836045 -703433
397466 850260
397466 -850260
-574102 540806
-574102 -540806
561955 201713
561955 -201713
999009 449152
999009 -449152
636060 265339
636060 -265339
152852 614279
152852 -614279
-892636 335099
-892636 -335099
-880489 435557
-880489 -435557
328614 963314
328614 -963314
679936 403247
679936 -403247
-481237 551310
-481237 -551310
877372 801348
877372 -801348
-588802 704869
-588802 -704869
-808948 687616
-808948 -687616
161897 753078
161897 -753078
-824421 631321
-824421 -631321
-150756 470126
-150756 -470126
-148495 488411
-148495 -488411
-417114 381702
-417114 -381702
-250666 918386
-250666 -918386
-420142 281767
-420142 -281767
-249910 463951
-249910 -463951
-465334 770524
-465334 -770524
-384550 204859
-384550 -204859
970126 883870
970126 -883870
-652721 305794
-652721 -305794
-227484 733564
-227484 -733564
-393492 602352
-393492 -602352
500856 565851
500856 -565851
820752 477684
820752 -477684
-216526 721010
-216526 -721010
943348 254305
943348 -254305
108578 286450
108578 -286450
-857488 619990
-857488 -619990
-866697 290145
-866697 -290145
492039 527359
492039 -527359
396727 726479
396727 -726479
-997725 542057
-997725 -542057
-929722 475578
-929722 -475578
425262 357488
425262 -357488
455508 595194
455508 -595194
643206 676732
643206 -676732
-911636 653736
-911636 -653736
-713970 806698
-713970 -806698
-815929 886029
-815929 -886029
-317275 299997
-317275 -299997
-422950 568588
-422950 -568588
118259 567427
118259 -567427
899587 433236
899587 -433236
352096 974711
352096 -974711
141139 923848
141139 -923848
848368 270699
848368 -270699
553169 894187
553169 -894187
470359 637485
470359 -637485
479569 932981
479569 -932981
-244650 256481
-244650 -256481
-870640 452679
-870640 -452679
-575309 448378
-575309 -448378
720154 823862
720154 -823862
-679433 311859
-679433 -311859
919257 818307
919257 -818307
-12318 234984
-12318 -234984
884382 734165
884382 -734165
980698 737704
980698 -737704
-514476 384705
-514476 -384705
-135650 703640
-135650 -703640
-616996 310497
-616996 -310497
720048 670247
720048 -670247
396590 572179
396590 -572179
34438 246029
34438 -246029
822762 941579
822762 -941579
-662913 206850
-662913 -206850
971969 927464
971969 -927464
-573029 785339
-573029 -785339
15300 847125
15300 -847125
346058 250048
346058 -250048
-687973 392020
-687973 -392020
161560 764350
161560 -764350
293252 241725
293252 -241725
294841 577510
294841 -577510
-444256 323812
-444256 -323812
700998 477444
700998 -477444
-922812 289484
-922812 -289484
-144453 961493
-144453 -961493
387007 859443
387007 -859443
-533817 738344
-533817 -738344
187765 892225
187765 -892225
960328 494516
960328 -494516
-24025 208089
-24025 -208089
-185233 741025
-185233 -741025
983513 882338
983513 -882338
78089 851917
78089 -851917
881204 914949
881204 -914949
-179329 245378
-179329 -245378
233012 352129
233012 -352129
-283224 587129
-283224 -587129
-523684 880737
-523684 -880737
832676 388648
832676 -388648
-886891 464943
-886891 -464943
217834 606989
217834 -606989
-990968 975337
-990968 -975337
-27715 718954
-27715 -718954
683848 502460
683848 -502460
870688 748250
870688 -748250
75662 751177
75662 -751177
72386 766977
72386 -766977
-408582 934411
-408582 -934411
58376 734675
58376 -734675
231151 207242
231151 -207242
923378 276692
923378 -276692
242053 303805
242053 -303805
521730 767052
521730 -767052
369588 396482
369588 -396482
592320 360338
592320 -360338
90086 966690
90086 -966690
487213 850705
487213 -850705
-402200 403008
-402200 -403008
247658 408083
247658 -408083
96475 419548
96475 -419548
346766 362974
346766 -362974
501112 236178
501112 -236178
102890 951930
102890 -951930
-586397 847367
-586397 -847367
-242803 995152
-242803 -995152
702686 983662
702686 -983662
-941941 997073
-941941 -997073
-165860 465280
-165860 -465280
305311 608857
305311 -608857
-950576 456014
-950576 -456014
723889 891961
723889 -891961
-34704 409374
-34704 -409374
-396455 264386
-396455 -264386
-652319 644407
-652319 -644407
133024 707263
133024 -707263
966394 558616
966394 -558616
852656 649004
852656 -649004
-664831 753041
-664831 -753041
