100
-130553 317317
-449825 -720812
-193473 585972
460981 -945616
-627077 -933094
679336 506301
256986 -552516
-61365 501888
36821 522204
-401214 -941168
187236 321710
61893 -793660
631215 992222
-763526 551939
214996 480752
-708839 -613706
528808 -635621
-667773 779012
-741761 -880810
638004 456184
978624 -381622
207932 476218
339177 591127
-196776 719036
-983270 -168689
-936901 448901
-680457 199033
629156 -235367
8299 -485591
-439542 -641242
-822810 -425509
775822 865319
-175506 359736
-824277 -704858
-228860 900489
321699 -328294
-45891 -235619
39402 910797
-479088 559474
-399181 625156
-455991 895134
-745699 159851
-46420 789195
587198 -375890
-210935 -286399
62660 658626
-380464 -403953
134335 834251
-44550 -975891
308756 450626
-980159 -315764
379318 -777585
-685089 202567
-340001 -783763
963677 576616
7759 -783283
300774 -393373
445312 -907209
-886710 408994
-384862 899085
342121 -922061
-196980 -841554
396075 612243
95037 -938904
-37968 552611
562722 -155873
608486 -673007
813477 570735
-846269 959649
-781170 175484
-938814 387664
761012 -360031
938325 -259058
-632037 -175304
-954801 128221
-365579 711668
-452917 596274
-737636 -741817
499433 619788
465097 -707420
526415 715851
340973 140392
-732863 -649331
235717 -247828
303832 523172
-822207 856421
7971 970068
262313 930261
252570 -267583
-153459 -796990
-274334 -790203
574779 -196094
733467 -657065
-582766 -929045
-259935 504361
-188319 -472346
-215168 382080
573310 462131
549763 -212723
616403 -511201
