200 300 8
188 105 86013599
121 13 55936286
76 43 76278705
187 26 42682689
143 40 52350321
156 68 70873098
169 116 12698892
141 58 58624230
182 63 6586023
192 12 68122225
137 50 9382385
191 171 79286831
107 42 622389
106 76 77410692
176 114 6694022
58 10 86897486
199 114 15771321
167 3 78086780
142 75 51068692
31 13 44653760
129 18 11951854
180 113 85083826
65 39 69636358
155 13 89989407
114 59 77556993
63 50 73510177
49 22 99375228
155 30 87541405
190 137 86512122
146 108 79022561
190 186 95492772
143 21 51800262
186 124 10247459
113 5 85529074
181 153 14118660
76 14 73475797
196 139 6702666
127 83 67907903
58 46 60716293
159 86 53893421
84 34 25507037
190 151 99419250
68 8 57888444
173 101 31005722
166 13 72321179
176 69 2852374
44 1 16425750
169 69 7340740
143 29 64501438
199 84 33060870
147 78 54928613
110 97 21450720
160 97 80524085
129 13 7700447
83 35 62298437
121 26 73024476
195 105 6467532
108 80 88247855
193 148 14184335
50 8 97441082
89 5 44426911
98 69 1816
181 112 31389245
143 130 81465113
125 112 30628173
188 108 2501494
83 70 47667307
102 5 31608630
184 90 70998530
180 25 22361430
129 117 87660809
162 25 85128430
39 37 71751162
151 143 79688457
189 102 21574066
124 9 51507859
100 89 70576698
100 2 9119803
106 53 74204451
62 21 15116475
153 141 88373521
178 164 98715644
182 129 49515026
163 143 50619903
69 26 72813765
178 16 43576531
86 72 62254419
74 7 24831057
169 2 87153310
42 5 32499098
192 61 83634582
69 40 41617568
179 63 30897158
187 16 34251462
116 90 83363467
145 59 54829055
130 99 25808868
123 85 61039244
195 129 78906659
126 65 57232825
199 131 45690714
156 21 38531150
124 57 7441926
82 59 629292
128 31 65320845
194 53 62434294
139 48 82670742
172 116 62261694
186 109 26047634
174 79 7231454
151 130 65372807
87 4 66475444
138 135 66574560
141 64 76933142
156 36 40355338
165 125 47936173
139 38 29408201
20 2 27275518
128 84 55099562
182 3 1645754
191 180 53269476
44 33 77204165
104 90 75346918
166 147 42736147
194 26 31142608
165 128 81004013
46 44 70843241
117 29 63878297
113 7 1311187
197 136 33670736
199 134 72825327
167 162 80757605
199 89 22130232
86 58 57372006
137 79 57729293
116 16 44968038
110 46 50995785
160 147 79108438
180 70 30155304
132 94 32732230
182 100 4722223
140 6 18343136
182 74 35925960
100 40 48119275
49 44 68622262
35 25 90656830
169 6 68223939
121 117 79201872
185 52 4806981
140 5 27697845
124 108 43768617
157 136 41875874
79 71 76102705
60 17 78225795
152 148 30414184
200 46 37046903
139 135 73752388
167 4 60242801
197 40 16829911
169 13 87996206
160 142 99283444
156 80 78357101
166 132 49173703
74 27 9806138
163 2 54970532
95 36 25923892
34 33 74725199
129 57 4695356
57 45 89360584
70 61 85595458
89 64 57512652
71 25 74157676
197 28 66781662
197 73 13552363
158 76 57799728
53 46 41623995
77 54 37295265
54 1 37940114
176 173 83546499
129 81 35670893
159 99 24077878
104 43 54797382
191 185 70278994
127 73 54879762
88 74 27080157
101 12 35618760
122 90 21669708
175 101 24267028
178 123 61505456
135 98 64879719
175 12 76936165
108 94 82372844
131 103 39544927
194 29 21797239
113 103 88023049
112 32 60782600
83 27 70673528
177 86 34011943
179 4 88514653
129 116 46382430
146 14 53974411
68 58 62616399
163 53 46008885
158 152 73238931
15 4 63739411
73 67 72348660
145 91 18563742
147 42 37790281
171 88 18596778
152 82 27319412
92 27 75929169
144 75 41128190
159 104 1383027
200 185 60875654
52 13 78909382
142 84 7011066
138 110 25247119
180 99 69052710
184 133 48821564
158 49 20770252
123 70 12513078
176 84 21407262
118 101 39374280
199 39 36318184
186 35 63315892
111 38 58053883
145 98 55346144
169 129 50435512
48 15 27100467
117 58 74079319
151 51 60010787
176 107 2297374
57 43 90501071
166 28 57651568
195 166 41531101
197 69 86670119
197 79 39745736
126 102 2397812
189 37 77134215
103 25 69307918
48 44 4815449
98 37 42583138
184 96 38794194
175 133 17950863
123 113 95225800
189 15 16657881
103 12 94461837
179 86 71739921
167 36 63181863
107 22 91419261
175 111 48510293
128 14 14234377
136 17 12814434
134 83 85676865
79 49 16237611
190 70 96048169
179 174 70354060
50 43 53169263
132 89 56763081
170 143 74712317
72 10 13841862
163 42 88032511
143 88 52202428
164 90 38798926
174 70 81286718
99 39 12561828
163 19 91243649
77 4 47414195
69 7 1608836
194 163 1944724
100 52 92020436
134 17 2738785
186 164 64215484
85 24 89030621
48 30 50306268
86 56 97977421
192 71 10884941
97 14 30785397
165 136 8527414
116 108 65984633
176 135 23082004
56 7 24519260
144 11 32417338
105 51 55605760
138 100 99063616
61 2 99437137
57 34 47559061
52 3 92068973
150 40 9469521
163 73 96603440
147 5 98162613
107 57 51689876
71 29 81645506
134 126 35554996
135 18 55053547
45 19 480682
135 86 70287832
179 28 50819676
107 79 49687672
85 32 65348584
