200 300 10
168 19 7783239
12 2 3453911
144 32 26168504
159 33 67181433
140 60 45210525
194 76 32547275
133 5 68999040
188 66 13328095
163 46 79104193
30 13 32563171
21 13 80702450
104 31 41583433
183 32 61833825
178 77 87006475
147 64 66105703
164 113 594050
168 53 49762457
33 9 1582506
74 30 50098253
199 124 89706365
150 11 58860880
171 19 45377151
72 48 28445250
66 51 71597615
182 100 32711337
159 79 6768265
97 23 88111959
188 53 63935261
158 134 38342401
175 167 68735927
75 55 75825282
159 142 61404458
175 157 31146411
129 116 9406109
188 61 988314
56 44 44360184
88 14 57011967
134 118 97286375
175 125 92811729
159 119 1716327
101 87 47801964
40 9 76514191
137 120 42006972
181 63 89975609
173 59 3227128
137 128 47165026
179 30 33463105
198 92 17853923
169 22 52940953
184 116 61867856
200 13 60346429
167 143 34838579
130 73 31316129
198 64 38013364
133 46 15054419
163 153 37209410
160 104 42801505
136 129 72624632
98 8 3642568
190 7 27539774
173 62 27676597
200 21 84251658
173 147 74034701
118 68 53075688
190 175 26345792
177 14 77678332
92 90 12566509
161 8 78595709
118 73 5242037
180 69 6601526
190 85 98697260
127 111 64453480
188 117 40881245
194 116 93829541
97 28 69423886
134 65 77042378
162 59 54927779
46 30 1820069
172 104 59992686
22 8 55771481
169 94 43634667
88 56 98363028
102 79 42626095
57 41 40696744
158 3 14883493
158 99 657337
94 31 86443217
100 86 97262006
149 26 49671944
53 28 58106388
168 18 3582686
137 10 45572523
50 3 845351
68 32 38387327
139 112 87378040
164 30 63663092
152 101 54985929
193 184 17991685
136 34 49029228
185 135 83161950
146 108 73330986
191 44 85019822
192 124 82084927
170 161 75402552
174 127 73122199
138 43 7684988
53 19 81756410
187 55 42810351
160 85 59418362
168 57 20119957
103 42 86148829
90 85 68149650
137 109 60645124
34 24 26072181
116 100 50839702
16 6 56434522
89 8 62186800
102 93 81033756
151 50 75872098
131 15 70984399
121 107 13865285
128 126 2836847
86 53 69336079
160 148 29157217
95 50 19934369
85 30 14380567
126 70 94615048
181 50 4374120
159 12 85808026
130 12 19980303
193 9 79962041
166 118 8231535
116 47 74783358
128 23 17728767
185 139 17210117
161 21 32799158
51 2 8236995
158 96 84731265
165 144 1836755
184 127 42627968
124 53 59240758
78 69 7695862
128 93 39164480
108 62 67555318
19 12 32947543
86 77 24460736
124 30 77654448
162 57 49347877
158 22 47788029
158 109 31276684
179 57 99108919
155 57 44046852
77 19 57501045
192 97 41099318
196 54 31713920
176 160 61063057
156 110 79948052
30 28 76216766
120 86 45539716
161 84 18966638
150 47 61517751
38 2 91002041
155 51 26967746
137 112 15117284
168 160 36779854
197 20 25195100
65 51 13173884
127 74 74944285
161 39 38745465
187 17 32363932
146 130 51715578
185 60 15486225
147 48 47989450
120 30 21538468
164 64 92903664
67 48 21705836
186 108 24932743
196 98 56600774
164 59 85722412
200 174 12223257
172 39 7578432
196 93 78307228
186 34 60465380
148 78 86871232
129 43 78787744
163 52 26070186
143 6 55034968
121 40 57344654
77 4 37206354
50 13 3366476
106 84 78622066
176 42 91739050
86 51 31631062
137 47 73691793
139 104 24589225
28 22 29911517
157 119 21721372
53 41 20677306
199 76 79832757
191 124 53786125
159 58 2383432
189 43 14671731
158 154 96415228
200 130 61152555
122 117 72250851
91 74 66306554
149 110 26224870
127 18 69608064
136 133 68058193
79 40 1432095
144 36 63041839
161 98 70293764
99 25 49956888
145 72 61130580
154 53 82662838
171 88 34426281
48 3 41271121
169 110 74400482
120 89 8211994
81 52 64195417
170 88 57937672
34 8 31402298
144 51 32067088
128 108 71905791
178 32 91202233
120 74 50574038
139 110 67796914
109 107 69048397
167 8 32259669
113 31 22162946
151 36 92317684
196 117 46078368
84 82 20272701
66 43 12456457
142 87 5191221
118 37 25092741
196 15 44638102
120 113 20766413
103 60 20093897
141 91 10534316
102 90 8884347
122 27 22515954
138 118 99321882
161 50 27154826
90 71 5449943
179 81 79693540
123 4 39618549
183 85 22490668
94 89 361791
187 157 88247192
99 53 77946795
181 123 3205046
61 43 22951081
156 55 30395215
52 46 90406016
186 5 3874477
169 96 77129899
41 28 92452184
188 175 83212391
195 46 50101397
191 91 46857236
72 30 60294013
174 78 94398436
114 87 85973346
147 44 14810660
142 3 42627300
163 84 24503817
162 15 55669029
126 81 25763960
180 19 37571872
150 98 33373931
162 129 82682000
143 19 1791412
179 158 39711336
190 127 47881310
171 58 73390916
105 28 1195827
58 9 40456087
114 31 68810124
143 75 46035395
159 139 85696747
117 24 12519577
116 71 92512711
175 143 31798258
21 16 9640172
126 73 43352838
144 66 88234867
179 52 75554823
179 16 40274299
180 43 80616599
48 43 65146441
66 26 1451944
87 26 96708868
145 102 77694154
164 141 31234139
148 71 31829548
190 188 73230875
136 106 3996429
194 2 37158821
138 30 30248776
