200 300 10
183 58 31956328
88 65 68365085
197 56 94768333
118 62 43927076
171 23 88905479
143 36 45692082
157 52 93093189
48 35 64558756
189 123 77280059
4 3 40780766
154 126 77564942
200 29 93520666
117 91 62032495
114 85 94702986
110 88 84473518
43 14 6785035
173 49 56772271
106 16 7662446
61 56 78704362
133 72 41278786
171 151 50925511
123 89 14352695
41 33 46956658
187 149 81775297
88 73 34088376
188 49 29461469
124 77 89746794
141 40 16211880
195 43 64551259
144 18 71831575
86 17 41596036
45 5 91718745
197 17 84708107
178 112 46500679
163 142 24528919
159 100 79244223
199 120 2358804
198 90 58571831
156 92 66068971
63 30 32689620
185 123 9478451
184 148 90025464
122 63 55348814
81 68 64290171
71 23 8396824
152 28 92993151
144 130 43259896
106 92 23067444
151 132 67486273
162 112 69823186
121 100 22226361
197 85 23973688
21 20 7018472
81 55 61432831
72 13 1918012
160 132 69190020
158 150 35974560
192 24 19699048
99 51 8245575
160 121 96629367
133 124 65699208
177 163 82478467
188 9 74546138
89 40 93019684
130 77 30104255
170 127 46712753
186 57 60318477
139 81 31806208
67 28 76409913
122 73 8212753
119 24 18496026
171 150 11199951
128 122 60891902
57 28 76264334
175 73 59001022
131 34 39848852
91 54 73114337
178 161 25704721
155 101 8376908
150 108 11920695
77 26 2410120
99 24 17146265
168 137 1015414
123 17 33536205
157 102 91652800
147 127 61669079
115 112 3866110
58 46 38316028
83 3 19356478
102 30 41702148
163 121 51730864
165 97 80162417
154 47 71531875
155 73 79815964
183 44 60406572
98 84 21596973
102 47 44276971
131 110 90491132
104 93 34186668
64 53 53927831
180 167 5369413
195 182 68118099
154 105 23224628
195 3 45084168
160 154 38182718
105 2 51235760
177 88 86074341
22 16 61745269
156 45 17881856
119 16 16830278
198 10 58941506
109 29 7843029
176 161 90045595
156 43 86726656
183 139 94579078
143 117 52205132
115 42 26203402
60 54 76631605
188 107 2223909
20 5 39656474
181 95 74277150
190 159 12413117
67 55 34168242
109 57 69995471
181 92 65560998
97 12 22997252
162 33 27174811
177 6 70305840
71 3 17954272
131 113 44045383
148 104 47630526
151 47 47426078
179 127 9154046
133 108 27106663
195 173 44648674
100 92 71684820
156 41 1052397
174 51 13630424
87 9 5726735
112 70 91942699
117 89 91782364
160 144 8927511
183 163 16401396
145 81 32824438
49 41 48107276
179 79 87985300
157 33 78117941
101 80 85893319
153 46 27344170
192 83 29771463
191 128 49563414
167 59 59540028
57 24 18501265
189 12 85719678
136 56 43909485
118 56 51531088
200 114 72537580
161 142 57411992
162 8 18829806
128 44 28152635
72 51 40886328
160 135 98465275
186 126 37274587
181 7 73513428
148 11 94605523
113 25 2955522
146 134 6994722
77 28 81069997
79 7 75071393
132 41 36132614
140 107 15303478
103 80 52560470
33 21 6541827
162 125 34357455
103 33 41769550
101 25 60967438
166 70 30498421
199 39 55431807
160 102 14192059
71 19 13694239
189 184 45147201
64 63 23962623
93 73 8599009
180 93 8966695
144 128 22538008
179 10 16668046
127 10 50465842
187 175 92703064
190 79 96527201
195 96 23453112
157 35 61827306
160 25 64907701
39 17 6064806
137 77 89614815
167 160 4833842
138 104 9861696
70 9 46269062
43 7 89416454
116 10 32191678
95 51 48543112
195 163 73870322
125 74 40026013
193 120 85386362
91 12 36072821
66 47 45279558
31 9 2123726
191 13 83764338
147 104 22657681
163 40 13303426
147 26 55417498
190 117 32960202
170 110 56572685
138 49 55426232
28 25 93003298
131 36 97209866
144 141 44657695
150 83 69748436
187 115 82017619
200 83 62247324
88 23 54907980
186 50 45489200
168 102 55669653
135 61 37771915
91 78 65869456
165 36 51442615
64 55 60024312
35 16 57144899
114 55 30005444
192 12 71590771
170 21 27536196
173 59 25589166
148 42 42681147
195 130 32311703
165 164 63393177
113 23 12989555
175 141 98264029
98 72 22835824
189 180 4755851
62 44 66316891
188 145 86384560
162 30 94557180
74 1 34173184
166 158 48340189
152 27 63254307
160 128 62613046
153 12 2973745
101 57 53323923
98 47 97835884
151 26 38629714
154 21 57595289
124 4 17307812
183 146 52597798
85 32 57141592
184 22 63812122
89 63 78895628
103 92 9975750
99 97 80020934
158 123 49305391
170 114 12063203
169 112 64715982
130 30 55376086
193 5 80107746
5 3 28016372
177 128 4170242
146 30 56532406
192 45 48728256
111 47 53948346
67 35 66383627
133 46 91622143
114 64 89134400
150 33 51017158
83 58 47719753
168 26 72675105
192 136 67319760
130 109 39598003
119 2 38998064
37 2 1491996
145 119 76236732
74 24 49681983
188 1 71859774
86 27 64146803
88 55 79613906
59 58 92487713
144 69 68499878
85 35 61316563
115 49 86416684
98 53 88862007
90 14 94018139
86 58 38205686
150 47 39309358
65 49 70447759
193 136 79738765
196 110 99132960
73 44 61971215
115 62 25429281
96 56 53797513
175 157 84309146
114 74 99011803
104 66 970694
96 58 51349072
