25 300 10
16 6 85278494
6 5 91520208
16 9 76416227
20 8 97569760
20 5 97797840
15 9 96147066
10 5 78399023
22 6 92498562
21 5 95380688
18 5 92881263
21 3 97050930
22 21 83467224
23 8 82952874
19 4 87754689
17 11 92451564
24 4 98106038
17 1 57249829
20 4 85323305
19 8 96172194
10 3 83280361
14 10 64806939
20 2 85912460
13 1 83426691
22 20 97027673
5 3 92442170
14 13 96386830
24 3 98368148
23 10 97932756
17 9 45913418
4 3 95548260
17 2 98650105
21 13 95577304
8 5 89119261
21 11 97759248
25 11 89150208
19 7 98779744
17 14 93646014
23 2 56161593
13 10 93338159
23 3 73531922
23 13 94659491
16 11 86636845
23 18 92332672
22 18 91873299
25 21 99686253
13 11 61940621
21 4 99223743
18 13 76032276
25 22 96632057
15 5 88265031
5 1 84134052
6 4 95366472
24 21 78759134
10 1 87890645
9 1 69704239
25 6 91795465
18 15 92901230
12 1 85926504
10 7 78740008
18 17 90356250
17 12 90654934
19 3 76563100
24 7 96765086
17 7 94633884
18 7 91550518
17 15 96972723
23 17 45961992
18 3 96222120
23 11 96810928
21 14 87818567
24 9 77180868
15 6 99946974
11 10 92086404
18 9 92293017
14 1 96857276
14 6 84488289
25 12 92702844
20 18 88655850
24 20 93881536
14 11 87213620
2 1 77348623
24 17 86820632
20 12 92154993
20 9 73288052
8 6 91583041
19 15 77708625
25 20 91747269
17 5 99911042
24 15 91083625
8 7 95197973
21 19 84600142
16 1 95258342
21 7 97890090
21 17 74902092
20 16 98459386
23 4 96598172
11 4 92613687
14 3 95509645
18 11 96901047
15 7 99839623
22 12 96380425
15 14 83937783
22 9 86971331
20 14 84809489
16 10 94306262
21 9 94797454
24 1 79932711
25 2 94679963
20 11 91809618
19 5 72564460
16 7 97573645
24 23 95800403
7 2 85409950
11 1 78729924
23 15 81343921
19 11 72028993
22 3 97531259
7 4 93098145
9 4 90050568
4 1 95213969
13 7 98134151
7 1 94219837
9 6 93285282
19 14 77694595
11 8 86843247
25 10 83410265
7 3 85294500
22 15 90965764
12 9 86955406
11 5 87111615
14 7 58959977
13 4 88304639
22 4 74102508
16 5 84649501
25 18 90992765
14 5 87160280
22 2 98999654
14 4 92753242
21 6 83593757
22 19 67577489
20 7 92315705
14 8 70638180
25 4 93261205
14 2 59391869
23 22 85166875
25 9 44334104
19 12 98204096
20 17 93080158
23 6 89433897
13 8 94538046
13 6 86263019
23 12 76253230
3 1 89995024
15 2 89119056
18 1 91641758
8 4 87224939
25 17 81470369
19 2 90474884
23 20 81719504
25 14 90078682
21 8 62944615
5 2 92497930
24 5 98739764
22 14 92499381
16 4 97620334
9 2 87399314
24 22 94262814
11 7 89254258
12 7 88763868
20 15 79357724
19 18 84376793
10 6 98203645
23 1 87431882
13 2 88819899
25 1 89974990
22 1 96742451
23 5 88092975
25 13 94261812
23 14 83978110
24 6 89325748
9 7 74962671
18 14 96800199
10 9 87998185
15 13 95686759
21 18 98841277
19 6 93606335
14 12 66013842
24 12 95352472
21 20 51316896
24 14 96048703
16 14 91133643
12 11 98922020
17 8 77906912
8 1 85134130
18 8 85743299
18 12 83234104
11 6 78390232
22 8 96594633
15 3 96965694
6 2 99732942
12 4 96141108
17 4 93278001
13 3 94813635
21 16 94061942
24 18 98119820
23 16 52011612
20 6 92600473
19 1 58196610
5 4 94113970
18 4 79091516
4 2 78019416
13 9 97929953
19 10 92919390
8 3 82719404
3 2 84206569
25 8 79881711
25 23 99990600
23 21 88264610
15 10 96292085
22 17 89611356
22 13 78010089
21 1 57938522
20 13 92288033
24 16 78407346
22 7 64580862
11 3 83535354
24 8 91925985
25 15 92567402
20 19 79440162
12 10 97791135
9 3 85837556
8 2 75800349
11 9 78382003
18 16 94102380
19 16 95882440
23 9 99220024
14 9 98463299
25 19 98157401
20 1 99205958
15 11 98906099
12 3 90694825
18 6 92246798
16 3 91241511
21 12 96421733
7 5 75976326
15 1 89899196
24 11 96992847
15 12 91913411
15 4 89337289
22 5 97609989
12 2 85154403
22 11 84124781
16 15 99177583
12 6 64448427
15 8 96175926
21 15 84825905
25 16 99443527
17 3 69989804
17 10 90060899
18 10 84039057
16 13 96145262
9 8 82272064
18 2 98328341
25 5 93706190
23 7 94897531
16 12 67398277
21 2 94029205
19 13 91881886
7 6 80490528
25 24 97359635
10 8 96228145
16 8 76252965
9 5 98075006
22 10 89258586
24 19 99017806
6 3 75362299
25 3 93011588
24 2 38709105
24 10 75186398
20 3 94329449
21 10 85380605
19 17 84870817
22 16 13579706
19 9 86087721
10 4 81478390
16 2 65031913
12 5 58939820
11 2 53678409
6 1 85715337
13 12 96762234
17 13 92862183
13 5 99690808
25 7 85967330
12 8 93307275
24 13 91117435
17 16 73528377
23 19 56918060
10 2 98827179
20 10 53841850
17 6 57533123
