26 300 10
10 5 95423214
25 7 95467914
18 10 12864622
22 4 85985536
10 2 93073531
23 1 81514087
24 4 68387436
19 15 71680141
22 12 89142892
8 5 98978862
17 15 61365325
12 10 81892595
18 11 51340289
21 7 3259673
18 4 82528376
20 8 95603399
15 7 45284789
9 8 44756614
21 11 94182260
12 1 85561508
21 15 47928411
22 18 60354572
17 14 54208592
6 4 66186802
9 7 93929022
19 7 89559963
23 12 90868900
21 14 99801884
12 6 59761353
22 13 50335456
25 20 67460728
24 18 86119371
11 4 50515873
23 9 87182416
12 8 77007917
23 10 97356423
9 2 93392576
17 7 40444412
20 6 93586553
19 2 86074367
26 24 64771104
19 14 86399912
19 5 97354265
14 5 70212158
26 17 12963422
22 21 78384987
4 1 39167697
21 10 96706507
21 6 74367272
24 10 91297055
10 3 53552603
22 3 42644964
25 24 84046794
21 1 65637005
26 4 73002974
6 3 66420355
24 16 95826153
24 8 57185352
13 9 75750731
24 15 48674882
26 22 83230800
25 22 85905786
14 8 98317252
12 11 77861468
16 1 75264931
13 4 85490789
14 4 48581417
13 1 80441156
25 10 90036316
20 4 73321028
20 14 96546459
19 13 53360562
13 2 85564959
25 18 95704010
15 5 68187370
15 1 82033752
10 1 76180375
17 8 82599802
14 6 63098989
7 1 94379397
25 11 26447366
26 8 82584438
17 9 76399554
8 6 56523164
21 18 43535170
24 11 67991006
23 16 91398111
23 2 72874240
14 1 71878408
15 4 76535724
25 17 81436935
10 9 98450106
23 6 58597478
11 10 81447772
11 5 75505112
7 6 88163797
16 5 94170624
15 9 86619394
25 13 89250236
11 1 97036694
24 5 90763319
14 13 86124582
12 9 99890459
15 12 97202098
17 13 59645307
26 15 95730398
13 3 95221034
16 11 77376022
19 11 21048164
25 15 68623703
12 7 72393662
24 23 71183216
18 9 41075878
19 4 53483632
23 3 39290890
22 1 24988154
18 17 72818198
18 15 33353309
11 6 90260412
26 20 95560799
21 16 68166013
18 6 74141517
18 14 74933456
7 4 88262968
22 5 79727911
26 7 94598139
14 9 79151681
21 9 64351377
9 4 61749058
16 13 59598159
25 14 82869867
25 1 65976979
26 16 88481352
21 19 79674824
16 2 74805731
6 2 89783146
17 2 53006157
14 12 96432485
20 15 86308921
13 8 25472047
21 2 92899626
25 21 27325449
26 5 21523550
17 1 92299815
8 4 60179892
22 19 92313950
5 2 97944479
10 7 59047525
15 3 95638560
20 16 30965748
26 2 10137255
9 3 96591349
4 2 23225929
24 2 81899097
5 1 87224459
22 8 30785488
19 17 44738443
13 12 60559807
16 12 76781227
24 20 37767091
23 15 81448739
18 5 73686597
16 14 53620443
20 7 91503461
19 3 29142305
15 2 45891336
7 2 92677598
19 9 51220541
5 4 88552023
21 3 90273153
23 18 90964632
20 19 71229403
24 14 59372668
22 16 96268786
7 5 78894402
12 2 85261708
21 17 42172687
19 6 59780258
11 2 2911673
8 2 55664806
25 5 80286271
26 6 37625347
20 13 88182523
15 6 9678457
18 13 96024964
19 16 98425574
9 5 84736603
14 3 70807138
23 8 17854338
17 16 85206333
18 12 51123824
26 9 52256769
12 3 93668412
23 20 67722646
12 5 57467995
17 4 67622955
10 6 9972423
23 22 58241013
13 6 43345530
21 8 99532857
24 17 87862206
17 11 63875206
26 3 37728161
16 6 14753168
22 6 84270200
23 11 8431908
24 22 70248936
16 9 38180427
21 13 79351557
20 18 78739070
25 6 77580650
24 9 99475709
26 11 76248726
22 15 99452640
20 2 74933841
15 14 76344515
21 12 68413787
17 5 49685339
20 5 84727551
23 21 66128289
26 1 95653218
10 8 44595708
11 3 46334050
20 9 75175127
16 4 34921100
26 25 69412474
8 7 83169113
6 1 98640710
18 8 85638992
13 11 27361378
16 8 56318063
25 2 67481227
25 19 92267736
18 2 10372763
6 5 55762068
22 20 53143385
16 15 94106317
7 3 77584062
23 19 93856607
24 19 62658410
19 8 90755723
20 17 88157376
25 4 88541278
14 7 70583585
15 10 67627992
9 1 41548389
20 12 83402273
26 14 87690020
21 5 12157435
26 13 93957014
17 10 41230981
10 4 86234628
24 12 33141509
2 1 69243100
25 8 9326408
18 1 58308163
14 11 12046182
26 12 89245552
26 21 78661207
22 10 80624259
24 3 75000962
25 9 81091326
15 13 6634964
23 14 23480673
22 17 23796106
25 16 96663227
3 1 66736533
23 7 66279666
18 3 45230592
20 1 8608274
14 10 97671017
16 7 63018457
20 11 54452151
4 3 41689739
22 2 64100320
21 4 98360800
26 19 60800331
26 23 53745686
15 11 79691822
26 18 49514250
11 9 73727065
22 9 43883525
8 3 93140635
24 13 26536501
23 13 49916023
19 10 28758789
18 16 41530918
23 5 37635277
16 3 51129377
25 12 49984771
22 11 97537389
20 3 7490777
16 10 74292718
17 12 94408565
25 3 33558625
22 7 90033528
8 1 69987572
13 7 40979926
24 21 68597010
18 7 19589688
