30 300 10
25 24 74368549
24 23 61315735
29 16 67361971
8 3 72853138
24 17 95383642
24 14 75969164
30 28 16989494
10 5 87403467
16 10 92636926
22 5 35973350
15 3 48648588
28 25 69095987
30 8 60148769
18 5 46182643
15 12 98867865
22 9 23596100
30 24 90162888
30 17 69780575
25 21 94853004
20 18 4843716
22 1 17493812
9 4 94567244
24 3 50013051
18 3 14042443
18 14 95285138
26 16 41455694
27 25 61066938
20 7 51239090
7 1 93930464
29 22 63786782
12 5 83764147
30 15 17882856
6 5 84123072
17 8 42618807
30 9 59567742
7 2 92969232
19 4 49902831
13 2 44230330
17 9 24610607
27 4 76839397
30 29 91152174
19 15 90231895
25 18 89126150
30 26 90334871
28 26 73087745
29 19 68876337
19 12 61731712
5 3 86393013
25 11 90364863
16 15 41914152
16 6 88808813
28 22 96003312
21 16 27782256
27 5 36780989
16 11 9351190
5 4 75192282
29 13 72391152
19 3 14851591
16 3 36809659
26 10 41524909
22 18 67875442
23 14 94768280
27 14 55946090
9 8 67841124
16 9 87299328
9 7 55389367
23 8 75619365
20 2 67817483
30 16 74196229
23 9 60608652
25 2 44335641
23 16 64933661
20 6 70654183
10 6 94950740
18 1 83370254
24 6 88137543
6 4 44533211
8 5 76184781
27 20 89590288
30 10 28145041
12 7 13182874
19 9 50513880
11 8 20830064
28 12 76993297
30 13 80776209
24 1 66790600
20 10 62895671
21 6 30973193
21 19 80991022
27 15 78624785
17 16 99389185
19 17 79977139
12 8 81183783
20 14 74998864
28 5 83641777
25 7 73834567
24 22 20208160
17 15 39036692
25 3 76664686
29 27 54094171
7 5 78047460
7 6 71091496
28 27 48267324
23 18 94367936
23 12 90223021
15 4 41781398
27 7 36885300
15 13 34318155
13 9 71844062
19 13 82006715
26 23 47374113
18 8 23333688
16 7 97938719
3 2 75704769
30 6 23955756
18 6 95059787
27 10 5421887
3 1 75534688
27 8 27478912
27 9 75445338
15 2 91495993
25 9 99246310
30 27 76181431
26 21 85936020
2 1 13290131
14 11 62002835
23 6 63427720
15 14 89349663
12 6 46176266
10 7 62357952
23 21 92435806
27 22 96354250
23 7 60887875
17 1 96990803
22 20 59966005
12 3 86619868
29 8 89589782
22 14 83333454
20 12 81544780
29 24 39054558
5 2 39229065
18 11 11035743
20 15 40389530
26 19 54961901
27 23 85848744
27 24 50792715
14 5 34405338
19 8 52373764
24 19 16081079
21 4 90021640
21 3 31744876
16 4 41280568
29 18 73063781
26 14 78377994
23 22 819927
25 19 32981765
13 6 63897305
22 7 57640105
14 7 95838959
27 6 28007065
30 1 66824037
19 10 95410628
16 14 9445878
21 18 56967311
28 13 58049907
15 8 52086527
14 9 67649720
4 3 88612313
15 10 90689771
29 20 90108172
13 10 46123335
23 15 70696222
25 8 97885519
28 18 71785707
8 4 99514304
21 8 45510681
21 20 41598062
27 16 91060157
27 17 89493941
15 1 11508669
27 3 86008708
30 12 37691425
30 11 56245511
17 2 11752221
27 26 50321265
13 8 26681041
21 12 75401855
29 2 82047096
13 3 79130013
17 6 9618559
29 10 56976690
29 7 79274345
21 15 95303227
25 10 27201719
23 4 69827872
11 5 76947796
21 9 96264178
28 15 48958578
5 1 42643948
26 12 89728993
26 5 21612127
20 16 69685287
27 2 72385969
20 5 42819452
14 3 95723257
18 12 26709826
14 4 71844089
12 10 34650477
13 1 6400807
11 7 9256677
20 17 47736601
27 19 30502643
26 17 57883562
29 12 32076792
20 3 48490190
21 2 68484081
22 19 85239862
10 1 73646508
18 7 2706998
10 8 64348595
30 19 81230054
28 1 2471012
25 13 51262313
20 11 51440143
27 1 63104074
18 16 91702679
21 1 47984953
15 9 32261571
18 9 53491972
30 14 60812161
22 4 33343016
28 17 98400800
4 2 71050341
25 5 53984628
15 5 636868
26 11 38315332
18 17 4911140
16 12 88222668
24 5 64205539
29 25 97552933
13 4 45468779
18 2 60309839
27 12 19321705
28 23 52235012
30 20 17054238
11 3 38765085
20 1 90382696
24 11 19721625
22 12 60090431
26 24 69265341
20 8 27273277
28 21 30293628
11 4 66634258
9 2 62175953
25 6 33138161
13 7 79825281
17 13 43342964
10 4 32722144
10 2 61272325
13 5 20660806
24 7 53942665
22 3 89415252
13 11 48286696
9 5 50052540
22 15 4524919
23 11 50444961
25 1 26464637
25 20 93324844
24 8 84572251
24 15 17414803
25 17 65708448
19 14 90191999
20 9 42693351
28 24 28587723
16 5 69104149
22 10 62823444
23 19 37334482
26 7 41319128
18 4 90161380
19 5 83892514
17 4 81237448
29 14 37915099
9 3 88671492
17 11 36848573
20 4 46212589
27 21 29421246
18 10 84701966
30 21 9574209
26 8 1953889
28 8 64433209
26 9 38546779
19 11 56785031
28 19 84852340
14 13 80669614
21 5 33609086
24 12 40786639
20 13 82856616
22 17 24491286
26 3 7374448
17 5 61737030
