300 100 10
195 45 29418555
100 26 64762858
217 87 68055303
56 43 24551983
126 64 36687925
158 157 33708360
232 68 9090752
246 228 15728061
196 38 65339587
286 12 3350489
266 67 6204662
165 26 44694591
155 90 84213646
270 164 95272722
95 41 61474992
230 103 28950336
144 43 42563333
245 182 27996357
236 148 8793690
298 232 17123142
122 27 50033111
262 260 28934828
292 80 66537186
300 222 22147499
182 113 20026977
278 248 82687500
193 135 95525894
218 70 36972474
300 101 83271584
95 45 95352334
245 68 25513245
194 128 99715545
183 146 30545211
278 37 93418227
250 227 91480782
121 103 28972174
280 53 71896782
240 199 82930817
139 111 74076704
200 147 65480179
117 20 58998001
279 193 97758134
202 192 94600514
198 130 44346000
62 10 36845805
242 58 58714653
83 42 14903492
239 23 32121719
115 17 52521875
294 151 55208360
283 137 12945641
43 9 91090076
183 145 17845302
201 83 96818720
191 147 40286465
139 56 50206015
248 217 65213903
176 35 39373761
261 115 84805150
217 154 25347622
277 205 35319707
101 33 16040577
185 62 59132219
257 215 12745504
181 79 78169972
294 192 49792963
220 128 54622507
285 70 35121206
270 77 10650940
275 58 53450036
142 128 60418732
197 45 69592740
221 113 34398514
292 17 85602627
265 113 14251866
278 91 26198615
216 121 87126314
233 154 97647140
130 20 48298080
210 35 88534653
176 31 59114503
249 79 75107803
65 52 31066814
146 1 76758279
262 232 25741
57 46 33945910
197 164 15798199
116 44 29726615
221 52 80142410
295 8 31093177
182 63 84182993
222 14 91136957
255 24 14268736
273 252 70228170
150 2 68406697
155 114 55548240
263 156 67848862
92 56 26159850
300 8 15416623
130 18 26664911
