100 300 10
6 1 6722776
8 5 27350764
8 7 55335983
9 8 69660867
11 10 14868564
12 8 28241533
14 1 7139301
16 7 94344838
16 11 43171182
17 14 28164278
19 6 38546459
19 11 59637910
21 6 54383485
22 16 75818166
22 21 1812523
24 4 92079204
25 2 62507968
26 13 6807807
26 19 21864863
27 3 52950951
29 13 56015573
30 10 13508236
30 19 55894125
31 23 44551136
34 11 56978364
34 19 23617095
34 22 91167964
34 30 69840151
34 31 35526523
36 1 11909377
37 8 13134915
37 17 60602470
37 28 92591515
38 6 21041240
38 15 51552393
38 23 39119531
39 8 99128778
39 17 35008256
40 1 61500911
40 7 55155047
42 23 90141823
43 23 82835791
43 30 92850134
43 38 73842763
44 7 93308240
44 13 76247566
44 16 83790041
45 14 89238572
45 16 50102501
45 25 23432755
45 44 4311981
46 6 85260483
47 1 29040082
47 21 84734599
47 37 16209013
48 27 56260246
49 13 85216675
49 27 8438075
49 38 27860876
49 43 89428057
50 3 71324099
51 3 6320871
51 17 90482514
51 23 54723372
51 43 54894412
52 14 69257246
52 33 22570402
52 42 40526668
52 43 37653955
52 50 59135032
53 23 33682553
53 45 4013880
54 6 79829082
54 24 25146048
54 36 49757067
55 22 3971192
55 50 83408042
56 22 88879397
58 1 39815281
58 44 44354006
58 48 41357646
58 53 92693254
59 11 47590174
59 47 22173584
60 10 14515925
60 31 15768757
60 42 38681707
61 5 7958102
61 15 5140519
61 22 58591305
61 57 89968351
62 16 9598077
62 25 92905265
62 31 19651845
62 43 34505260
62 61 84129344
63 1 6695955
63 20 43332032
63 24 36283460
63 36 40792000
63 41 40663580
64 20 34624151
64 27 13766561
64 55 36680213
65 6 17119302
66 22 1664325
66 30 60101494
66 38 57068493
66 39 19059863
66 47 51559234
66 53 3580574
66 60 287785
66 63 88864277
67 25 31736368
67 31 52193820
68 1 20846009
68 39 73830375
68 45 53839695
68 57 58870506
68 61 43947830
69 5 13447751
69 21 47353136
69 32 33686608
69 40 46753393
69 66 204761
70 13 97058967
70 14 61809677
70 23 88637087
70 28 9915263
70 36 50840750
70 40 7514090
70 51 7994558
70 63 13731852
71 18 55740406
71 28 32320317
71 49 77798002
71 54 73175488
72 6 81606939
72 8 6889858
72 18 21859929
72 31 68534463
72 36 49825471
72 38 95167118
72 47 61825210
73 4 94138362
73 5 76016408
73 26 66091977
73 31 35714000
73 36 76109033
73 63 66427186
74 48 52370572
75 5 29326144
75 7 14757355
75 9 96076722
75 43 75066921
75 46 24382220
75 50 87614069
75 71 76332797
76 4 55029716
76 30 14102133
76 40 54973818
76 75 60180260
77 23 21088820
77 37 69264858
77 54 53073599
77 58 60480113
78 1 13975535
78 10 63507901
78 31 11189731
78 75 52652009
79 12 36420155
79 34 24557058
80 5 54064989
80 8 91038351
80 25 49269885
80 55 33469444
80 62 38898048
80 67 64849388
80 69 19997072
80 71 32269199
81 1 29977016
81 20 67185262
81 35 94675091
81 36 88051674
81 60 36591117
81 80 11243228
82 6 84043254
82 23 89726872
82 51 49574291
83 16 20584533
83 25 35593201
83 30 52834074
83 46 94288279
83 49 69267083
83 66 52158864
83 71 42714015
83 75 9190748
84 6 10413932
84 30 9453302
84 32 79658377
84 43 78237743
85 20 79663315
85 33 43787542
85 40 1957216
85 46 32814443
85 54 27398945
85 73 18266629
85 78 11971480
86 25 24887623
86 27 27975712
86 45 57235346
86 49 49775084
86 69 90112509
87 84 41877381
88 4 89672568
88 18 39934103
88 20 25156282
88 43 25059156
88 59 55638437
89 5 27761191
89 28 28315137
89 64 54008535
89 68 66955768
89 78 32418248
90 2 38243465
90 49 65833253
90 50 70265670
90 51 39463767
90 58 31684752
91 3 312744
91 36 68649983
91 38 29355099
91 47 9861352
91 49 73891377
91 58 3143568
91 59 2541912
91 61 86769554
91 63 57509087
91 71 97515168
92 4 89151928
92 75 99452813
92 76 18794529
93 49 9373071
93 52 52146851
93 57 24221229
93 63 12301068
93 76 25130271
93 79 56215643
94 21 20956204
94 43 33427273
94 52 69634999
94 60 88229559
94 75 55083189
94 79 99584681
94 83 77949806
95 10 27875560
95 26 5430370
95 43 89247345
96 10 20176362
96 16 46830490
96 18 90452991
96 46 34594172
96 49 78279911
96 59 62155270
96 66 60745956
96 70 64462234
96 77 94858007
97 9 79777226
97 38 4038651
97 40 36498467
97 73 60872261
98 2 42157241
98 7 23006435
98 11 95000102
98 50 22592420
98 59 92610159
98 61 27392324
98 70 35807380
98 89 71904606
99 1 51781542
99 5 28503347
99 7 63311599
99 23 17026628
99 30 73668699
99 34 62077679
99 39 19585849
99 49 84365679
99 52 38906643
99 59 67545136
99 70 56707216
99 87 75214585
100 9 87937683
100 17 89839861
100 19 74877995
100 22 3100909
100 36 48815485
100 52 84446829
100 68 50741395
100 70 70111117
100 71 42268672
