100 300 9
3 1 88756841
4 3 11318762
11 5 5409234
11 10 29274569
12 7 93471151
15 5 31758949
15 8 8907660
16 2 8723405
16 4 1357562
18 3 65153432
18 5 23149857
19 5 9640804
19 9 46917884
20 1 1908333
20 14 58984683
21 9 97239722
22 2 24640545
22 7 71962885
23 7 49758602
23 9 43797214
23 16 48593326
24 14 52552477
25 16 9804858
26 11 30015511
26 24 75012983
27 1 78898862
28 6 44906625
28 16 63906925
29 7 24962332
29 8 5744534
29 14 49520909
29 18 25089122
29 20 51436006
30 20 54826947
31 10 71525441
32 25 11980037
33 3 49854545
33 30 3142053
34 5 57006663
35 1 42497611
35 11 40518715
35 20 45673765
36 29 71635413
36 34 58859892
37 4 37471599
37 5 28506997
38 17 24155292
39 25 24863312
40 15 3148875
40 25 47957900
40 33 12829642
41 3 44253869
41 6 1271937
41 25 98074133
42 18 20124141
42 41 22154834
43 38 19732425
44 40 71826705
44 41 42083091
45 36 89772090
46 31 51240519
46 35 72925880
46 41 48360815
46 42 70003326
47 17 28694290
47 24 93517081
47 27 75310790
47 39 2881510
48 8 72524886
48 16 96358931
48 42 36699327
49 1 77897918
49 4 16164210
50 1 13545821
50 6 92367668
50 15 71225877
50 34 60312296
50 39 74274419
50 44 40030434
50 45 97777436
50 46 10860349
51 17 15666315
51 25 10451264
51 26 23934064
51 39 67039224
51 42 76397750
51 46 14301405
52 19 82953895
52 45 87848840
52 46 91348909
53 8 70547267
53 16 53751511
53 17 67530804
53 34 46861428
53 45 7948490
55 2 33127621
55 44 21715611
55 45 65035589
55 51 83927384
56 6 16292645
56 8 45893300
56 9 14859986
56 39 20720027
57 36 92090355
57 37 49848376
57 50 77831146
57 56 22385154
58 20 46150688
58 27 22372181
58 35 26353972
58 46 70545971
59 12 3401734
59 13 67270454
59 14 75070835
59 15 74036678
59 37 74818470
59 55 32476130
60 15 42162026
60 21 17027032
60 27 70567304
60 58 16453358
62 12 65714489
62 18 98095911
62 38 9922359
62 42 24319576
62 51 66992450
62 56 34235844
63 15 63942744
63 26 32470841
63 61 96403884
64 9 58640636
64 13 87550024
64 15 61987206
64 41 50896035
64 53 27663172
65 24 22918683
65 48 31214005
65 58 78613003
66 13 32783746
66 28 75362545
66 29 97913647
66 41 97506837
66 49 91245843
66 59 61281299
67 8 526308
67 21 98497249
67 25 19473599
67 26 25792684
67 35 14160374
67 36 20602743
67 39 84317077
67 45 41757116
68 9 81915283
68 57 4769445
68 62 28039023
68 63 54500496
69 9 20714815
69 16 9495724
69 26 24834416
69 54 42015570
70 40 88588156
70 65 2614139
71 5 83376270
71 34 86707401
72 12 89390408
72 20 27956859
72 59 50415133
72 70 6226118
73 24 12698759
73 34 12531071
74 4 47340481
74 6 67656971
74 17 47151973
75 23 87910971
75 27 67406740
75 52 11852964
75 56 86900314
75 63 68845922
75 64 70453995
75 66 20260543
75 71 65198204
76 8 24757887
77 7 50274654
77 41 75960141
78 29 55483377
78 34 91480923
78 38 1967489
78 45 84806463
78 74 52689033
79 12 34288500
80 21 41530174
80 27 14863637
80 28 49377833
80 39 63737126
80 47 86664853
80 49 11463390
80 53 52106774
80 77 55593947
81 5 42642219
81 28 71972856
81 34 84597311
81 41 68154587
81 51 51598133
82 22 23227913
82 24 38095366
82 47 49441361
82 49 30978570
82 52 4100695
82 57 34847512
82 61 55004002
82 66 44384524
83 12 29663794
83 37 94144502
83 56 21579494
84 3 27826701
84 15 59345642
84 26 20672561
84 78 29690540
84 82 71611707
85 16 41727652
85 31 82922278
85 75 51004575
85 80 77203199
86 6 53206268
86 27 60467943
86 35 14875962
86 78 15004051
87 3 6130673
87 15 89058569
87 20 59857848
87 49 67023878
87 51 32547075
87 58 57897716
87 71 54867208
87 74 35101461
87 82 76367712
87 84 10798853
88 34 13160045
88 53 59815132
88 61 44789189
88 76 72964343
88 85 99683506
88 87 65364195
89 4 16914153
89 14 20279420
89 45 90632347
90 2 62858212
90 12 37605944
90 32 56896203
90 43 2577198
90 46 98869400
90 59 16308594
90 65 94601745
90 66 15268114
90 88 99482372
91 13 72519630
91 17 51541456
91 18 54830666
91 20 10920828
91 49 85956224
91 61 4598838
92 15 95459716
92 38 74920883
92 44 43141486
92 45 86862514
92 80 35372211
93 21 20469599
93 38 65951996
93 44 44582984
93 59 64000132
93 65 43515240
93 90 76009211
94 11 66170805
94 53 61306352
94 91 80928633
95 40 18483949
95 64 67254328
95 71 57337464
95 81 48828255
96 7 47547279
96 19 75749945
96 35 55739364
96 41 23697950
96 68 38930090
97 5 80583963
97 18 85194066
97 53 98691802
97 72 28392888
98 25 14349513
98 61 69201544
98 62 85028208
98 67 7243170
98 79 20711808
98 89 98099626
98 94 1897708
99 7 46072477
99 33 1532014
99 47 77080013
100 18 22709335
100 68 58707058
