300 299 7
1 2 31681839
2 3 40708048
3 4 13846711
4 5 96800095
5 6 53158038
6 7 64273971
7 8 20800027
8 9 12093051
9 10 8927506
10 11 2659817
11 12 53900634
12 13 73739468
13 14 38839356
14 15 7898319
15 16 29786696
16 17 69838755
17 18 72031972
18 19 48351254
19 20 37135716
20 21 23174641
21 22 14251681
22 23 35127408
23 24 28776339
24 25 3441300
25 26 85991774
26 27 34930721
27 28 36473367
28 29 25962490
29 30 22121533
30 31 41587358
31 32 38874916
32 33 84151241
33 34 98233245
34 35 49981756
35 36 11639127
36 37 81316064
37 38 45285394
38 39 90154244
39 40 52067332
40 41 67907967
41 42 33403242
42 43 23862594
43 44 33195027
44 45 63563891
45 46 37580642
46 47 11991845
47 48 73502845
48 49 40298302
49 50 967889
50 51 39183748
51 52 76821772
52 53 94611008
53 54 41844013
54 55 68232586
55 56 26189258
56 57 55558898
57 58 56872223
58 59 80384672
59 60 38682029
60 61 57853615
61 62 60582178
62 63 21652086
63 64 31302956
64 65 40951386
65 66 34850324
66 67 5803370
67 68 10881765
68 69 6217234
69 70 62098482
70 71 84067374
71 72 37639109
72 73 69641833
73 74 71755723
74 75 86972831
75 76 63248774
76 77 94070350
77 78 46015645
78 79 19469994
79 80 90433062
80 81 26249431
81 82 8917221
82 83 55404361
83 84 27201990
84 85 85230822
85 86 84914857
86 87 59210414
87 88 37085008
88 89 24656287
89 90 47758796
90 91 58508774
91 92 79023195
92 93 43039452
93 94 85152047
94 95 74964492
95 96 26670700
96 97 43424028
97 98 13553231
98 99 8269187
99 100 95047961
100 101 30718337
101 102 37242573
102 103 78141624
103 104 82601895
104 105 31865594
105 106 16394079
106 107 44435060
107 108 23828975
108 109 39047193
109 110 61608455
110 111 3446186
111 112 5746021
112 113 47927010
113 114 93588933
114 115 11087772
115 116 38344143
116 117 98633650
117 118 90625585
118 119 43905594
119 120 2441089
120 121 43326861
121 122 38788450
122 123 43174638
123 124 20523183
124 125 87499571
125 126 55086671
126 127 83283506
127 128 91273923
128 129 10436273
129 130 39380858
130 131 82910270
131 132 25691314
132 133 59611763
133 134 39190951
134 135 18312349
135 136 33560791
136 137 51222134
137 138 80370873
138 139 21327823
139 140 44467304
140 141 76918847
141 142 1261173
142 143 48764635
143 144 6012578
144 145 61040255
145 146 22758904
146 147 49015083
147 148 48684027
148 149 38968002
149 150 76699494
150 151 13032839
151 152 58965441
152 153 27814843
153 154 56901944
154 155 27906127
155 156 15249582
156 157 7964417
157 158 8349577
158 159 7418298
159 160 98934763
160 161 22638541
161 162 79931333
162 163 90842198
163 164 20084413
164 165 81405400
165 166 5488481
166 167 73313756
167 168 65856293
168 169 78203983
169 170 33428087
170 171 43142001
171 172 4774656
172 173 16411239
173 174 71033604
174 175 39313368
175 176 54938166
176 177 87457906
177 178 26878634
178 179 64124126
179 180 27081480
180 181 32462191
181 182 58896644
182 183 55112818
183 184 66026890
184 185 4948499
185 186 29401938
186 187 56535321
187 188 59525846
188 189 33364645
189 190 86897343
190 191 57423301
191 192 28953419
192 193 66918238
193 194 25194023
194 195 4248040
195 196 4940014
196 197 34144140
197 198 34009079
198 199 32532918
199 200 70555192
200 201 27926078
201 202 31066929
202 203 55986874
203 204 35123068
204 205 19018890
205 206 43622651
206 207 6881843
207 208 42213718
208 209 75879215
209 210 15684148
210 211 76465049
211 212 54084653
212 213 87639809
213 214 87774833
214 215 96281419
215 216 99955471
216 217 5436256
217 218 66342216
218 219 52005705
219 220 12469984
220 221 57728061
221 222 28309377
222 223 76813456
223 224 22207072
224 225 45176290
225 226 39755920
226 227 88168834
227 228 63247294
228 229 86234075
229 230 42283571
230 231 56369991
231 232 70870168
232 233 28888756
233 234 87876667
234 235 92067973
235 236 36010489
236 237 45436810
237 238 52637758
238 239 66624398
239 240 9983191
240 241 37591828
241 242 84270078
242 243 89704672
243 244 25670157
244 245 5978591
245 246 52989130
246 247 83154030
247 248 17130583
248 249 36163834
249 250 89548715
250 251 8117906
251 252 22450011
252 253 92322032
253 254 85253731
254 255 62354372
255 256 76397528
256 257 63375366
257 258 54187204
258 259 52404276
259 260 29332139
260 261 439299
261 262 28346147
262 263 21037622
263 264 1759632
264 265 81874023
265 266 34539464
266 267 15554489
267 268 53121117
268 269 51148311
269 270 29841351
270 271 73901409
271 272 7167335
272 273 27067616
273 274 21730049
274 275 90124761
275 276 81641683
276 277 44378168
277 278 75480294
278 279 63285017
279 280 70653373
280 281 59007796
281 282 3542471
282 283 10601745
283 284 4587985
284 285 93338629
285 286 79790674
286 287 15155393
287 288 65609817
288 289 75270144
289 290 34487443
290 291 81621176
291 292 18624283
292 293 5553428
293 294 48663280
294 295 10695800
295 296 70194032
296 297 1416168
297 298 39854404
298 299 46561824
299 300 10030719
