151 300 7
1 2 30427946
1 151 49715840
2 3 50381236
2 151 16955847
3 4 25919678
3 151 94598927
4 5 5875846
4 151 11433374
5 6 18366759
5 151 33210967
6 7 67962542
6 151 28104875
7 8 53782418
7 151 86150124
8 9 4065956
8 151 61623891
9 10 65418000
9 151 60818406
10 11 52409070
10 151 66435453
11 12 76923526
11 151 25800787
12 13 54047301
12 151 12021295
13 14 65108951
13 151 31431505
14 15 2683188
14 151 94108346
15 16 35804923
15 151 69817086
16 17 54715718
16 151 63662559
17 18 50878642
17 151 97442331
18 19 15264707
18 151 88981280
19 20 34676051
19 151 13041565
20 21 8467620
20 151 51857599
21 22 83237535
21 151 50627617
22 23 14459131
22 151 88696870
23 24 7791912
23 151 45424459
24 25 31463212
24 151 92784793
25 26 11550095
25 151 66784129
26 27 87204126
26 151 69365217
27 28 27906057
27 151 78052514
28 29 19077437
28 151 81432114
29 30 8640065
29 151 72439436
30 31 5028445
30 151 65587752
31 32 94196654
31 151 26018644
32 33 19892113
32 151 77706936
33 34 61238607
33 151 97836867
34 35 78432325
34 151 59745267
35 36 38339728
35 151 74802233
36 37 47875026
36 151 57192853
37 38 18116137
37 151 21246634
38 39 80706716
38 151 13101864
39 40 71378061
39 151 92634561
40 41 42115729
40 151 94240363
41 42 47919824
41 151 86423664
42 43 66388372
42 151 67594921
43 44 83749946
43 151 26527887
44 45 41445268
44 151 20154117
45 46 47746492
45 151 70963624
46 47 38165414
46 151 68422966
47 48 88188589
47 151 9585942
48 49 68104388
48 151 94126192
49 50 73140058
49 151 29521865
50 51 46198069
50 151 32733863
51 52 1599363
51 151 39689079
52 53 46067723
52 151 29499891
53 54 35814968
53 151 4516908
54 55 56828036
54 151 34195031
55 56 50590159
55 151 40044279
56 57 94676630
56 151 55958001
57 58 23521790
57 151 88240201
58 59 53185647
58 151 15604452
59 60 22304524
59 151 89009362
60 61 3440451
60 151 27086246
61 62 21565497
61 151 40271326
62 63 15634097
62 151 1774040
63 64 51063501
63 151 45877757
64 65 22838089
64 151 76386769
65 66 58466222
65 151 31100833
66 67 18661419
66 151 55042822
67 68 75698436
67 151 59868270
68 69 54647414
68 151 56097850
69 70 10756143
69 151 78988304
70 71 9391949
70 151 38754604
71 72 96213177
71 151 12765680
72 73 4567848
72 151 11442850
73 74 89014921
73 151 14297330
74 75 69919992
74 151 70770866
75 76 48340380
75 151 20623411
76 77 67769658
76 151 65530367
77 78 95049955
77 151 19935767
78 79 81127001
78 151 8452215
79 80 25458399
79 151 2273942
80 81 18842922
80 151 45740419
81 82 51852732
81 151 88343088
82 83 76996828
82 151 16206646
83 84 99824696
83 151 40186262
84 85 47170051
84 151 43679075
85 86 49129610
85 151 394625
86 87 86684048
86 151 66977276
87 88 28196722
87 151 8142449
88 89 82847269
88 151 4445488
89 90 77847342
89 151 23081793
90 91 23863649
90 151 45301493
91 92 57852105
91 151 59260332
92 93 16233804
92 151 11187693
93 94 26905215
93 151 81255651
94 95 30062517
94 151 66734135
95 96 63510184
95 151 20739254
96 97 51148735
96 151 16377519
97 98 14557245
97 151 77945133
98 99 96765791
98 151 60758915
99 100 86961676
99 151 16972082
100 101 96549033
100 151 58986496
101 102 69052689
101 151 97378213
102 103 12137058
102 151 96031362
103 104 63256564
103 151 75679999
104 105 52848623
104 151 48426830
105 106 61114199
105 151 30268736
106 107 6835201
106 151 26508924
107 108 6566841
107 151 59890822
108 109 14951245
108 151 14520083
109 110 28348878
109 151 97326779
110 111 617613
110 151 95069252
111 112 80617407
111 151 82076603
112 113 3035659
112 151 87941119
113 114 48868423
113 151 58038445
114 115 70850737
114 151 12527303
115 116 80557787
115 151 67455495
116 117 94646420
116 151 76366363
117 118 26934321
117 151 67314099
118 119 30794163
118 151 43501158
119 120 70563742
119 151 51554505
120 121 99851420
120 151 69765599
121 122 86875341
121 151 26330218
122 123 897277
122 151 38863827
123 124 82298125
123 151 39793231
124 125 10720564
124 151 99762694
125 126 43087920
125 151 54073934
126 127 30020232
126 151 84871331
127 128 39784734
127 151 10686604
128 129 73462543
128 151 56302079
129 130 99888453
129 151 49560400
130 131 99423775
130 151 43060840
131 132 69293146
131 151 40556714
132 133 83901133
132 151 47898116
133 134 39705230
133 151 87427192
134 135 14669790
134 151 26271922
135 136 65123997
135 151 49656832
136 137 50814340
136 151 78513268
137 138 41874739
137 151 27548145
138 139 38989620
138 151 53287468
139 140 82279956
139 151 51469003
140 141 91850426
140 151 70284057
141 142 92695246
141 151 97714923
142 143 47752757
142 151 90733695
143 144 81193286
143 151 78535186
144 145 48611398
144 151 90340932
145 146 57378280
145 151 26290525
146 147 65758938
146 151 70992288
147 148 68091308
147 151 11003090
148 149 36083858
148 151 21937525
149 150 9211014
149 151 66872888
150 1 98398903
150 151 36357356
