151 300 10
1 2 60717356
1 151 75131378
2 3 62498495
2 151 60643908
3 4 68161302
3 151 78837458
4 5 25488220
4 151 24784692
5 6 68707215
5 151 63855861
6 7 84541428
6 151 82404160
7 8 24987810
7 151 12633037
8 9 59940719
8 151 40721829
9 10 19031421
9 151 12169594
10 11 72302219
10 151 93071738
11 12 85154812
11 151 5621084
12 13 79918135
12 151 53171692
13 14 60799942
13 151 87767997
14 15 99175611
14 151 82619428
15 16 87251050
15 151 21138500
16 17 83634886
16 151 2013365
17 18 70918134
17 151 8477853
18 19 7992815
18 151 4785236
19 20 25529321
19 151 32473042
20 21 80479378
20 151 4037617
21 22 62268230
21 151 43794353
22 23 59127086
22 151 79317234
23 24 26215592
23 151 69675660
24 25 31359387
24 151 85938499
25 26 39480356
25 151 67078418
26 27 616566
26 151 88912472
27 28 11406999
27 151 61381778
28 29 87885989
28 151 37334393
29 30 54596918
29 151 73989903
30 31 11167382
30 151 95000600
31 32 34090598
31 151 42315792
32 33 30825236
32 151 68838212
33 34 38794286
33 151 3993235
34 35 9425239
34 151 75583675
35 36 14485706
35 151 53740753
36 37 14469088
36 151 39044326
37 38 51876969
37 151 8969302
38 39 2267001
38 151 91925384
39 40 73141
39 151 28655711
40 41 28147795
40 151 7022620
41 42 63080625
41 151 50393819
42 43 95146833
42 151 53341399
43 44 56343449
43 151 9803041
44 45 75999681
44 151 84484009
45 46 26640895
45 151 90584776
46 47 36208667
46 151 45216992
47 48 11696297
47 151 41769850
48 49 44638888
48 151 2033333
49 50 55036103
49 151 15836576
50 51 18065233
50 151 33069631
51 52 94894086
51 151 13562207
52 53 1470358
52 151 8038757
53 54 62403170
53 151 65340317
54 55 23847555
54 151 91546885
55 56 75067324
55 151 25284670
56 57 60052351
56 151 68298764
57 58 25593229
57 151 98233179
58 59 17578105
58 151 56268165
59 60 86397982
59 151 51506294
60 61 15637438
60 151 52996323
61 62 56472863
61 151 28570348
62 63 63205
62 151 36211269
63 64 79556301
63 151 40821671
64 65 2634790
64 151 28281048
65 66 25139969
65 151 52918646
66 67 80801555
66 151 86145724
67 68 77438239
67 151 13466435
68 69 5651616
68 151 19643920
69 70 28621041
69 151 59262722
70 71 34665428
70 151 1285167
71 72 81917531
71 151 44151650
72 73 39772037
72 151 51830855
73 74 9851388
73 151 9969827
74 75 12095323
74 151 28015711
75 76 78213341
75 151 85441316
76 77 32616643
76 151 2081593
77 78 80702952
77 151 49482749
78 79 49889273
78 151 83503457
79 80 60828563
79 151 17075326
80 81 78822216
80 151 64924408
81 82 77117648
81 151 18218440
82 83 51821067
82 151 24538721
83 84 84187383
83 151 20687693
84 85 41716385
84 151 30653097
85 86 81932518
85 151 33487131
86 87 97360328
86 151 25474615
87 88 21270250
87 151 99243862
88 89 84419901
88 151 74347387
89 90 26385836
89 151 92204090
90 91 52104656
90 151 64762230
91 92 81004992
91 151 10535798
92 93 56567032
92 151 6362132
93 94 13937127
93 151 14636077
94 95 5193753
94 151 68767235
95 96 34249500
95 151 31998472
96 97 99298122
96 151 94567055
97 98 52561135
97 151 34491460
98 99 56480874
98 151 80056353
99 100 65900839
99 151 39384226
100 101 69803180
100 151 23546272
101 102 96684187
101 151 9230976
102 103 16965145
102 151 30654838
103 104 64330545
103 151 75076880
104 105 87712305
104 151 82660747
105 106 82450356
105 151 9950913
106 107 37610411
106 151 28507879
107 108 27377582
107 151 2224632
108 109 9281737
108 151 36130598
109 110 55220739
109 151 59821583
110 111 33428809
110 151 8114211
111 112 6254297
111 151 23656382
112 113 37844284
112 151 49497535
113 114 71270100
113 151 76795280
114 115 17660171
114 151 12373818
115 116 48606301
115 151 18576849
116 117 60444383
116 151 44421364
117 118 88171927
117 151 98368858
118 119 92774192
118 151 70053463
119 120 78442245
119 151 18837081
120 121 79171768
120 151 4708430
121 122 2401719
121 151 63725624
122 123 47979087
122 151 94082604
123 124 41849719
123 151 4501912
124 125 2853359
124 151 80312226
125 126 85387242
125 151 10044004
126 127 64724584
126 151 9028904
127 128 98045780
127 151 41750177
128 129 42802637
128 151 18334921
129 130 9721667
129 151 10101616
130 131 60812813
130 151 73295679
131 132 49362046
131 151 98919204
132 133 5967983
132 151 98930295
133 134 98938504
133 151 94447757
134 135 17387162
134 151 45850665
135 136 47222374
135 151 11398685
136 137 91958734
136 151 63522358
137 138 10424598
137 151 55989347
138 139 4062725
138 151 67098888
139 140 76880922
139 151 1950524
140 141 83880785
140 151 88887738
141 142 51315938
141 151 50892198
142 143 78205838
142 151 1670632
143 144 81720733
143 151 9697110
144 145 10764535
144 151 12166627
145 146 85819395
145 151 15512931
146 147 34521239
146 151 55867631
147 148 97738300
147 151 44311967
148 149 52135042
148 151 98655151
149 150 93168105
149 151 77974176
150 1 61438943
150 151 59125929
