78 300 10
1 2 14338284
1 76 82661824
1 77 94299433
1 78 87515599
2 3 70747762
2 76 33143089
2 77 36388470
2 78 98667725
3 4 34329609
3 76 39059507
3 77 98523781
3 78 9747680
4 5 88375666
4 76 60363288
4 77 40666358
4 78 62628455
5 6 91836216
5 76 53240636
5 77 52856233
5 78 15891322
6 7 35368578
6 76 29966271
6 77 42366909
6 78 48054333
7 8 34950610
7 76 48408323
7 77 84923371
7 78 84780497
8 9 69292413
8 76 20092872
8 77 21615831
8 78 73998619
9 10 89312780
9 76 89120445
9 77 36954169
9 78 22138980
10 11 1423419
10 76 87469465
10 77 9386758
10 78 16512317
11 12 79835989
11 76 45240264
11 77 3729573
11 78 11167990
12 13 36782994
12 76 27437016
12 77 51255037
12 78 54180449
13 14 78287229
13 76 58874345
13 77 81541460
13 78 12669399
14 15 86015206
14 76 92191943
14 77 14969499
14 78 77682596
15 16 79065539
15 76 85552677
15 77 85057717
15 78 48889833
16 17 24319989
16 76 12706728
16 77 65314076
16 78 68958580
17 18 90227841
17 76 26016592
17 77 36350293
17 78 60747066
18 19 83767587
18 76 29284685
18 77 65060547
18 78 37758842
19 20 67173306
19 76 34174569
19 77 13747658
19 78 16265127
20 21 12017217
20 76 37397299
20 77 37670724
20 78 15875217
21 22 3757749
21 76 21705099
21 77 99366920
21 78 55280128
22 23 15283993
22 76 92099897
22 77 70566925
22 78 78644023
23 24 12480061
23 76 57067859
23 77 64483220
23 78 91989091
24 25 22598616
24 76 71786416
24 77 51900419
24 78 61091468
25 26 41543691
25 76 65078276
25 77 61716806
25 78 58658863
26 27 56061893
26 76 79919491
26 77 12731120
26 78 34410536
27 28 63688750
27 76 52892228
27 77 31710728
27 78 60295339
28 29 82593141
28 76 65640148
28 77 8918608
28 78 76382232
29 30 19232992
29 76 65639746
29 77 94418263
29 78 35807267
30 31 76698343
30 76 59244386
30 77 2564364
30 78 94609226
31 32 54450351
31 76 56788911
31 77 2791079
31 78 46639388
32 33 95257585
32 76 76423782
32 77 49385602
32 78 63222433
33 34 35371552
33 76 47728044
33 77 40572032
33 78 71145711
34 35 25328307
34 76 5743918
34 77 84344775
34 78 75146204
35 36 62982687
35 76 34369625
35 77 12799014
35 78 52062311
36 37 13130565
36 76 4667935
36 77 25822182
36 78 41936177
37 38 3380243
37 76 48915
37 77 78657471
37 78 68003830
38 39 37927773
38 76 70004275
38 77 48086955
38 78 33760415
39 40 15273571
39 76 4716375
39 77 19622784
39 78 26714576
40 41 239102
40 76 30874819
40 77 33592741
40 78 67198398
41 42 35506816
41 76 24481539
41 77 33366612
41 78 27897432
42 43 81057644
42 76 91284810
42 77 44563399
42 78 39107668
43 44 96826589
43 76 49490890
43 77 4231871
43 78 75311363
44 45 79972033
44 76 99490325
44 77 21239368
44 78 68202856
45 46 86514748
45 76 26485035
45 77 49186761
45 78 65799107
46 47 51554398
46 76 32865914
46 77 52082929
46 78 73275097
47 48 74309094
47 76 42204570
47 77 65493212
47 78 82239755
48 49 4235033
48 76 33193347
48 77 86323867
48 78 57634107
49 50 62937860
49 76 45557976
49 77 12028328
49 78 35266060
50 51 13857459
50 76 17434845
50 77 26929830
50 78 7322981
51 52 92911246
51 76 18876454
51 77 28395102
51 78 34724206
52 53 65367803
52 76 60046151
52 77 16868169
52 78 73107108
53 54 51070647
53 76 6817240
53 77 14276292
53 78 34464583
54 55 94474864
54 76 49472658
54 77 72648738
54 78 57043359
55 56 56197278
55 76 17296600
55 77 59707840
55 78 29838455
56 57 12096050
56 76 19660954
56 77 97361183
56 78 23072011
57 58 19670915
57 76 2304682
57 77 89667381
57 78 29801311
58 59 86832363
58 76 88118000
58 77 47442765
58 78 79920225
59 60 88152841
59 76 74798534
59 77 94383516
59 78 6212861
60 61 77562561
60 76 54563633
60 77 62866054
60 78 35710681
61 62 63063352
61 76 43316128
61 77 10296198
61 78 49054510
62 63 8308770
62 76 91284926
62 77 86120900
62 78 86965815
63 64 72805267
63 76 12985912
63 77 9207208
63 78 57222383
64 65 15461392
64 76 6907445
64 77 86623476
64 78 22932746
65 66 9143587
65 76 3187
65 77 90832319
65 78 40960941
66 67 6021898
66 76 18143866
66 77 50887570
66 78 79041660
67 68 20114725
67 76 654049
67 77 60351157
67 78 62908544
68 69 66476950
68 76 96407062
68 77 70886921
68 78 2674489
69 70 39768088
69 76 10906843
69 77 36432329
69 78 33309184
70 71 37833788
70 76 91422713
70 77 79639261
70 78 86682895
71 72 68194423
71 76 77338
71 77 73604796
71 78 31603122
72 73 97293263
72 76 1039565
72 77 48087685
72 78 14977163
73 74 16565798
73 76 53385319
73 77 51341397
73 78 59782481
74 75 39375794
74 76 46405489
74 77 97243360
74 78 44756201
75 1 3927009
75 76 33868063
75 77 18368715
75 78 37848986
