250 300 10
1 2 100000000
1 3 100000000
2 4 100000000
2 5 100000000
3 6 100000000
3 7 100000000
4 8 100000000
4 9 100000000
5 10 100000000
5 11 100000000
6 12 100000000
6 13 100000000
7 14 100000000
7 15 100000000
8 16 100000000
8 17 100000000
9 18 100000000
9 19 100000000
10 20 100000000
10 21 100000000
11 22 100000000
11 23 100000000
12 24 100000000
12 25 100000000
13 26 100000000
13 27 100000000
14 28 100000000
14 29 100000000
15 30 100000000
15 31 100000000
16 32 100000000
16 33 100000000
17 34 100000000
17 35 100000000
18 36 100000000
18 37 100000000
19 38 100000000
19 39 100000000
20 40 100000000
20 41 100000000
21 42 100000000
21 43 100000000
22 44 100000000
22 45 100000000
23 46 100000000
23 47 100000000
24 48 100000000
24 49 100000000
25 50 100000000
25 51 100000000
26 52 100000000
26 53 100000000
27 54 100000000
27 55 100000000
28 56 100000000
28 57 100000000
29 58 100000000
29 59 100000000
30 60 100000000
30 61 100000000
31 62 100000000
31 63 100000000
32 64 100000000
32 65 100000000
33 66 100000000
33 67 100000000
34 68 100000000
34 69 100000000
35 70 100000000
35 71 100000000
36 72 100000000
36 73 100000000
37 74 100000000
37 75 100000000
38 76 100000000
38 77 100000000
39 78 100000000
39 79 100000000
40 80 100000000
40 81 100000000
41 82 100000000
41 83 100000000
42 84 100000000
42 85 100000000
43 86 100000000
43 87 100000000
44 88 100000000
44 89 100000000
45 90 100000000
45 91 100000000
46 92 100000000
46 93 100000000
47 94 100000000
47 95 100000000
48 96 100000000
48 97 100000000
49 98 100000000
49 99 100000000
50 100 100000000
50 101 100000000
51 102 100000000
51 103 100000000
52 104 100000000
52 105 100000000
53 106 100000000
53 107 100000000
54 108 100000000
54 109 100000000
55 110 100000000
55 111 100000000
56 112 100000000
56 113 100000000
57 114 100000000
57 115 100000000
58 116 100000000
58 117 100000000
59 118 100000000
59 119 100000000
60 120 100000000
60 121 100000000
61 122 100000000
61 123 100000000
62 124 100000000
62 125 100000000
63 126 100000000
63 127 100000000
64 128 100000000
64 129 100000000
65 130 100000000
65 131 100000000
66 132 100000000
66 133 100000000
67 134 100000000
67 135 100000000
68 136 100000000
68 137 100000000
69 138 100000000
69 139 100000000
70 140 100000000
70 141 100000000
71 142 100000000
71 143 100000000
72 144 100000000
72 145 100000000
73 146 100000000
73 147 100000000
74 148 100000000
74 149 100000000
75 150 100000000
75 151 100000000
76 152 100000000
76 153 100000000
77 154 100000000
77 155 100000000
78 156 100000000
78 157 100000000
79 158 100000000
79 159 100000000
80 160 100000000
80 161 100000000
81 162 100000000
81 163 100000000
82 164 100000000
82 165 100000000
83 166 100000000
83 167 100000000
84 168 100000000
84 169 100000000
85 170 100000000
85 171 100000000
86 172 100000000
86 173 100000000
87 174 100000000
87 175 100000000
88 176 100000000
88 177 100000000
89 178 100000000
89 179 100000000
90 180 100000000
90 181 100000000
91 182 100000000
91 183 100000000
92 184 100000000
92 185 100000000
93 186 100000000
93 187 100000000
94 188 100000000
94 189 100000000
95 190 100000000
95 191 100000000
96 192 100000000
96 193 100000000
97 194 100000000
97 195 100000000
98 196 100000000
98 197 100000000
99 198 100000000
99 199 100000000
100 200 100000000
100 201 100000000
101 202 100000000
101 203 100000000
102 204 100000000
102 205 100000000
103 206 100000000
103 207 100000000
104 208 100000000
104 209 100000000
105 210 100000000
105 211 100000000
106 212 100000000
106 213 100000000
107 214 100000000
107 215 100000000
108 216 100000000
108 217 100000000
109 218 100000000
109 219 100000000
110 220 100000000
110 221 100000000
111 222 100000000
111 223 100000000
112 224 100000000
112 225 100000000
113 226 100000000
113 227 100000000
114 228 100000000
114 229 100000000
115 230 100000000
115 231 100000000
116 232 100000000
116 233 100000000
117 234 100000000
117 235 100000000
118 236 100000000
118 237 100000000
119 238 100000000
119 239 100000000
120 240 100000000
120 241 100000000
121 242 100000000
121 243 100000000
122 244 100000000
122 245 100000000
123 246 100000000
123 247 100000000
124 248 100000000
124 249 100000000
125 250 100000000
65 107 6
107 224 5
42 224 9
1 42 10
1 115 5
32 115 1
32 134 9
64 134 3
64 75 8
65 75 6
16 99 94960607
153 211 7363105
102 173 13634234
65 121 22982880
70 93 45232202
131 235 43291189
75 106 13642236
93 110 94264952
108 224 65250916
161 176 1737428
92 100 17416284
209 214 6934889
70 176 8609502
216 245 72596106
108 175 34888567
29 125 24573599
93 213 91069801
172 231 53309721
12 105 46886989
2 51 90587242
17 133 15343711
93 138 83271078
178 185 83766364
104 168 4191988
129 228 73724918
51 124 42569316
84 89 50564753
188 192 73612926
60 225 95059311
81 195 94411418
150 179 33802851
73 152 97866581
82 145 72444465
76 163 65051133
16 220 79645214
133 233 33081886
229 245 53987145
87 213 53288231
138 235 6461746
11 43 40703504
14 143 93526733
