25 300 10
1 2 79500
1 3 21
2 3 1
1 4 58
2 4 16
3 4 71379
1 5 32
2 5 38
3 5 33
4 5 42
1 6 39
2 6 69
3 6 77
4 6 35
5 6 73391
1 7 65
2 7 23
3 7 62
4 7 45
5 7 50
6 7 8
1 8 77
2 8 8
3 8 51
4 8 14
5 8 33
6 8 61
7 8 76959
1 9 47
2 9 35
3 9 44
4 9 66
5 9 42
6 9 38
7 9 53
8 9 14
1 10 47
2 10 55
3 10 54
4 10 63
5 10 2
6 10 50
7 10 46
8 10 17
9 10 77360
1 11 35
2 11 9
3 11 70
4 11 54
5 11 34
6 11 15
7 11 63
8 11 24
9 11 47
10 11 51
1 12 53
2 12 6
3 12 45
4 12 26
5 12 1
6 12 9
7 12 67
8 12 15
9 12 47
10 12 69
11 12 72505
1 13 80
2 13 52
3 13 4
4 13 65
5 13 71
6 13 62
7 13 26
8 13 41
9 13 42
10 13 45
11 13 49
12 13 71
1 14 30
2 14 41
3 14 75
4 14 33
5 14 76
6 14 37
7 14 41
8 14 73
9 14 70
10 14 38
11 14 63
12 14 8
13 14 75041
1 15 67
2 15 32
3 15 52
4 15 44
5 15 51
6 15 69
7 15 7
8 15 22
9 15 6
10 15 39
11 15 72
12 15 7
13 15 70
14 15 62
1 16 10
2 16 40
3 16 67
4 16 78
5 16 63
6 16 50
7 16 3
8 16 71
9 16 68
10 16 69
11 16 33
12 16 76
13 16 78
14 16 55
15 16 71051
1 17 65
2 17 74
3 17 62
4 17 19
5 17 65
6 17 77
7 17 51
8 17 12
9 17 14
10 17 30
11 17 55
12 17 49
13 17 10
14 17 50
15 17 7
16 17 32
1 18 80
2 18 40
3 18 76
4 18 71
5 18 45
6 18 40
7 18 43
8 18 66
9 18 5
10 18 9
11 18 75
12 18 68
13 18 65
14 18 7
15 18 69
16 18 43
17 18 72817
1 19 18
2 19 6
3 19 35
4 19 74
5 19 15
6 19 28
7 19 65
8 19 4
9 19 80
10 19 78
11 19 2
12 19 52
13 19 62
14 19 18
15 19 60
16 19 55
17 19 8
18 19 74
1 20 12
2 20 70
3 20 1
4 20 12
5 20 74
6 20 21
7 20 25
8 20 25
9 20 3
10 20 21
11 20 17
12 20 53
13 20 63
14 20 74
15 20 44
16 20 12
17 20 68
18 20 28
19 20 76008
1 21 58
2 21 23
3 21 73
4 21 79
5 21 79
6 21 69
7 21 30
8 21 23
9 21 74
10 21 40
11 21 74
12 21 60
13 21 74
14 21 10
15 21 15
16 21 68
17 21 78
18 21 43
19 21 66
20 21 32
1 22 48
2 22 59
3 22 43
4 22 51
5 22 2
6 22 47
7 22 49
8 22 5
9 22 4
10 22 70
11 22 51
12 22 29
13 22 67
14 22 20
15 22 75
16 22 47
17 22 14
18 22 5
19 22 61
20 22 1
21 22 79858
1 23 48
2 23 42
3 23 50
4 23 65
5 23 64
6 23 3
7 23 52
8 23 30
9 23 79
10 23 37
11 23 28
12 23 51
13 23 9
14 23 2
15 23 16
16 23 63
17 23 27
18 23 32
19 23 45
20 23 30
21 23 16
22 23 45
1 24 48
2 24 22
3 24 29
4 24 74
5 24 55
6 24 17
7 24 27
8 24 21
9 24 1
10 24 12
11 24 40
12 24 70
13 24 50
14 24 39
15 24 20
16 24 4
17 24 18
18 24 22
19 24 4
20 24 66
21 24 28
22 24 33
23 24 79
1 25 36
2 25 78
3 25 14
4 25 61
5 25 59
6 25 49
7 25 66
8 25 4
9 25 40
10 25 33
11 25 72
12 25 36
13 25 79
14 25 45
15 25 54
16 25 53
17 25 38
18 25 26
19 25 48
20 25 65
21 25 40
22 25 69
23 25 23
24 25 21
