65 261 10
1 2 1
2 3 1
2 4 1
3 4 1
2 5 1
3 5 1
4 5 1
2 6 1
3 6 1
4 6 1
5 6 1
2 7 1
3 7 1
4 7 1
5 7 1
6 7 1
2 8 1
3 8 1
4 8 1
5 8 1
6 8 1
7 8 1
2 9 1
3 9 1
4 9 1
5 9 1
6 9 1
7 9 1
8 9 1
2 10 1
3 10 1
4 10 1
5 10 1
6 10 1
7 10 1
8 10 1
9 10 1
1 11 1
11 12 1
11 13 1
12 13 1
11 14 1
12 14 1
13 14 1
11 15 1
12 15 1
13 15 1
14 15 1
11 16 1
12 16 1
13 16 1
14 16 1
15 16 1
11 17 1
12 17 1
13 17 1
14 17 1
15 17 1
16 17 1
11 18 1
12 18 1
13 18 1
14 18 1
15 18 1
16 18 1
17 18 1
11 19 1
12 19 1
13 19 1
14 19 1
15 19 1
16 19 1
17 19 1
18 19 1
1 20 1
20 21 1
20 22 1
21 22 1
20 23 1
21 23 1
22 23 1
20 24 1
21 24 1
22 24 1
23 24 1
20 25 1
21 25 1
22 25 1
23 25 1
24 25 1
20 26 1
21 26 1
22 26 1
23 26 1
24 26 1
25 26 1
20 27 1
21 27 1
22 27 1
23 27 1
24 27 1
25 27 1
26 27 1
20 28 1
21 28 1
22 28 1
23 28 1
24 28 1
25 28 1
26 28 1
27 28 1
1 29 1
29 30 1
29 31 1
30 31 1
29 32 1
30 32 1
31 32 1
29 33 1
30 33 1
31 33 1
32 33 1
29 34 1
30 34 1
31 34 1
32 34 1
33 34 1
29 35 1
30 35 1
31 35 1
32 35 1
33 35 1
34 35 1
29 36 1
30 36 1
31 36 1
32 36 1
33 36 1
34 36 1
35 36 1
29 37 1
30 37 1
31 37 1
32 37 1
33 37 1
34 37 1
35 37 1
36 37 1
1 38 1
38 39 1
38 40 1
39 40 1
38 41 1
39 41 1
40 41 1
38 42 1
39 42 1
40 42 1
41 42 1
38 43 1
39 43 1
40 43 1
41 43 1
42 43 1
38 44 1
39 44 1
40 44 1
41 44 1
42 44 1
43 44 1
38 45 1
39 45 1
40 45 1
41 45 1
42 45 1
43 45 1
44 45 1
38 46 1
39 46 1
40 46 1
41 46 1
42 46 1
43 46 1
44 46 1
45 46 1
1 47 1
47 48 1
47 49 1
48 49 1
47 50 1
48 50 1
49 50 1
47 51 1
48 51 1
49 51 1
50 51 1
47 52 1
48 52 1
49 52 1
50 52 1
51 52 1
47 53 1
48 53 1
49 53 1
50 53 1
51 53 1
52 53 1
47 54 1
48 54 1
49 54 1
50 54 1
51 54 1
52 54 1
53 54 1
47 55 1
48 55 1
49 55 1
50 55 1
51 55 1
52 55 1
53 55 1
54 55 1
1 56 1
56 57 1
56 58 1
57 58 1
56 59 1
57 59 1
58 59 1
56 60 1
57 60 1
58 60 1
59 60 1
56 61 1
57 61 1
58 61 1
59 61 1
60 61 1
56 62 1
57 62 1
58 62 1
59 62 1
60 62 1
61 62 1
56 63 1
57 63 1
58 63 1
59 63 1
60 63 1
61 63 1
62 63 1
56 64 1
57 64 1
58 64 1
59 64 1
60 64 1
61 64 1
62 64 1
63 64 1
33 65 1
35 65 1
