37 26
-565 -1177 -565 -1151 -477 -1014 -1150 -431 -608 -1076 -890 -780 -464 -643 -543 -797 -756 -533 -664 -977 -1168 -470 -864 -1147 -490 -1115
-401 -1035 -421 -594 -1180 -465 -623 -1148 -748 -839 -965 -838 -807 -774 -919 -762 -913 -726 -447 -787 -967 -1035 -734 -549 -502 -414
-745 -645 -644 -568 -678 -906 -577 -1162 -898 -622 -581 -494 -516 -1062 -746 -786 -537 -815 -1117 -1170 -732 -897 -967 -437 -718 -451
-963 -479 -826 -796 -690 -669 -1056 -629 -1181 -1031 -449 -449 -649 -573 -1128 -1073 -1104 -791 -823 -883 -743 -1083 -543 -1104 -769 -836
-598 -485 -944 -577 -734 -828 -1165 -1084 -532 -1102 -484 -658 -1088 -519 -1133 -489 -658 -594 -418 -984 -1050 -861 -1122 -538 -442 -584
-562 -1150 -399 -1103 -870 -709 -456 -439 -802 -868 -1098 -795 -484 -674 -1177 -515 -1067 -449 -662 -618 -595 -806 -530 -808 -844 -995
-1046 -983 -789 -1147 -881 -743 -1184 959 1112 623 1063 766 1310 1216 1232 1160 939 934 1169 1115 970 582 1092 935 1085 671
-1092 -790 -449 -1138 -1071 -941 -424 741 1089 678 1242 558 1044 883 614 1296 889 711 1309 1116 754 1323 1042 1233 659 1175
-409 -398 -720 -1081 -902 -1094 -700 711 1128 1317 1010 817 1243 1248 626 863 674 776 1014 1069 756 1157 1034 1292 786 869
-397 -856 -1075 -1147 -603 -1091 -675 797 1129 948 931 829 658 1277 1103 855 859 1217 959 560 610 1189 721 802 582 564
1275 944 964 978 703 1108 803 -680 -988 -541 -596 -950 -1047 -566 -552 -900 -1115 -419 676 904 1086 1139 1065 813 1073 1139
1275 1244 1045 1017 1255 775 1258 -574 -1098 -610 -645 -1177 -481 -1033 -636 -1058 -662 -765 929 1120 1140 673 895 700 658 1304
1301 664 958 1000 1127 590 991 -1115 -807 -1075 -680 -720 -804 -678 -788 -743 -557 -1031 675 729 778 1174 607 981 739 759
899 774 1172 662 821 920 821 -976 -1070 -919 -661 -470 -1004 -1160 -472 -568 -503 -567 1057 1103 1306 1225 1264 1091 1144 736
582 1201 599 869 744 803 662 -1116 -738 -491 -534 -526 -1092 -723 -482 -1150 -905 -476 1069 830 1200 815 710 1159 1076 1050
1101 1179 1019 951 1018 1081 1334 -549 -1094 -1186 -764 -409 -776 -460 -935 -872 -812 -530 924 879 557 1284 738 1182 783 705
582 811 1227 692 1326 891 569 -998 -1043 -450 -419 -770 -702 -535 -925 -775 -1154 -1029 1134 890 561 1034 646 633 761 603
1073 599 1277 991 611 831 714 -1157 -466 -751 -954 -861 -816 -877 -716 -930 -553 -694 640 1075 1168 1287 931 1149 623 1247
877 1348 677 879 1252 1038 1041 -783 -1162 -608 -1165 -659 -1181 -1107 -622 -1085 -493 -822 1244 1058 717 1226 860 806 924 771
1102 1270 922 670 706 1228 988 -676 -1164 -1053 -523 -923 -1084 -985 -926 -728 -1041 -544 1149 1237 1289 1253 1328 1008 1010 766
575 944 1191 1186 1312 1203 1131 -1015 -1013 -1055 -985 -1172 -1018 -591 -905 -634 -883 -441 1217 756 989 869 1185 1149 1011 948
1144 791 1251 785 815 1185 1255 -637 -596 -935 -690 -1109 -899 -916 -942 -1173 -599 -463 1085 875 1027 997 1236 890 785 1032
617 926 1127 1139 882 1314 1248 -1173 -618 -1055 -1167 -1022 -631 -722 -993 -1034 -567 -536 1332 864 1289 769 696 1070 585 779
657 1227 918 902 629 1341 1209 -791 -826 -858 -475 -757 -1120 -546 -461 -793 -826 -1040 963 1189 839 999 690 585 964 1270
1188 1319 779 1235 1113 1261 1320 -1006 -800 -1161 -500 -1159 -472 -417 -958 -1091 -518 -420 1352 571 1319 678 1019 846 1152 1124
720 929 1066 947 1267 1314 1066 -497 -1157 -996 -589 -888 -522 -626 -686 -992 -938 -751 610 1047 1228 846 1167 844 1211 1240
1222 764 989 1277 1190 1095 969 -415 -565 -799 -619 -852 -887 -605 -668 -749 -1075 -1029 742 660 839 772 693 737 878 838
880 593 681 1295 1046 727 1236 -906 -527 -533 -1134 -821 -789 -621 -610 -412 -971 -1114 1017 1172 1239 873 1228 1049 1257 1203
752 622 900 1319 912 915 592 -877 -415 -573 -706 -908 -1126 -830 -962 -860 -1015 -868 1251 1337 786 1221 1112 1038 1222 1267
864 807 1204 929 762 921 967 -713 -996 -984 -854 -425 -590 -716 -456 -1181 -1094 -592 1010 806 1129 1280 1107 569 857 634
628 638 933 562 636 819 1007 656 1172 596 630 1300 683 1122 614 827 855 663 -577 -857 -796 -794 -576 -922 -1031 -841
605 853 1203 924 794 1202 748 782 1195 906 1235 731 1299 1256 937 1059 797 798 -996 -584 -547 -1039 -633 -1054 -474 -919
1026 1214 933 669 979 698 871 1152 1300 1086 1228 1035 584 597 1337 1164 1048 1334 -509 -531 -1093 -783 -496 -698 -426 -508
1040 1160 904 983 650 1027 736 1076 910 1021 1109 1118 656 1250 977 977 1343 926 -557 -543 -887 -1146 -436 -922 -471 -610
1287 1027 842 982 1140 894 1005 721 701 1202 854 1254 1241 741 1031 1240 604 767 -716 -1078 -682 -850 -1098 -1142 -804 -677
1167 903 1196 1010 918 845 841 882 967 906 790 1355 752 578 698 852 888 1165 -457 -738 -1167 -668 -892 -459 -654 -837
1135 602 740 1120 1158 1104 1110 882 1103 998 1180 1140 1279 1128 790 861 1178 1114 -421 -1027 -561 -1183 -439 -590 -496 -989
