19 21
-288 144 43 243 159 243 230 -483 -651 -663 166 -499 -306 290 163 -154 -471 -598 -165 -516 -373
-275 -680 115 -280 -272 178 -247 -166 178 -231 124 -57 -719 190 118 -20 145 -53 -510 14 -61
209 164 -71 -294 130 -273 -699 -325 226 333 813 549 1008 -603 -323 -465 132 -135 -222 -317 -350
-114 -423 -72 -58 221 -397 -348 -9 410 705 801 532 659 -645 -244 -440 256 -405 -617 269 -196
-397 -585 -533 -487 152 2 -702 -30 485 144 429 934 346 -318 -570 104 174 -621 203 -343 -399
-88 -377 94 -410 116 219 -358 -331 639 316 893 601 645 -492 -670 120 -465 282 227 -374 24
246 -257 -79 -445 263 -702 -625 -108 769 196 758 799 388 -719 -699 -576 -479 304 256 -214 187
-450 55 274 -707 -94 209 -152 -47 396 774 173 683 992 -340 -551 -295 -74 8 176 -305 -449
234 -119 -110 148 -714 -263 -516 38 -639 257 -194 -114 52 58 -45 115 -456 -696 -679 -569 -406
-393 266 -229 -630 -573 -58 226 210 55 300 -712 -652 -344 -414 68 239 -669 -361 -211 149 -245
-374 -502 -514 -464 -56 -63 -483 -370 -497 -554 13 -654 -236 137 130 -48 10 -368 -688 176 -499
-714 956 179 742 -654 -478 -87 -284 -253 -528 -567 -329 -294 -596 -304 -678 300 225 -385 -322 -226
-324 581 716 921 -474 -650 141 -260 -659 68 -401 105 -585 -38 -458 -117 1 -250 214 -579 -240
-410 434 1013 604 281 -386 -568 -167 66 -475 -547 129 -706 -486 142 -514 135 51 -510 -331 -585
-237 1089 170 1066 120 55 188 -371 -223 -633 -589 -85 -702 -668 303 300 -353 -206 297 -237 -654
295 629 646 215 34 -473 -366 -495 75 -637 -73 118 -675 -27 -169 181 52 -341 -409 -310 -606
260 828 808 671 -200 -84 -58 -137 -552 -326 -330 120 -29 123 31 -80 -42 -412 -455 123 188
20 594 483 172 -497 165 294 -148 304 -692 -655 -69 -700 -271 -210 -638 -343 -640 186 -284 -32
-563 644 489 698 163 -631 -597 55 -245 -139 -189 -1 96 -61 -267 -184 -14 -364 -86 -670 -458
