36 22
-906 -228 -823 -747 -693 -476 -529 -336 -390 -608 -768 -924 -494 -955 -638 -830 -834 -376 -567 -285 -801 -384
-680 -287 -859 -329 -263 -625 -826 -477 -677 -1050 -569 -140 -499 -883 -819 -220 -230 -385 -238 -758 -439 -447
-411 -474 -407 -438 -673 -539 -259 -568 -284 -306 -488 -176 -219 -786 -475 -931 -698 -261 -714 -583 -349 -711
-758 -325 -165 -890 -863 -350 -1049 -347 -858 -251 -753 -341 -681 -424 -267 -346 -472 -977 -534 -220 -688 -795
-737 -364 -363 -230 -721 -239 -242 -354 -622 -505 -384 -502 -255 -688 -308 -667 -302 -706 -397 -246 -702 -863
-694 -196 -199 -424 -312 -235 -524 -363 -995 -239 -498 -855 -787 -920 -472 -959 -148 -618 -932 -896 -573 -484
-640 -226 -172 -591 -1035 -982 -362 -805 -909 -1046 -633 -454 -533 -656 -967 -815 -314 -482 -932 -883 -338 -962
-484 -542 -387 -945 -577 -465 -899 -269 -211 580 535 543 817 984 -798 -343 -203 -936 -872 -200 -731 -397
-987 -506 -190 -565 -945 -614 -381 -362 -914 1017 957 911 1128 906 -742 -869 -397 -539 -899 -950 -466 -739
-741 -747 1071 1152 1151 1299 825 641 1068 -247 -210 650 901 727 -220 -795 -399 -940 -491 -567 -558 -721
-1036 -687 1160 1334 1373 1295 534 1241 951 -775 -577 1137 1230 778 -736 -172 -213 -410 -743 -597 -712 -777
-767 -787 1062 1021 847 1007 819 1149 789 -973 -654 1187 1424 1437 -787 -857 -833 -144 -933 -244 -273 -361
-943 -889 565 715 693 1235 612 906 1326 -301 -886 1009 546 685 -301 -569 -221 -175 -868 -508 -661 -824
-528 -459 1377 1271 1002 988 1278 1235 651 -969 -643 982 882 1320 -667 -635 -405 -955 -797 -449 -263 -929
-524 -995 696 1242 841 1350 623 562 1072 -952 -782 607 1242 992 -431 -312 -365 -935 -550 -880 -1036 -197
-302 -419 1036 903 1293 1178 649 1282 1277 -1032 -844 1178 1431 778 -782 -353 -776 -1041 -701 -628 -283 -219
-808 -803 843 1054 908 763 1400 790 1013 -1013 -556 1298 866 743 -405 -246 -222 -803 -395 -870 -854 -718
-916 -184 789 872 649 898 639 599 1353 -503 -751 1277 1290 809 -212 -186 -295 -356 -493 -367 -646 -532
-142 -298 976 1246 630 891 1169 1430 667 -314 -704 1261 1092 1225 -890 -200 -587 -900 -668 -664 -202 -1017
-805 -166 684 783 1387 667 907 1431 1300 -409 -897 1406 1345 1061 -152 -687 -949 -840 -543 -690 -369 -444
-850 -1010 655 971 1174 841 934 930 1415 -867 -680 956 1236 1075 -415 -170 -166 -295 -522 -1030 -879 -679
-269 -755 669 1042 770 534 1279 937 884 -497 -897 577 1321 996 -802 -458 -140 -1022 -815 -408 -781 -789
-967 -672 782 1228 1286 1171 580 1173 774 902 668 -849 -984 -949 -211 -652 -936 -361 -764 -1000 -330 -768
-648 -153 1212 764 1285 1307 1120 997 1351 1167 1087 -345 -927 -619 -254 -862 -696 -989 -902 -434 -487 -445
-321 -495 1097 531 1433 997 1206 892 1406 625 1143 -698 -423 -140 -258 -514 -558 -264 -720 -533 -631 -384
-191 -903 623 1040 813 1404 572 1022 1038 811 902 -484 -778 -853 -786 -972 -241 -900 -880 -470 -717 -565
-798 -599 1304 1019 934 711 854 603 775 1267 1388 -1001 -220 -418 -486 -679 -595 -325 -996 -738 -390 -999
-1043 -989 1283 939 539 1071 1245 1127 654 1016 668 -387 -891 -244 -993 -923 -272 -407 -443 -577 -460 -589
-153 -763 1414 1285 603 1262 1281 891 1384 1028 856 -465 -540 -1038 -371 -554 -876 -182 -193 -308 -1036 -354
-949 -241 -526 -231 -732 -484 -750 -556 -465 -392 -454 -999 -646 -317 -457 -875 -452 -217 -282 -609 -672 -835
-881 -928 -287 -307 -438 -161 -898 -707 -796 -668 -744 -327 -258 -152 -1016 -208 -458 -746 -524 -379 -469 -1001
-228 -246 -235 -907 -668 -728 -834 -672 -354 -304 -926 -327 -393 -1041 -536 -763 -919 -513 -150 -193 -969 -611
-969 -608 -975 -280 -231 -873 -629 -292 -985 -179 -331 -932 -765 -225 -1036 -669 -758 -691 -547 -220 -553 -254
-381 -948 -365 -492 -611 -544 -807 -1028 -528 -325 -977 -685 -581 -226 -460 -182 -277 -317 -704 -623 -782 -901
-227 -369 -892 -761 -214 -840 -569 -599 -504 -284 -921 -144 -680 -256 -374 -737 -665 -919 -670 -657 -313 -415
-938 -831 -242 -349 -291 -599 -223 -485 -294 -141 -696 -199 -495 -430 -158 -909 -951 -387 -598 -279 -324 -210
