45 23
-1597 -43 -165 46 -1023 -987 -253 -291 -296 -699 -1235 -1231 -1245 -1445 -1407 -1271 -1463 -786 -1027 -383 -179 -1545 -550
-192 -1081 -796 -660 -1569 -1641 -243 -890 -921 -1736 -1366 -1216 -909 -246 27 -891 -841 14 -1531 -1057 -271 -72 -822
-1621 -534 -1733 -893 -200 -1139 -1703 -1730 -862 -1502 -930 -368 -682 -1286 -782 -194 -971 -61 -529 -126 -656 -893 -1742
-1444 -1414 -559 -525 77 -865 -852 -882 -904 -927 -1166 -1652 -1014 -1485 -574 -312 -1517 -1261 -254 -1091 -1061 -285 -487
-115 -1550 -1222 -1176 -1215 -122 -1402 -38 -539 -1693 -333 -1535 -639 -1371 -1591 -778 -1159 -902 -65 -1594 -1344 -1653 -488
-1069 -420 -638 -1087 -693 -1113 -51 -1599 -1590 -662 -685 -1032 -1273 -563 -786 -29 -287 -461 28 -1678 -271 -1708 -1380
-672 -199 -686 -890 -380 -859 -359 -1245 -523 -1596 -776 -518 -1653 -436 -1103 -1703 -584 -994 -219 -545 -942 -1366 -1330
-755 -1413 -1149 -471 -1462 -1647 -1486 -1603 -262 -1366 -389 -1643 -413 -891 -1541 -1081 -1555 -636 -339 -849 -1541 -437 -1609
-1673 -1592 -1402 -561 -224 -706 -363 -594 -34 -643 -372 -1365 -1506 -1227 -895 15 -893 -1032 -105 -538 -1433 -728 -329
-492 -173 -161 -1685 -1585 -336 -1474 -1198 -1646 -1003 -1288 33 -646 -157 -708 -168 -338 -932 -463 -1712 -56 -1261 -732
-571 -1171 -854 -741 -816 -1256 -1306 -1622 -1305 53 -377 -961 -477 -867 -1159 -602 -533 -1124 22 -768 -1402 -1393 -659
-860 -282 -726 21 -679 -531 -1698 -404 -552 26 -332 -1014 -540 -829 -179 -909 -1217 -1368 -346 -745 -93 -650 -81
-1637 -1398 -1524 -461 -1039 -571 -1315 -485 -1542 -733 -431 -689 -1184 -1714 -464 -951 -1264 -1281 -1086 -449 -1692 -55 -300
-1619 -977 -1056 -336 -1337 -1215 -1704 -841 -1635 -1528 -1363 -1422 -836 -1539 -332 -939 -37 -937 -117 -342 -1474 -830 -241
-155 -110 -1083 23 -367 -417 -648 -86 -1688 -1051 -1133 -1327 -717 -326 -96 5 -677 -687 -423 -762 -1332 -996 -602
-815 -696 -307 -1280 -630 -183 -435 -1627 -320 -212 -1312 -934 -505 -679 -918 -225 -1670 -187 -1283 -902 -1477 -1413 -192
-942 -359 -952 -759 -161 -1572 -1029 -1040 -996 -301 -774 63 -453 -1176 -1198 -597 -101 58 -43 -1271 -1543 -1400 -1056
-900 -314 -619 292 152 606 -587 235 416 665 -500 29 546 750 727 -9 1023 -292 403 -207 60 -540 6
-964 -591 -1401 986 60 -105 -17 -287 -379 -1456 -580 813 -374 349 -323 -703 365 -197 837 -402 -862 33 -758
-1484 -670 -365 -276 -994 -938 -262 -1216 -1681 -889 -422 985 -359 -194 -25 447 666 339 -237 659 -277 -210 -906
-306 -1011 -78 -492 -634 310 26 160 1080 27 461 -168 153 -595 379 691 -9 1058 -682 -635 -1411 -426 -1057
-963 -103 -1001 1046 -443 -297 304 99 -389 863 629 -417 406 -701 478 814 274 787 296 517 30 -944 -825
-807 -57 -314 -50 832 691 185 588 -89 -373 -501 -330 -231 1063 467 -520 -463 419 -307 -580 -860 -475 -181
-829 -1332 -563 -341 265 -172 1052 704 -139 964 -664 80 487 852 422 -542 -649 874 719 724 -1679 -1724 -869
-1450 -1480 -761 -440 414 1040 -300 602 835 855 528 71 287 1035 -292 427 280 -480 933 891 -606 -1091 -1227
-314 -767 -68 148 168 -124 411 -174 -655 -365 38 321 -82 680 -384 -77 -638 1009 910 -590 -1252 -518 -175
-1040 -836 -440 972 -112 -209 -446 311 154 -614 -462 -250 -112 -240 -208 165 11 122 777 342 -691 -494 -462
-191 -1359 -746 -354 -474 60 -329 634 1028 -635 -602 -628 138 -75 1106 301 707 262 -593 443 -1702 -699 -705
71 -1466 -533 -486 390 1068 197 210 266 -644 -38 1003 -557 787 -367 5 911 141 10 -6 -500 -825 -1396
-1167 -346 -689 809 -21 -522 -402 -592 887 893 973 80 -388 404 839 -685 998 -678 266 -577 -1515 -1528 -580
-921 -856 -853 1039 172 -333 -345 -391 -144 -672 70 -324 711 583 144 -79 630 -282 -397 691 -211 -864 -997
71 -918 -1358 56 -539 -224 -1194 -1597 -657 -1314 -1618 -186 -719 -258 -906 -457 -1000 -309 -1403 -258 -343 -1338 -1663
-76 -948 -1127 -360 -935 -809 -1141 -779 -140 -1388 -205 -579 -321 -1217 -746 -1001 -885 -1510 -937 -1089 -561 -776 -210
-1538 -635 -18 -874 -795 -1023 -1265 -1219 -107 -348 -1406 13 -371 -1443 -1443 -1170 -1282 -911 -1587 -1499 -1643 -468 -106
-147 -32 -761 -1359 -493 -1505 -474 -282 -1310 -1051 24 -62 -363 -1295 -909 -279 -380 -846 -1465 -1395 -1466 -937 -674
-1173 -91 -1294 -485 -354 -646 -1150 -1159 -442 -978 -174 -1151 -980 -1264 -208 -763 -138 -725 -129 -1645 -1541 -988 -359
-1346 -1635 -629 45 -1455 -1680 -1572 -732 -727 -277 -37 -572 -1302 -1111 -1314 -1594 -447 -867 -1568 -1501 -1640 -418 -1204
-549 -619 -569 -889 -700 -1600 -87 -1415 -79 -482 11 -1105 40 -88 -1698 -1684 -1369 -1214 -536 -1733 -1132 -1363 -769
-869 -617 -1116 -9 -983 -1707 -1302 -282 -47 -382 -820 -20 -1517 -1321 -1310 -41 -554 -275 -19 -1640 -1434 -1740 -166
-647 -272 -1307 -1283 -923 -539 -941 -1601 -337 -148 -132 -866 -1299 -679 -1244 -494 -251 -1518 -1411 6 -1363 -642 -682
-832 -1391 -106 -71 -588 -1396 -1555 -264 -178 -778 62 -1410 -1152 -1735 -1508 -1234 -1342 -995 -1730 -722 -1240 -188 -774
-70 -1301 -475 -1350 -122 -1503 -946 -774 -1361 -775 -38 -567 -603 -663 -1058 -1541 -377 -1490 -988 -808 -485 -971 -257
-1115 -613 -1357 -315 -1395 -1024 -11 -1606 -1687 -313 -1519 -737 -1142 -332 -1007 -957 -994 -484 -97 -1289 -623 -1049 -421
-886 -1567 16 -819 -615 -767 -262 -39 -893 -961 -650 -1053 -701 71 -119 -1507 -1489 -1179 -1464 -153 -1533 -691 -1030
-1652 -1344 -617 -1004 -1712 -952 -271 -588 -616 -1309 -118 -981 -1270 19 -1496 -515 -1328 -1736 -1700 -782 -155 -1327 -1160
