50 50
-36833 -37585 -37222 -37272 -37437 -37420 -37195 -37251 -36989 -37137 -37224 -36926 -37085 -36995 -37485 -37030 -36809 -37002 -36954 -36832 -36789 -37385 -36801 -37606 -36987 -37588 -36795 -37185 -37362 -37219 -37181 -37576 -36936 -37254 -36859 -36954 -37054 -36878 -36891 -37504 -37003 -37297 -36734 -37551 -37174 -36840 -37036 -37200 -37042 -37100
-37104 -37254 -36910 -37124 -37444 -36893 -37361 -36893 -37083 -37305 -37379 -37399 -37476 -36952 -37077 -36735 -37221 -36749 -37513 -37477 -36842 -37284 -36910 -37111 -36900 -37531 -37233 -37469 -37012 -37359 -37597 -37244 -37091 -37034 -36938 -37349 -37095 -37455 -37222 -37298 -36965 -37271 -37486 -37605 -36985 -37582 -37380 -37116 -37440 -36940
-37446 -37000 -37115 -37258 -36892 -37032 -36885 -37462 -37277 -37333 -36834 -36856 -36731 -37587 -37088 -37121 -37403 -37003 -37164 -37469 -37180 -37295 -37028 -37469 -37269 -37605 -37410 -37304 -37500 -37212 -37510 -37402 -36848 -37170 -36867 -37215 -36945 -37557 -37151 -37207 -37418 -36916 -36996 -37243 -37075 -36858 -37378 -36928 -36739 -37518
86667 85979 86081 86245 86522 86702 85926 86251 85940 86452 86295 86374 86481 86256 86762 86475 86705 85933 85944 86080 86733 86647 86032 86300 86096 86149 86477 86111 85970 85975 86378 86614 86284 86239 85952 86250 86123 -37606 -37566 -37312 -36868 -37329 -36970 -37501 -37384 -37266 -37426 -37365 -36952 -36846
86319 86426 86075 86252 86478 86309 86750 85988 85926 86241 86501 86360 85933 86067 86709 86597 86035 86055 86261 86711 86467 86224 86332 86006 86277 85962 86495 86625 86206 86315 85999 85956 86466 86522 86765 86380 85941 -36893 -37493 -37196 -36747 -36758 -37262 -36885 -36770 -36805 -37076 -36757 -37584 -36750
86297 86438 86194 86292 86087 86041 86286 86201 86068 86498 86426 86707 86405 86771 86484 86383 85937 86113 86400 86568 86781 86613 86415 86370 85917 86788 86131 86336 86014 86183 85941 86610 86255 86084 86788 85987 86451 -37101 -36740 -37404 -37521 -36985 -37114 -37220 -37588 -36754 -37037 -37201 -36944 -37390
86354 86009 86642 86728 86685 86110 86719 86688 86113 86287 86043 86038 86524 86546 86293 86644 86494 86269 86167 86264 86275 86692 86382 86005 86195 86675 86781 86653 86704 86650 86340 86099 86038 86679 85961 86374 86258 -37122 -37412 -37280 -37265 -37016 -37031 -37151 -37269 -36819 -36859 -37376 -37085 -37220
86529 85914 85971 86484 86726 86400 86104 86313 86535 86159 86500 86668 86183 86448 86785 86230 86292 86536 86702 86417 86754 86397 86280 86630 86693 86484 86725 86708 86489 86499 86236 86747 86169 86364 86238 86168 85938 -36862 -36910 -37015 -36903 -37238 -37586 -37194 -37403 -36818 -37540 -37602 -37276 -36960
86051 86716 86757 86656 86501 86383 86387 86566 86386 86739 86528 86396 86556 86053 86189 86751 86725 86363 86104 85945 86463 86117 86742 86083 86092 86265 86376 86636 86019 86585 86296 86456 86004 86297 86508 86231 86759 -37570 -37119 -36889 -37525 -37066 -37203 -37123 -37268 -37113 -37053 -37146 -37436 -36740
86359 86554 86429 86129 86052 86769 86331 86576 86224 86660 86598 86265 86486 86254 86007 86181 86153 86418 85919 86058 86219 85921 86104 86274 86589 85914 86715 86312 86709 86344 86416 86570 86660 86102 86221 85978 86077 -36761 -36767 -37134 -36760 -37089 -36907 -36850 -36738 -36930 -36904 -37110 -37177 -37411
86442 86408 86510 86019 86357 86421 86219 86172 85914 85987 86260 86395 86418 86623 85928 86062 86209 86135 86594 86005 86548 86413 86361 86034 86559 86692 86715 85957 85964 86657 86121 86127 86570 86299 86687 86110 86340 -37029 -36892 -36781 -36866 -36938 -37528 -37519 -37578 -37106 -36788 -36937 -36920 -37542
86497 86144 85964 86347 86018 86066 86543 86511 86502 86395 86099 86259 86467 86068 86382 86146 86289 86127 86249 86414 86024 86041 85938 86217 86417 86757 86289 86430 86569 86514 85936 86201 86492 86488 86414 86290 86323 -36976 -37278 -37360 -36788 -37255 -37230 -37174 -36958 -37506 -37001 -37498 -37491 -37013
86275 86361 86119 86177 86387 86567 86187 86293 86521 85943 86739 86217 86340 86761 86084 86665 85942 86358 86192 86450 86179 85932 86565 86071 86686 86449 85983 86185 86206 86621 86299 86133 86037 86189 86401 86115 86251 -37433 -37275 -37190 -37540 -37060 -37539 -37439 -37082 -36864 -37477 -37248 -37150 -37467
85999 86484 86410 86371 85919 86785 86491 86784 86202 86214 85932 86090 86597 86510 86150 86717 86652 86056 85960 86278 86484 86671 86174 85933 86357 86664 85979 86537 86580 86631 86503 86126 86371 86430 86579 86410 86306 -36782 -37167 -37585 -37440 -36855 -37264 -36776 -36988 -37137 -37454 -37141 -37578 -36878
86575 86342 86098 86296 86742 86765 86528 86175 85988 86039 86093 86284 86245 86579 86289 86249 86394 86359 86014 86337 85990 86358 86381 86368 85964 86583 86192 86016 86676 86447 86431 86297 86267 85940 85951 86305 86043 -37017 -37131 -37493 -37384 -36912 -37272 -37584 -36889 -37433 -37400 -37043 -37427 -37100
86388 86765 86007 86528 86046 86008 86352 86104 86048 86464 86716 86301 86308 86487 86627 86223 86282 86777 86086 86685 86402 86232 86697 86209 86389 86648 86212 -37575 -37316 -37600 -37525 86672 86367 86074 86048 86750 86603 -37265 -36951 -37092 -37527 -36889 -36828 -37584 -36915 -37485 -37373 -37168 -37207 -36911
86718 86725 86437 86085 86646 86680 86090 86697 86783 86382 86514 86010 86011 86721 86781 86275 86508 86096 86724 86377 86610 86027 86456 86559 86165 86469 86397 -37240 -36963 -37506 -36811 86244 86167 86636 86717 86672 86496 -36776 -37542 -37163 -37083 -36750 -37177 -37372 -36739 -37599 -37606 -37027 -37579 -36870
86010 85941 86585 86381 86761 86782 86645 86006 86372 86316 86274 85924 85999 86462 86112 86585 86611 86438 86447 86679 86671 86254 85937 86013 86005 86040 86230 -37416 -36960 -37496 -37028 86326 86691 86097 86607 86021 85979 -37113 -37496 -36850 -37427 -37005 -36863 -36873 -37018 -37202 -36740 -36925 -37525 -36859
86754 86460 86154 86686 86140 86778 86123 86779 85919 86516 86144 86112 86565 86213 86682 86629 86336 86268 85955 86584 86695 86185 86459 86471 86090 86563 86452 -37091 -37357 -36847 -37433 86108 86177 86462 86577 86104 86126 -37276 -36888 -36973 -37180 -36895 -36794 -37251 -37149 -36931 -37561 -37029 -37590 -37343
86786 86520 86656 86692 86723 86199 86524 86348 86599 86494 85934 86108 86645 86592 86429 86682 86606 86600 86741 86708 86507 86600 85931 86045 86409 86400 86425 -37294 -37598 -37345 -37107 86745 86048 86259 86672 86763 86614 -36809 -37278 -37469 -37045 -37596 -37165 -37565 -37410 -37563 -36735 -37377 -37412 -37250
86137 86375 86770 86774 86492 86075 86329 86420 86713 86305 86488 85960 86029 86176 86546 86386 86605 86766 86532 85960 86600 86329 86577 86421 86345 86102 86659 -37419 -37504 -36737 -37310 86547 86499 86115 86615 85953 86166 -36969 -37174 -37058 -37521 -37355 -37113 -37394 -37200 -37064 -37348 -37242 -37567 -37272
86410 86569 86448 86611 86712 86169 86563 86512 86763 85974 86789 86054 85937 86648 86531 86579 86214 86432 86446 86056 86278 86729 86642 86701 86722 86085 86292 -37315 -36869 -36945 -37206 86746 86476 85985 86176 86652 86047 -37565 -37416 -36866 -37401 -37603 -36887 -36989 -36799 -37545 -36812 -36766 -36989 -36871
86269 86614 86251 86314 86438 86106 85969 85961 85994 86631 86373 86073 86174 86453 86330 86497 86669 85954 86384 86210 86038 86572 86432 86490 86757 86488 86788 -37058 -36844 -37170 -37352 86065 86076 86385 86758 86197 86545 -36979 -37147 -37153 -37340 -37223 -36827 -37251 -36914 -37400 -37409 -36900 -37602 -36753
86473 86562 86472 86501 86687 86036 85933 86274 86334 86243 86591 86110 86755 86746 86086 86597 86637 86402 86602 86590 86156 86076 86480 86133 86276 86202 86017 -37390 -37482 -37439 -37217 86395 86545 85921 86165 86250 86601 -36759 -37468 -36949 -36749 -37072 -37338 -36932 -37458 -36969 -36756 -37222 -37584 -37124
86522 86034 86352 86294 86364 85970 85952 86662 86215 86115 86209 86247 86689 86224 85942 86431 86156 86390 85980 86297 86676 86278 86416 86150 86258 86663 86239 -36986 -36836 -37404 -37155 86329 86009 85936 85996 86397 86190 -37320 -37065 -36977 -37179 -37445 -36840 -37414 -37133 -37461 -37014 -37160 -37538 -37191
86133 86315 86622 86688 86674 86638 86396 86050 86641 86227 86560 86000 86767 86646 86614 86395 86722 86356 86167 86219 86762 86237 85995 86678 86515 86270 86773 -36973 -37211 -36883 -37399 86538 86018 86673 86140 86404 86348 -37075 -36943 -37319 -37393 -37544 -37167 -37345 -36820 -37066 -36833 -37356 -36757 -36987
86291 86629 86742 86431 86275 86016 85978 86425 86715 86124 86361 86130 86334 86054 86771 86652 86231 86075 86181 86215 86377 86502 86284 86206 86728 86143 86543 -37242 -36977 -36743 -37190 86460 86119 85928 86352 86355 85992 -36798 -37185 -36903 -36780 -37235 -37014 -37559 -37560 -37442 -36775 -37584 -36939 -37218
86730 86608 86487 86365 86663 85923 86578 86177 86358 86615 86207 86550 86360 85971 85939 86195 86585 86525 86043 86586 86226 86413 86284 86595 86131 86789 86540 -37194 -36879 -37290 -36943 86138 86396 86706 86466 86435 86450 -36993 -36997 -37319 -37285 -37540 -37602 -36819 -36816 -37291 -37546 -37503 -37033 -37244
85932 85948 86615 86340 86003 86293 86704 86682 86690 86098 86162 86300 85919 86088 86452 86345 85992 86282 86381 86646 86648 86334 86270 86650 86486 85945 86271 -37031 -37446 -37285 -37395 86660 86240 86355 86511 86223 86623 -36977 -37471 -36963 -37358 -36995 -37145 -37332 -36781 -36919 -36996 -36861 -36970 -37348
86298 85987 86526 86320 86749 86265 86161 86555 86452 86439 86717 86245 86785 86624 86591 86749 86716 86643 86696 86003 86615 86554 86650 86177 86163 86029 86658 -37103 -37346 -37317 -37075 86694 86416 86042 86099 86621 86243 -37112 -37383 -36906 -37202 -36754 -36871 -37145 -37386 -36957 -36796 -37249 -36918 -36895
-37511 -37096 -37427 -37462 -36955 -37017 -37550 -36780 -37590 -37308 -37043 -37473 -37061 -37376 -36885 -37580 -36953 -37277 -37546 -36825 -37522 -37391 -37290 -37444 -36820 -37276 -36938 86067 86193 86572 86760 -37209 -37462 -37305 -37014 -36986 -37600 -37023 -37170 -37359 -37140 -36943 -37048 -37152 -37604 -37159 -37432 -37241 -37552 -37603
-37476 -36843 -37466 -36803 -36748 -37358 -37436 -37252 -37429 -37003 -36777 -37320 -36789 -37469 -37374 -37087 -36792 -37388 -36946 -37345 -37221 -37146 -37235 -36860 -36835 -37574 -37505 86694 86511 86630 86539 -37300 -37411 -37273 -36876 -36790 -37443 -36841 -37046 -37014 -37115 -37111 -37002 -36863 -37101 -37371 -37047 -37085 -37308 -37174
-37106 -37437 -36800 -37068 -37492 -37188 -37044 -37258 -37212 -36775 -37565 -37275 -37166 -36886 -36812 -37536 -36785 -37310 -37233 -36882 -36869 -36906 -36865 -37459 -37255 -37588 -37241 86084 86196 86375 85993 -37175 -36742 -36901 -37165 -36793 -36915 -37259 -37027 -37553 -37053 -36797 -37140 -37270 -36739 -37173 -37520 -37323 -37073 -37176
-37503 -37416 -37079 -37498 -37211 -37522 -36975 -37129 -37369 -37319 -36862 -37054 -37121 -37475 -36793 -36743 -37594 -37358 -37255 -36966 -37486 -37456 -37431 -37294 -37112 -36911 -36945 85947 85985 86789 86622 -37314 -36987 -36957 -37003 -37562 -37296 -36900 -36914 -37599 -37473 -36739 -37319 -36762 -36942 -37130 -36904 -36786 -37530 -37533
-36971 -36784 -36753 -37376 -37597 -36923 -37146 -36987 -37491 -36809 -37025 -37482 -36803 -37350 -36957 -37224 -37072 -37213 -36835 -37050 -36921 -37516 -37043 -36773 -36975 -36785 -37349 86682 86439 86041 86590 -37166 -37538 -37519 -37446 -37219 -37315 -37115 -36732 -37591 -36796 -37078 -36773 -37047 -37487 -37510 -36912 -37060 -37169 -37362
-37475 -37216 -37349 -36996 -37577 -37563 -37077 -37307 -37246 -36983 -37119 -37207 -36778 -37479 -37600 -37204 -36731 -37163 -36837 -36788 -37541 -36812 -36825 -37158 -37176 -37013 -37549 86243 86774 86754 86166 -37063 -37172 -37142 -37279 -37284 -37291 -36809 -37417 -37335 -37072 -37212 -37041 -37353 -37073 -37300 -36873 -37120 -36739 -36989
-36958 -36903 -37551 -37421 -37261 -37040 -36787 -36944 -37408 -37217 -36990 -36894 -36989 -37507 -36796 -36771 -37469 -36952 -37272 -37279 -37346 -36821 -36887 -37210 -37223 -37425 -37513 86682 86507 86247 86716 -36800 -37248 -36884 -36984 -36873 -36789 -36783 -36932 -37378 -36889 -36743 -37354 -37343 -37249 -37138 -37551 -37178 -37585 -37502
-37324 -37484 -37068 -37194 -37568 -36875 -37473 -37124 -37406 -36780 -37535 -37192 -37250 -36813 -36786 -37545 -37473 -37103 -36926 -37001 -37011 -36891 -37135 -37350 -37345 -37071 -37450 86002 86523 86373 86664 -37471 -37451 -36913 -37082 -36844 -37305 -37592 -36831 -37519 -36923 -37504 -37533 -37015 -37210 -37330 -37353 -37354 -37502 -37510
-36852 -37221 -36733 -37588 -37517 -37566 -36825 -37164 -37329 -37220 -37073 -37192 -37561 -37356 -36932 -37174 -37426 -37165 -37240 -36742 -37338 -37162 -36957 -37419 -37530 -36864 -37552 86312 86686 86356 86026 -37522 -37018 -37516 -36978 -37139 -37124 -36895 -36894 -37563 -37123 -37074 -37088 -36958 -37414 -37400 -37134 -37150 -36840 -37548
-36920 -37570 -37038 -36909 -37401 -37402 -37452 -37175 -37205 -36974 -37153 -37565 -37462 -37063 -36751 -36847 -37416 -37569 -37048 -37425 -36903 -37158 -37121 -37179 -36999 -36938 -37582 85925 86638 86336 86225 -36791 -37118 -36965 -36740 -37185 -37136 -37563 -37472 -37041 -37356 -36853 -37090 -36969 -37466 -37527 -37058 -37381 -37071 -37291
-37126 -37128 -37032 -37066 -37160 -37120 -37270 -37456 -37124 -37360 -36866 -36730 -37515 -36950 -37202 -36863 -36808 -37557 -37311 -36787 -37321 -37248 -37268 -37536 -37119 -37259 -37043 86322 86629 86231 86753 -37304 -37474 -37086 -37487 -37539 -37032 -36874 -36765 -36943 -36922 -36914 -37046 -37013 -36931 -36797 -36784 -36772 -37411 -37183
-37335 -37296 -36934 -36748 -37502 -36857 -37316 -36935 -37470 -37551 -37464 -36781 -36755 -37025 -37452 -37085 -37013 -37249 -37105 -37548 -37233 -36770 -37496 -36958 -37201 -37426 -36861 85959 86641 86539 86748 -37132 -36937 -37571 -36755 -37495 -37381 -37457 -37220 -36981 -37144 -36768 -37105 -36951 -37353 -36793 -37008 -37093 -37015 -37318
-37364 -37553 -36750 -36862 -36908 -37474 -37131 -37040 -37584 -37393 -37595 -37025 -36975 -37394 -37495 -37198 -37499 -36776 -36852 -37322 -37075 -37056 -37429 -37164 -36841 -37169 -36988 86609 86336 86608 86318 -37023 -37440 -37289 -36906 -36770 -37281 -37308 -36861 -37113 -37427 -37284 -37560 -37092 -37476 -37436 -37430 -36827 -37534 -37106
-37221 -37525 -37125 -37269 -37444 -36880 -36878 -37596 -37418 -37549 -36903 -36877 -37204 -37125 -36820 -37527 -36787 -36763 -37381 -37597 -36992 -37154 -36925 -36931 -37261 -37077 -37214 86658 86770 86223 86619 -37366 -37216 -37436 -36940 -37106 -37332 -36771 -36786 -36858 -36960 -37254 -36829 -37053 -37234 -37324 -36764 -37152 -37418 -37369
-37383 -36784 -37193 -37306 -36794 -37538 -37592 -36786 -36902 -37115 -37095 -37454 -37552 -37227 -37410 -36756 -37111 -37238 -36774 -37280 -36848 -37000 -37522 -37186 -37057 -37074 -36798 -37160 -36947 -37371 -37494 -37289 -36873 -36968 -36855 -37138 -36893 -37605 -37199 -36996 -37540 -37602 -37101 -37134 -37466 -37139 -37468 -36795 -37009 -37198
-37248 -37432 -37570 -36999 -36795 -37405 -37486 -37133 -37178 -36740 -37425 -37601 -37032 -36924 -36809 -37020 -37540 -36941 -36887 -36849 -37240 -37275 -36765 -36850 -37299 -36790 -37595 -37416 -36993 -37068 -36730 -37251 -36955 -37378 -37151 -37164 -36938 -36942 -36951 -37241 -36820 -36767 -37175 -37525 -36977 -37308 -37411 -36908 -37028 -36778
-36893 -37104 -36888 -37581 -37562 -36823 -36733 -37058 -36737 -37246 -37015 -37150 -36991 -36956 -36946 -36788 -36898 -37278 -37024 -36883 -37120 -36854 -37240 -37248 -37036 -36832 -36982 -36849 -37437 -36889 -37184 -37073 -37441 -37453 -36771 -37389 -37170 -37434 -37531 -37290 -36751 -37105 -37113 -37243 -37597 -37404 -37299 -37194 -37491 -37101
-37096 -37029 -37338 -36932 -36758 -37053 -37270 -36832 -37296 -36920 -37483 -37523 -37169 -37108 -37170 -36797 -36740 -36893 -37380 -36800 -37446 -36780 -36949 -37439 -37215 -36898 -36814 -37074 -37167 -36845 -36962 -37447 -37330 -36901 -37057 -37535 -37506 -37553 -36998 -37286 -36960 -37047 -37077 -37547 -37154 -37491 -37533 -37240 -37015 -37035
-37519 -37344 -37580 -37149 -36863 -37420 -37369 -37267 -36994 -37300 -36844 -36836 -37080 -37323 -36867 -36937 -37301 -37404 -37494 -36979 -37148 -37238 -37044 -37470 -36731 -36807 -37479 -37406 -36772 -37460 -37299 -37472 -37388 -36868 -37337 -36787 -37298 -37255 -37530 -36922 -37067 -37348 -36752 -37400 -36867 -37046 -37054 -36768 -37552 -37115
-37465 -37333 -37352 -36916 -37009 -37097 -37071 -36915 -36747 -37470 -36937 -37213 -37023 -37201 -37143 -37498 -36847 -36964 -36830 -37244 -37046 -36844 -36747 -37321 -36753 -37465 -36913 -37339 -36982 -36916 -36979 -37015 -37296 -37322 -37516 -37146 -36871 -37227 -36856 -37104 -37181 -37102 -37127 -37265 -37339 -37380 -37582 -36762 -37252 -36916
