354
0 0
0 1
0 2
1 3
1 5
2 0
2 2
2 3
2 5
3 0
3 1
3 2
3 3
3 4
3 5
4 0
4 3
4 4
5 2
5 3
5 4
5 5
6 0
6 2
6 3
6 5
8 0
8 1
8 5
9 2
9 3
10 0
10 1
10 2
10 3
10 4
11 0
11 1
11 2
11 3
12 0
12 2
12 3
12 4
13 0
13 2
13 4
13 5
14 0
14 3
14 4
14 5
15 0
15 2
15 3
15 4
16 0
16 3
16 4
17 0
17 1
17 2
17 3
17 4
17 5
18 0
18 1
18 2
18 3
19 1
19 3
19 4
19 5
20 1
20 2
20 3
20 4
21 0
21 2
21 4
22 2
22 4
22 5
23 0
23 1
23 3
23 5
24 0
24 2
24 4
24 5
25 0
25 2
25 4
26 1
26 2
26 3
26 5
27 1
27 2
27 4
28 2
28 3
28 4
29 1
29 3
29 4
29 5
30 1
30 2
30 3
30 5
31 0
31 1
31 3
31 4
32 1
32 4
32 5
33 1
33 4
33 5
34 1
34 5
35 1
35 4
35 5
36 0
36 3
36 4
36 5
37 2
37 3
37 5
38 0
38 1
38 3
39 0
39 3
39 4
39 5
40 2
40 3
40 4
41 4
42 1
42 2
42 3
42 4
43 0
43 1
43 2
44 0
44 2
44 3
44 4
44 5
45 1
45 2
45 5
46 0
46 2
46 4
46 5
47 1
48 1
48 5
49 0
49 1
49 2
49 3
49 4
50 0
50 2
50 3
51 3
51 4
52 3
52 4
53 1
53 2
53 4
53 5
54 0
54 1
54 3
54 5
55 0
55 1
55 3
55 4
55 5
56 0
56 1
56 2
56 3
57 0
57 1
57 4
58 0
58 2
58 5
59 0
59 1
59 3
59 4
59 5
60 2
60 3
61 0
61 2
61 3
61 4
62 0
62 1
62 3
63 1
63 3
63 4
63 5
64 0
64 3
64 4
64 5
65 0
65 1
65 3
65 4
65 5
66 1
66 2
66 4
67 0
67 1
67 2
67 3
67 5
68 0
68 1
68 4
69 0
69 1
69 2
69 4
69 5
70 0
70 3
71 0
71 2
71 3
72 0
72 1
72 3
72 4
73 0
73 1
73 3
73 4
73 5
74 0
74 2
74 3
74 4
74 5
75 0
75 1
75 2
75 3
75 4
76 0
76 2
76 3
76 5
77 1
77 2
77 4
78 3
78 5
79 0
79 1
79 2
79 3
79 4
80 0
80 1
81 0
81 1
81 2
81 3
81 4
82 0
82 3
82 4
82 5
83 0
83 1
83 2
83 3
83 5
84 1
84 2
84 3
84 4
85 2
85 3
85 4
86 0
86 2
86 3
86 4
86 5
87 2
88 0
88 2
88 3
88 4
88 5
89 1
89 2
89 3
90 0
90 3
90 4
91 0
91 2
91 5
92 0
92 5
93 0
93 2
93 4
93 5
94 1
94 2
94 3
94 5
95 0
95 2
95 4
95 5
96 1
96 3
96 5
97 1
97 3
97 5
98 0
98 1
98 2
98 3
98 5
99 1
99 3
99 4
