100
1 1
2 1
3 1
4 1
5 1
6 1
7 1
8 1
9 1
10 1
11 1
12 1
13 1
14 1
15 1
16 1
17 1
18 1
19 1
20 1
21 1
22 1
23 1
24 1
2268 42
6664 98
5229 63
5170 94
420 35
1890 63
1649 17
5952 62
1638 26
6916 76
988 19
2310 42
760 95
582 97
1728 18
138 3
1155 21
1232 88
1755 27
752 8
4836 93
1560 39
624 52
8366 94
1482 39
144 6
8096 92
3560 40
480 12
688 8
2706 41
915 15
1001 91
1056 32
4543 59
1104 24
4947 51
102 17
928 58
3360 40
1428 28
1568 28
2760 46
867 17
5328 72
1072 16
2850 75
5208 93
324 81
549 61
2460 82
4988 86
1054 34
570 19
1209 93
2592 72
6240 96
2992 34
1488 48
3871 49
725 29
1350 54
1458 81
3008 94
5328 72
1674 27
572 13
520 8
2112 22
4628 89
168 14
2992 34
9504 96
1995 35
99999 271
99999 33333
