5509877 496807 1764
5 4940232
2 1683531
4 3611741
5 4589172
1 535693
2 1519688
2 1915119
5 4654465
4 3946457
3 2822741
2 1831428
5 4825690
4 3530117
1 899103
3 2835871
4 3589647
2 1978679
2 1562322
5 4594270
2 1559911
3 2726231
3 2596171
1 701327
5 4534450
4 3518563
2 1886167
4 3704928
1 628112
5 4770139
2 1726871
5 4585503
5 4813292
5 4550168
3 2737771
1 966074
2 1784811
5 4634800
3 2924026
5 4651836
4 3720583
4 3853657
1 764113
3 2596930
2 1795115
4 3801471
5 4978126
1 778192
3 2805827
4 3843736
1 734155
5 4840432
3 2802550
4 3835819
3 2608891
4 3899267
2 1821460
1 737683
5 4757579
1 700512
4 3763666
3 2524283
2 1517122
1 929355
4 3634716
2 1525961
5 4775282
4 3664826
1 959492
4 3860987
2 1614644
3 2735713
5 4978534
2 1853299
1 543867
4 3629627
5 4855618
4 3773650
4 3915297
4 3589052
2 1520566
5 4743458
5 4945277
1 850665
5 4617335
3 2812551
3 2887885
3 2947454
1 587486
1 750720
3 2924066
3 2737115
2 1909395
5 4831615
3 2555570
2 1617110
3 2870331
2 1835847
1 910798
4 3609739
2 1936266
2 1574254
3 2750256
4 3760693
1 953946
5 4629805
3 2547782
2 1809416
3 2837092
5 4645034
5 4921576
2 1666245
3 3002366
3 2758203
1 697750
3 2549647
4 3770802
4 3848299
3 2614563
3 2674597
1 730077
5 4789947
3 2905591
4 3903592
2 1509245
1 594664
5 4808918
1 955331
1 993769
4 3992848
4 3566031
3 2910281
5 4873832
4 3937598
3 2803142
2 1526420
2 1816976
1 709784
4 3779325
4 3574859
3 2859866
5 4545741
1 909723
2 1757246
2 1949842
5 4694189
2 1583995
1 775136
1 610921
4 3694406
5 4919648
5 4684795
5 4589242
5 4644495
5 4804769
1 738561
5 4694931
4 3831001
1 916694
1 879414
1 795832
2 1555863
1 845995
5 4526345
3 2911275
5 4510134
2 1883431
3 2523959
1 912512
2 1869697
4 3820847
3 2729322
1 885201
2 1840668
1 724265
5 4876320
3 2888567
3 2853318
1 906598
3 2755788
1 787216
5 4930999
4 3774281
2 1801159
1 915849
1 692304
4 3784629
2 1502882
1 873478
5 4515378
1 963376
1 771894
1 547103
5 4531650
5 4991748
5 4623790
3 2874795
1 619338
2 1632689
5 4696731
5 4822355
1 875539
2 1567522
4 3797254
1 684260
1 867550
2 1527016
3 2563006
4 3648348
2 1952216
4 3854286
1 552482
2 1977874
4 3805688
3 2591214
4 3786076
3 2698515
5 4558354
1 942914
5 4775612
3 2747334
5 4876110
5 4643325
4 3865982
5 4684295
1 779992
1 923183
3 2725351
2 1912552
4 3694309
1 585049
2 1838560
4 3531722
1 642928
4 3788959
5 4623270
5 4842894
5 4906261
5 4944746
1 640438
3 2747229
4 3770247
2 1841518
3 2522791
1 878074
3 2673866
4 3990610
4 3568151
3 2790375
1 937910
4 3555834
5 4701003
3 2797182
4 3581211
2 1546547
5 4761159
3 2606115
4 3797693
1 781382
2 1557916
1 831519
1 655593
5 4935649
2 1570535
2 1986921
3 2931752
5 4734697
1 609933
2 1683646
5 4911182
4 3690586
4 3781455
4 3821165
2 1593246
5 4690370
2 1513328
5 4825190
2 1654105
4 3581295
2 1946781
4 3756293
3 2720667
2 1775828
4 3711285
3 2787704
2 1967735
3 2732659
3 2886655
5 4992293
5 4558989
1 851526
3 2613221
1 935412
4 3530886
3 2757879
2 1953673
5 4832855
5 4889125
3 2863325
4 3530135
3 2588507
3 2864601
3 2601573
5 4614759
5 4673544
4 3660207
4 3983868
3 2887121
3 2749156
3 2829250
3 2547240
2 1515796
3 2945244
4 3826116
3 2604946
4 3770963
4 3896098
3 2789692
1 877178
2 1788300
2 1775102
1 981596
3 2918304
3 2778619
2 1940096
4 3640409
4 3554101
1 624361
2 1654689
3 2631791
5 4618512
4 3988760
5 4542683
2 1627956
5 4809930
5 4926407
2 1844833
5 4816428
3 2972714
5 4579295
3 2878197
5 4762703
2 1564030
2 1738139
5 4822220
1 578658
2 1930936
2 1670009
5 4815928
4 3541053
2 1727899
3 2727420
5 4952061
4 3654967
2 1732567
1 928585
5 4578959
3 2962239
1 846783
2 1812925
1 688972
5 4544959
3 2509987
4 3894695
2 1968371
1 561655
1 994182
5 4513273
2 1991306
1 921294
2 1656040
3 2652462
4 3689771
2 1635626
4 3653594
4 3876987
1 949263
1 765740
2 1987425
4 3541910
2 1706392
3 2828955
1 848891
2 1918432
2 1910789
3 2987046
1 902008
2 1777779
4 3589005
1 762873
4 3573566
5 4509717
3 2866356
1 573077
4 3941997
4 3566979
3 2722015
5 4657598
5 4987104
3 2614805
1 870320
4 3861458
2 1604707
5 4899267
1 937296
4 3822503
2 1703576
5 4701917
2 1895493
2 1708825
3 2531567
3 2634684
2 1983902
1 884468
5 4581421
2 1756130
3 2663040
5 4755618
5 4588691
2 1846547
4 3779880
5 4793404
4 3820495
5 4564333
2 1925990
4 3914074
3 2841959
3 2598093
3 2753207
1 560418
3 2562618
5 4599327
4 3659196
1 523068
3 2979209
1 936711
5 4509792
2 1859158
5 4913076
1 647352
2 1751444
2 1943489
1 675267
4 3648672
1 656050
3 2659532
4 3535371
2 1923377
5 4817751
4 3763389
4 3786688
4 3641994
2 1848229
2 1514522
4 3885059
5 4714666
3 2512942
2 1914211
4 3590736
5 4777079
5 4849015
2 1869362
5 4553031
4 3834733
3 2999233
4 3859716
3 2990151
4 3948011
4 3617911
5 4509743
4 3988827
1 892429
5 4929522
2 1646138
2 1729607
1 778635
3 2766562
5 4577982
2 1626590
3 2809796
1 518601
4 3646798
5 4919646
3 2683104
2 1711145
2 1935034
1 707886
4 3631131
5 4814969
2 1536635
3 2842454
4 3939537
2 1665036
3 2772683
5 4877969
3 2660103
5 4623548
1 522046
4 3923272
2 1817703
1 926604
3 2793456
2 1625566
1 859451
5 4757916
4 3685835
1 713111
1 805959
4 3880894
2 1551786
2 1522286
5 4711982
3 2595066
3 2523088
5 4755499
1 554210
3 2746686
4 3588397
5 4729869
3 2700533
3 2583524
3 2648317
2 1638175
5 4709971
2 1928830
5 4725920
4 3812206
1 802278
2 1781859
2 1589841
3 2812373
4 3700717
4 3575136
4 3583695
4 3624287
4 3684619
3 2776385
2 1617016
5 4930577
1 881705
5 4593605
2 1753111
1 699716
2 1930860
5 4521615
5 4660291
3 2970941
3 2506626
3 2727891
3 2785185
5 4667129
4 3567046
5 4591655
5 4876087
4 3700201
1 574819
5 4809536
2 1759934
4 3753883
5 4706558
5 4689708
3 2884850
4 3782520
1 879262
5 4991399
1 682664
4 3703782
5 5007821
3 2534828
3 2575377
3 2808887
4 3508843
2 1933116
4 3512871
1 763932
1 932302
3 2877783
3 2782747
5 4692077
5 4972667
4 3590983
3 2666535
5 4951617
1 750863
1 941158
3 2647640
5 5002013
4 3623853
3 2519373
2 1526005
1 934203
4 3892803
1 617657
5 4749175
3 2896534
4 3772888
4 3948495
3 2750292
1 537240
5 4788220
4 3790997
1 867029
5 4770489
5 4841717
2 1645442
4 3933701
4 3889680
5 4847111
1 565052
5 4594131
3 2873787
1 531000
3 2747750
2 1934843
4 3683282
1 623462
3 2966560
2 1782534
4 3519352
1 709288
2 1676379
4 3603154
3 2783328
5 4617661
1 540745
2 1666901
3 2778231
1 706951
5 4629889
5 4715176
2 1719168
5 4688370
5 4989313
1 680221
3 2714155
1 625913
1 969908
5 4876089
3 2974174
3 2586523
3 2983129
4 3526915
4 3800438
3 2850291
3 2556247
4 3687136
5 4676607
3 2522204
1 990866
2 1638724
1 908118
4 3840568
2 1672358
5 4689946
3 2695842
3 2539056
2 1611317
5 4661307
3 2567196
1 651903
4 3559707
5 4866502
3 2807494
2 1855031
1 934666
3 2592217
2 1924929
1 864240
1 823035
1 798664
3 2527443
2 1522234
2 1974257
4 3779602
1 555386
5 4847300
3 2565961
4 3806426
3 2936982
5 4749311
5 4842482
3 2879866
4 3703698
1 539625
1 925838
3 2926072
5 4943730
4 3646634
4 3855997
4 3672707
4 3587544
5 4669430
2 1919270
3 2649336
3 2933208
3 2710257
1 986681
3 2642447
5 4628055
2 1961268
2 1527800
3 2778749
4 3768336
2 1901073
3 2877939
3 2797659
2 1883926
3 2596145
1 634313
1 921014
4 3895013
2 1806160
3 2935695
3 2976826
1 814596
5 4701459
3 2788640
5 4794671
2 1510543
5 4730063
2 1834102
4 3594948
5 4588083
4 3692003
3 2633981
1 559319
1 730188
2 1958513
1 958799
3 2515010
3 2598781
5 4676328
4 3992845
2 1718870
4 3879703
2 1545371
5 4981083
2 1582631
3 2735197
3 2570194
2 1728269
5 4568008
3 2835998
5 4798993
5 4642344
3 2640392
3 2778289
1 704905
1 539306
3 2587301
5 4568450
5 4713411
1 718768
4 3610185
3 2890966
4 3986564
5 4656304
1 833469
2 1725031
4 3733337
1 938495
4 3608262
1 606738
1 802986
4 3635294
5 4808352
4 3534781
5 4963754
2 1538368
4 3768698
3 2754468
1 607301
5 4994753
3 2531699
3 2664568
2 1662389
5 4971913
2 1948600
2 1538540
4 3666204
4 3927186
1 529468
3 2935808
2 1528639
2 1600877
1 756998
1 660198
2 1588545
3 2877598
3 2710057
1 893907
1 509281
1 714886
3 2513038
4 3823514
4 3506596
3 3001325
2 1832683
5 4826472
5 4983503
3 2680145
1 824078
4 3732855
3 2969014
1 661262
3 2666450
2 1840159
2 1663692
2 1587523
1 719195
1 664124
5 4937280
3 2510153
4 3616740
5 4850017
2 1510421
5 4764862
1 661548
5 4688069
3 2506854
4 3754694
2 1950859
4 3546171
4 3711594
4 3547954
1 699378
3 2626376
2 1542129
4 3862580
3 2788795
2 1808111
4 3800971
4 3915137
5 4840336
1 539109
1 613070
4 3975994
3 2964563
1 575688
1 823839
5 4557230
5 4524153
2 1733342
2 1522892
4 3538375
5 4666410
2 1731322
3 2792515
4 3734890
4 3976362
3 2985555
2 1750277
3 2753973
3 2937539
4 3524259
2 1560768
3 2531799
1 816210
3 2764678
2 1918752
1 749639
3 2624240
3 2883363
1 516358
3 2508647
5 4829310
5 4781734
1 914756
3 3000422
3 2675881
5 4934065
1 908048
2 1834575
1 959268
5 4583866
3 2631399
4 3727221
1 721244
1 790892
4 3969782
1 980083
5 4605301
1 663698
2 1708658
5 5007107
3 2721763
1 770552
1 946635
5 4610799
5 4567299
4 3814011
3 2746435
2 1705529
5 4973082
4 3769239
5 4734797
1 786023
1 881466
3 2972873
3 2707323
2 1713935
1 695539
1 662520
5 4786222
2 1976633
3 2984786
1 511058
3 2893891
5 4591693
4 3752603
3 2572046
3 2637481
4 3829993
3 2907946
5 4731858
1 955932
4 3569342
2 1852186
1 553174
1 892913
2 1539451
5 4899740
1 583183
1 893710
1 748903
2 1603588
3 2652793
4 3803486
5 4901541
5 4863826
4 3578442
1 943869
3 2932397
5 4859453
5 4899709
1 783481
4 3726918
2 1782992
4 3954401
5 4637169
1 762512
2 1914199
2 1972930
4 3759436
2 1796648
5 4715088
4 3939114
3 2568030
4 3988985
2 1532268
1 558143
5 4583679
4 3926568
1 970183
3 2744623
4 3797610
5 4737437
3 2566257
4 3725578
4 3827750
2 2003359
3 2685651
2 1803792
5 4708663
5 4933086
2 1650086
3 2969105
3 2727362
1 932235
5 4922518
2 1562805
4 3881740
1 715689
5 4523234
2 1958589
1 919520
1 825987
2 1519111
4 3880624
5 4879478
4 3694669
2 1941285
3 2998185
1 675141
4 3996566
1 883300
3 2784110
5 4943892
2 1680922
3 2747380
5 4970123
3 2693769
5 4975250
3 2793690
5 4727835
5 4778192
3 2680385
5 4667087
5 4515637
3 2756611
1 641647
4 3626021
1 766892
3 2656518
2 1948982
3 2780641
3 2771799
1 526459
2 1629556
3 2617635
1 758237
1 781361
1 988709
5 4666319
5 4669653
2 1653142
4 3631368
4 4005442
1 938320
4 3627431
4 3828922
4 3550484
1 724115
3 2550196
3 2783108
5 4867054
2 1814445
3 2833995
1 944540
2 1977489
4 3926623
3 2537696
2 1608560
5 4810297
4 3657597
1 995963
5 4514605
4 3796230
4 3632085
5 4700276
3 2978892
1 613548
3 2876292
3 2681916
2 1917714
5 4880424
3 2674197
5 4629443
3 2789668
4 3741723
2 1784844
3 2636655
1 955701
1 693601
1 926307
1 778892
4 3530303
3 2776292
1 515073
1 740063
4 4002055
2 1584599
4 3835817
2 1845282
1 804655
5 4995253
1 534303
3 3003847
2 1630151
5 4859050
1 844182
5 4845375
1 809566
3 2768016
1 805556
5 4723345
2 1869798
2 1613036
4 3922972
2 1851905
1 600452
1 988685
5 4944097
4 3740666
3 2824687
3 2581249
1 756292
3 2733763
3 2526132
3 2735340
5 4760046
1 894464
2 1905621
3 2854540
5 4946455
4 3565279
1 747127
2 1766631
3 2714216
5 4593069
5 4515080
4 3986202
2 1990634
3 2993760
2 1896878
1 756544
4 3749934
3 2599403
1 769823
5 4773342
2 1675961
4 3643718
2 1756475
5 4992440
2 1726639
5 4557264
5 4690909
1 556140
5 4743737
2 1669709
2 1890054
1 852301
1 856492
5 4878294
1 905024
4 3991877
4 3695081
3 2622238
5 4677729
5 4713473
4 3884679
2 1883322
2 1611365
3 2665349
3 2832298
2 1576577
2 1677684
5 4606891
1 697769
2 1641370
3 3004637
3 2881824
4 3534588
3 2761366
1 824771
2 1566896
4 3912121
1 976237
4 3555643
4 3709236
3 2757651
1 761329
2 1685231
4 3990472
2 1565080
5 4691535
5 5006265
4 3936637
1 860738
2 1732191
2 1853107
3 2974300
1 886845
2 1644829
4 3668830
3 2997308
3 2901624
4 3620597
1 677360
2 1720331
5 4873729
5 4511042
3 2896540
5 4511367
5 4810081
2 1969350
3 2940632
5044999 3516297
1831571 5107059
235120 382462
3407713 2608396
2244544 3997185
1878619 2299072
255435 2367624
777379 4880952
1635966 2902913
5398906 3114188
4197999 3011126
4413840 3597149
2280058 1602497
882710 2826563
5404071 763625
1134501 3680733
1210382 952115
5501690 1180111
2123698 2188572
1583953 1169232
4277144 2211831
4484068 1517940
3686298 4658514
860235 4725920
4955176 4159972
4741362 3452275
5365790 1364353
4362295 1164419
3104033 3972975
20314 2958037
480327 999606
2829745 3608403
2279357 4566207
38038 4375752
2071801 1500512
901440 5408295
1181096 1596222
1579178 3166651
2372814 2124887
2612601 1308973
3637443 1263286
2953234 3966270
262846 1342323
2204106 5321772
4687873 439353
2839599 4942499
5046492 947669
3157564 2832531
5053791 4343624
3728060 1172968
2634137 838764
162537 2338991
4922671 2982827
1879409 1150794
3384420 1987104
5202189 4501039
1996421 2103608
2795725 2694232
1146619 665306
51059 5037756
4706177 5086820
5424316 2747477
4032185 499582
3153837 3085367
5221326 563916
4369605 4554550
1131760 3465681
4506241 2668722
1133209 2469025
1017883 3467133
5348923 3073667
2888085 5197881
2507544 3067784
1940043 1299456
4885457 5118371
5039095 2403353
4986624 4574337
4101146 2132316
4568905 4204375
4535581 870759
4472307 3711022
1810 682352
3050225 4519138
3542140 3895329
4821870 2144484
2751694 768210
1720032 1331792
471860 3094292
2737152 218261
1363694 5471995
3367697 1571525
1705575 3275669
152160 4979805
2490565 4874521
3758952 823793
3943363 2128597
2252959 1365255
1754457 110282
5014883 5022899
3745160 4288323
1633396 3759952
4563727 1590764
5393288 10
960612 708299
3814886 2946829
792947 322257
4050889 4555537
2127107 4675792
1333664 4788677
4135644 1794419
3464714 5248460
3854576 4961415
5445203 571794
1228769 4485175
3100293 5357845
3470743 3266187
5323994 848591
1518438 4375069
3474654 4991141
4561484 3488253
5464851 3229703
4566964 989676
2618154 1662983
2984562 4141365
2515046 2514425
2893916 3851890
4081466 4133446
3710254 2606543
2599796 4587983
5485317 2215225
1098440 4534202
3518214 3140571
2584256 1543474
3556119 4591483
2532975 1881719
3851557 3350748
644288 984617
2554551 3779250
1543556 4300686
944186 3571838
535783 387094
2772816 2381491
3901881 1449729
3136067 1514550
2406040 2511350
2429626 1418641
4202096 4956872
3427370 3172226
3005613 4967650
3023968 3502233
2529612 1458975
558499 4873801
5080609 235927
2190474 3791392
2269521 1994118
3559971 470861
3785223 509244
1503886 1331906
5128909 286333
5313359 769495
4363553 1016072
4057740 2861985
5352554 5329865
3832939 1134044
1935678 2725649
4506439 180135
3911396 4779644
4545698 4077747
1850690 2933777
3231579 4000319
5368932 1420650
2291934 2399011
2630368 960262
3361468 5131892
501799 3613770
3885446 4934115
1853147 4542515
1732330 3669001
2324122 208186
466159 1340390
2870184 993838
3273761 4445929
1736714 2279296
4885446 4912603
3020454 2130540
2091848 2207141
3827316 4055801
3010953 5016075
5308857 4250970
996611 1783852
1375216 1184330
4424281 3024979
3826873 1030252
1416413 2861737
5174392 999210
3321194 3544738
1760106 832419
1424597 5145559
4293074 1584383
519885 3144591
5373928 4708967
1246405 4436544
422869 2141386
2062939 2545469
1415756 1914864
4082546 662126
1280303 1512548
4139451 1087552
5093908 649939
2092114 5185741
324481 187177
5508107 3289224
2801606 3900169
1564956 3524159
2661710 3644602
2039676 1558317
5187323 2847949
4874949 670490
4224578 1115373
50958 701331
4658300 158002
1824216 939245
348478 1745536
4716413 1340363
3890127 57236
1279249 3814242
1199195 3480019
2848294 667298
2531983 1025842
3256200 3926366
1349314 2362685
4998260 3121153
1721059 4726384
4521594 3869689
3959459 5028708
4424757 2205203
3123319 2226874
4599558 3195449
5240538 3451083
3575513 963177
586213 3079894
3835653 677730
188076 2901331
1339229 5369757
3421372 3472041
1602253 4251383
282622 2299059
3925122 5326932
1929997 1151952
745689 2404494
848229 2564538
4936436 536415
1223303 52696
4199947 3402545
2127027 891421
2029696 5317642
5042599 2091636
5113493 1656143
3398024 5490465
691303 2632618
1063290 5415410
5081589 2662433
288409 316517
3040992 2822946
4036117 2259210
4620411 4575589
4037745 4873696
353400 1308237
4998236 2457500
382007 3912251
480907 1892244
2019051 4987808
5271719 3924380
3755194 2760917
2269084 653512
1443192 2250140
4799774 4158172
1953798 4630047
3981391 4449282
213919 38030
3732485 342879
4532183 1392384
246439 4046804
2874974 4242456
1579996 57942
2022704 2076253
4528522 525381
2334078 2308346
1045599 2752696
1712231 4946681
3799465 5016365
69895 2308683
3674126 1449484
2704145 5421959
301822 1587236
5315682 878461
1969302 2847540
2532627 731387
2373693 1869818
2867676 665565
9082 3773010
2360932 4661276
3137185 1789824
3942707 3147533
4034505 4570990
1243814 4134828
1736044 1877688
1261305 5276750
2493547 4013408
3470443 4176159
5284717 2375260
1094322 3946681
2894497 4406483
2845415 1057841
5508323 1808434
3805170 5205274
4379832 1123872
2563748 4145744
2269787 3688896
1227987 1426152
3440536 1156284
957818 2569497
1124543 3837577
1311645 2573845
1378261 4834845
5479943 857162
706573 3078543
3799193 3316500
1646280 1276540
3142471 3576847
4862249 2659921
2752403 3044511
869215 4506888
123106 1803745
449242 2238853
937241 2177533
4016198 762375
185620 2703323
2047618 4845717
4846705 1259422
3561910 1052387
2617246 4540705
2098656 2179653
10845 734150
1822346 2530193
2254095 26789
1925243 1538937
186095 292629
2505114 1553412
4593668 2419585
3620379 4000330
5420300 1300150
3665019 1608732
2148928 262718
4435173 4160878
4867010 698810
1414591 2721622
2752937 965028
214165 2592884
5507891 1628582
4933238 1672245
3605874 320786
4546030 603256
4077729 2590670
667573 3678885
4915322 4666456
3576294 817438
716498 3641989
365987 4238484
785161 2348850
1503822 2479142
2111229 819786
4851382 5102411
1564018 3739551
1051446 3661626
4885855 4254545
1251061 1146943
1559477 1831559
959420 157434
4238424 3062023
4733341 2559745
4096867 4003692
333858 5387826
2235413 1139621
2300361 571480
1753952 4894619
4411455 2590078
1450427 3042896
3857431 5225390
3177832 4281742
1850826 4424823
3846628 4170133
1084522 1882798
1732232 2344127
3080665 1813281
3741907 2914097
1954635 2890111
932795 1660884
2080965 3992296
3937956 2208872
498687 1553867
3386518 719216
3766287 1544440
4641066 3494517
1252955 580371
4526925 2263613
1888791 5053994
3575423 3351404
82597 5294295
3837614 3442621
3079363 5076985
4909819 1618727
3087877 2586378
4978340 367804
3803996 1274723
5477111 4384729
2050191 701507
4439397 630288
2317402 1216881
2786787 255495
5185343 4422366
4031994 1140997
3462342 942741
2045314 2484948
3557607 3109384
2128620 5191395
1511298 3110328
4706296 3641592
4180571 965965
2006344 2003102
859697 4450446
4018452 4608023
2469165 5439360
4791402 2689504
1787025 5195857
4001301 1030212
3115759 488012
493275 4523056
5162510 4844491
4033622 4187881
4934504 4735172
2853851 3039155
775868 3400599
5289549 3652306
4152772 1490442
1792655 4618236
5334780 4819315
2309733 1076873
5362791 2559867
4188258 2702872
4625952 2184241
4343984 3795551
3497789 2348850
528259 5279739
1221361 4735283
5118529 5303601
1670652 3546366
3065322 5354987
2905821 4856681
3782721 3196219
2116355 34174
5298899 2935768
2468868 363998
1152283 4664042
1162099 482994
350662 3493759
3327633 2872075
5372635 1624074
4040969 3486830
5115128 4324237
336578 3141473
1816394 4441578
3233867 1358332
4510388 1304588
2206378 565620
1022836 4203933
1581366 169821
4882222 3905978
2040579 1869649
2443897 1207220
4877432 4109036
2219524 2736206
5368652 1535584
311206 1769971
2452025 2806594
5145042 380825
1456119 3030702
5285262 5264262
4366807 1162425
2633897 1809456
5284915 236249
2352803 3079460
395622 526128
2045963 316633
55805 4260694
1429992 4724038
3286060 1042235
376555 140618
5423140 3377660
2409157 3266197
2610953 2040812
3399974 4891675
2196272 398374
3259876 3945730
2258823 2602065
3962677 5239009
2221015 3479443
276810 3571692
687240 3785697
493038 5470625
3598417 4273718
4456115 2358684
2286226 1213917
4301272 179823
5261469 2987587
3760537 4321848
2039330 843743
4172465 2406415
2258089 2142204
4342049 5041290
2075934 5339383
5369954 1306615
3283762 2751540
1214968 4468981
3765869 1316714
4842808 346132
3760991 1037085
1370897 646570
5433068 3779
1723581 2457018
303928 613946
3793606 4453656
4382989 3475
2174396 5267862
1241842 1758404
1928442 668065
3063143 2215709
3570313 4472305
1373743 1659609
2438048 2172315
4058377 737237
5175194 1154521
3245541 4450908
272059 2010586
4005271 2899782
3745809 1771370
1163795 2050841
2201583 1528887
5055312 1035038
784389 1047302
4000669 1102944
66957 3009154
4158167 3166155
1144852 2689958
4123685 3249717
36234 1277232
57159 14558
3352328 3492153
4045728 860963
3096382 1609409
3656451 4793572
1672234 2298738
1033825 1597017
805202 516845
5387468 5239677
1581498 5262022
414665 5075823
4223439 5105994
4249486 4734892
3214763 3969495
111274 1289334
147540 1991152
1104514 2660993
1822339 4531608
2318613 5001966
5151103 4041389
3245340 2923671
3598576 2922667
1591611 4954675
792058 3347698
3878073 651481
1419523 565899
5306542 3595698
406799 5344881
565827 1858341
2423372 2258704
5124375 3340297
2210354 2505026
