8031499 4 2579
1 2469163
1 7002969
1 163347
1 2876998
1 3375662
1 7194581
1 2594687
1 1434412
1 2503297
1 577801
1 1766730
1 3107536
1 2890632
1 2042647
1 2662923
1 7594724
1 5708091
1 1473576
1 3764497
1 2117439
1 5971502
1 7321113
1 5923936
1 1944833
1 3297457
1 4849457
1 4846177
1 4572071
1 4366504
1 5128828
1 7879504
1 6273705
1 7081777
1 828453
1 467258
1 7830074
1 4442966
1 7572432
1 209894
1 2797830
1 2944927
1 235558
1 1164118
1 6995584
1 4421527
1 3232500
1 1324357
1 6200611
1 5273795
1 5022565
1 4534421
1 6548724
1 5901177
1 5401094
1 3141316
1 5031438
1 1811042
1 7137241
1 2169126
1 618830
1 5416701
1 1404648
1 1579321
1 7376455
1 4984879
1 1662807
1 6417043
1 3951942
1 2714724
1 1833016
1 6715398
1 4296140
1 4456520
1 1534087
1 3029224
1 2450103
1 2162060
1 1785208
1 5805357
1 691220
1 176827
1 928762
1 3180020
1 1773641
1 5041817
1 4418429
1 7301462
1 3540995
1 2787555
1 3649631
1 1029304
1 7954887
1 6260348
1 2969142
1 3115855
1 34753
1 6227575
1 3096264
1 7240142
1 349231
1 7045552
1 6834488
1 1642693
1 3864307
1 4033549
1 1055059
1 7682303
1 1909783
1 2348450
1 5333618
1 5765540
1 5261832
1 4534826
1 764444
1 6925207
1 5727916
1 5002455
1 2430804
1 4191139
1 766395
1 7219188
1 6817091
1 4129381
1 6459433
1 2135487
1 1200453
1 3836764
1 5753629
1 7918104
1 4142041
1 4163278
1 3241513
1 6748500
1 2814529
1 6402269
1 5227273
1 2827459
1 2889046
1 4220658
1 1869515
1 935774
1 839622
1 7074660
1 2000363
1 5659233
1 6619536
1 5259153
1 5547002
1 5044714
1 1652165
1 6380163
1 6427734
1 101172
1 4983572
1 3721750
1 7174653
1 1621421
1 4591340
1 2740663
1 291254
1 6235221
1 7077304
1 224616
1 5486315
1 4991441
1 5371700
1 3868979
1 3998315
1 6772788
1 7458595
1 2240273
1 3965053
1 414409
1 4129987
1 1118223
1 5498102
1 74975
1 3839135
1 3820830
1 7648927
1 4176592
1 2155967
1 6375048
1 5006409
1 7046631
1 2293830
1 1197690
1 415387
1 4586243
1 93568
1 2316235
1 7903647
1 5577981
1 5860677
1 806275
1 1278155
1 5311513
1 5046655
1 2174646
1 3134058
1 4982383
1 6500236
1 7755318
1 355185
1 5764253
1 6277110
1 2007310
1 6296228
1 7268087
1 721401
1 4898676
1 3181353
1 4508545
1 3933382
1 5952623
1 499827
1 7800385
1 645985
1 5954583
1 5024582
1 3203704
1 6225698
1 4606497
1 1556607
1 6295893
1 6405015
1 3980632
1 5827086
1 7805874
1 4103176
1 7061830
1 6045853
1 6913507
1 3595051
1 5587748
1 4755776
1 6328255
1 4996934
1 2525057
1 5964635
1 2973648
1 7035008
1 1054039
1 2551063
1 2264477
1 3450547
1 7163630
1 4124451
1 941404
1 6418224
1 563286
1 4711883
1 6130002
1 2844302
1 2216274
1 798930
1 2335982
1 4128591
1 5762224
1 6411589
1 7054323
1 739940
1 1779272
1 1930749
1 2542861
1 4545448
1 5094954
1 3149382
1 2679477
1 6297334
1 663709
1 7510631
1 6960584
1 1466426
1 3600596
1 3104207
1 856960
1 6534166
1 6110138
1 1785352
1 99314
1 3541860
1 3762172
1 7755720
1 4655752
1 822627
1 7321496
1 7612837
1 5555551
1 5052823
1 307770
1 7556512
1 927826
1 7098432
1 145142
1 5186102
1 754850
1 5497962
1 3277084
1 2925528
1 5089945
1 3125423
1 6264785
1 6734292
1 6289961
1 7512929
1 564892
1 2621923
1 5710304
1 6565259
1 943581
1 582253
1 7298565
1 5969497
1 3731968
1 2545839
1 5192214
1 2916499
1 1422753
1 5311918
1 3726961
1 1046601
1 1775997
1 6760118
1 2248609
1 4127396
1 5368569
1 5492470
1 2853289
1 7572902
1 7304908
1 3245136
1 1572301
1 3173148
1 1968345
1 1694549
1 7895528
1 4490223
1 6510669
1 5004859
1 6063213
1 52590
1 5694583
1 5832719
1 744561
1 3118759
1 4662130
1 3957050
1 2916336
1 7726640
1 2937484
1 6016030
1 249039
1 294025
1 7548065
1 4133732
1 1879409
1 7741661
1 5499478
1 4984915
1 4633609
1 1463561
1 7199927
1 5122829
1 3963018
1 6481749
1 1889428
1 2543247
1 5423255
1 2334450
1 7892795
1 1519587
1 1929519
1 6731341
1 7184015
1 4939578
1 3492611
1 7816347
1 675282
1 6229520
1 827882
1 3742309
1 46000
1 3153692
1 1572822
1 593977
1 4685719
1 4652383
1 908566
1 6094409
1 7474517
1 7596209
1 3027372
1 4393850
1 5824887
1 5934383
1 993379
1 643516
1 1373722
1 5873047
1 2705629
1 1728352
1 7495378
1 6689547
1 745348
1 5873253
1 2001438
1 5966244
1 4166458
1 2763827
1 7892852
1 4071605
1 7644255
1 1408652
1 1875199
1 964873
1 793890
1 1918976
1 563744
1 1453191
1 3941947
1 5100703
1 3444407
1 5871835
1 2402636
1 3536094
1 6900794
1 2981568
1 5417802
1 7275068
1 707426
1 4942524
1 1806121
1 819852
1 4486975
1 3258700
1 1230472
1 6801263
1 7263704
1 8024874
1 3997260
1 1586037
1 5823205
1 5618707
1 453460
1 1082051
1 4597666
1 462772
1 3700057
1 6455677
1 7658082
1 3364813
1 309128
1 7947052
1 2134592
1 4106284
1 7347144
1 5947650
1 1342567
1 1776509
1 2208796
1 3479816
1 3787942
1 7783294
1 874023
1 2007914
1 4647403
1 2805281
1 6502657
1 1430066
1 7979958
1 2513369
1 2023263
1 3337596
1 5636248
1 5253051
1 766229
1 4797963
1 4782832
1 4483014
1 267442
1 7851897
1 3340422
1 1986898
1 2190063
1 4448888
1 6767441
1 1056829
1 1132812
1 7694004
1 6842792
1 5169008
1 5436011
1 1844450
1 2923450
1 7660172
1 8018965
1 6446215
1 4494249
1 3577063
1 6854625
1 6148566
1 7268111
1 7320282
1 1264337
1 6708985
1 1256121
1 4353754
1 740554
1 3405598
1 7586456
1 6732540
1 5085547
1 2361588
1 4622220
1 6282915
1 8007260
1 5256147
1 7618618
1 7097695
1 4178123
1 4675387
1 6133978
1 3830241
1 368752
1 4727813
1 3254182
1 910237
1 3498624
1 4349540
1 2645296
1 4995485
1 4740616
1 7677554
1 4636769
1 3342210
1 5760347
1 2474423
1 676247
1 3365970
1 6488166
1 6409206
1 8003296
1 1048011
1 375203
1 3731336
1 762235
1 2202770
1 1939341
1 4060739
1 2363730
1 3967303
1 7823522
1 4906087
1 7182173
1 4370157
1 2665405
1 384314
1 5906516
1 2945467
1 6750959
1 2880316
1 4894566
1 4999445
1 6276555
1 619171
1 103979
1 6083647
1 3872858
1 2153300
1 477606
1 5703771
1 4224949
1 7322320
1 7105977
1 3010118
1 376270
1 5011353
1 3352607
1 6559294
1 2348452
1 4372555
1 2732418
1 3052280
1 2810419
1 2877470
1 4810624
1 6251829
1 4143489
1 36064
1 2140254
1 1950489
1 2561948
1 3880434
1 7251047
1 3364533
1 2061304
1 3878171
1 3865876
1 6604492
1 6256657
1 1208781
1 6977101
1 234081
1 7229504
1 6863298
1 1215012
1 4163563
1 918955
1 188069
1 1375261
1 4605769
1 5080268
1 3521193
1 2266876
1 4795878
1 2450840
1 6951550
1 3973762
1 5629640
1 7257459
1 664458
1 1932285
1 366022
1 4678312
1 4616384
1 4287836
1 126785
1 3193353
1 5102790
1 3653851
1 6785644
1 4189468
1 6866572
1 881496
1 4117523
1 5883911
1 4940825
1 7896562
1 4077390
1 815016
1 7472060
1 5459918
1 2814175
1 4501270
1 3896390
1 4981419
1 5284388
1 2912047
1 139514
1 3103138
1 6773276
1 4160272
1 3788598
1 2978925
1 922038
1 7390167
1 63345
1 7958633
1 2680133
1 16094
1 240700
1 1911902
1 1154959
1 1258251
1 606396
1 4400597
1 2874264
1 6097315
1 4742741
1 3174459
1 3582412
1 577115
1 227181
1 7197767
1 5038630
1 481524
1 6639092
1 2286343
1 4351413
1 337114
1 1577751
1 5992483
1 1365335
1 1762093
1 2113146
1 4032691
1 7261189
1 4795957
1 312482
1 7504606
1 3035386
1 7317213
1 2530309
1 1107261
1 2834924
1 7552753
1 2376028
1 7582090
1 5795598
1 8014155
1 1561954
1 2235814
1 7981551
1 1865482
1 6826940
1 6714602
1 2540918
1 7997836
1 4127814
1 6973565
1 1725387
1 1502890
1 3384148
1 7796636
1 137105
1 2844103
1 3873840
1 3125028
1 4402843
1 7007682
1 7973137
1 7876231
1 3581989
1 7916671
1 2331576
1 5976106
1 7808789
1 3846201
1 704776
1 7163721
1 2983552
1 174028
1 6740915
1 7582744
1 5390403
1 5619462
1 7066288
1 4989373
1 7168284
1 1051598
1 2087514
1 4212614
1 5085129
1 3984668
1 4893827
1 3266606
1 803189
1 1884689
1 7489851
1 5244294
1 6818555
1 2410107
1 978585
1 7909111
1 2102073
1 6738347
1 1461749
1 7287913
1 6007305
1 6835606
1 3711795
1 4100336
1 5385548
1 5697558
1 6135087
1 651940
1 52170
1 6909009
1 4234772
1 2561854
1 5713180
1 6817827
1 1762758
1 6637902
1 5796716
1 4025726
1 1343624
1 7338620
1 7833532
1 6392155
1 572652
1 1510534
1 7864064
1 7513350
1 2851056
1 2962567
1 1691031
1 6276857
1 1383029
1 7906331
1 5000451
1 2373937
1 2548517
1 5918878
1 709165
1 1074379
1 5338025
1 7428701
1 6275956
1 4265412
1 7149897
1 1916451
1 3252580
1 3112176
1 1691610
1 5180920
1 2001367
1 6688775
1 2228682
1 6248239
1 1989666
1 3026737
1 4186357
1 4342968
1 5953526
1 2321814
1 4477242
1 5349625
1 6360475
1 3422133
1 4087057
1 6397695
1 4151741
1 7656929
1 4381214
1 7889369
1 1721488
1 4052314
1 976090
1 135797
1 7230058
1 4645279
1 5673075
1 2047067
1 7672100
1 6694213
1 1883725
1 7335341
1 7603579
1 878913
1 4008627
1 6725084
1 104319
1 1646186
1 2870338
1 593375
1 300110
1 7369930
1 4186946
1 3169555
1 4555544
1 4801251
1 1082555
1 2987355
1 7572651
1 4106789
1 3760350
1 5298650
1 2130302
1 1474854
1 7761369
1 4934214
1 5868294
1 5953059
1 5229159
1 7747271
1 5452213
1 2750735
1 1529496
1 4261498
1 2443711
1 496754
1 5975568
1 4371899
1 2747354
1 13657
1 6243555
1 6325461
1 499112
1 2464090
1 3315490
1 4834386
1 2913271
1 6210940
1 5210405
1 2215303
1 5003456
1 6867503
1 7982720
1 1729838
1 4558207
1 1561062
1 839573
1 5266667
1 364351
1 7662280
1 4818289
1 240088
1 1007094
1 1294890
1 5265549
1 1085461
1 3718225
1 2693960
1 7521193
1 458237
1 2109576
1 4685702
1 6622725
1 3168449
1 5392234
1 6270832
1 6542882
1 1940031
1 2295599
1 4554298
1 7567964
1 5721196
1 1872509
1 6597109
1 5883637
1 632544
1 6363884
1 3918199
1 3671967
1 1955156
1 6308689
1 4036171
1 3068715
1 6476578
1 1630394
1 5391148
1 3489201
1 547397
1 802729
1 5652784
1 4562608
1 4465216
1 1102004
1 5923128
1 1531067
1 5973363
1 5526661
1 3078721
1 1570085
1 253354
1 5596473
1 3781895
1 7472272
1 2795549
1 2542317
1 5163980
1 7662068
1 185232
1 4659727
1 4546231
1 4059855
1 6385824
1 3625009
1 1359297
1 3251686
1 532553
1 4734298
1 4852986
1 5682482
1 3091122
1 903387
1 7144437
1 2370011
1 2518446
1 7721430
1 376215
1 2784217
1 2006219
1 4090747
1 6945190
1 4742757
1 3635965
1 5541457
1 3426900
1 4365882
1 6159132
1 6982005
1 5732294
1 1227116
1 6940377
1 7725260
1 7751022
1 5480256
1 3823938
1 7344464
1 831390
1 3616969
1 4715813
1 7994675
1 5046522
1 3341847
1 2428099
1 2013908
1 7103659
1 5156371
1 1740854
1 7184201
1 4368363
1 5257577
1 2348818
1 4804809
1 5370068
1 2890682
1 7354376
1 6347824
1 3927483
1 3845302
1 2406625
1 814874
1 2534940
1 1357905
1 1325641
1 6516262
1 7003142
1 816017
1 7015697
1 6859784
1 3716950
1 1518308
1 613023
1 3110378
1 2574995
1 6979416
1 3239880
1 120979
1 5499465
1 7601759
1 6928772
1 1760375
1 3766550
1 3547977
1 6066900
1 4239834
1 7510952
1 2983832
1 5979557
1 3876947
1 5995784
1 2502006
1 6330777
1 2439707
1 3987338
1 5777983
1 721645
1 1435567
1 4728285
1 7864918
1 1585889
1 4058250
1 5756622
1 2246138
1 4824213
1 1401671
1 4300953
1 2695969
1 1471067
1 4974132
1 1458681
1 196533
1 3820199
1 6316230
1 2668614
1 274167
1 3912426
1 7621923
1 7618933
1 6898404
1 969025
1 4325025
1 1757290
1 2518667
1 3580762
1 6678559
1 428894
1 6708339
1 2272926
1 2862503
1 599121
1 6359074
1 4895467
1 450214
1 2613145
1 5117579
1 7556171
1 6478757
1 7825470
1 2762717
1 5843272
1 6384586
1 2099279
1 1630146
1 6621686
1 6842802
1 1422920
1 5382603
1 4668727
1 1416801
1 4816789
1 2383187
1 2339918
1 826001
1 3166601
1 4308691
1 5917576
1 807475
1 7188944
1 3939981
1 1518106
1 6593653
1 5028738
1 4772794
1 2013191
1 6115017
1 1236978
1 3069077
1 2412825
1 1237576
1 1128982
1 6028630
1 4708457
1 4379710
1 2542095
1 7421920
1 4162768
1 3210125
1 4572769
1 1576016
1 4270135
1 1019137
1 2305186
1 1640074
1 5328467
1 6710981
1 3511777
1 484978
1 2374700
1 4824253
1 4494872
1 7984121
1 1295642
1 7104422
1 6410478
1 686226
1 1129479
1 2630138
1 5475797
1 1001654
1 494307
1 6108065
1 4827593
1 4107640
1 5785441
1 7907025
1 6036407
1 6985219
1 3802071
1 5733975
1 6471357
1 587932
1 4290576
1 4483785
1 3427075
1 2854274
1 3336171
1 833276
1 2478428
1 1887296
1 894034
1 6496542
1 7024532
1 656747
1 6770002
1 6702572
1 6013203
1 7958765
1 1362093
1 7282464
1 7567079
1 1604871
1 8012126
1 1302465
1 5370860
1 7783052
1 3729573
1 6566384
1 6299607
1 6017611
1 4562412
1 6235155
1 2790242
1 7680976
1 825166
1 3203074
1 6645065
1 4554109
1 4733629
1 6351570
1 6792347
1 7267222
1 249594
1 7949722
1 6628248
1 63085
1 3895609
1 2116741
1 3067099
1 6188771
1 3063910
1 2261045
1 2286162
1 421625
1 1952051
1 2001995
1 5832893
1 5309261
1 6966196
1 5773865
1 7576365
1 6914068
1 5705080
1 5679918
1 5272743
1 4547587
1 5938232
1 5841733
1 5277047
1 1960147
1 3899975
1 1914350
1 7815501
1 2751190
1 6904669
1 6366168
1 6138648
1 5590595
1 3703997
1 7987436
1 7121008
1 2899928
1 6345469
1 3137858
1 1799574
1 5173226
1 6271489
1 124051
1 7737583
1 5765950
1 2834905
1 7029087
1 4196698
1 3700949
1 3100941
1 2337554
1 6086019
1 1465317
1 2966716
1 2410669
1 1207418
1 4603793
1 444316
1 1659231
1 2727781
1 2426934
1 6886259
1 7224517
1 709603
1 7694443
1 2732786
1 1577090
1 2314285
1 111940
1 4954102
1 2774638
1 7862599
1 3270345
1 7434911
1 3033781
1 5869281
1 7274167
1 7125201
1 1192865
1 204210
1 4837510
1 6829268
1 1570198
1 8025261
1 5622856
1 2983411
1 1548061
1 3049231
1 1670140
1 2609902
1 6295335
1 73132
1 3333630
1 948020
1 239272
1 4687657
1 3013598
1 2709710
1 4869209
1 2532097
1 1900327
1 1409819
1 5128278
1 7185916
1 2768918
1 4365476
1 1409801
1 2289494
1 1067106
1 3203328
1 7486664
1 4221593
1 7545328
1 3786634
1 5760060
1 1563111
1 3812556
1 3927402
1 2255080
1 3865559
1 2569817
1 6720359
1 5085981
1 6607339
1 1814638
1 7204905
1 5289494
1 7981497
1 4157084
1 135570
1 3618024
1 7092147
1 6278928
1 1439570
1 1383335
1 1607306
1 1347321
1 73725
1 6082687
1 7129602
1 6295402
1 6907390
1 93325
1 3831419
1 3212202
1 3494648
1 1023625
1 5257207
1 3970333
1 771763
1 6535417
1 6396116
1 1390895
1 6216459
1 2498876
1 6440688
1 6514426
1 4515749
1 6798319
1 2452133
1 3598083
1 6466817
1 2388281
1 3886600
1 3861592
1 6708079
1 6341774
1 6881082
1 2489732
1 591832
1 7281227
1 7446889
1 2627171
1 3697780
1 3027033
1 2160789
1 4430803
1 7893123
1 6608774
1 4195493
1 3565642
1 2373708
1 6598975
1 3697603
1 5061637
1 370999
1 5549993
1 599305
1 8000168
1 6445112
1 4449478
1 2739141
1 505949
1 3378457
1 7464236
1 1658670
1 6546437
1 2695967
1 2933047
1 4222772
1 1070900
1 3532378
1 898433
1 7123761
1 1199798
1 6306713
1 5476037
1 5062474
1 1066422
1 4179571
1 5982666
1 2904816
1 6175026
1 7206707
1 5498616
1 5524850
1 7908156
1 3352589
1 672060
1 1906083
1 2489077
1 5300818
1 5153438
1 4655865
1 2071137
1 5265317
1 4615176
1 3064807
1 3108737
1 2848141
1 5356185
1 5881972
1 6866000
1 5914571
1 3589834
1 4303695
1 7451668
1 709954
1 7737230
1 786521
1 2481586
1 6222008
1 6830072
1 3862343
1 5625027
1 5243139
1 3902501
1 6847951
1 5822325
1 5706693
1 7555268
1 3794208
1 382547
1 3175779
1 7782270
1 7118701
1 6154637
1 173535
1 2327221
1 6754979
1 3919454
1 1843679
1 2683687
1 1579359
1 7344018
1 1393960
1 1117461
1 2156658
1 7938958
1 5562970
1 6784079
1 5117235
1 4724850
1 4320762
1 21261
1 6725081
1 5600883
1 5387972
1 4804241
1 7410471
1 5616255
1 4668586
1 2912338
1 1203479
1 4662813
1 4972606
1 726012
1 6820720
1 237028
1 3803601
1 5314349
1 6082984
1 5350554
1 4383290
1 2482483
1 5926241
1 1263723
1 6408022
1 198324
1 5961678
1 4313230
1 4162406
1 7498067
1 4194245
1 1379778
1 5831270
1 3937076
1 6340854
1 7012527
1 7321677
1 6321481
1 4546256
1 3148500
1 5694150
1 3359224
1 7220623
1 3124291
1 5534791
1 5280824
1 688338
1 6420322
1 535945
1 7446953
1 3329432
1 137782
1 1244536
1 3520639
1 4248857
1 3422662
1 2128340
1 308509
1 217871
1 2390732
1 2075722
1 2077192
1 3479792
1 6549060
1 3723515
1 5500561
1 921809
1 7400992
1 784280
1 2866530
1 5802060
1 3521715
1 5417996
1 1757154
1 4937465
1 6374226
1 6112137
1 1695342
1 1938167
1 5987203
1 2590399
1 6350344
1 3779821
1 5388711
1 7935144
1 7622236
1 5222285
1 7553606
1 999074
1 3884453
1 2758769
1 1660757
1 2610249
1 7763881
1 3994487
1 4389677
1 2359384
1 1816923
1 1154627
1 1266925
1 7453289
1 4670939
1 847017
1 1342417
1 1427907
1 7690881
1 6799680
1 7546804
1 2560288
1 7108926
1 3555385
1 6493386
1 1693218
1 463778
1 7768195
1 1945653
1 3989997
1 3077079
1 1782441
1 1631694
1 930489
1 2329838
1 1501365
1 2632239
1 6033855
1 2549931
1 2571867
1 5322875
1 5832829
1 3532438
1 4627667
1 1421912
1 6410949
1 8008064
1 3479475
1 362673
1 7783981
1 4551548
1 3428707
1 6362052
1 399510
1 7060396
1 6175904
1 226624
1 2150934
1 6911592
1 3628036
1 2160001
1 5864273
1 3690573
1 4996009
1 988521
1 3280907
1 589978
1 1987823
1 4580383
1 6967382
1 4256861
1 1814348
1 5025635
1 969484
1 5463190
1 2749902
1 3513124
1 7498057
1 2533886
1 6019499
1 617072
1 2728998
1 5147086
1 2872499
1 4480708
1 3101163
1 307444
1 321664
1 6307120
1 5031543
1 1237735
1 2805261
1 7483182
1 2965511
1 2424682
1 944980
1 4264736
1 4538832
1 7549838
1 4712581
1 7547880
1 7404524
1 3400915
1 6120469
1 2544048
1 5289115
1 2250393
1 5837496
1 4285115
1 1114522
1 265627
1 1114759
1 7572771
1 1400922
1 569273
1 1208252
1 818885
1 7552793
1 3196173
1 3377317
1 105325
1 1240045
1 7558448
1 7404433
1 4981025
1 6895942
1 2682621
1 1392350
1 2465368
1 7155412
1 5452897
1 7919705
1 6312257
1 3832686
1 6776283
1 7140734
1 4112072
1 3279346
1 68782
1 5974552
1 4539696
1 3210391
1 4558886
1 5913602
1 3907462
1 4239136
1 5235891
1 4727999
1 2934559
1 1205992
1 4363651
931692 7337491
5974824 2355001
2960147 2312095
301428 2275091
4138027 5833372
4143042 5981783
2609749 1016494
6512943 6648643
2669290 5288621
4993300 3138402
992449 1273101
432678 2613745
6265946 865787
2643270 1960685
3225345 7862557
3134284 1043256
2255074 6364546
4176640 1837508
1706307 1403281
5193069 4987695
3243675 6648060
2869606 6268594
7762322 1653033
7515223 6595351
5342040 7996849
1102198 2822507
248272 63719
6247281 4038293
710037 2523049
4391760 5857767
7832905 2013931
6544599 7416670
7098277 7728058
4772149 5868138
309418 3081029
4500075 1916363
1157203 6526975
6577700 1690294
3627556 1667157
950925 6691575
7399953 4055679
4986125 2547464
6953642 8013058
65216 2010894
1948857 2883855
6654277 8010986
939423 3041476
7292265 3187728
3499178 6990424
3087195 3614662
6961043 5722967
1122373 2729299
5476868 2414324
602228 502832
2162577 2375979
480428 7074441
4980818 2254989
882107 5347626
534706 1122538
387100 7499699
692572 636737
246975 1085339
854639 1074674
6933191 445038
1936049 2002837
5737011 2043754
2282714 6084796
5418670 283269
4221512 2486291
259363 2718253
4465898 4397947
2642309 4642891
806066 3461602
6388790 4622971
3794241 614025
1299175 3821811
2829118 5043544
6986123 3059927
1815823 7270698
1844910 3417056
7292710 5528386
7573989 7108509
3851591 2851168
1436872 1421774
4288855 3140501
5957031 3607341
6976676 1648136
6441231 3157670
443765 2133497
7165317 665818
4776811 3651379
3729293 2691676
3899749 1644165
2377255 332066
4814778 256434
1440483 1780386
1280829 3174227
293996 3843447
3821617 5800347
6570380 534429
138000 530286
397982 2432051
6978277 1752118
6511920 392399
901692 3967221
2277146 1817714
2129222 5537506
6438081 5559043
3857612 48022
7417320 5946556
3170418 5133695
7782142 6566615
3959478 5541718
5944181 4921791
1353884 7658096
334959 5867085
6022472 7806107
1445251 7283607
5272835 6619372
6865864 6915504
841436 6793534
4242683 7391073
1512738 472751
5998913 4523278
3160561 7623898
6894036 1715025
2285490 2085531
4330258 7572005
2161818 7468315
3021133 7954302
1832933 3486418
2476066 2161988
644237 3714902
5916978 1117388
4964903 1320710
3637510 2762802
905656 2442873
2715407 2457329
500935 1696563
6425611 4016940
4467606 975506
66726 5578748
6124688 7819578
1030983 2987810
1910263 1348736
7591845 5764873
4894457 769081
1825730 1715582
4908309 2783733
637214 2362907
1761283 1491550
5795160 1342271
3737488 2009876
5099982 2531431
6227741 4722529
1631378 2920599
439357 1719715
266116 5864567
3634137 3394000
6029263 310309
1690478 6220043
5880971 2345144
1288255 3973014
6226048 7167891
6366980 6045077
6634698 6875118
2476303 6736362
5473374 35659
3283873 7505162
7855975 2170011
706093 4077258
3281177 6294533
6753127 7188095
7087351 5649600
7800258 2644834
7742629 2628539
4931089 6082787
3524823 5732447
2625761 5437243
1749455 7738763
4502171 7418677
1643414 4032230
5450214 2373706
1640545 6449912
7755073 1293366
7754770 2372751
6508167 7709372
2007576 3605448
4094919 2124938
7595061 7699657
7759129 1037069
3823175 3633437
4158957 4641709
7032687 3668196
3316910 6101439
943312 6623304
7874520 7912841
6192293 6790312
4471342 88974
1602754 1254997
455012 3182940
2902186 5088931
7318815 1665909
2697983 2336618
1397789 308146
6473655 992163
7604953 6729965
1967189 739095
5980340 4050895
1037584 3636205
3138717 1268841
1933738 5171141
1918221 7937232
850256 2225086
3871639 2612524
1379028 7091651
7201672 5434932
4520782 4454948
7902654 1365464
76869 3126493
1545925 709309
3458575 2334506
2963597 1789060
2419061 6729664
5417803 4874420
6908758 4153016
1685032 184004
1630550 972698
6779421 2848693
5411359 4596983
1109834 695335
2599591 6513055
1765587 4588802
118327 2699568
7118746 6402270
634128 3146756
7813770 299959
423683 7105453
963288 6101879
948166 287821
6594830 3729551
7298199 7620229
7076411 5138030
5250896 4569337
2077098 2981247
1703494 226483
5732039 6440098
5008228 3705268
6162796 2619707
4846759 1366443
5303023 5648020
476637 6977491
1600136 4960273
288537 2168694
112 1439336
7370655 3269807
7381083 230108
1085698 3572599
4246986 3293965
486681 1410128
3051023 749808
5194955 6298201
3549541 7277066
7451501 3141499
2509471 3591300
83253 4917040
7381455 4777580
6918408 3274401
5624185 2136199
1871981 1592911
188462 237533
1857900 2290654
1477974 5582856
2094676 4606805
6451399 75611
1033636 4651051
5009367 1829244
7742055 3819724
2581771 3399845
7439103 1256973
4887071 1769032
1097992 81585
6119781 7187235
617394 818185
5736431 1318928
2269501 4683478
5265585 6609275
1030521 4909305
4156497 6596187
145184 5984363
6011532 7480238
303701 3675859
5266337 5224721
1391683 4845597
5638439 5303952
227413 2417257
4127078 4096893
5101598 74491
5926238 1885910
7557982 3363209
8008483 3301680
7923082 7873973
4424521 7126873
4387734 3039501
4186752 1616508
3658746 4603124
4334694 1465372
7407905 2335205
5164429 4220353
1672182 1328307
2729245 7820853
6864047 3431244
7956666 3426490
7635104 2028200
307777 358962
166378 5840636
7433339 6635364
5149661 4140473
3038596 6674564
1201234 6296333
1779994 4119516
5510034 7158352
1699497 726931
5483426 115248
1412059 4797279
2546781 562735
6835286 5460869
2485609 7930474
6920326 5331172
3213044 7260307
5297531 5334704
4473805 4854288
5611416 1691857
2883488 5987964
3584110 508893
564091 5241461
5180092 862941
3512236 7377606
821296 398411
1605940 616345
7428337 945665
1980968 1245850
2497980 5880680
7045797 773358
7903377 6716752
7356558 2255981
7567787 6834379
5254797 2170345
4962718 3605476
2988440 5085617
2612800 587278
6644611 729887
3034458 1216666
5668237 7014846
3625087 442691
926497 3830891
2221572 156375
5013626 6041048
5174767 1928031
2449970 7579690
3414181 5778001
5434173 3013826
2393922 6452923
832911 628620
996728 5516593
1659464 6527866
4944131 3232153
3453595 7764166
376380 5979604
7307753 270047
429863 197332
572272 2865024
1492654 5878571
3333126 4494443
3926926 5661628
282606 5337049
2014400 752564
5513442 4381333
5350101 2179680
6747 7415427
4911342 7575728
2679041 3849261
1847162 2161151
5533006 4721194
2394884 4172645
2754680 1051262
3592970 4300670
5421982 2739573
3035626 8015473
7006161 605550
5730465 7825910
797313 1021282
4549899 6875844
350735 1250081
5386084 1464192
5983386 7789019
3058264 5333539
3089721 764510
4540295 1222435
6775623 6386822
4043918 2968910
7510672 6604688
1350477 7006769
572545 5401541
54558 4506499
4930962 3274097
3611247 1890138
2609035 5392539
4527684 3483448
1109966 594591
3293306 7810447
4044167 5046993
6675598 328691
4814671 5603510
1746062 6561003
846084 5532707
7621725 3053042
4498599 1056458
1627921 3725093
7499206 3210919
4396494 315009
7732494 4243976
2018330 6195778
5939050 6471611
2292832 7212002
624992 928073
895340 2955928
7788488 852652
4164153 7606153
1058015 7923137
5396825 101752
814025 4558539
439483 6758614
1674580 5519258
119256 6233108
723691 2126059
6095789 5062525
5152016 2518328
2069155 1728667
3266254 4187621
5466976 5540064
747336 7703350
2542695 4974331
3308902 4176219
5065508 3681082
4738421 7843739
7788400 117370
2070540 6637404
3179782 6235661
5390550 55709
6387997 7518585
2818789 678414
7536134 6701399
4696294 3737119
891274 5638394
471379 5768746
1335496 7282729
720284 3147529
1200367 7409613
1571964 7617028
583066 1435973
3689985 6111009
4267810 99688
5649127 3635425
3653911 598153
7078463 3479473
1200098 221746
7025711 3711060
3431867 3905707
1028125 3146361
7284922 5158473
1365455 4125078
1218968 5257136
54842 4340075
1423276 4892031
6960242 450753
1546504 6838263
1216481 2444725
7089956 6580689
3572236 1057947
1883072 5758731
6882854 575940
2898739 5055383
4891576 2445568
1686500 7448684
3520796 3252962
4127712 401381
3977916 3345
4498030 4425308
5537495 6570796
4224300 2586362
28239 7308904
4393589 4941536
3949912 807319
4495689 1244315
3602892 1195045
4180459 6299889
2422805 7664575
1739298 3777206
1871247 2533257
4729361 2266645
7771791 1913691
3776761 212338
268219 6947571
4215719 2009155
913745 2577723
7838464 3865194
2247337 2304540
4754420 4487843
1866952 874707
5883310 4404351
2404509 368727
4327327 5407884
13707 3748089
854449 6556981
1051531 628312
7599618 3297157
2405266 4861918
889478 761097
6817926 5259407
2008241 5556316
4115472 7134327
625798 4957123
3867591 4799233
378313 3137145
3196664 2909818
1997455 300463
4743406 7379649
7599096 1454461
868699 2602810
5274426 5271242
3659598 5170454
6334838 2635037
934850 778596
3952155 3493217
1153287 1545804
7264518 1011547
1112986 3834580
4583236 5141344
5154908 1226182
1319526 513344
7238163 2227271
4913565 7064263
1433413 6726980
1892994 5003856
1370318 4265466
1555375 3187773
6932682 2109290
2642058 4032502
3434792 1273252
1602601 3903955
750465 1924020
1224667 908355
5532655 139474
127430 667926
1367253 496013
1030924 2759429
6752632 7994553
498873 5947189
3282458 5513347
2003475 555361
6977936 6809616
5564177 3833542
7488619 5099068
6883399 5650770
1915504 7829233
767294 5329016
1305030 3225695
318662 5520832
1487209 4856513
6174169 5727786
5381057 7048791
506299 3532781
7674619 1250895
179532 1754333
3507229 6664650
3543003 348668
4860570 1196542
1700241 5842203
7369354 2186699
7016570 6534406
3962836 6297358
5019062 2371311
3406005 7667610
4679655 4464505
5951794 2628943
2389515 6509451
2515646 2655926
7629998 4959700
7741577 4541705
7185632 7676897
5636705 1353379
676097 1323319
7512204 4181582
4716398 3640479
3044285 3910236
1052815 3578636
754886 1329857
2971958 4241706
2798793 1813338
3692383 3125278
6426667 3692571
1010930 3207000
6896243 7124266
5223514 1102258
2200641 3783154
6175524 4034970
5855448 3235807
2934487 1272832
3123146 5191269
3946131 7742466
2581901 5588844
5142824 7412187
2632182 4438220
6650897 6686569
4336122 1754026
1634936 5709162
532037 151986
6965750 5907748
7749786 6718759
7825941 4448951
6446201 1691581
4357809 4371393
6824147 4333593
3561554 7453266
1262594 1387546
4774926 4918093
6215275 3835354
1720326 6336321
2940786 2799204
7684951 5641348
638142 5862117
4103447 2312701
3403052 6335386
3144330 6523181
1607258 5514113
247738 6772582
5362840 4299953
5799260 1339104
4899213 286724
589409 4175979
5699246 7887934
6801514 2649366
7688562 6612883
4997352 3603828
1916678 773658
815928 7144314
1922705 4734416
1127044 5745258
7818887 7813583
1610203 7571665
6024967 1959661
4801667 647410
320514 322277
2686131 8022221
2389895 2498282
2540959 3118742
2521670 987256
4872357 6170456
6993196 276592
548465 2142269
4164823 2951037
1005596 5673399
6080083 2318690
3860401 2594147
4832371 3234654
7608243 4493770
5207237 3929175
4056768 550080
5026263 2175880
2116508 7121757
2757454 2572071
259677 6640993
318807 1993077
5191422 6689141
1293389 1512249
7357349 5190633
6563072 2627727
154223 6795169
4907670 1340867
4979905 8023800
1798412 1436968
6041191 1418242
1293917 3653393
4045064 5905951
2879813 6087772
6451497 4052354
7298164 2749811
6325444 831428
155143 7709451
1184201 3497490
2806426 3920991
1817320 984417
2975559 3026513
296946 4579813
2131213 5440156
3608255 5808604
6364000 3292255
7974621 3572016
7274293 2359108
399661 72505
7161134 6086565
1993034 2191589
6702170 4606786
25361 5063705
7441752 1098945
5258794 5289931
3056575 7223367
2221774 7258981
4639964 7031864
2506329 3795334
6959442 6207698
5156431 2077066
4066761 3326295
5293119 5806618
7263833 575299
2720850 2729844
7855647 7546862
3091910 3895516
3385371 1023190
470500 1503853
6153624 6077872
4208153 1788765
2578668 578299
5831236 4022616
2576235 2260678
6330642 6664377
1717552 5589407
1335932 2033526
4231634 3363123
1108546 1528019
2731705 6938539
5192859 7227695
291828 2280385
2562484 7136816
3096602 1921878
4904300 605803
4941621 5038924
3681412 7693546
2892393 5016880
2259580 3817353
3665545 6337096
275271 5615486
5379057 3985245
6816835 3778572
4033331 4726120
7232035 6173022
5801827 5230658
2082364 4222598
4299601 2162700
5926257 3408313
5275411 6743323
7297231 542397
2980973 1272182
1440387 3487108
1913191 4365328
1601428 1632602
1792876 4142577
1492882 2699236
1966123 1222492
3413819 4707630
5781823 5574026
6414980 5888710
7682732 2699115
7309461 3659665
4087403 1828120
3424080 6106979
4828918 5856975
5397994 1565479
2401665 6587852
3651374 3312980
1695900 3982374
5515700 2552805
312880 3610010
5870913 739849
4649732 408978
290 2203390
4672849 3597526
7080855 4100511
6800312 6829733
6335754 2903477
5902358 5265843
2302381 1467034
7960654 3856333
4892192 4685948
3219454 7125655
7251670 4874277
1788840 6297212
2996223 7538408
4097628 489866
973985 998809
2693926 5805260
3193107 2306821
7135171 1631250
3689573 1414531
2159135 5886474
3620911 7928060
1212107 1400842
488370 2692083
2939020 6975924
5975220 958963
3510791 6867649
1540986 3846213
1349211 4670822
5546906 964877
4515156 30612
3499044 2437460
3567323 3050326
193267 2516150
3923956 5300638
1082923 4680731
7724806 5872848
4310983 4890280
540430 3481654
512699 6055212
7835607 8005549
3005155 7177433
3065783 6468462
5963002 5451337
7647866 6730764
6984109 3131504
2473944 4299172
5129688 3126112
3799893 2536270
1854190 2117308
7970811 1717496
2954515 8004429
1659901 6686126
7583258 3338458
2779429 7338033
6511136 3489218
1546388 1147653
5097528 3744351
5781809 3136293
5151481 7063840
101940 3385331
6477220 2365850
7987143 524918
2454301 83030
4282113 2234395
337871 5750267
5173633 3675684
1855013 2693421
5339934 6660436
2109102 4097368
840373 7155114
1498078 7518420
3790826 6188838
4342179 6268476
6768863 3840394
2190951 4441741
4667322 4326182
3200390 5430836
2598007 1888433
7533399 4849601
7187355 6675309
3646860 1747726
4869220 1716977
81911 5807922
