1000
-18 -5
10 -12
5 3
-6 20
14 -12
-9 -1
5 -9
-2 7
6 0
-7 -16
-11 4
3 -5
-6 7
-18 -1
-14 -6
17 11
6 -14
-7 4
-7 -7
-10 11
18 13
-9 1
-18 -11
-16 -13
-5 4
-15 -4
10 -19
11 4
18 -1
7 20
12 6
-1 18
7 17
-16 -12
-3 5
-13 -14
9 13
-6 -6
4 9
-4 17
12 -14
19 2
4 -1
9 -19
-2 2
20 -11
-16 -20
-11 3
15 -14
-1 17
-19 16
6 -11
-11 -13
2 4
17 5
-14 10
17 17
11 -4
5 16
5 5
-19 19
5 20
18 19
0 -19
6 -1
-3 -18
9 -8
7 1
-5 -11
18 -17
9 -3
3 -3
-1 19
3 9
-7 18
-13 -16
-2 -6
-9 -14
15 -2
0 18
18 -18
-13 12
14 6
-10 -4
-10 -3
-15 -1
-13 6
1 20
19 -19
6 -17
0 7
-14 18
5 19
-18 -6
11 -20
-15 -2
-16 -16
-3 20
-10 -17
-17 2
-10 19
-19 2
-18 -4
17 -8
17 -12
7 18
20 12
16 9
-9 -10
1 -13
-12 -7
13 -20
-16 -14
-4 -15
-8 -3
-7 -14
-7 11
19 -5
12 -2
17 7
10 -1
0 4
6 4
-5 13
-9 -3
-19 20
18 8
2 -12
1 19
4 3
1 -19
-2 -9
15 9
-18 -10
-1 6
6 3
13 11
5 -12
16 10
-17 -4
-7 17
-7 7
-20 4
-5 14
-7 3
-9 -16
-11 15
1 3
6 19
3 -8
-19 9
-10 6
-16 12
-17 0
16 -11
13 -10
9 0
-20 18
-8 -19
-16 7
13 7
-17 10
-10 -19
4 -16
-8 -5
-9 -15
-14 -18
-2 19
15 5
1 12
18 2
-11 14
-2 13
-3 -11
-17 -10
-15 17
4 -14
-9 7
-5 12
-2 -12
-18 13
11 14
11 -15
-7 -15
-4 14
10 16
3 7
19 -16
19 -6
8 16
9 6
4 15
-15 11
12 8
-20 -9
3 12
7 3
-14 0
-17 6
-6 -12
-17 3
2 15
14 -13
20 19
2 -10
-14 -12
-14 -8
2 14
-20 -20
6 -7
5 -6
0 12
12 -8
3 -4
-3 2
-19 10
20 0
11 -19
-5 -4
14 19
2 -6
-6 -14
-13 -2
-2 -3
20 -17
-9 -19
3 -16
-15 3
-9 17
0 -7
-1 -6
10 -14
-8 15
-17 19
0 0
1 1
13 1
-15 12
16 19
-9 -4
3 8
18 -3
8 -20
10 -18
20 14
-15 -16
10 -10
-17 9
-19 -18
2 -7
-20 -7
-16 -15
-18 -3
0 5
0 -12
2 18
-9 -9
14 8
-11 10
-16 -8
9 18
11 10
5 -1
-16 5
14 -4
-16 4
19 -15
-13 8
-10 14
-14 19
-2 -8
14 -5
-13 -8
-19 5
0 -6
-12 -15
-12 18
-14 -4
-18 5
-12 -18
-14 7
8 -10
-9 -5
1 16
-11 -15
14 -9
8 -11
-11 1
-20 20
4 10
12 5
1 -4
-1 0
12 -19
19 12
9 -4
-12 -1
-12 0
4 14
-5 -13
-18 11
-18 -2
-18 4
1 6
-3 -4
-9 -12
-6 6
-14 -5
11 -8
-6 15
-11 18
2 -1
20 1
7 4
8 8
-1 -10
-4 6
-11 -10
-18 3
-2 10
-17 18
5 -8
-8 -4
16 13
20 20
-1 20
5 0
-7 16
-13 11
20 -2
19 7
16 11
-12 17
-8 16
-6 -20
1 13
-15 18
-3 -7
-15 -11
-16 8
-5 -5
20 -14
4 -5
16 -12
11 2
-14 -16
15 7
-12 -4
11 9
-6 18
-15 1
11 -13
-13 1
-11 -14
8 -8
-20 12
-12 19
-8 -11
13 4
-14 6
-7 -20
6 -10
18 -13
-9 -7
6 -5
13 18
13 -13
10 7
15 1
3 -19
5 -14
15 -1
-1 -13
1 17
-4 -17
-18 -20
-20 16
-8 -7
15 -12
12 -12
-20 -16
6 16
19 15
-10 -11
6 15
5 17
12 17
18 6
-6 -5
-10 -13
18 -16
-14 11
-19 -1
11 8
13 13
-2 -20
18 7
7 -8
-16 16
-9 19
13 -19
0 -1
9 -13
-19 -2
-6 13
9 -5
10 13
3 0
-15 -10
-10 18
-5 3
-19 -7
-15 16
3 20
-11 -12
18 -4
5 -18
20 4
9 -20
19 11
8 13
5 -15
-16 1
-18 14
5 -17
1 -14
12 -7
8 5
11 5
0 2
-19 -17
17 6
-4 13
4 -7
5 -13
8 -7
-6 8
0 -8
2 0
7 -7
-10 -1
9 -15
-3 -1
19 18
-14 1
19 -1
19 -12
-20 0
-2 16
9 12
-9 20
-9 -8
-10 4
-3 -8
6 -12
-6 -4
-1 15
17 13
3 18
-14 -11
-9 16
-9 14
-16 3
1 9
-3 4
15 -20
-2 18
10 -8
16 5
-18 -7
17 -14
11 -6
-16 -5
3 -18
6 -9
0 -14
19 17
-20 -10
10 -3
-12 -6
13 5
-5 17
16 -8
6 -8
14 7
20 3
-1 13
13 20
7 -6
-8 -12
-10 20
5 -20
8 15
2 -5
-15 0
-12 7
-2 15
2 -16
-6 -7
-18 0
3 6
4 -3
18 -9
1 -15
-12 -12
-15 -20
1 -18
18 -19
17 10
1 7
-8 12
-12 -2
17 9
12 -13
-17 7
-2 -2
-19 8
-18 19
-12 16
-19 -4
-20 -14
-16 17
-17 13
0 3
16 -18
-5 -19
13 14
17 -19
-18 9
4 5
9 20
3 -1
-15 -18
20 -9
-6 -9
19 3
9 8
-20 8
-10 0
14 -18
3 -20
14 3
1 5
12 19
11 -11
16 4
-11 -6
-11 -7
-2 6
6 -15
-8 -6
12 -5
12 -20
-1 -14
-2 -5
14 -2
-13 -1
13 8
5 -10
2 16
-14 17
-15 -8
10 3
20 18
-10 -10
7 -10
4 12
-5 19
7 -17
2 19
-20 -1
17 -17
-20 5
-18 17
-3 -2
6 12
-15 -9
15 20
-17 -9
9 19
3 -10
-9 15
2 7
1 -10
2 6
19 -14
5 6
-14 -10
-3 -5
-16 9
-20 -12
-19 18
0 13
-7 -17
18 3
-11 -19
-5 -20
-1 -7
-20 14
-17 -12
4 16
8 -16
-10 -8
6 -6
1 -2
2 -20
-11 20
11 19
6 14
-4 -18
-12 -19
-4 -12
-4 2
18 11
-5 2
-6 11
-11 5
-1 -18
10 -15
-16 -11
6 8
-13 -9
-18 -19
-10 -5
13 15
15 10
-13 4
18 -14
7 -2
14 18
-18 12
4 -20
17 19
2 3
-6 10
-2 20
15 12
-2 -4
-6 3
15 -7
11 20
16 -13
16 1
-17 14
17 16
-17 -20
10 1
-10 17
7 -3
-13 -12
9 9
18 -10
16 -3
9 -7
-1 -15
0 16
5 -7
1 -1
10 14
-3 10
8 -2
1 -9
4 1
12 -6
10 -20
-5 -15
8 -6
16 -14
3 10
17 -7
-3 -6
19 -18
3 14
19 1
11 -14
12 11
-19 -3
1 18
6 10
3 -6
3 -12
3 3
-6 -15
-11 17
5 -11
-17 -17
1 -3
-3 -10
9 15
-3 -16
5 -16
9 11
-18 10
8 19
-6 -2
-8 -20
19 4
3 -14
-12 -3
-3 13
-4 -16
9 -16
-3 6
-15 -15
18 10
15 -3
-18 18
-1 -5
6 1
15 -8
-11 -18
4 -8
7 2
-12 3
-17 -1
5 12
-9 3
14 9
16 16
-7 -13
15 15
-15 -3
16 -20
-7 -2
7 19
-14 -13
-1 -17
16 8
10 -16
-1 5
20 -16
10 -17
-5 5
2 8
-11 9
5 -19
9 -11
-13 19
-17 5
-15 20
-16 20
10 15
-8 4
7 9
14 -8
7 -14
-6 17
2 9
0 -16
17 -15
9 -9
2 17
-14 3
-5 20
-1 4
16 0
0 -15
20 -5
5 1
-1 -20
12 -18
0 -4
3 13
-10 10
-7 -12
8 -18
8 0
13 -16
-9 5
10 -9
-11 19
-11 -1
4 13
-17 4
-2 -16
-4 -9
-4 -19
19 -2
-11 7
-17 -8
16 18
-14 -17
18 0
0 17
19 -4
7 13
-5 -7
-12 -20
20 -13
-12 12
20 -15
-5 -1
-15 -17
10 18
8 17
-4 9
-1 16
-17 -14
-20 10
-5 -3
9 -6
-19 14
-8 -18
5 4
17 -4
-12 10
15 -6
10 2
17 -20
-19 11
19 19
7 8
-1 2
-4 5
-15 -14
-8 20
-18 20
-13 3
20 -3
0 6
-13 -7
-7 -19
-10 -18
3 19
-16 14
3 -15
-12 2
12 20
13 -7
1 2
11 13
-18 -13
14 -3
-4 8
-5 -14
-3 1
-15 2
15 -15
-11 -8
-15 -13
16 -10
17 -5
17 -9
-8 -17
-19 -10
-19 17
-1 9
-15 9
-6 -19
-10 7
-20 -18
-3 -12
-15 8
13 -2
-7 6
-20 9
-11 16
-19 1
6 2
-4 18
20 -10
-16 -17
18 -8
12 14
-8 -16
-5 6
11 12
14 -6
15 -5
-17 20
9 -1
-13 -18
-5 0
2 20
17 -1
-4 19
-7 -3
-1 7
3 15
-8 9
7 6
-16 -10
1 -17
17 18
14 13
-12 4
4 -13
-19 -12
-15 10
-16 13
-20 -5
4 20
0 -11
-1 -3
-6 -11
-17 11
2 2
15 -18
0 19
-15 -7
9 4
-12 -13
-18 -8
9 7
7 11
14 1
-19 -13
-13 14
-11 -2
9 -18
-8 17
-15 13
9 17
-1 -1
18 9
19 -3
2 -19
-16 6
-13 -5
-3 -19
8 -3
-12 -11
-14 4
13 -8
-19 7
2 -9
-3 9
-13 17
2 -14
-14 -14
-8 8
-7 -9
14 -15
-3 12
-13 16
14 -19
18 16
1 -16
-6 -8
9 -12
-2 -17
-20 -19
-12 1
20 15
-11 0
-14 -19
17 0
12 16
-1 14
-1 1
-2 9
-2 0
-4 0
2 -2
-15 -12
8 -15
19 20
10 8
11 -2
8 -12
-9 9
-19 4
5 -5
10 -4
-11 -3
-2 17
15 -10
-1 -9
-13 5
-19 -16
4 -9
11 15
-17 -3
13 -6
-10 3
9 3
2 -13
0 9
-13 -10
8 4
17 14
-4 11
-5 -9
1 0
11 -17
-12 -16
15 0
-4 7
7 -9
10 -5
-16 2
12 -17
11 -3
-14 8
3 1
14 5
-12 -10
0 -5
19 16
-14 16
