1000
-663306871 -774108750
520145821 -8
-246072173 -246072096
606233562 0
15640 37732
-46092226 -46092149
-323272042 -8
165336426 275560710
-27200 -30608
-692496701 400149319
-826682130 -661345704
-220448568 606233562
9979 39619
-85 -209956649
771569988 -220448568
551121420 826682130
55112142 -661345704
812029867 660130971
382409317 654489620
-150433731 -150433654
716457846 -385784994
385784994 -496009278
-826682130 -220448568
826682130 -110224284
-16960 -37248
165336426 -826682130
550593933 -550594026
55112142 -771569988
-110224284 716457846
-110224284 -275560710
-440897136 330672852
-110224284 275560710
826682130 -165336426
-771569988 -716457846
-440897136 -496009278
-35929 -19675
826682130 0
-40137 8203
11518 -39212
770687640 770687717
40319 6245
37155 16867
-85 828669344
39542 10056
-40933 1731
915176029 -8
220448568 496009278
440897136 -330672852
-34472 22108
-279353302 -279353225
771569988 551121420
589288554 -8
0 440897136
157596734 807022374
29334 28384
-55112142 -165336426
-771569988 330672852
-165336426 -165336426
686584747 -8
-39712 10056
-606233562 55112142
330672852 55112142
-440897136 385784994
-55112142 -55112142
716457846 -661345704
299750706 -8
40638 3628
-385784994 330672852
440897136 275560710
-551121420 330672852
-11688 -39212
-330672852 771569988
884964676 -8
385784994 661345704
-40808 -3644
0 -716457846
-806914590 -8
-10149 -39635
-40333 7181
165336426 -110224284
-40933 -1747
-661345704 716457846
31391 -26101
275560710 55112142
220448568 -496009278
9979 -39635
-822011244 822011151
826682130 -771569988
-17401 37029
-275560710 661345704
-275560710 -385784994
0 496009278
846377978 -417646016
-661345704 826682130
661345704 -110224284
-27613 30221
220448568 -771569988
95753135 -8
330672852 -771569988
0 165336426
-21610 34752
-661345704 110224284
13175 38667
771569988 0
-952943688 -343072776
220448568 826682130
-35309 -20765
-9853 39693
-755195368 74399025
0 275560710
-826682130 826682130
-13345 38667
661345704 -771569988
620376249 -620376342
-2720 -40808
-40489 6245
661345704 110224284
-55112142 -551121420
-37825 -15733
275560710 -496009278
31550 25892
582474535 -8
440897136 -606233562
-110224284 771569988
551121420 771569988
-55112142 275560710
225823732 -286982262
-9610 39752
-85 336196905
-38410 -14248
-110224284 496009278
440897136 -440897136
-715351718 -988015222
-85 977686310
110224284 165336426
-782078983 48340398
-347119224 347119131
3247 40741
-771569988 0
-12682 38888
21440 34752
37155 -16883
885449540 -885449633
-385784994 -771569988
39119 -11611
24446 32700
-551121420 110224284
21440 -34768
-321399159 -499550205
291165267 -855333794
129568500 585302608
-716457846 -606233562
-16321 -37531
440897136 -275560710
-22201 -34395
404262567 -913183058
-165336426 -606233562
-34976 21304
826682130 110224284
-385784994 606233562
-551121420 -551121420
30974 -26596
0 716457846
-330672852 -220448568
-254674965 254674872
110224284 385784994
-85 -24334273
-21610 -34768
21632282 -930783636
-499492232 -8
-13345 -38683
643812360 -8
-551121420 496009278
-145841951 -355383045
-220448568 -330672852
55112142 -606233562
606233562 440897136
-31561 -26101
33728 22976
220448568 -110224284
-55112142 -661345704
28307 -29427
27030 30592
-440897136 275560710
-36277 -19027
-385784994 55112142
-507713658 507713565
-786440857 -110988048
-551121420 -496009278
-275560710 -606233562
826682130 -496009278
-440897136 -661345704
496009278 -661345704
-275560710 165336426
22031 34379
-830318563 339260591
-330672852 220448568
691753961 730244373
110224284 -330672852
606233562 275560710
496009278 551121420
496009278 220448568
-285604244 285604151
716457846 -220448568
-710195730 710195637
-26178 31468
-385784994 -661345704
-85 698588347
-771569988 -661345704
-417861272 -417861195
-440897136 771569988
130871161 -8
-85 -117999788
275560710 110224284
6415 40357
31550 -25908
165336426 716457846
-660244602 -710189314
661345704 -826682130
-947250779 -947250702
544459234 -8
661345704 716457846
37991 14885
385784994 385784994
-716457846 -330672852
110224284 716457846
-38981 -12605
55112142 -551121420
-220448568 771569988
-40002 -8852
495748449 495748526
4283 -40659
-826682130 661345704
-385784994 -826682130
-23069 33805
-55112142 771569988
359023362 -359023455
330672852 110224284
-39786 9760
9440 39752
2550 -40808
22287 -34229
863079336 235436655
204624855 -204624948
14155 38317
-891835145 -832827066
716457846 661345704
-85 -456461680
-311294391 575378846
496009278 -220448568
20672 35216
-85 55212252
-85 563176561
330672852 220448568
661345704 0
-235464485 -8
439215795 -283665691
16790 -37248
0 220448568
-220448568 -661345704
-30685 -27123
26008 -31484
496009278 -440897136
-55112142 -716457846
826682130 -826682130
-165336426 165336426
-889772102 -8
198248764 198248841
-275560710 330672852
-39289 -11611
399430224 -999007567
-716457846 826682130
220448568 -330672852
-10149 39619
0 -496009278
440897136 220448568
-330672852 716457846
-496009278 551121420
-826682130 220448568
-37325 16867
1654 -40856
826682130 -55112142
-165336426 771569988
330672852 716457846
-3417 -40757
-36277 19011
165336426 -606233562
55112142 606233562
-55112142 330672852
-19104 36184
438606172 -438606265
40566 -4376
-85 942012659
-496009278 -826682130
39542 -10072
35759 -19675
22287 34213
-872021137 736815424
330672852 0
-55112142 440897136
3551 40715
29935561 -758913909
-926622787 -917283150
-826682130 606233562
-496009278 606233562
661345704 -661345704
716457846 55112142
16790 37232
-33898 22976
-35929 19659
165336426 -165336426
-657770703 -657770626
-85 -365713247
-483042591 -8
25815 -31643
372105671 -993168966
713037184 221029464
-606233562 -551121420
13175 -38683
-32793 24523
606233562 -220448568
-440897136 496009278
-165336426 -440897136
113262490 -8
-110224284 -330672852
496009278 330672852
3800 -40708
220448568 661345704
7104 40240
-4453 -40659
30515 27107
301646210 232718962
-496009278 826682130
385784994 -110224284
-8296 40044
-802063892 -358058150
-40834 -3340
199867353 199867430
771569988 496009278
-16321 37515
-110224284 -440897136
35139 20749
-606233562 551121420
-26673 -31067
-551050394 551050301
771569988 275560710
-435203386 -435203309
-31144 26580
-330672852 330672852
714944460 714944537
35990 19232
-826599851 814758475
385784994 -661345704
577291325 -577291418
-165336426 330672852
-110224284 165336426
-85 -8
27443 30221
-17401 -37045
165336426 -55112142
-275560710 -110224284
-34845 -21533
496009278 771569988
-27970 29892
716457846 -55112142
93050 -8
-813512933 973298482
-617949898 -617949821
-34306 22364
716457846 -826682130
29815 27877
-25204749 -142452123
-19752 35836
39119 11595
34675 21517
551121420 -55112142
-561640292 293668156
275560710 -606233562
385784994 716457846
771569988 220448568
15824879 15824956
-16960 37232
275560710 -771569988
14155 -38333
-220448568 -606233562
971001944 -971002037
-14978 38068
-771569988 -110224284
606233562 385784994
-22457 -34229
826682130 661345704
826682130 -385784994
165336426 551121420
40280 -6508
-14325 -38333
6415 -40373
551121420 -275560710
496009278 440897136
-110224284 440897136
-37122 -17324
275560710 -661345704
-829524405 -718828940
-110224284 -496009278
-22457 34213
-385784994 -385784994
26008 31468
39675 9517
80287134 442963410
-551121420 -385784994
-25985 31627
27800 29892
771569988 771569988
-27200 30592
146033062 -436274582
30144 -27536
-2720 40792
19155 36067
-551121420 55112142
-85 -77174702
-26178 -31484
-85 277869944
-385784994 551121420
-85 903432848
826682130 275560710
771569988 -385784994
551121420 -496009278
-110224284 551121420
-110224284 330672852
144501553 844729238
946906194 -8
0 -606233562
-55112142 55112142
-826682130 -55112142
40615 3877
-716457846 165336426
-684654544 586983355
-777702226 777702133
-865560747 -705796708
-987336970 -872134007
-826682130 -496009278
661345704 -551121420
-330672852 440897136
-496009278 771569988
-6585 40357
-8929 39909
-34976 -21320
38811 12589
3551 -40731
-611467791 -897294964
-1824 -40856
440897136 826682130
-19752 -35852
19582 -35852
606233562 -496009278
-826682130 330672852
12512 -38904
-816303658 816303565
-85 -12345313
-385784994 -551121420
709288928 -709289021
9683 39693
-329348667 329348574
746164333 649984733
-661345704 -826682130
39832 -8852
-40002 8836
494368498 -8
-85 -950577234
0 -771569988
37438 -16244
21227 34883
-3721 40715
31391 26085
-37608 16228
-33898 -22992
-24616 32700
-385784994 385784994
-55112142 165336426
-346159794 -705873864
-606233562 165336426
-85 -220572965
275560710 771569988
20672 -35232
-85 -768450920
-826682130 165336426
-9610 -39768
330672852 -110224284
48067928 -993715707
-436368901 273183363
-36160 19232
-29504 28384
-28335031 -8
14808 -38084
275560710 440897136
110224284 496009278
8126 40044
-85 101861464
0 -440897136
-275560710 -826682130
-40450 6492
160697738 -806845366
606233562 826682130
-31561 26085
-37825 15717
-54888997 -8
-3417 40741
-37122 17308
-40333 -7197
-85 318549066
-40489 -6261
674562494 -662638019
28307 29411
-34472 -22124
33728 -22992
-5349030 5348937
-196716538 -989912188
-826682130 -826682130
440897136 -826682130
-548662140 548662047
-85 -552232381
-330672852 385784994
-728227949 -728227872
16151 -37531
39967 -8219
-2421904 2421811
551121420 -661345704
-981991356 -721695740
-626293025 -626292948
-37608 -16244
-953790274 -991096647
716457846 496009278
-85 152586562
-85 -732871557
-40785 -3893
26503 31051
-19104 -36200
363150504 -363150597
471774003 -984729459
385784994 -551121420
-85 -610074743
-46708433 -8
-589024863 -8
224318742 224318819
0 -275560710
-85 -501060318
40715 -2643
220448568 -55112142
-8929 -39925
-661345704 -110224284
771569988 -55112142
30144 27520
-336189287 51383939
-659867433 501439630
38240 14232
-263931250 -800135978
-204135235 -250319666
-21397 -34899
37438 16228
37991 -14901
16151 37515
-220448568 -496009278
330672852 -440897136
19155 -36083
110224284 -165336426
275560710 -220448568
456565385 127777391
165336426 -440897136
-85 -971003175
-110224284 -110224284
39967 8203
6168 -40412
110224284 440897136
55112142 771569988
-55112142 826682130
-607296401 -532397014
-661345704 661345704
661345704 -220448568
110224284 -661345704
0 -110224284
606233562 -110224284
-440897136 661345704
565385521 -829785470
-8296 -40060
-551121420 -110224284
-661345704 -496009278
-85 714177371
-659383814 659383721
9440 -39768
-496009278 -716457846
17231 37029
-1824 40840
6168 40396
-85 813592782
-14325 38317
194223750 194223827
275560710 -826682130
-771569988 220448568
-41303337 -41303260
36952 17308
275560710 661345704
-165336426 -826682130
385784994 -771569988
90025480 -90025573
36107 -19027
29334 -28400
-166179405 -166179328
40319 -6261
426954763 -349855064
716457846 0
40664 -3340
716457846 -110224284
-85 999438532
1654 40840
654083649 654083726
-716457846 -551121420
551121420 -165336426
220448568 -165336426
55112142 55112142
771569988 -110224284
-26673 31051
-40885 -2643
-881531183 379493895
-725368474 725368381
-23069 -33821
-6338 -40412
110224284 606233562
-330672852 55112142
-551121420 220448568
-85 951070236
771569988 -496009278
220448568 -606233562
-40736 -4376
771569988 165336426
551121420 330672852
8759 -39925
-55112142 661345704
40715 2627
-275560710 -661345704
-533173692 89215058
-25985 -31643
-85 -714604676
886320111 886320188
685222144 685222221
716457846 110224284
35759530 35759607
686113246 -686113339
-55112142 606233562
385784994 -165336426
-29985 -27893
-7274 -40256
-257939228 -8
27443 -30237
34302 -22124
-6828695 -117428238
-38981 12589
-21397 34883
8887730 8887807
-110224284 -385784994
820142527 -8
-771569988 -385784994
-40785 3877
-751744484 -858549375
34136 -22380
-220448568 496009278
661345704 -275560710
-330672852 0
38240 -14248
-85 191611601
-19325 -36083
285731456 -8
-799812850 -799812773
911062751 -304556653
39616 -9776
-148648237 -703742413
55112142 -165336426
-55112142 -771569988
-435725678 968362244
-39712 -10072
-588355252 -8
-803870582 367373967
39832 8836
-28477 29411
346489034 -258013626
165336426 165336426
107984949 -107985042
-40834 3324
-55112142 0
-921417640 -830879651
-196911575 334001614
-20842 -35232
-24616 -32716
-716457846 -220448568
-85 -174407813
40280 6492
-330672852 496009278
35990 -19248
-429824521 -180405774
38590 13252
-3970 -40708
-7274 40240
-604578222 -604578145
-220448568 716457846
36952 -17324
-606233562 -716457846
440897136 55112142
-869886778 483598213
-36160 -19248
38811 -12605
261271688 -8
110224284 55112142
275560710 -330672852
162984476 -8
18934 -36200
-110224284 -826682130
-716457846 -826682130
27875356 27875433
738525390 738525467
-6585 -40373
-612059057 -342574961
-34306 -22380
-85 901619349
220448568 110224284
606233562 -716457846
-37325 -16883
-964673885 -180012566
226252425 226252502
-4453 40643
824412201 -711789594
-716457846 771569988
-220448568 661345704
-496009278 110224284
35759 19659
22821189 -506493266
-15810 -37748
-606233562 -606233562
22899 -33821
416121887 20479427
-901882080 -901882003
-85 -266023519
68376452 -68376545
40615 -3893
-55112142 496009278
-682173355 869667138
-771569988 -771569988
7104 -40256
-15810 37732
-656548979 -8
-606233562 -330672852
-32793 -24539
645036542 -645036635
330672852 -826682130
-330672852 -496009278
40638 -3644
37616368 563136943
-796810948 795844062
588000893 588000970
661345704 -716457846
554516909 -8
-409554425 -317489259
-27613 -30237
18934 36184
-771569988 -826682130
496009278 -771569988
-254606097 254606004
32623 -24539
654782351 -681800817
40763 -1747
-110224284 -716457846
-39289 11595
-30314 -27536
430524831 -686062345
34806 21304
40566 4360
-79533222 79533129
24446 -32716
-795163281 -8
22899 33805
-716753389 -716753312
30974 26580
-522692020 176109374
-716457846 -165336426
-9853 -39709
-170764698 -170764621
37655 15717
-38760 -13268
21227 -34899
275560710 826682130
19582 35836
-220448568 -110224284
40763 1731
-3721 -40731
-496009278 275560710
-85 267176240
330672852 -55112142
-716457846 55112142
110224284 0
110224284 -606233562
-716457846 -716457846
37655 -15733
202004772 -202004865
-19325 36067
-496009278 440897136
-771569988 -440897136
-220448568 -220448568
15640 -37748
3800 40692
-172762440 286873473
593947943 -593948036
39675 -9533
-551121420 551121420
-397136090 -530683713
4283 40643
394065184 -394065277
0 606233562
55112142 -220448568
-759387715 450512664
-31720 -25908
-226342217 -602126222
-55112142 -330672852
-761355732 -8
826682130 771569988
661345704 220448568
-385784994 716457846
-330672852 -55112142
0 -330672852
34136 22364
275560710 275560710
112332157 -112332250
-34845 21517
-110224284 -771569988
771569988 -551121420
465464827 -102797903
63240704 284946223
40664 3324
-220448568 -275560710
40163 -7197
165336426 -771569988
34675 -21533
110224284 771569988
773879058 511440202
385784994 551121420
-385784994 -606233562
-30314 27520
369319304 -129904130
34806 -21320
-38161 14885
8759 39909
275560710 -275560710
14808 38068
390046860 120977891
661345704 -440897136
280055511 -280055604
716457846 -275560710
165336426 330672852
275560710 606233562
385784994 -440897136
220448568 440897136
606233562 771569988
-551121420 -220448568
3247 -40757
496009278 606233562
34302 22108
-76924131 -909471005
-440897136 -716457846
9683 -39709
-826682130 -110224284
-385784994 661345704
496009278 826682130
-429469294 933868011
-532093449 -8
27800 -29908
-110224284 -606233562
38590 -13268
35139 -20765
-986165285 -860374786
-330672852 -110224284
55112142 275560710
22031 -34395
-771569988 661345704
716457846 716457846
-330672852 -661345704
-720791889 720791796
-40885 2627
275560710 -716457846
165336426 -716457846
-880179802 -8
-30685 27107
-85 -774027708
367033988 367034065
-749561474 -466806489
-385784994 165336426
-31720 25892
-12682 -38904
12512 38888
-39845 9517
-165336426 661345704
110224284 110224284
-85 -970898773
-825640501 -357435963
-31144 -26596
-38161 -14901
-11688 39196
496009278 661345704
-748933018 -997204270
-661345704 -55112142
40163 7181
55112142 -275560710
826682130 551121420
2550 40792
606233562 330672852
-616693095 -616693018
-275560710 -440897136
-827044561 -720509113
39616 9760
-671778612 671778519
-220448568 165336426
385784994 -275560710
-3970 40692
-172511427 172511334
-716457846 -110224284
-14978 -38084
-440897136 110224284
606233562 -771569988
-40808 3628
606233562 496009278
771569988 826682130
-653941901 -653941824
606233562 165336426
-150711818 506683513
80282550 80282627
-39845 -9533
781748153 881615552
-771569988 -275560710
-29985 27877
686669764 -902813552
-831083405 -883364893
-27970 -29908
157922770 157922847
0 110224284
11518 39196
110224284 551121420
30515 -27123
-458892887 -791834536
-40137 -8219
-220448568 -440897136
-29504 -28400
-912955357 538928008
-220448568 -826682130
-6338 40396
32623 24523
551121420 275560710
-40450 -6508
-38760 13252
228233985 613115538
-220448568 -716457846
25815 31627
27030 -30608
-496009278 -440897136
-22201 34379
-85 793888084
26503 -31067
-514860863 996292277
275560710 385784994
-840961346 925602978
-716457846 0
-40736 4360
385784994 110224284
-300594492 743021073
-165336426 -275560710
-35309 20749
716457846 330672852
-661345704 385784994
-20842 35216
-28477 -29427
-661345704 -330672852
17231 -37045
-551121420 606233562
36107 19011
-601287211 -8
-502083507 801221860
-268313910 226196148
-39786 -9776
-220448568 826682130
275560710 -110224284
661345704 -55112142
-826682130 -385784994
29815 -27893
110224284 -440897136
-682569482 -8
8126 -40060
-716457846 -496009278
-251815105 -8
-38410 14232
-440897136 -551121420
-949296800 978468903
716457846 826682130
220448568 385784994
-661345704 440897136
704569115 -636531342
443441024 747036920
