1000
8110708 -81107080
0 -16221416
143629 -188853
-56774956 -32442832
-223901969 223901972
291022037 -93
-32442832 64885664
-539776038 -987778256
566594615 566594426
181996 -152226
-985261063 -583106808
72996372 -40553540
48664248 -105439204
104101 -213201
-195437 -134253
-16221416 -113549912
74651 -225201
-72996372 -16221416
96 -625646474
64885664 -121660620
-40553540 -56774956
-37604 -234210
-236371 -17853
-8110708 -16221416
81107080 40553540
48664248 72996372
-305293108 59228094
236813 13947
-347126743 506497394
16221416 24332124
146579 -186573
48664248 97328496
163095515 -163095512
219931 -89001
72996372 -105439204
-105439204 89217788
-179021 -155493
40553540 -16221416
-113549912 -24332124
96 328504932
-229349 -59985
-236187 19967
-177384 157174
-64885664 -121660620
-113549912 72996372
16221416 -48664248
236563 -17853
-186384 -146576
-105439204 -105439204
-24332124 -113549912
-55149 -230701
-221312 -85008
113549912 113549912
-24332124 -40553540
-143437 -188853
89288606 -826659547
-183387 150127
-40553540 -24332124
215571 98915
-431476728 464627067
173516 161640
-48664248 -32442832
-113549912 -56774956
216088 -97968
-319513919 795427283
152229 181807
-97328496 16221416
-237024 2390
-59796 229352
-64885664 -113549912
-103909 -213201
0 113549912
410862354 -93
-32442832 -121660620
96 -486092586
-56774956 81107080
-2387 237027
224004 -78178
-148625293 -148625482
96 -796166839
224004 77992
-223812 -78178
-215896 -97968
968950590 968950401
-113549912 -8110708
213204 103912
-89217788 113549912
59988 -229538
922357719 -922357716
243211745 -912355249
-121660620 64885664
8110708 -16221416
24332124 -121660620
96 720778984
-16221416 0
-21385987 -400767110
20156 -236376
-327224556 -93
-853446288 -445198397
-481877565 730623796
-219739 88815
-97328496 97328496
-150124 -183576
-209139 -111685
89217788 8110708
64885664 32442832
-89217788 -56774956
-40553540 -48664248
8110708 64885664
96 832070447
-236187 -20153
-2387 -237213
-134064 195440
-32442832 -32442832
-224219 -77001
999998619 -94
-56774956 -16221416
-213012 -104098
616688297 616688108
-8110708 -97328496
97328496 16221416
-105439204 97328496
228571 -63585
236563 17667
-95512 -217098
-911561981 -93
-436929131 -645167009
89156464 -697632888
-977920573 -93
-807715731 622786278
124941 -201701
48664248 -97328496
-97328496 0
-89217788 105439204
-651831826 577465243
-218796 91112
-768632348 768632351
-999998427 -94
800124312 800124123
-81107080 40553540
-99588794 -998273826
-222189 82499
64885664 -72996372
119131 204999
81107080 24332124
-97328496 -81107080
236736 15190
-16221416 -72996372
-84819 -221501
97328496 97328496
678884154 900596329
-330655629 330655632
-234021 37607
8110708 -32442832
16221416 48664248
237216 2390
191090255 -93
-72996372 -97328496
-105439204 32442832
-172391151 -93
48664248 16221416
96 550719129
96 232501495
32442832 121660620
-236884 -8610
-24332124 -56774956
110441325 -110441322
188856 143440
-24332124 -97328496
-89217788 -64885664
75631795 -93
435873185 -150602194
-48664248 72996372
72996372 -97328496
183579 150127
-801160482 -93
672330015 -672330012
-493089166 -493089355
89217788 97328496
-63396 -228568
195629 134067
-8110708 81107080
-72996372 121660620
-24332124 -64885664
48664248 -64885664
201883163 201882974
8110708 105439204
-148830774 -93
-226131014 -226131203
-261932103 -261932292
-583937499 -26670149
341559939 257429312
267919046 156842549
-32442832 -97328496
78181 223815
48664248 24332124
-999344685 336366813
40553540 56774956
-89217788 -32442832
-22437 -236153
-103909 213015
183579 -150313
163636 171624
-561510490 -230249200
31229221 -968108005
-121660620 -56774956
146579 186387
-121660620 -32442832
121660620 -97328496
-121660620 24332124
-188664 143440
-56774956 48664248
96 -937091359
-113549912 97328496
-84819 221315
48664248 0
-188664 -143626
-97328496 -113549912
-8674262 -8674451
230704 55152
24332124 113549912
-198949 128799
16221416 64885664
-160724 -174360
55341 -230701
236813 -14133
-186384 146390
64885664 121660620
109491 210299
-501431026 516819870
-17664 236374
-229349 59799
157363 -177573
96 -955244783
0 -97328496
567231099 779665620
22629 -236153
-118939 -205185
237076 -8610
-111496 -209328
155496 -179210
56774956 81107080
-81107080 72996372
48664248 -56774956
-113549912 56774956
113549912 56774956
96 314607559
-77989 223815
-626463778 -626463967
64885664 64885664
37796 -234210
105439204 -105439204
91301 -218985
111688 209142
-97328496 81107080
0 40553540
225204 -74648
-121660620 16221416
-97328496 56774956
-89217788 -97328496
625194914 -645295495
89217788 -40553540
105439204 -8110708
39881417 -93
81107080 -81107080
113549912 -8110708
-225012 74462
15379 -236733
-105439204 113549912
-121660620 -72996372
-843938396 843938399
29363 -235413
81107080 -72996372
105439204 48664248
56774956 8110708
81107080 89217788
717100879 -726025133
-16221416 24332124
160916 174174
81107080 -97328496
97 999998431
-48320533 -933602852
-121660620 -121660620
-969762414 969762417
279529813 -674779069
-128796 -199138
40553540 32442832
48487326 -93
-981700766 -984424063
-88812 -219928
0 97328496
221504 -85008
94 999998431
-918844936 -4051950
-105439204 -16221416
-19964 -236376
0 8110708
-121660620 48664248
-16221416 16221416
97328496 40553540
-841612650 -825137948
-32442832 121660620
-171621 -163633
40553540 89217788
96 -339523014
17856 236374
-282757780 282757783
-77638835 -93
121660620 40553540
-105439204 105439204
-81107080 -16221416
-118939 204999
630084733 -630084730
-215379 -99101
97971 -216085
48664248 32442832
-72996372 -40553540
403548628 -403548625
-121660620 -97328496
64885664 48664248
-56774956 -121660620
-91109 218799
-37604 234024
24332124 121660620
-152037 -181993
-426134123 -426134312
-642343193 642343196
64885664 72996372
599598104 -348171052
-59796 -229538
-423858924 423858927
-17664 -236560
-253399740 -93
269912931 357684684
96 999998430
96 -645187668
-217829 -93585
85011 -221501
217101 95515
24332124 16221416
96 949059167
999998619 -93
-48664248 0
-150124 183390
-219739 -89001
238854657 -238854654
-216909 -95701
40553540 -40553540
174363 160727
-722211959 -722212148
99104 215382
-81107080 0
202276480 -202276477
40553540 -48664248
174634382 -741894597
-56056355 -56056544
-24332124 -81107080
96 640182040
-82496 -222378
-34366012 -34366201
-40553540 8110708
-173324 -161826
40553540 -8110708
97 999998430
-97328496 -89217788
-218796 -91298
-48664248 -121660620
-40553540 -32442832
121660620 16221416
-1251768 1251771
32442832 0
-111496 209142
96 -827146634
209272935 -580721794
-98912 -215568
56774956 -32442832
8110708 72996372
236156 22440
97328496 64885664
90000051 89999862
321379609 -413684256
218988 -91298
830989284 -93
-525972191 -525972380
-235224 29174
-89217788 8110708
40553540 -89217788
-169223268 169223271
40553540 81107080
-105439204 -64885664
171813 163447
81107080 -64885664
89217788 32442832
-320984984 -320985173
40553540 -121660620
171813 -163633
237076 8424
96 349506036
-48867518 934669447
64885664 -64885664
-97328496 89217788
-270674149 -270674338
215571 -99101
-236371 17667
113549912 72996372
-201512 124752
96 561440112
-109299 -210485
-64885664 -8110708
-105439204 -56774956
-919511619 -93
113549912 -105439204
-55149 230515
105439204 40553540
121660620 -24332124
32442832 105439204
236140491 236140302
8110708 24332124
-22437 235967
-98912 215382
16221416 -113549912
56774956 -72996372
78181 -224001
96 -268847837
-157171 -177573
8110708 -48664248
8110708 -24332124
999998619 -92
-235964 -22626
-976078568 -93
121660620 -40553540
113549912 8110708
105439204 -64885664
-999998427 -92
-236544 15190
0 -89217788
-225012 -74648
-24332124 -105439204
-105439204 -97328496
-13944 236624
-807423457 -491797995
-236544 -15376
-782179515 -93
989651939 -989651936
118825610 -416094212
64885664 56774956
56774956 -97328496
97 -999998616
229541 -59985
0 -24332124
-444062658 789786490
624403563 624403374
210488 109302
-999998427 -93
48664248 -32442832
218021 -93585
143629 188667
32442832 56774956
-40553540 -72996372
-97328496 -32442832
224411 76815
-91109 -218985
-64885664 32442832
-105439204 0
96 -360770010
0 64885664
-165251091 564220486
-461829254 -742651327
-40553540 -89217788
-131911388 281463880
-633148081 939018444
235416 -29360
29363 235227
97328496 89217788
150316 183390
-157171 177387
114732243 -956863116
105439204 89217788
96 -999998616
717140487 -717140484
201704 124752
99 999998431
40553540 97328496
-113549912 113549912
96 606083218
16221416 -16221416
-680838157 -680838346
-198949 -128985
-835989182 -284457422
24332124 -16221416
-216909 95515
186576 -146576
24332124 -89217788
-56774956 105439204
174363 -160913
96 -693432017
352096414 -352096411
-584307274 -430699773
-29171 235227
-105439204 48664248
188856 -143626
-236621 -14133
72996372 -8110708
-16221416 81107080
-97328496 -56774956
-174171 -160913
-251851501 358266393
228571 63399
217101 -95701
96 -137562310
195629 -134253
14136 236624
454431344 -93
-40553540 121660620
225939141 -93
48664248 -24332124
121660620 -64885664
128988 198952
64885664 24332124
-235964 22440
181996 152040
-97328496 24332124
-738881638 -93
155496 179024
672970547 992197672
-97328496 -97328496
-152037 181807
32442832 -97328496
113549912 -113549912
-201512 -124938
-141640946 -865420304
861258941 861258752
-81107080 113549912
-64885664 -56774956
219931 88815
-15187 236547
-72996372 105439204
40553540 -56774956
-16221416 48664248
213204 -104098
-105439204 -89217788
-754708089 -876156395
96 -93
-173324 161640
105439204 -113549912
-95070562 -93
-146387 -186573
-231996 -48728
48664248 -121660620
32442832 32442832
897045231 897045042
-64885664 72996372
224411 -77001
-11583774 -539413800
8613 236887
236736 -15376
20156 236190
-13944 -236810
-209139 111499
-105439204 -121660620
134256 -195626
32442832 81107080
-81107080 -97328496
232188 48542
-113549912 48664248
-683048283 -683048472
40553540 -24332124
-16221416 8110708
-121660620 -105439204
-40553540 -40553540
199141 128799
173516 -161826
-63396 228382
-300465940 -994586864
-48664248 -40553540
-124749 201515
-840349311 -378507516
-48664248 64885664
-24332124 97328496
113549912 64885664
64885664 -40553540
81107080 56774956
16221416 -40553540
56774956 24332124
56774956 56774956
17856 -236560
-523386431 897241427
98 999998431
113549912 81107080
95 999998431
-82496 222192
-93396 217832
2579 237027
393313663 -93
-16221416 40553540
77004 224222
236156 -22626
-213012 103912
-146387 186387
64885664 -8110708
-88812 219742
-171621 163447
32442832 -121660620
436808302 436808113
72996372 0
186576 146390
-97328496 -48664248
288266356 288266167
-89217788 16221416
-231996 48542
-97328496 -105439204
72996372 89217788
236379 -20153
-48664248 -113549912
-224219 76815
216088 97782
89217788 -56774956
761056368 761056179
-420976257 -93
121660620 97328496
96 76978573
-64885664 -97328496
97328496 -48664248
40553540 121660620
-32442832 -81107080
-8110708 -121660620
987830802 296421931
-652662518 -93
-282083334 -282083523
81107080 97328496
-675705686 12916711
417319819 -93
532287194 532287005
105439204 -81107080
3082169 -3082166
-81107080 121660620
32442832 -89217788
-81107080 32442832
367447442 693160699
-160724 174174
222381 -82685
-32442832 56774956
96 36352348
-181804 152040
99104 -215568
121660620 -81107080
96 125748157
-237024 -2576
24332124 89217788
32442832 -113549912
229113262 747318502
-230512 55152
96 -591870055
101491387 101491198
-19964 236190
210488 -109488
89217788 105439204
-257278184 345210687
89217788 -24332124
-876184393 876184396
81107080 16221416
209331 -111685
63588 -228568
-215896 97782
89217788 16221416
-781382887 -781383076
-300074523 -159004449
-8110708 -64885664
-155304 -179210
109491 -210485
163636 -171810
113549912 -16221416
-725112386 -561003835
-978143613 978143616
-128796 198952
16221416 72996372
96 -239000738
95704 216912
96 117914323
-113549912 -89217788
217845159 -217845156
96 572597944
896545086 -27472327
96 -678259658
-97328496 72996372
8613 -237073
-109299 210299
-71762048 -93
85011 221315
218988 91112
766665948 683508651
96 -185386924
267479922 -267479919
22629 235967
-32442832 72996372
104101 213015
-121660620 -81107080
105439204 113549912
237216 -2576
-81107080 -81107080
-105439204 -113549912
-24332124 0
-183387 -150313
89217788 -121660620
-8110708 8110708
56774956 -48664248
95704 -217098
77004 -224408
96 -688997100
105439204 -89217788
-177384 -157360
538238418 538238229
160916 -174360
72996372 -56774956
234213 -37793
89004 219742
-163444 -171810
95 999998430
-221312 84822
-161637 173327
174048047 826102291
82688 -222378
179213 -155493
96 -729967529
-235224 -29360
-32442832 48664248
96 -525316430
236379 19967
-886715253 422461456
-8421 -237073
-121660620 -113549912
-228379 -63585
89217788 -81107080
-514722138 -779021474
-542620369 542620372
-56774956 24332124
128988 -199138
-138412607 -290051642
209331 111499
150782928 -93
89004 -219928
924490479 -93
583566890 -434088730
356676901 646143782
82688 222192
-195463221 -195463410
-24332124 48664248
-29171 -235413
91301 218799
546968118 -546968115
97328496 113549912
-64885664 64885664
134256 195440
-89217788 -40553540
-89217788 48664248
8110708 121660620
-40553540 0
-113549912 81107080
-52012200 -93
-81107080 48664248
205188 -119128
-121660620 -24332124
-40553540 -8110708
-48539 -232185
171343512 295418808
24332124 64885664
-903244023 552243399
56774956 40553540
-89217788 -24332124
15379 236547
222381 82499
-93396 -218018
-74459 225015
-15187 -236733
-725761253 -889470107
37796 234024
157363 177387
-32442832 -113549912
623612427 544456233
-113549912 89217788
124941 201515
161829 -173513
-72996372 64885664
-855327767 -93
-236621 13947
-204996 -119128
93588 -218018
763929669 -93
-97328496 -8110708
-976731377 976731380
-163444 171624
96 -132438305
-32442832 32442832
63588 228382
85414450 -830480835
-124749 -201701
295587521 -93
-325609552 -325609741
-228379 63399
55341 230515
-77989 -224001
-64885664 -16221416
161829 173327
136778497 -136778494
-181804 -152226
-204996 118942
320685017 -530372227
-89217788 24332124
-24332124 64885664
-48664248 -16221416
-8110708 -113549912
813299938 813299749
14136 -236810
59988 229352
0 48664248
230757800 700701379
-210296 -109488
16221416 -81107080
-571361017 498934973
32442832 -81107080
758657549 758657360
-586588404 586588407
177576 -157360
96 999998431
-161637 -173513
-113549912 -97328496
-778993180 -764475894
-74459 -225201
72996372 105439204
-40553540 97328496
234213 37607
-121660620 32442832
-24332124 8110708
56774956 105439204
7440325 -93
105439204 -32442832
-72996372 -113549912
-81107080 81107080
-616154444 616154447
0 16221416
-195437 134067
-8421 236887
523320907 -523320904
-95512 216912
199141 -128985
434544799 -434544796
24332124 -56774956
201704 -124938
-40553540 32442832
-307252374 924029479
539937715 -793814761
-504392474 -504392663
72996372 113549912
-32442832 -16221416
-97779 -216085
64885664 -113549912
121660620 89217788
-284446310 -67296931
16221416 0
81107080 72996372
235142673 -93
-97328496 105439204
105439204 97328496
89217788 -97328496
-659420262 95225709
230704 -55338
40553540 113549912
-76812 -224408
801549240 -957079221
-234021 -37793
48731 -232185
150316 -183576
97328496 -97328496
24332124 -72996372
-115651287 -74712048
-134064 -195626
81107080 -113549912
89217788 -48664248
-230512 -55338
-97779 215899
434701852 135184495
113549912 -24332124
225204 74462
93 999998431
0 0
119131 -205185
679848762 -93
-155304 179024
40553540 40553540
-140764745 -93
8110708 -97328496
-121660620 40553540
152229 -181993
-72996372 -72996372
-208695237 -93
-32442832 -89217788
0 -72996372
-111198375 111198378
89217788 -113549912
16221416 -24332124
-89217788 -113549912
105439204 81107080
2579 -237213
-64885664 -105439204
787056327 -787056324
-174171 160727
-936884594 878987408
16221416 -8110708
154201416 154201227
-103947734 145714662
-8110708 -105439204
-143437 188667
-105439204 8110708
-179021 155307
-64885664 121660620
-438257488 438257491
96 70287338
-124000642 838399413
42658609 -42658606
24332124 -113549912
0 -32442832
121660620 0
898978939 -749394486
177576 157174
96 662736616
-885577256 885577259
105439204 16221416
-81107080 -48664248
221504 84822
-56774956 -81107080
-89217788 -81107080
24332124 81107080
179213 155307
-16221416 -64885664
320295256 -742952024
-223812 77992
-64885664 0
-113549912 32442832
113549912 -48664248
-263102577 795473233
72996372 24332124
97971 215899
205188 118942
224788907 -93
-113549912 24332124
-217829 93399
96 777419782
64885664 -48664248
-48539 231999
32442832 -48664248
229541 59799
121660620 8110708
0 72996372
232188 -48728
113549912 -32442832
-236884 8424
-64885664 97328496
121660620 121660620
-97328496 32442832
-40553540 -97328496
-32442832 40553540
322973520 -93
-24332124 -89217788
857900430 857900241
218021 93399
-105439204 -40553540
-16221416 56774956
-76812 224222
-105439204 -81107080
113549912 -89217788
97328496 56774956
-105439204 -24332124
-251195538 -29351897
-16221416 -81107080
-215379 98915
74651 225015
24332124 48664248
95 -999998616
461979966 -572249555
-640410823 -99481793
814035721 -975325986
96 317120599
121660620 105439204
235416 29174
-72996372 81107080
-210296 109302
-64885664 -72996372
64885664 89217788
-113549912 16221416
48731 231999
-121660620 -40553540
-371873462 -449844487
729420489 312991736
-222189 -82685
56774956 -89217788
16221416 -105439204
-654459614 654459617
93588 217832
111688 -209328
-48664248 -64885664
