1349
1 0
1 3
1 100046
1 174247
1 199981
1 199981
1 199981
1 199985
1 199984
1 199982
1 199987
1 199986
1 199986
1 199986
1 199988
1 199989
1 199986
1 199990
1 199991
1 199991
1 199992
1 199991
1 200002
1 199991
1 200000
1 200000
1 1010653
1 1575269
1 1599983
1 1599980
1 1599983
1 1599983
1 1599986
1 1599984
1 1599985
1 1599985
1 1599987
1 1599986
1 1599988
1 1599985
1 1599990
1 1599988
1 1599987
1 1599990
1 1599989
1 1599988
1 2179923
1 1684725
1 2600003
1 2600001
1 12712906
1 10907357
1 15148692
1 20123386
1 35000002
1 35000003
1 35172823
1 35194290
1 35199981
1 35199983
1 35199985
1 35199984
1 35199982
1 35199985
1 35199985
1 35199987
1 35199986
1 35199984
1 35199988
1 35199985
1 35199988
1 35199989
1 35199991
1 35199991
1 35199989
1 35199989
1 35199999
1 35200001
1 35200003
1 35200002
1 106042594
1 89106414
1 378155099
1 200129382
1 500000003
1 500000002
1 500159145
1 500049059
1 500199982
1 500199983
1 500199981
1 500199982
1 500199986
1 500199985
1 500199984
1 500199984
1 500199986
1 500199984
1 500199989
1 500199986
1 500199986
1 500199989
1 500199988
1 500199989
1 500199991
1 500199990
1 500199992
1 500199990
1 500200003
1 500200000
1 501009174
1 501278124
1 501599984
1 501599981
1 501599981
1 501599984
1 501599984
1 501599984
1 501599985
1 501599987
1 501599987
1 501599988
1 501599986
1 501599987
1 501599988
1 501599990
1 501599990
1 501599989
1 501599988
1 501599992
1 502439541
1 502427736
1 502600002
1 502600000
1 510548988
1 512526868
1 529621903
1 532253212
1 534999999
1 535000000
1 535183009
1 535025752
1 535199981
1 535199982
1 535199981
1 535199982
1 535199984
1 535199984
1 535199984
1 535199987
1 535199987
1 535199988
1 535199985
1 535199989
1 535199987
1 535199989
1 535199988
1 535199988
1 535199990
1 535199989
1 535199993
1 535199994
1 535200002
1 535200000
1 669024691
1 1074477642
1 1959941998
1 2018807721
2 13322853
2 21508648
2 32247382
2 30372323
2 211902592
2 130445450
2 364770172
2 488896852
2 525145444
2 517920714
2 533232130
2 533773164
2 999313732
2 1194688661
2 10001157307
2 10008969671
2 10033394353
2 10030152499
2 10115690151
2 10201798395
2 10310255483
2 10431288232
2 10525667869
2 10522154003
2 10531917427
2 10533814844
2 11851670737
2 11781840161
3 42087763
3 18017978
3 371599983
3 371599984
3 371599986
3 371599983
3 371599987
3 371599985
3 371599987
3 371599987
3 371599989
3 371599989
3 371599988
3 371599989
3 371599992
3 371599988
3 371599989
3 371599991
3 371599994
3 371599991
3 379541274
3 374130394
3 1617081790
3 2120213848
3 10142752264
3 10112741192
3 10371599983
3 10371599985
3 10371599985
3 10371599984
3 10371599984
3 10371599985
3 10371599985
3 10371599986
3 10371599989
3 10371599990
3 10371599991
3 10371599988
3 10371599990
3 10371599989
3 10371599989
3 10371599990
3 10371599991
3 10371599992
3 10487586827
3 10491541771
3 10607138068
3 11084454126
3 20063712102
3 20053650889
3 20371599985
3 20371599984
3 20371599986
3 20371599987
3 20371599988
3 20371599985
3 20371599985
3 20371599985
3 20371599990
3 20371599989
3 20371599989
3 20371599988
3 20371599989
3 20371599992
3 20371599993
3 20371599990
3 20371599993
3 20371599993
3 20414027730
3 20483566528
3 22084098616
3 22581723929
4 96491384
4 38134284
4 499999987
4 499999984
4 499999985
4 499999987
4 499999986
4 499999988
4 499999989
4 499999990
4 499999988
4 499999990
4 499999989
4 499999988
4 499999993
4 499999990
4 499999992
4 499999993
4 499999992
4 499999992
4 500000000
4 500000002
4 1251203070
4 1440672294
4 10160829275
4 10001246377
4 10499999984
4 10499999985
4 10499999988
4 10499999987
4 10499999989
4 10499999987
4 10499999989
4 10499999989
4 10499999988
4 10499999989
4 10499999991
4 10499999990
4 10499999989
4 10499999992
4 10499999993
4 10499999993
4 10499999992
4 10499999995
4 10499999998
4 10499999994
4 11316871867
4 12338327235
4 20420951654
4 20151199000
4 20499999985
4 20499999984
4 20499999985
4 20499999984
4 20499999986
4 20499999988
4 20499999988
4 20499999988
4 20499999987
4 20499999990
4 20499999990
4 20499999992
4 20499999990
4 20499999992
4 20499999994
4 20499999992
4 20499999993
4 20499999993
4 20500000000
4 20499999995
4 21852106514
4 21528570118
4 30009471963
4 30081484996
4 30499999984
4 30499999986
4 30499999987
4 30499999988
4 30499999986
4 30499999988
4 30499999986
4 30499999987
4 30499999991
4 30499999988
4 30499999989
4 30499999991
4 30499999989
4 30499999989
4 30499999992
4 30499999992
4 30499999995
4 30499999993
4 30500000002
4 30499999993
4 31070789291
4 31862858650
5 2071279158
5 1941725453
5 10539464795
5 10745254211
5 20826866819
5 21891571310
5 31773824330
5 30188855099
5 41325572624
5 41789633521
6 1015631953
6 1621480457
6 9589630962
6 9620852504
6 9628399989
6 9628399989
6 9628399987
6 9628399989
6 9628399989
6 9628399987
6 9628399991
6 9628399992
6 9628399989
6 9628399990
6 9628399992
6 9628399991
6 9628399991
6 9628399992
6 9628399995
6 9628399994
6 9628399995
6 9628399997
6 9739358039
6 9680180145
6 11185171030
6 11681024882
6 19539067833
6 19541111774
6 19628399989
6 19628399989
6 19628399990
6 19628399986
6 19628399991
6 19628399990
6 19628399990
6 19628399991
6 19628399993
6 19628399990
6 19628399994
6 19628399991
6 19628399992
6 19628399993
6 19628399995
6 19628399995
6 19628399993
6 19628399993
6 19961671605
6 19971092387
6 20465280112
6 21220992927
6 29613125048
6 29592395496
6 29628399988
6 29628399987
6 29628399989
6 29628399987
6 29628399990
6 29628399989
6 29628399989
6 29628399992
6 29628399992
6 29628399990
6 29628399994
6 29628399992
6 29628399992
6 29628399992
6 29628399995
6 29628399992
6 29628399995
6 29628399995
6 29820874797
6 29946664464
6 30203037310
6 30507195825
6 39568815748
6 39515802856
6 39628399988
6 39628399989
6 39628399990
6 39628399987
6 39628399991
6 39628399991
6 39628399992
6 39628399992
6 39628399990
6 39628399991
6 39628399991
6 39628399991
6 39628399992
6 39628399995
6 39628399992
6 39628399996
6 39628399993
6 39628399994
6 39702700752
6 39881711113
6 41577992302
6 40337348190
6 49568610427
6 49508604326
6 49628399988
6 49628399987
6 49628399989
6 49628399986
6 49628399987
6 49628399989
6 49628399992
6 49628399992
6 49628399992
6 49628399992
6 49628399990
6 49628399992
6 49628399993
6 49628399992
6 49628399994
6 49628399993
6 49628399996
6 49628399993
6 49968826933
6 49889525846
6 50185688618
6 51506007944
6 59561072864
6 59565820436
6 59628399986
6 59628399989
6 59628399986
6 59628399987
6 59628399987
6 59628399988
6 59628399992
6 59628399989
6 59628399992
6 59628399993
6 59628399993
6 59628399993
6 59628399994
6 59628399993
6 59628399996
6 59628399993
6 59628399993
6 59628399993
6 60684742219
6 61471085464
7 1874614490
7 476965983
7 9467121439
7 9470026751
7 9477005229
7 9472565966
7 9551499770
7 9511889671
7 9916720303
7 9801270354
7 9966560706
7 9968041554
7 9998143016
7 9986539329
7 11963836823
7 11305636593
7 19467928747
7 19468142766
7 19499734682
7 19474521079
7 19506916627
7 19617303262
7 19774714424
7 19804259033
7 19967153850
7 19969013873
7 19981359041
7 19972391868
7 21425069703
7 21631241777
7 29467435610
7 29465314793
7 29488420215
7 29478632466
7 29555902109
7 29544461340
7 29821770513
7 29857763576
7 29968533256
7 29968736604
7 29996528935
7 29990339201
7 30526819415
7 30193086518
7 39469916171
7 39471363891
7 39472476081
7 39475324646
7 39550903555
7 39534870582
7 39830034802
7 39828306777
7 39965740974
7 39968360933
7 39986965610
7 39991199791
7 41712982688
7 42144639862
7 49467976326
7 49465351166
7 49489095624
7 49499182921
7 49582479900
7 49543905063
7 49848387468
7 49958940944
7 49966172148
7 49970480629
7 49982874478
7 49988540003
7 51135514150
7 50714830826
7 59469419053
7 59470234762
7 59475210828
7 59484589295
7 59702752940
7 59501620638
7 59857007812
7 59859577122
7 59966830499
7 59968460972
7 59996527917
7 59992336062
7 60115956548
7 61877170398
7 69466441843
7 69468436083
7 69480649739
7 69475959074
7 69656951987
7 69567560089
7 69807833247
7 69802454648
7 69967010887
7 69968658150
7 71462842428
7 70769787738
8 845780214
8 1304965465
8 9471856286
8 9484294995
8 9486799991
8 9486799989
8 9486799989
8 9486799991
8 9486799990
8 9486799992
8 9486799991
8 9486799991
8 9486799995
8 9486799994
8 9486799993
8 9486799994
8 9486799996
8 9486799998
8 9486799997
8 9486799998
8 9489109190
8 9493857794
8 9497505678
8 9497455971
8 9498399989
8 9498399992
8 9498399991
8 9498399990
8 9498399994
8 9498399993
8 9498399991
8 9498399993
8 9498399996
8 9498399995
8 9498399993
8 9498399993
8 9498399995
8 9498399995
8 9498399999
8 9498399996
8 9499089488
8 9498788461
8 9678495052
8 9567508994
8 9922276112
8 9952688564
8 9968038188
8 9977828552
8 9986799991
8 9986799989
8 9986799991
8 9986799992
8 9986799990
8 9986799990
8 9986799995
8 9986799992
8 9986799996
8 9986799995
8 9986799997
8 9986799993
8 9986799996
8 9986799995
8 9986799997
8 9986799998
8 9987235649
8 9993973410
8 9998348148
8 9997835741
8 9998399989
8 9998399988
8 9998399993
8 9998399992
8 9998399992
8 9998399994
8 9998399994
8 9998399992
8 9998399995
8 9998399994
8 9998399997
8 9998399996
8 9998399998
8 9998399995
8 9998399998
8 9998399996
8 9998403432
8 9999952443
8 12015815162
8 10550182928
8 19469063478
8 19485386755
8 19486799988
8 19486799989
8 19486799990
8 19486799993
8 19486799992
8 19486799992
8 19486799995
8 19486799995
8 19486799992
8 19486799994
8 19486799994
8 19486799994
8 19486799996
8 19486799997
8 19486799995
8 19486799996
8 19497089303
8 19491588735
8 19497781125
8 19498008444
8 19498399991
8 19498399992
8 19498399990
8 19498399990
8 19498399991
8 19498399990
8 19498399991
8 19498399992
8 19498399996
8 19498399992
8 19498399993
8 19498399994
8 19498399997
8 19498399995
8 19498399998
8 19498399995
8 19498961595
8 19498592746
8 19644293754
8 19506372940
8 19887482936
8 19955763512
8 19965751037
8 19969420410
8 19986799990
8 19986799990
8 19986799991
8 19986799989
8 19986799993
8 19986799993
8 19986799994
8 19986799994
8 19986799994
8 19986799992
8 19986799995
8 19986799996
8 19986799996
8 19986799998
8 19986799999
8 19986799998
8 19991814083
8 19990561172
8 19998019663
8 19998053497
8 19998399991
8 19998399988
8 19998399989
8 19998399993
8 19998399994
8 19998399992
8 19998399991
8 19998399994
8 19998399993
8 19998399994
8 19998399993
8 19998399993
8 19998399996
8 19998399998
8 19998399997
8 19998399995
8 19998693436
8 19999368348
8 20697658214
8 20662354351
8 29484087940
8 29470465503
8 29486799988
8 29486799990
8 29486799991
8 29486799991
8 29486799990
8 29486799993
8 29486799995
8 29486799993
8 29486799995
8 29486799996
8 29486799997
8 29486799997
8 29486799998
8 29486799998
8 29486799998
8 29486799996
8 29487963883
8 29497087534
8 29497569830
8 29498315296
8 29498399989
8 29498399989
8 29498399990
8 29498399990
8 29498399993
8 29498399990
8 29498399995
8 29498399991
8 29498399996
8 29498399996
8 29498399996
8 29498399993
8 29498399995
8 29498399996
8 29498399999
8 29498399998
8 29498582055
8 29499713144
8 29642472642
8 29660109498
8 29929334626
8 29946783544
8 29965095436
8 29970870838
8 29986799989
8 29986799991
8 29986799993
8 29986799992
8 29986799992
8 29986799990
8 29986799995
8 29986799991
8 29986799993
8 29986799994
8 29986799994
8 29986799994
8 29986799997
8 29986799994
8 29986799996
8 29986799997
8 29993107631
8 29994040215
8 29997728047
8 29998353561
8 29998399991
8 29998399988
8 29998399990
8 29998399993
8 29998399992
8 29998399994
8 29998399991
8 29998399995
8 29998399993
8 29998399992
8 29998399994
8 29998399993
8 29998399994
8 29998399994
8 29998399998
8 29998399997
8 29999255222
8 29999524317
8 30009254304
8 31960821342
8 39472974816
8 39470460196
8 39486799989
8 39486799990
8 39486799991
8 39486799989
8 39486799991
8 39486799991
8 39486799992
8 39486799994
8 39486799993
8 39486799992
8 39486799993
8 39486799995
8 39486799995
8 39486799997
8 39486799998
8 39486799996
8 39496751135
8 39490201793
8 39498025985
8 39497838096
8 39498399989
8 39498399988
8 39498399992
8 39498399990
8 39498399990
8 39498399990
8 39498399992
8 39498399991
8 39498399993
8 39498399995
8 39498399994
8 39498399995
8 39498399996
8 39498399997
8 39498399999
8 39498399998
8 39498972308
8 39498874963
8 39623751040
8 39687047437
8 39903778980
8 39954525460
8 39967381725
8 39982371152
8 39986799990
8 39986799990
8 39986799991
8 39986799990
8 39986799993
8 39986799990
8 39986799992
8 39986799993
8 39986799994
8 39986799993
8 39986799996
8 39986799995
8 39986799996
8 39986799995
8 39986799997
8 39986799995
8 39989298991
8 39996432019
8 39997858775
8 39998304111
8 39998399989
8 39998399992
8 39998399993
8 39998399992
8 39998399990
8 39998399992
8 39998399994
8 39998399994
8 39998399993
8 39998399994
8 39998399997
8 39998399996
8 39998399998
8 39998399995
8 39998399999
8 39998399995
8 39999319051
8 39999164848
8 40080080408
8 40940185814
8 49484945343
8 49482590625
8 49486799991
8 49486799991
8 49486799990
8 49486799991
8 49486799990
8 49486799994
8 49486799994
8 49486799991
8 49486799992
8 49486799992
8 49486799994
8 49486799997
8 49486799994
8 49486799995
8 49486799998
8 49486799996
8 49495483624
8 49494730445
8 49497404070
8 49497749124
8 49498399988
8 49498399990
8 49498399992
8 49498399991
8 49498399992
8 49498399993
8 49498399993
8 49498399992
8 49498399995
8 49498399995
8 49498399993
8 49498399996
8 49498399998
8 49498399997
8 49498399998
8 49498399999
8 49498670019
8 49499471274
8 49651273493
8 49733269802
8 49962649716
8 49938975647
8 49983743129
8 49975400805
8 49986799991
8 49986799992
8 49986799993
8 49986799990
8 49986799994
8 49986799994
8 49986799994
8 49986799993
8 49986799993
8 49986799995
8 49986799997
8 49986799993
8 49986799995
8 49986799997
8 49986799998
8 49986799997
8 49992666395
8 49996145798
8 49998193721
8 49997992491
8 49998399989
8 49998399991
8 49998399989
8 49998399990
8 49998399992
8 49998399991
8 49998399992
8 49998399993
8 49998399996
8 49998399992
8 49998399993
8 49998399995
8 49998399994
8 49998399998
8 49998399996
8 49998399996
8 49998622338
8 49999865649
8 52098315877
8 51998147436
8 59465967909
8 59476527999
8 59486799988
8 59486799988
8 59486799991
8 59486799989
8 59486799992
8 59486799994
8 59486799994
8 59486799991
8 59486799993
8 59486799992
8 59486799993
8 59486799994
8 59486799995
8 59486799998
8 59486799998
8 59486799998
8 59493539834
8 59489373989
8 59497723719
8 59497475040
8 59498399989
8 59498399990
8 59498399993
8 59498399993
8 59498399994
8 59498399990
8 59498399992
8 59498399995
8 59498399996
8 59498399995
8 59498399994
8 59498399994
8 59498399997
8 59498399994
8 59498399997
8 59498399998
8 59498686289
8 59499730939
8 59614135442
8 59869391472
8 59957863406
8 59902804252
8 59965058931
8 59978161559
8 59986799988
8 59986799989
8 59986799993
8 59986799993
8 59986799993
8 59986799994
8 59986799994
8 59986799993
8 59986799996
8 59986799996
8 59986799994
8 59986799993
8 59986799998
8 59986799996
8 59986799999
8 59986799996
8 59989200017
8 59994618673
8 59997872849
8 59997747387
8 59998399988
8 59998399989
8 59998399990
8 59998399990
8 59998399994
8 59998399994
8 59998399992
8 59998399992
8 59998399996
8 59998399995
8 59998399995
8 59998399994
8 59998399998
8 59998399995
8 59998399995
8 59998399995
8 59999808325
8 59998918311
8 60068094938
8 61721962261
8 69476773480
8 69467715337
8 69486799990
8 69486799990
8 69486799989
8 69486799992
8 69486799993
8 69486799992
8 69486799994
8 69486799993
8 69486799992
8 69486799995
8 69486799997
8 69486799994
8 69486799995
8 69486799994
8 69486799997
8 69486799995
8 69487748897
8 69487192611
8 69497949961
8 69497850622
8 69498399988
8 69498399992
8 69498399993
8 69498399990
8 69498399991
8 69498399992
8 69498399993
8 69498399991
8 69498399993
8 69498399996
8 69498399994
8 69498399993
8 69498399995
8 69498399997
8 69498399996
8 69498399999
8 69498785885
8 69499008156
8 69643628396
8 69635286247
8 69932533965
8 69962170248
8 69981821269
8 69982793220
8 69986799991
8 69986799992
8 69986799991
8 69986799993
8 69986799993
8 69986799992
8 69986799993
8 69986799991
8 69986799996
8 69986799994
8 69986799996
8 69986799993
8 69986799995
8 69986799994
8 69986799996
8 69986799998
8 69990996764
8 69987258995
8 69998314739
8 69997775507
8 69998399990
8 69998399989
8 69998399992
8 69998399993
8 69998399992
8 69998399992
8 69998399993
8 69998399992
8 69998399992
8 69998399993
8 69998399994
8 69998399996
8 69998399994
8 69998399997
8 69998399999
8 69998399995
8 69999091991
8 69998467292
8 71593908459
8 70244130386
8 79476531842
8 79465671201
8 79486799990
8 79486799988
8 79486799990
8 79486799989
8 79486799990
8 79486799993
8 79486799995
8 79486799992
8 79486799994
8 79486799995
8 79486799997
8 79486799993
8 79486799994
8 79486799996
8 79486799997
8 79486799997
8 79488585905
8 79489956399
8 79497719313
8 79497607662
8 79498399990
8 79498399988
8 79498399991
8 79498399992
8 79498399992
8 79498399990
8 79498399991
8 79498399994
8 79498399994
8 79498399993
8 79498399997
8 79498399997
8 79498399998
8 79498399996
8 79498399997
8 79498399996
8 79499700373
8 79498869755
8 79765760611
8 79757102959
8 79963232399
8 79911029016
8 79978358654
8 79972843478
8 79986799992
8 79986799989
8 79986799990
8 79986799990
8 79986799990
8 79986799992
8 79986799994
8 79986799993
8 79986799996
8 79986799994
8 79986799993
8 79986799995
8 79986799996
8 79986799997
8 79986799997
8 79986799999
8 79987718941
8 79993195960
8 79997602022
8 79997871749
8 79998399988
8 79998399992
8 79998399991
8 79998399992
8 79998399993
8 79998399991
8 79998399994
8 79998399991
8 79998399995
8 79998399992
8 79998399997
8 79998399997
8 79998399995
8 79998399996
8 79998399996
8 79998399996
8 81390678615
8 81087700432
9 1334530519
9 1920025678
9 11098147047
9 10671401827
9 20821826602
9 21900370549
9 31398073780
9 31839073499
9 41592617680
9 41127710316
9 50143186109
9 51244323462
9 61863176922
9 61338554039
9 71419105817
9 70509060831
9 80067463045
9 81805558855
1 1000000000000000000
2 1000000000000000000
3 1000000000000000000
4 1000000000000000000
5 1000000000000000000
6 1000000000000000000
7 1000000000000000000
8 1000000000000000000
9 1000000000000000000
1 0
2 0
3 0
4 0
5 0
6 0
7 0
8 0
9 0
1 1
2 1
3 1
4 1
5 1
6 1
7 1
8 1
9 1
