5000 2000
245416 6851756
3646424 9903473
9068132 6562693
5585053 4036966
1477308 1974717
4333479 1278573
7318572 2362698
5068270 8506539
3703074 3082171
8436026 8305755
6682407 8164219
2414638 6619879
4072105 5044204
6682168 6619279
4377538 952888
6896513 5126942
2319726 1406227
5744318 6546811
3225242 6061866
6643136 3726372
8747479 8218601
5161554 3561443
4935825 9780844
3659760 6692975
4200285 8507218
5453872 2805388
7543931 1429905
1432034 6881548
4625066 2590254
9641910 9372045
6384310 3751732
5671319 9498150
6392065 6761085
3327689 419263
3493737 295358
6866591 3578030
2091032 2127338
2814658 6464463
1713692 8714761
8780976 2845201
3294067 9549268
8375268 2010972
5096685 8685219
5508761 7636185
1301045 3185654
7219023 9927130
7027135 3400619
6393652 3866389
1435138 4361778
507630 254152
1186107 4942237
388634 6914288
4411633 3918580
8107177 4060269
1684168 7628418
5379510 3290309
3684914 2751301
6851007 5239594
1116743 1840308
3779374 6356075
1751186 8496628
5441447 1667170
2405275 4252372
4117414 9208110
1712931 9807218
1447370 6528894
7682737 736600
5294066 6118832
858789 6633527
8029586 1908056
6703946 9196677
8348254 8196164
585290 2549993
5048195 334022
8922182 6876152
526528 6893357
8855611 9491598
798416 2664155
7216559 7012920
5105913 9883351
7646144 98519
9037348 384300
7635349 1973019
2998701 6304721
3352986 2218559
6471405 9944330
3091533 8895194
3606377 2509074
6613799 4141225
8473884 4100272
9230262 6894976
132540 7643479
6704255 8362094
6523096 1064266
927509 7463620
337652 3133067
9443843 1313968
9154936 1726121
2724152 8488349
1357257 8829947
9775528 3507323
2271257 585437
5551846 4887575
5773660 1833038
368412 3706327
3932562 5915736
184339 2016254
3907172 2306168
3775374 646596
5741014 549695
5119211 25179
2573446 9949544
6714822 8821909
9942921 8483667
5070098 4517984
3384543 6977495
3258967 9926350
9261580 7928385
7603389 9238081
461395 3805018
8750667 8817013
5026835 6662768
2389599 5973808
6362082 3682817
3962465 7692332
3398930 9709738
9027120 4891576
612745 8921136
2399108 7851613
9089569 8162809
1857898 7003332
3937771 8385488
3168083 8273643
724326 7273303
2438479 7848233
7810084 1831105
7022479 2934269
1468854 3225213
1900582 4552343
8266791 1523713
2012438 9224949
3723684 1161830
5510998 5293827
4014577 7937586
9912846 3011676
3997806 4177516
7756764 7744380
4061173 2975537
613381 7045781
5639116 9881882
2148073 4275536
9711488 8319706
5601244 6698479
4287968 9967559
3740007 6710397
1046970 7245616
5799086 4954894
1292992 9735235
8103596 2811329
3301460 9038091
500929 3204106
2441603 9530285
910834 8746573
2748970 5758104
1615645 1205359
4908496 3142109
2537528 8489580
2837299 4696945
2033064 3790365
1471115 9636879
5392248 3383006
778835 2961995
2615530 3018920
3177198 6555050
3777274 6133724
229000 2394932
4484705 3328895
6217620 3303343
4715190 5145339
2650358 7217993
5607212 9737063
7934870 2915052
8602830 916290
1952755 7584458
3829350 6705860
7993796 6106287
6979970 7252866
8892222 7037941
8596612 8936679
9893616 1931209
8693403 948668
864068 570871
2859213 2155857
9100327 2686331
7419418 8474177
3787619 8915685
1895155 4329533
6260583 9420736
7526243 9889753
163303 3099654
2310716 4824489
8181842 8121836
3105694 1332080
5408762 8710866
121634 9452205
3948632 1675402
2324725 7661793
9127885 3738213
8258428 3693619
5288070 4752526
6665192 8215840
3632715 9183955
6797187 2811279
1796267 1491011
8629109 7810609
9515355 113527
2642130 9885433
1735530 5426388
5466660 5609152
601383 9691218
259182 5556413
5946342 7750238
8349261 6266953
4996857 5735564
685496 32344
6551225 5369287
5460264 4879900
5859013 6593760
2960971 2884582
4097899 9554736
6060635 7897112
645540 16127
9260107 3555336
2869323 5322274
101708 918146
2789148 5091496
1390275 9959690
9417401 4347878
8335130 8227462
381133 2575425
4315581 7694774
5548141 2254210
4341099 8037588
1817543 3266851
4684061 9395747
1824054 7502405
9882334 3889382
5588267 3601364
6233714 1625363
2346847 6291267
555126 4842847
68185 2006178
4671541 9209930
860563 8232976
2022828 433651
7422 1610498
3936420 908349
92429 8893973
7129885 7036553
1304044 7814697
1855052 3454533
2699927 1438345
6448585 1152131
732669 7450217
2410594 3071807
3334185 3160103
4827051 5589968
5916700 9014288
2972387 7621099
8927032 2651328
16586 2705124
606245 8229392
7981493 9947684
727684 1043828
8611238 341717
9121416 5760538
4481798 6947475
9590535 5003233
6909079 6286256
7373311 769214
7361888 6449017
4514427 3250452
1416676 6209365
8556476 305447
7639949 3403472
1686498 8244547
8202801 3622860
5301474 4617939
1741287 1894246
4106327 572346
2965192 7035934
6132730 1321322
6780820 7684121
159806 72309
8201606 7148127
135012 3999866
9803787 4359189
364338 4752691
6486194 3791021
844910 9208221
7397738 223472
1301189 10161
6808765 2085664
5415753 4997620
9909631 2610119
3023174 7288760
174518 1852681
9675532 256597
1056007 7309281
3328087 2433488
469946 4556983
120499 7502283
2032964 2190964
2281477 9100662
1131326 3032606
6886856 7159230
8131749 9491341
8338594 4081804
792514 6513082
1908631 3735638
2720595 450155
9321134 3454360
9953020 7493486
4086404 9625442
8924785 3557
8062540 5442412
7063894 7950289
9445419 9729519
8818855 2734227
5853271 4145442
1033341 1628783
9077422 2900183
3195357 3231292
865318 2151568
3716944 6367275
8102438 2289038
1726609 7162453
5804373 5069529
6711850 4138491
3532552 5649584
5944259 9085206
2399990 2411976
6003190 4179994
7318000 1707171
2498728 8361116
5336629 4136214
9017088 5038367
3599894 2574688
9899429 1209432
9272320 9645858
8418550 6008613
9548783 5516735
8627577 5562613
3111164 9498257
6773293 9112106
6194548 6471076
4041617 6180863
7906930 2398907
880556 6389608
4475786 6095560
3161077 2675639
167137 7657290
3176867 9148574
7754 4361667
3594924 4142471
9289607 4678825
7591827 8011275
5202546 6508858
4329433 8160612
6757572 4019984
706750 4997793
7837770 6972016
4759379 7750017
4080110 3798643
2846004 2414790
6019276 4802855
7236674 3649578
1527158 4306470
7309843 3763031
3494813 7775840
7147738 5568088
1594092 908147
5370628 8849941
401251 3646522
9619944 988688
8223408 6100327
9507987 1495905
305255 6947638
165355 6473623
5829152 2739662
7651494 3370116
7201348 7670628
1152158 68439
4953180 8419124
5639773 9422537
7603591 142112
2315740 6736949
8045410 5657697
3508274 8471816
9226247 2770170
7566425 2143378
1873617 906363
7018953 5289102
3701744 4280806
5329564 6404434
6931596 73556
7502301 2487401
853426 1004714
3340959 7647975
7198704 536075
3762114 7043629
4236075 2413045
2094988 548110
6354462 2747578
8760014 3843255
2534093 7287312
8150446 5609427
5084768 8762293
3084500 5428170
4660692 3903067
4937262 7457205
897710 1961435
1310227 662185
729801 9189214
2069722 2805139
7799838 7474040
8362694 5346700
8333282 989949
1368243 498871
7164756 9158032
2046915 8786911
7818228 4667073
3141175 4839877
1510134 9977345
1652576 4088852
8362573 7172943
9654817 2081288
1826175 1256652
3756649 1413839
5693073 748706
6118444 1606694
9069969 1292225
2013936 5457700
2396940 5235860
8969811 247081
3938848 5882079
7751919 9043253
9601350 7639131
9645059 1757627
8451385 342787
3735114 6118365
267138 2925923
6508562 8619308
3100422 1113716
5976257 2917481
4877044 7580174
6622534 2237437
1464728 3566898
1804569 5760376
6232288 7717410
8345365 6588265
494159 1249082
1922599 9757395
1305418 2065844
7901508 7774022
5096157 679685
7977516 3614211
286045 1572370
705182 7932087
1879623 5415365
5251350 1246143
3327363 2554583
2208420 9010526
2957012 1909208
1774473 8124433
8519674 847123
9477697 624204
2689680 8896445
3861279 1234568
9499662 85161
3830826 7553587
5498197 8124481
8223807 4479112
9663784 322735
4076761 2005882
5704923 6818824
5468738 5680870
4409538 1768790
825977 6052861
1601337 3995815
7680417 1179084
5976659 7261468
8171043 7878917
6755546 1917483
6517434 7412037
7291220 8647863
1399259 9805427
5001904 1351452
5574648 1593221
2856304 7885471
7777731 4861818
9251765 3314054
9062045 3551364
9784600 2361132
8417881 948262
8638909 3550018
9645876 5346131
7524405 2043557
9601029 1706180
2969421 3703060
7187938 6224510
5198432 1570608
3012605 1672882
9380646 4312497
2007176 221834
9180550 6934767
2068058 4177831
7871315 331070
7193610 6028763
2216522 2390996
1366652 6090018
7509201 3347619
3361765 1477700
5041948 2620680
5067065 1459504
2036248 4705325
4626573 7712499
1724212 8307145
5896419 5389398
7053909 50039
2627527 6190194
3602658 5535214
2440650 6061226
5437424 6842242
6323899 680030
4579517 4330667
4031112 2659461
8761860 1404677
445171 4664435
1888254 4403757
7528720 9344340
3324248 9094957
1721087 1618689
8414333 6956120
9495498 4377500
5522645 1645034
7689046 5535098
9476426 1935924
1284333 9043237
3092499 9542247
5801330 3097859
3748523 4200767
6283689 2978744
8002972 9817925
3133823 9671165
8483460 9912778
7640679 1641198
1059363 7360571
9576627 1710082
1409202 9594303
9613685 1331381
6521584 5593277
8711720 9585657
2455067 8391230
6388364 2504099
135688 6800296
3949385 7439639
9358031 4342027
6207078 7119511
9087568 1804931
6673518 5099876
1664470 2107651
3910174 548826
2377309 7369761
2590529 3620100
9268406 3321756
8024379 7416569
1091376 1771585
3079665 3391145
6168073 7454078
9792420 6127657
9727059 1600236
962458 3120580
2388233 2520207
427266 1082277
2129790 3653934
4376650 2443707
4179035 7735544
5489226 7801085
1886440 8837070
9602867 8360415
2878309 5929912
90956 2397138
3002362 9071513
4268378 9361650
7454182 3508710
6835686 9476084
8037253 335664
450611 8440277
965406 2123706
4693925 6660906
5091968 2115133
7068855 2942242
6842669 8877338
2280636 232165
9879899 9611432
6419293 4374541
6271388 9159659
6153117 765746
624242 5550952
4449628 7918880
7321860 4431322
1660220 5887021
9595111 3069151
4728854 7938989
1645082 5850218
790951 7550808
6833262 5651945
1910968 9876000
6030571 2850144
4394163 2552869
3131513 3916594
3786115 6498788
7509159 1147178
24408 6215376
3575880 6304717
2643877 2374146
7506558 3566914
7019340 333286
4558966 366838
1482051 3355600
2855129 9671857
885263 2684024
7070784 2303313
3257215 2754033
1644667 931687
2212221 5499955
5449272 7129326
6245863 7561694
9402149 6152116
1419341 383053
8881806 6745278
362410 4004892
9653924 3699001
8099359 9365234
3962573 482612
5871424 9935684
9861192 9771450
2355275 1142648
2250950 1191129
4624417 5021642
5809748 7504241
4579720 3064264
7507114 248747
3042054 141724
1719018 6629734
1554984 636261
7136160 8414136
6840836 3872051
9533328 1412881
9769484 3171352
7902702 9944401
324898 7149578
5708586 6954366
9770523 192347
3471047 7780081
447045 296949
4638197 1614388
9686167 7699244
102556 8763558
4033846 1740505
3072912 5137172
7580567 3555385
9753322 1531890
3975732 4487005
3969513 877719
657574 82829
6457333 8248474
9839532 8840728
4770820 3883196
4272275 3904593
8340927 5591063
3487267 2974521
8556710 5465584
6618916 2055597
5390624 5042375
8795129 4711618
4561767 924002
9323151 7202067
8496311 3384527
9206536 5127556
5330741 4883460
858372 7421652
4373376 6293325
751260 7946107
7297831 9629286
213565 1332166
6889960 7616411
6872116 8386020
3975788 1868045
153005 3945857
1549018 5789004
7970389 3250062
405417 8412967
1034679 3084226
403067 921316
7582237 2131115
4173992 8193531
3248285 7506927
7356149 375521
5286452 5128849
2357061 6518499
2207171 6061352
6782946 8316381
9476947 4499929
2915241 6211680
3639878 4276624
2783384 7181158
8330494 5881501
1767329 4656652
3612749 4519094
9385932 7629135
2464446 8348901
8866798 6861056
5371093 9559272
62282 4216899
80305 5595073
8856813 9712413
8379827 1383290
4912588 3579777
1343859 8094930
3474870 6516211
38378 3412020
3280898 4609713
9509351 7536505
1312041 5253849
9687469 4122884
843716 2331219
8833889 8043628
1481492 5198010
3540756 6965679
2334774 9591069
375611 1740312
3771447 7814254
1154427 2728228
6201021 2427554
6904354 4745332
450977 5662291
185231 4677679
3423467 6770115
3061161 7748687
1997443 6017425
7381690 214944
1882831 7195829
4229712 5703693
6231613 9973613
7254799 6860394
9025424 9070907
8072217 9479025
2215727 318298
6366275 9469291
4703762 6739918
1792252 6950619
5811047 5285812
846125 4732709
917102 682227
2826662 8642738
1608795 8346042
1879774 2058085
3283157 4708543
9690766 8828260
5821927 131258
4630190 3863986
5910595 3305453
247464 9929692
5538122 9668353
9975019 4720942
3045469 844407
6284667 3961623
5420073 9035432
4012319 5016226
6260664 5682952
4326610 7387454
6183111 6755220
5200801 9293712
87551 6279914
2955066 868764
4597940 3411531
324121 6627578
9188027 4875752
173709 7290145
4110840 641643
2767174 3517111
812199 1948380
241655 3057832
9332674 7264614
7711231 8023750
8384169 5506174
6449501 268097
438454 8632322
14931 1177452
2514597 5937520
6320450 1550854
4147939 9167373
2564705 2339960
147725 186748
5135190 6183557
2267336 8493964
5442604 9999249
6312733 992973
8380832 6557977
3023769 5843664
3066825 6168445
486604 779672
6229630 5400403
758137 1203388
1729507 6573055
5159096 9651717
3666896 8917485
570078 2924126
2615441 8543976
7424555 75739
2488883 3874266
5154938 522826
9093932 3754390
8268236 3021071
9544269 2194937
3062502 7449768
5473386 4264036
1258289 320211
5158526 7930567
3209099 6037516
417137 8451868
8294962 7919126
1899505 6096210
3529703 1677571
5609984 3232944
9213624 474202
8503381 6559244
3105001 598933
1553628 1868469
8210522 5133132
7002819 5342256
7891181 8164014
7095803 6988471
766757 8921721
2089157 5305139
8432086 8691322
4557649 374397
303117 237923
6337962 3780247
874764 2579061
1599582 3287964
9580581 821945
2135536 2935207
1602866 6773586
9105525 7947371
1388537 5130377
3997893 1867526
7578966 2133357
5931099 5003985
2820529 5662612
1661327 7498547
1866938 3988950
1477610 6304405
8635859 3080245
9686839 2538125
2591958 6957790
3261701 5911301
2063508 8402911
4794837 1606810
92502 5345234
9165368 2582491
4946706 8576444
7693410 2449598
1231948 945210
6137047 6974655
8694578 6287841
5452217 2158509
8749332 7303704
2924144 8046011
63288 9018765
6895880 5942846
5690003 2021408
5073288 1526806
1921071 7754941
1590270 9378457
1798066 9967670
3599245 7461760
3964270 3989995
8450908 7652472
5758897 4457201
6610614 2836122
4147517 3648009
1992835 4859159
2866805 1755267
8671305 6618854
8294578 6666913
1796668 8755227
3888403 4312644
8473159 3475745
3340020 1624292
2968772 8842849
961607 4506294
3466033 4182334
4781313 6122408
3625578 6114402
8839829 8973101
5458357 2456484
6746476 2976821
8589169 9985245
5290601 6663577
2924151 8470571
5697431 937321
1568279 870273
432815 2231682
3762631 6252396
8341041 3043982
7366584 8556947
5451329 27704
2582316 7058616
4719585 5019180
5462843 2579513
782947 5223019
6140875 3419870
1879313 8764922
8483718 5509176
8207355 3409119
125485 6307357
7310152 5230771
2803425 3421440
7502871 4093894
865308 3708757
5576451 3395957
7198998 2375982
2517512 7628697
5123413 7966045
6668350 9033103
3685002 447756
8199474 3484170
6383253 2500080
5704625 9302947
8156846 6071584
7000905 1220004
2034107 6787683
9965523 1488715
7159701 5870379
4846812 2586451
1145212 817503
1391597 988848
4783510 7300196
5872251 698975
1149907 5464472
2620284 2541141
8648608 1239873
2158394 2632369
6835513 8175923
2718416 5453778
6957275 1827322
8028890 3999644
6619271 3389026
8539716 6577578
4546398 7248586
9636484 1808231
6408184 7429215
265878 9435727
6115761 4482080
8996609 180211
1602720 7377795
9303546 2427683
2040357 4717538
6567296 3853161
2417322 5423675
4827315 8187448
7101901 951913
4764447 8654916
4990035 3924832
5100474 711407
284652 932538
7717798 9140383
4282414 4214126
6948770 5836001
2700886 7030709
3855870 20177
8071591 1590346
9689074 8277456
8760745 7521243
7733935 2626097
3442157 6161445
6533723 1705677
6236563 9623197
6049578 7639925
3111784 9221701
2450915 7154741
5822206 1759583
1859854 4067539
6787071 3224134
3058402 7675781
2376422 4303904
6708589 1241214
4300554 566997
953728 5385258
4446055 2907499
5926922 8917964
6235963 5307326
8636197 2342096
2953261 5293749
9929655 8625699
7293410 5304612
1145005 4790687
4832665 2032794
8305830 2459222
2122117 3939619
9791910 7160922
5308260 9014696
1275122 6217608
3568788 1954059
9494919 6137149
5164779 8956763
9867290 9100054
9293651 3343626
9785965 5856780
3629423 4398319
876626 7701764
4423837 7643373
1505444 9433105
2038649 6453361
7030575 2324576
2891570 4194094
817582 9263895
9015855 1816850
403697 6624889
4999920 3395249
1918531 2924206
9357427 2226607
7667771 8238170
7102740 404365
2362299 5737844
7799824 5989295
1661567 8293483
7775355 6520904
768622 3288385
523565 9722738
3803362 4619636
5431917 9865096
5762600 7368166
9660153 5011053
763373 4285091
4051723 7537369
5648551 3983555
6100985 3757603
5164936 3297457
7911542 2502696
2724505 8760896
7580822 9904388
8618402 7668845
9306924 6222822
8773386 3557502
2312804 6179413
3969449 7938522
1403854 3805433
8002482 1111775
4857978 8625994
3350091 7605245
7622032 2710739
4642709 7611901
1883189 7819479
2844062 6513789
1435155 3717681
1857751 5409681
9912382 7573544
3414443 9335386
6969074 1401656
1818452 4002925
6847474 1984726
6691744 5874349
5004580 6878886
938170 7284674
1731483 3900777
4983633 964281
2381693 8629713
2201116 7602567
9922557 2009839
2837147 7726302
1249134 669386
3237979 1568150
3806491 8839532
8800694 3996907
6798406 8665888
1679058 8900916
9149794 5392127
9324309 1531132
8817611 4669470
346259 2178783
8174096 4193330
5150735 4380859
2540906 3818304
9805696 5300587
8887668 2463682
2046161 4753616
1828171 7556112
8021569 6369628
8899121 949428
1362243 4870595
1211981 2775460
622909 8357162
1224154 5392269
615905 5477734
2180909 6111423
1002045 8163793
820412 2935002
1593762 1589918
7198108 3351736
8372131 3924091
7391222 5458033
290788 3397318
8685139 8501585
8627610 3696791
3487288 4361129
5507549 669422
8323071 2231768
4813720 8321068
6188750 9859912
7394756 9120606
9597026 5138984
5777978 5876984
8491862 7713758
9397045 5036836
9913322 224691
9861756 9965229
6071605 9161183
383898 7910390
6155230 627455
903994 7356317
4925353 4795214
4930668 2784981
2009192 4702184
3281536 307171
1532417 8694418
7682075 3609575
5723424 4808791
6272677 1341060
9464187 9193063
784513 2594736
2128829 3164371
4071777 7194096
7070806 1119401
5454710 9536120
9045710 6922084
9238216 527858
9948128 2905066
9993340 363044
4180687 5469112
4631591 6332157
5471330 98655
1826130 8937345
1781537 5484360
2349118 6969928
6847552 8145023
4987020 7888032
6363885 109207
2710967 9100555
3262577 7300591
7703154 5280555
1360774 6442220
5979946 8936325
4603142 1096221
7187191 8761905
3037795 3272745
3787332 7525660
6324382 524078
3939814 4814222
4532820 1369908
9024876 4797476
9849722 3517990
6153482 8442675
6650614 1339727
7902381 7840744
6491210 5306961
3681492 8251566
499765 79350
9493311 5772452
5263798 2208352
1539913 3025584
2755796 2910886
6557631 9096626
8542050 6311441
6350099 9985607
4370895 8186563
1021955 9061688
6032805 6842719
9689024 1543930
3763340 5660967
3446585 1681942
967271 5200216
8599809 8762817
2420833 5205321
9910264 4443242
9913928 6296959
6965211 1494099
6276933 4777160
8447144 8193354
6535156 2928380
520988 2984881
9756458 464775
5663052 1916342
983534 4089902
8156878 1678462
7989735 1113928
7088166 7034115
5624819 8419545
6122227 1557987
1028346 8577322
6467530 2363560
5524426 9733976
6303519 6497411
3719597 3051561
7797313 7968763
378616 7741829
6179732 8979931
8442023 810977
335184 8993396
1307866 1381585
3616420 3238651
4156684 3482977
7164420 1613773
9876828 7768149
5739355 2606970
6735365 1381725
5769094 5292793
6748973 3704755
2828211 8663748
192190 1632610
8159984 9411777
3949018 1125663
6107674 5096617
7470960 3869434
1862120 4841618
8868206 307622
4166776 4383536
2530502 3287429
998134 6079881
6639034 83374
7586660 4128089
2527651 1609733
6531025 281951
2119451 9734216
9605374 7734699
2166544 6440355
7951252 1610930
266182 3957497
3508030 8349977
1275546 1388653
2845170 2642191
9497669 2105130
5234335 9032594
8387661 9611361
1616611 2220662
8981613 4072616
4243275 3393993
9540753 8010908
7208291 2125708
9823335 5373620
9229440 3468163
7952954 947031
2572416 338207
5286710 9735105
9926858 7389520
399692 7711162
9673378 876604
1132488 6901911
7462443 5645837
4196980 3758137
5679763 351937
8782746 3281091
8211351 8444721
1378984 7985533
7694449 1080666
587334 8698158
1447632 6605018
129886 3326183
2055264 2206348
4951778 4469947
3556001 3672030
1777831 2560073
5525553 1381357
7181885 5818435
6859425 517377
5531843 1361212
9151224 4060189
9669324 7737826
1296643 7606482
7721793 3368956
7801597 3683686
2698899 6715000
5617718 7453672
7937323 4244717
2070377 667829
2833565 855242
7609279 2802461
5175108 9435737
4973761 3555552
2816877 6807809
7157498 6599177
6131966 3553251
3589034 9524087
8511896 9181155
9504376 7922991
8335397 596504
190184 6178481
6183447 7098732
9927598 5162572
9672641 3286212
4792376 3132265
6022280 6323626
8733998 4974463
1606161 7269745
3199536 8008269
8753250 5604517
919112 7289600
7322912 2694051
8264442 4159267
315423 7476124
4778988 5553551
3483124 6486917
3817754 2997859
3443720 4837577
1779618 5866769
9887782 8519110
3408091 7976677
8511248 4931355
9330789 2015034
6606936 2092296
9335442 5933423
3333167 3872681
8048674 7022715
1159351 2901539
9626585 6223690
3735151 7262736
4893810 7648737
2939211 3036696
1530379 5088269
5024848 7733685
7178527 3632312
7830632 4963791
7112075 9284099
181268 6600564
5224454 2226240
1372091 3226985
7586035 6217163
840415 2160270
428439 5182123
396204 63244
8992381 4426066
9107962 835988
5870939 4920735
6598302 8427435
9605245 6880177
9843746 5057422
61022 4293328
9993675 5698747
4288496 1948238
1737232 6415632
8660902 3019779
6810092 3855462
7423425 685096
7193202 9028415
8926203 1482147
2943078 1694309
9627857 9567229
6033142 4606406
8174710 7020718
3853689 9141889
6864845 7928481
728292 8392730
7196590 7336738
771828 6742145
14065 4681270
6077188 9216246
7430058 2809162
3622217 869321
972934 1552168
7613828 7050826
1586404 4113571
7139389 9910102
5358466 9795393
1915756 5426969
6926808 4326737
8670898 275924
5532094 7359450
7623698 2458814
9853934 7259245
9289482 5179452
4778842 7927796
2853258 3100664
3229119 4932156
660865 4938822
5167498 8164870
5372008 7113588
9614366 1160246
445366 3851763
1326814 9278636
7437136 3267479
3485236 1587734
3200283 902326
7464660 2008404
1514822 5193010
3060187 9648016
2003550 8063838
8317043 8255513
2449238 5160708
2435377 4789125
2939311 7387084
6968560 1757612
6679472 13912
8296275 6465105
571671 4451683
5772629 3325844
1760280 5311499
5371617 9193140
7138210 8906655
4729911 8659961
4772738 235521
9798109 4538440
3826632 7107451
672742 1466356
6416284 1578895
6160287 592471
7501893 7642245
2019035 9866533
3462848 6445712
8967921 6163150
3029279 9869249
7675843 8480812
9503285 3508596
2660452 58513
3859876 5240422
208787 4819382
5189757 9158887
2013220 280213
9516876 8568558
3819212 774626
280810 6981470
2154829 4239250
4232007 8173867
7140049 8171237
3149984 633650
3780559 7178236
8874971 1616907
1993369 603768
4161752 9056520
4699799 1829907
871326 9179116
2496850 1680509
8371829 7114342
2938825 2325896
3746848 6942759
6223108 4357789
5885370 6936344
3001912 9820972
9776130 8215266
4159452 1394308
6923504 3030836
532896 4472482
7465321 9258924
3918717 2538716
769279 7464303
6695933 7854180
7749756 3240395
1594065 7545392
6778809 7228750
1992510 2237397
5233191 3317698
7817138 8395597
4470394 2532506
8801603 3410986
781738 929366
210596 6488398
5149505 6319436
3668678 4612117
9760452 971813
9157339 2364810
1393772 4344797
3427342 4046208
9510401 7297024
1570454 8425822
8575216 7598031
3610844 9006703
9546819 7056781
5021836 1852010
544554 8279051
3037671 4784290
2576324 8806950
604487 1949989
793514 4754804
5548818 6445763
7318383 8473602
1750736 5016285
2805407 3606156
2125101 5400916
4642077 3128046
7844580 4735568
6810262 2452354
1240134 7379791
7244206 212975
2974696 2188712
6627597 7744960
1627089 1954805
4661923 2276683
7164048 5888256
876044 4161358
9672574 5017030
708788 5030350
1427747 5860401
5121582 6560230
363036 4423947
1910377 3859417
4788880 423260
6161457 2145447
2185743 5496987
5672261 1521627
1786609 2604227
7438459 1184855
2120470 501574
8906094 9671926
4302824 7549782
7649440 3176685
3614038 6475321
1075450 7697597
5505634 6035948
8798145 1420927
9470617 7735236
2871308 702359
954456 9188826
7951581 566217
656502 9571218
3223248 1463455
3876695 7163837
6284134 3977427
1280042 8618619
2163185 8931176
219182 6628060
7710020 113003
9482488 4548486
4267908 1311229
4049855 8146793
9224295 2632038
2583871 8619772
958800 4184441
8021205 5016955
4522688 8466671
9005628 8192466
4944313 9924722
4851678 1675955
7987895 4319837
1901387 1355668
2386412 2433216
1283871 916185
266799 5849609
4304760 9152017
1550227 5304090
4302750 7663931
6248301 9562205
565543 7195863
8316802 625358
6218451 1442909
7748543 888364
8326842 2055434
155368 3195931
1406271 6290098
1663853 8228865
2673664 3870495
7654200 2708056
325214 1953240
1815852 9370361
2847802 6192747
5104234 2576694
2998130 2550041
2991912 8674489
6553410 6719118
8312947 383776
1364274 8947549
762352 8258991
8645753 6978686
6811348 6270791
7370403 6858487
3839327 3341482
3868310 6180934
616074 2640346
3861605 8434912
8188668 524139
2588864 9057396
7656264 6406324
2200744 5795888
7546256 9210922
2251829 3467590
4649502 9112829
2861103 5225619
3382810 4751375
5957796 5187995
547431 2955404
9233114 1822482
5914910 2556548
5824717 6896792
4235206 4146817
1081749 5159708
7638265 507434
2680664 8884961
431877 6998051
7779389 6300812
2587436 9153937
8544601 5484393
1872146 4539422
4131148 3197732
8626362 5227686
5479073 8098444
1191917 4328693
3350422 9704853
8635325 4779831
1823642 1715552
6319209 8682202
2702542 5489614
5477046 6666284
8811779 6951751
1438851 7914375
2499405 3199903
7403834 7453783
4264358 8602123
6092285 5892184
5733346 5746989
4390737 9557051
3798062 6235611
8999285 784041
7742848 2300500
3298006 23745
2691943 9220732
9156307 1574434
1876219 4681762
669975 2047818
220101 5299217
1705869 4265119
2358360 9378615
5460769 4751641
4678951 7972188
7354318 2101350
4731423 3822280
2425847 5415119
7084685 3387363
7067191 3411922
9626211 545375
7710690 3538870
4157789 9733259
9540256 1487644
649190 2444664
6544306 695372
977727 5451983
1442985 7605024
9602018 852260
2647457 3310740
6047166 604388
1135378 598567
606098 8792896
6119149 2028202
6668618 3781247
5641620 8549813
6815607 9584543
6033414 7740664
9566431 1380681
4710686 9257841
5718579 6632502
7664862 6971538
9858034 2524848
7083425 439817
4236319 533606
377973 2915900
4819970 9514223
7886975 6198602
6610169 5261721
8425916 4781033
4262540 5577874
2273450 5456323
5403043 1670269
851963 6146118
6462890 1832408
7379487 4556890
3308334 7166248
9879196 4061578
217427 4370094
6038515 17176
9743923 855544
5375831 2011968
4148784 1601286
5723898 5664667
7719950 4129829
8167562 9471432
4554749 6710768
5110275 6328862
2656195 1755020
3136356 432768
4676064 7351783
1300223 2145591
9467694 1360103
1333086 1299186
5906884 6262497
5237321 6691594
9277758 7091999
1900705 9489007
3011409 4905257
7170214 3992073
2771171 4511950
4818844 5745257
7400533 2088910
1083676 6953247
699335 9600992
4539015 2224717
9333593 7179939
5073237 6465622
8731819 4973679
3376868 6141928
3488853 8881106
5940538 169070
4564747 5788383
1880046 2437284
1749497 9815279
3826065 8992296
8331244 8690698
4056603 4371261
3203439 9000519
6959574 922012
4463399 9207098
8474141 6127647
3077056 6986772
8506105 3301294
2060390 7187151
6342741 4689392
4719409 3062477
191505 712167
3247254 8183666
3008080 8479269
495805 8115963
9861455 5970596
7988666 4592112
5452486 106504
9366738 7844610
915817 3318997
872179 4423240
3112254 1002440
5328101 9287446
573144 9405611
6756319 4805413
9954478 3220716
1385181 5301959
8801166 2187282
3105347 9122226
6166789 6217533
7835753 9729277
2287003 3121020
4916839 1041765
9246853 2300082
7917490 4641394
9711782 7623375
7133279 4976040
346479 5938146
6715976 4319142
4617615 2495760
1859641 6259759
950930 6768622
8993726 8868798
5617313 7753286
9529042 3571383
7101306 5532124
3779673 9407818
403586 7138806
2737885 6254546
9532369 9378797
6269942 4314215
4161951 7058466
7285082 9414983
752516 4083557
2684657 9590857
5830528 4496818
6313297 586908
4164708 2346001
8447158 4727034
4840381 202358
8597970 566185
5534191 4530470
9408213 9775420
5318899 5479182
432872 7945200
5279224 5020523
9645900 7468357
2985498 2443011
8538232 287023
7303433 2646676
9270323 5219654
2246922 366065
5175537 1198191
4609773 5014128
5773800 3371259
5594223 6182182
2123846 9733909
1226408 9763449
6384788 8952230
3153745 5816915
2990596 158089
9841229 8765153
4780808 427888
8053405 763101
6153037 5451243
4399792 1141774
3279686 223007
3423703 2069098
2563187 6118609
3935236 4264164
8804474 1656597
3537971 8512564
50238 1963428
2102192 2450148
2843152 8556148
4388467 1630985
1164742 6718658
7211789 5574002
5020909 9997655
9573613 8000392
149135 4843455
7141430 2299450
6494124 8119007
4417028 1932226
1619551 907054
8039033 3020929
8017320 7058409
6955665 7927183
1622629 8148545
1177879 8317795
5773883 2117558
4043587 6426061
6555464 8782704
6307460 3539310
6041136 9399169
5252032 3145546
9502619 4008226
5360356 947485
1343411 2554520
34662 6143301
6475065 7368818
7535070 6262216
7163904 673752
2618533 9666545
574497 5982112
4818543 3137707
9222232 7264183
431714 4187440
230722 6708342
6117569 5298623
9356325 1704140
3481010 8371127
6899688 7667210
5337239 8076623
2029244 1467907
4319541 5324366
1569182 7627932
2169935 2818233
9421754 9263596
4997584 4793897
11778 3134836
7167994 8319342
4954633 5798506
7159951 4323339
6028216 489703
3647463 3100
7736599 6689883
7310425 4909131
558529 2358278
509044 4102489
7282970 946709
3167933 3147772
2388414 6154229
4491209 192065
8384390 8704681
6603571 8956925
4308098 5659540
7940036 9263193
4759341 2908865
4865918 4949371
2608776 5301380
4195392 9840157
1941263 9919565
8178447 1244374
2622764 9806949
5392586 3929469
9873863 6552832
2969271 6924586
2482449 299275
2358981 1399577
515427 9868945
5909692 5819883
5782140 2317810
2929172 1173026
4113775 8772253
8299164 8170421
8851682 5514442
87130 3896836
8990633 960742
9302354 2146953
1974390 2182287
5729923 2422708
6517282 3904277
1336049 743782
822763 5037265
4106735 2577025
3203116 4663339
6074781 7481383
7133771 1786861
1267895 7897341
5987322 7215558
8861330 868139
4909763 1222035
2273864 7256949
930995 2039394
3974037 3713054
2082576 7738701
8261246 9238684
9686949 8527070
7286219 6895902
707372 9876376
14539 4746838
9258441 7669911
1456824 4227264
2183349 1161269
3524570 146317
1443959 8588709
5045167 6856084
5643677 1488703
4459576 5009700
1818047 6152574
2077485 1960774
1611212 954927
6862835 4513956
1707303 357610
550637 6192880
757409 699904
5151629 5754923
2999580 2898534
7230309 8371085
4886495 474003
8274877 7528541
4858147 3911466
4946808 1380921
767348 1121547
5119695 6768907
2029309 3906299
888535 2720795
1953913 4791179
1782493 8459316
4879367 9846085
2062934 7786203
872599 2457840
6860395 7797338
2034138 3053408
3605679 3598966
1123134 7712305
312008 5431098
6368064 4946418
9128783 7322922
6753024 4803235
4029597 2390555
7530675 558712
6774979 734841
2513474 505596
5024461 1613902
2206887 4577763
1582860 9491217
8790802 738191
5215112 9262532
1807885 2480061
9855943 6437046
6088355 3917213
195592 3314412
7146424 7260800
6770429 2790473
6251634 565430
6717554 4714144
5842455 5636191
2616023 5198213
4742643 9234092
3835652 7155100
4836070 6724014
538196 214005
6940101 6370800
3689976 2855083
754834 6345015
8621125 6500113
5658722 9623972
9401590 6077459
7461075 1136509
6963809 7362395
6163523 6995574
7993913 3798898
4443897 1278381
9466952 1140889
7178650 6130009
2280976 692149
8253986 8018155
9244179 8671999
6390521 3633012
6369631 6599197
9336146 9560479
4246999 5734095
3728769 7273879
2088594 1927370
6904099 6123918
629894 5676421
1600890 3268157
5396424 7512846
3227759 3895658
2514466 2877129
178796 6224389
7934570 8046695
3946699 396632
8596352 9308697
1250407 8302868
9054045 9955402
913536 5958732
2681451 905781
731309 7870068
2856322 5094344
2748532 7477807
2003046 9194549
1046758 5141432
3874901 8403760
9169813 608142
4917720 1452016
8407873 2667343
5946933 5118987
525535 9706182
3070663 7055604
9903317 9434122
7881533 6217301
63222 9479696
6336218 9291010
7928304 202026
2173319 4050278
4892886 9010100
992835 7356387
7926003 1912997
6490759 7454794
5691893 3355575
5111582 5601010
7766119 3305698
6754862 6608899
6260744 9681820
9216981 147522
6978442 1290537
5996950 9602855
9604773 7794805
1302815 9018265
2698228 9532558
129239 4444491
3398729 4680570
6721822 3742654
9505539 3291325
8769342 2437039
9172745 1354642
8991055 1114437
6696042 3852234
6605195 245658
5224865 7971815
402671 6024460
3244810 4113612
4081098 6946617
8126294 6276024
621474 5225668
2226362 1753428
2382951 5625917
687528 3808800
9934841 8579131
3258308 8548302
8153117 4090270
2015894 2041498
7938074 6070354
5953700 8153927
422365 2200475
9927154 8099888
6394885 7168686
3146395 4538024
3183617 9248597
139349 9660670
7630993 2421040
8817888 2109092
6720696 7795402
4608187 7173288
6344704 7253825
5478865 2044675
4831171 2929005
334399 2664828
3702742 5485329
1359839 6123170
7831723 7470655
8946308 3378635
1920751 9626959
7717904 6855857
8658634 4432265
2731811 7623865
2084218 615523
3592035 4846066
8122816 4463483
243561 3654059
9182227 9185972
3937253 7616308
1213679 1685787
5357755 7068134
1625216 9732303
3510588 3207738
7138359 7186574
6650105 6593471
1413634 5095142
18606 2977535
8204471 2111688
2896392 407145
127427 7462986
8654109 745040
9095733 9838652
4557745 4757156
4450524 6386408
9476933 3895183
2677788 1075501
9962616 3928423
6462408 1575000
5246481 3583324
3160151 47672
7279521 2776813
9394021 4100347
9877611 8147140
9577949 9060039
5766536 8168028
3400349 3891787
380229 7847755
9832947 724959
3170794 647614
6527795 9875722
1327086 4373834
7188510 8517334
9058930 6169635
3100361 8275076
5016364 3716319
3370481 5306190
6545736 3206431
1689509 9040670
7028998 27177
5281116 1531290
4889344 7719308
9122820 4716311
4733475 396508
3916799 9272672
1940651 7904912
4386690 506584
9428602 8545592
3688503 7939243
6347599 6057154
8594478 2887054
9595015 9915237
7582792 6920378
5642468 803836
9017470 545136
3208397 8089864
9974746 8426752
7152905 7931456
33138 5185421
2914893 9316502
8339294 4823032
243594 5150755
4678355 6941676
1037218 4427708
9064802 836268
4224078 3873784
8125177 7644041
2357910 7379956
1149441 3183623
8605366 6502851
4768013 6610879
6557900 4912630
1625459 310489
6895786 1508565
2210193 1580371
7868234 7427575
2035723 5523487
3938197 9913031
7511337 7095910
505949 2433815
8053135 6102593
6073321 2190584
3082301 7995624
2904809 9715617
2711388 8188523
1802869 7679621
6089730 6622238
9439311 8864347
5033064 9627090
926981 1126061
1588575 5296437
1271744 2728653
9732350 1033989
9794103 1240591
9506613 6959096
795929 272705
2024767 7758778
7741402 8506780
614855 43638
4567125 3133315
952373 4171502
2410823 6179524
6845444 2650320
5268145 7060849
2082229 9980357
2438541 4005047
7913507 6960616
5514894 4672101
284602 2272907
7239315 9795851
16888 1782377
8711144 5637746
1812577 4891740
8151646 4587340
9081420 215809
4381085 2472929
454206 5384205
2844445 5665867
7717811 815067
9821336 1800352
3629828 3938284
1743667 8919616
2070397 4580623
8367482 2834854
4204088 9745370
2325513 2580728
4662416 8459843
1830882 2313755
2211407 7028172
8614377 7924895
8902239 8114182
3076599 1433340
7410299 1104463
2351807 6499251
1082610 506353
8180074 4940534
1451487 8425332
5139764 4851182
1193832 502695
5829121 5654295
1584072 4073940
9174907 2250160
9601526 2565417
2748043 6148860
9900798 9707992
6786356 9380212
8221212 8783204
4069998 6697991
6302111 8425822
5330386 6694969
8971230 7266788
7871410 6439505
6333779 7584380
3155444 7887057
8536788 6834717
6349337 6929777
850059 3409692
4217915 296689
6497321 2329000
5305187 5272137
7672832 1064115
5358052 1321975
7834903 6425725
2254838 6283783
116630 5440076
3367003 9192783
2290690 8819865
7298606 8273503
4641228 1442077
9673519 6050844
4481938 7236450
5632675 5537731
4924997 7960349
7977029 2977461
5387442 6387758
121335 551328
409275 4368211
2831220 8510497
1365695 6621319
4200790 269610
1960146 9560057
222113 918783
423703 5410115
819212 4391206
2713981 4275093
7388080 457574
2180903 2586149
9489413 1110798
495179 7338663
7425515 4923669
8482706 4604933
2721985 9290487
2493930 3774796
1112346 8116538
612355 6309813
7320700 5734270
4080225 4578985
2991316 862471
4407041 7823661
7948184 2314671
393579 2058865
974004 3873962
8768335 7367100
5393133 1504902
8793550 2070919
6893223 3084183
3310728 2102338
8782944 9764305
2576656 2843392
4212120 2550245
3920844 6921268
1586285 5475018
2008615 6370023
2576033 2723541
5930346 5381525
4950071 2022144
144229 2180657
9543880 8381288
8325382 9078278
2681032 4391974
6563783 8398665
5227162 4300994
7236256 9008275
8644400 7198245
6757682 3609091
1883490 1301956
9749566 152134
3408484 9925458
4005832 8243386
5995536 3390949
3566641 4433787
2004024 4354463
1837844 7303518
5683682 4067310
8120071 2438386
416997 8813861
7133798 2331174
3866033 3515405
9407956 6691976
6284782 5799747
3815220 4828651
2111882 3758110
8560333 5891728
912227 4282533
3073253 9367934
2273286 5285549
6334107 630975
3831179 7605122
1636392 7178420
956737 3283638
9529671 4327977
9824151 7070918
2532335 2672467
2469206 6885596
9199560 7385827
4446850 1707282
3343641 7439317
3934190 8842028
8036325 2632974
5886667 7902094
9415871 8548874
4583649 733982
5022095 6526370
8551253 9661924
7953964 950122
5890201 7806804
7972985 6154501
2260178 8185047
8267521 3709163
398494 6530681
7922639 1911321
9546068 6781462
5715631 7954379
2347438 4110287
9624573 2397364
7239540 4283075
2393922 4837107
6310306 5205363
8852214 5922453
2033072 6660909
1237612 901917
174801 4907281
3136998 7283631
6965390 5135568
4847318 3278781
8503161 2186678
9930536 308903
9844550 8678125
9824906 9355821
5184257 7381215
1695739 1947562
8392779 8297757
2277318 4134385
8754637 2920671
2754603 3513905
5406382 7954424
299590 9008344
3312339 1916851
1511167 6697677
3737965 7491576
8208320 1390312
6567774 4394664
8347956 7807941
9802709 7695096
7541861 9648840
8670279 4772740
2623415 2163342
345455 1297363
1351809 7921017
4340322 4255000
2239584 1139334
8231502 6836456
3238639 6348695
168362 9495032
871065 7471962
8315812 5593802
9824318 5184014
6327259 8135399
1810876 3827470
1505819 752798
7651406 7193538
4738883 1320917
5166211 1364249
9257707 5929935
2054086 1501581
2436447 770048
1155103 4306425
7991878 6632162
1847369 688055
385905 64385
471234 2801496
3671738 5737975
1523408 2378077
7028441 8755613
2359324 7802741
6703994 9753197
8533868 2398672
6967700 3277158
7351186 2058920
2373907 3541682
2510814 1199116
8695939 8989183
1327763 2117338
2781472 8838480
7634229 5097404
928192 8178208
1420993 9075972
7318877 8738595
5901330 8853592
5215072 8368844
8704230 4406694
2976815 3107387
3687248 9204993
647220 3022914
524816 9975247
1926274 2594309
1451759 2280214
8827610 2052221
541113 1032665
840864 1559319
3494312 4780043
3372124 5053216
4394598 4958217
273013 7257313
6180976 5865869
4300667 7060732
4135425 1254974
2735557 1174747
9803008 466805
4610748 2817722
7014047 8220390
3696024 7511330
2851975 3673157
9790745 2316628
2649228 6753348
4505189 443937
701433 8980612
6470177 2775611
4720501 3435864
8744884 3355759
3142868 7032996
9387947 6011944
509162 6523098
2267656 1138771
9945567 628509
5902226 6806535
841442 1891157
9877983 5996296
35157 2034219
3848916 1365054
8648903 5307672
2246501 9529856
8013429 4241704
9570523 9525255
7902099 3869881
5379559 859592
932722 8209099
5425223 3779729
1084382 6505749
4725238 6960358
5247886 7719153
8928887 3277762
4602860 3927455
685765 6135322
5597863 791541
6379074 2741451
1430141 8152028
3096351 7684791
1978005 1128792
4922663 1228692
5410346 8806239
9651866 4750598
4476865 9131455
2624850 6803375
3549819 3920283
6463488 5792604
4032925 3736758
3109854 533956
2592591 2479726
3854058 5555753
4031146 4525538
4507405 9477451
3469539 3078789
149484 484156
6378668 1763033
8433573 692259
3669954 3081314
1176403 1166865
3982157 1800634
9610164 7399291
2496857 4221801
8452161 2588857
8975697 4233899
5395785 1272406
9152900 1620238
3531239 2902392
9223994 8235568
7434679 5899882
8742515 1903997
7264016 6714061
790846 491548
1831643 3059852
794402 8038273
5814816 8870308
6660463 9554521
5475234 7409111
5367676 468459
9846009 9674520
378593 4861914
4014558 768821
6347352 8668123
4639210 8320142
6997423 3325430
3593399 9666111
2444686 378875
2187534 2269510
5070308 7416883
572992 2697216
8174468 6085446
3612860 7969719
9384962 4295098
2733534 1141800
9686067 3956087
3069700 9407138
3932077 4329030
9611933 6017415
5234471 1010333
5594659 2131468
2468951 2799636
1891613 3781757
2877355 4117584
1447136 1586087
1492739 778012
8053703 1891243
2355393 4694995
5674456 1889723
2639604 4553802
4375548 2213077
7833246 3752455
1457488 5518984
3288684 3560406
7859462 7370204
3929654 5122581
5037046 7651180
4377464 3486149
8656597 6811911
5040001 2034783
5963451 5405368
9875540 4367564
8523920 8596918
1336695 3362122
6945223 528528
197401 8065314
510763 5834673
609732 439736
675627 8992539
8366515 4710684
9431358 3512893
7083853 3336461
4492736 9101459
9382883 6859167
3789152 7850092
6919396 2436101
2530834 3509336
4772911 737282
8468995 2707695
7891578 4341074
7490527 7958640
4033562 6397248
2420948 917552
388268 1706214
2093097 7818860
90991 521635
7045435 5875720
4443947 7290165
620130 4248021
2427303 2040852
289514 8012876
2892194 1593120
761611 5247185
2393807 7609251
9791416 1985996
4630352 9960620
3461574 4019349
6269743 4564875
133650 8159132
7247198 631945
969869 1464771
1251752 9799112
206782 8769002
8213209 6510714
6825406 7356831
124078 4115271
4555459 7007259
5393466 4821869
1494615 1258613
4536829 9054180
2121490 7600904
5499477 3262836
6504284 149165
9908815 8112989
4324688 4648420
1415350 622435
58678 6624965
3325191 3396502
912193 1347907
1234716 9573919
9591535 2990131
1631176 8684981
2975722 9125770
7967745 799275
5559879 6576218
2721065 7219047
8282866 406428
9090204 1331803
6749525 1589091
742496 6190246
4693470 7401176
8197038 2155012
6572441 374794
3727044 642574
6205917 1241513
5446325 8933877
8732503 7246496
8576239 8288605
7160401 805458
4234413 8915096
486540 4885379
897515 9047891
4550013 7390549
6250917 9123097
5321786 4810896
8717265 7783107
9466256 7038335
5082573 9848838
1745596 7423492
3335363 6223975
5548706 5570915
1799950 4468677
276368 4701596
4391637 9959072
6125508 728138
5697296 8792136
2367591 1557456
271345 9693573
5454812 5680471
6307784 2860986
2048798 644819
251859 4216075
408189 5585425
3255393 4647060
7831554 3831057
8246085 7716158
8471450 5287115
8918164 1124982
2015830 8675046
9135581 7631228
8786494 9999875
5991003 5701731
2895747 8915159
9059310 3740972
4184317 6912235
3415280 8843760
4974514 4745422
9513995 5662027
5634511 6747893
798129 4963885
4486038 4015916
9340348 7986840
5418927 8595768
7738900 5474255
3646307 563401
8841149 3261254
6196504 3742465
3000619 4423007
6450522 9572253
2015743 9493693
3692195 793919
5871174 9482310
8750892 210077
2252753 5210648
3101491 7176688
78365 3267575
7037869 8446852
407789 1513038
4354841 7326485
7616308 9357850
9842061 337706
4113209 191582
3974929 5720068
7981480 3092147
3029474 2345435
4182600 9004536
6820545 2707525
2442194 5650109
7336214 834125
6360070 7713380
609401 651786
3980598 3399661
7511378 7158678
8524346 6418152
2001712 2196570
7459884 3302636
8516630 912606
183692 7207888
8017809 8813328
3907702 1042620
8402580 8932860
4568236 5043733
701357 4165213
2781416 7212062
7842857 4092000
3035681 4507097
1256938 2788122
7737252 4836828
6684450 28891
8852083 8059591
4635436 8843677
8385265 7739601
8666280 9935464
9891747 9381068
3735817 9041235
8811727 9008237
9528012 4629231
9247576 3189647
3578947 166819
8843766 8915647
2871528 8831877
7240915 4630839
7628087 244918
9551819 8676917
915891 8363169
9332425 6555496
3876995 9696645
5177664 5654801
1093045 8047628
2306942 7795177
4454043 3410528
1570764 254652
48340 2902876
9161364 6542556
5259819 3124730
9275632 1458273
1204153 9653434
3435179 2844214
6315507 9510128
2498785 8099231
9458687 7030758
9226620 5060148
2447273 313335
2922977 5071599
2450892 137618
7528019 956353
6629423 8480162
1370815 5804200
1814031 3104313
7605491 7356677
6357852 2728634
2036212 2160611
928075 6622650
4951369 6063106
22766 5292459
4884283 9845786
1618568 2704576
5560419 1735756
680397 2625487
8786995 9039185
7433160 2720233
948434 5450509
332349 117487
5840502 3003437
3273977 565294
8303874 6662809
9667624 3942968
3596595 5187062
2097846 6442493
8035502 9618218
4892292 9991890
3545004 8422632
2196084 3377587
1313961 6247760
2898667 8568822
7542641 6812396
5186163 8005376
9043692 3354823
3118553 4351344
69394 5214994
7330961 2837883
7107912 5864765
9296448 4699551
5292331 5388977
7180920 973939
9832981 9282752
789266 4051705
1074141 1381309
6497355 5678138
8458240 4576391
573969 1269683
9702918 575419
4570035 3476199
5259998 5276369
6901419 2501655
8757679 3001483
9203318 5291966
8425040 33964
695402 5926535
2960423 8780482
3207944 1625856
7569884 5026503
8473265 4442348
6147308 2034429
8324727 1140951
734801 4672556
1868764 6067267
933170 5362236
1262960 5223052
3712203 4249032
8190146 9326875
406261 8409253
5471484 3346575
8097587 3344879
9610343 4266392
1390442 1315080
4655994 6576193
8047578 5243382
369336 4175207
747153 9655776
3358715 6847479
6118477 4900906
2287191 739807
2775663 4095236
6086461 5307485
1547637 3891676
2554216 6491726
8615639 8547334
5510298 3500354
5826508 4868829
1034704 9227993
8292062 1661
5203266 2573056
9011791 379288
1545020 6539698
2267733 3137229
9540420 5648835
7537795 8506800
5172670 2435925
5613182 491581
1725711 9438971
6750142 1734239
1325138 3468051
6773778 2963904
4213028 3883144
8819238 2182223
3112197 4701391
4819470 1311025
6766281 2791097
856984 8685165
4140840 3162197
1185081 8601461
9161519 2310607
1564055 6179416
7074423 2170972
4310729 1135737
7787206 7530253
5332719 1275668
3961287 8230547
5598314 8655927
6545525 8696560
7913171 9041488
3524612 2245492
7479332 9880364
4193346 5539184
5754763 8133393
8521711 8564353
2214144 1793821
1376032 8135944
7729412 3584501
3221838 7067083
3095417 6433985
1439910 841260
5077432 3060215
4537355 6923659
2816001 3302934
8675868 1008332
1331006 9754722
355067 7061799
3421927 9834584
1160936 2316644
9297040 8614901
4734670 8198915
9566386 7255274
2030837 7420107
333599 7232800
4477900 5891624
9860674 9173955
2203221 3789111
1180195 5561256
1649133 3762323
5914720 4998624
2270249 8549878
2846987 1768011
9822312 2049310
6080690 3225172
8558918 7678266
1962568 4445342
5856332 1668618
2570555 403721
2808550 4525658
5167504 5684714
9170746 5751901
7534287 3745780
240485 7593053
3335505 4832676
1350121 5653477
2567527 3166502
150956 9534795
4887055 4760119
4038276 2943120
3833567 6628156
2427348 7425767
8562725 4012471
7172453 234732
3533217 9465772
919631 4453811
9669322 9431813
3705748 7089442
5206403 710451
4873510 398181
8954832 7947931
2143889 9254527
9236690 2217652
3003183 9501179
8748497 3980007
9173911 1950946
4121888 7880173
9559968 5332879
3045777 7927838
404153 16498
6092148 4605105
6933809 1461088
2514750 634968
3882480 7101836
4781851 6386237
1150290 7328939
2695326 2621926
3940868 2369468
8793391 8792886
3936609 7300655
2285421 9494360
138589 622389
334494 7580360
2668673 6704644
6297106 3861915
1479018 8294314
3707563 4785836
8178019 8782876
2550024 591548
657729 9018902
3555133 7335176
2046316 2878956
8541628 1064989
5661256 3552000
4847357 1435553
2056343 4308241
5896297 2131153
2597684 1804003
2636534 6543285
2826445 8941023
206070 6385836
1378707 5229121
6570647 3628019
9925419 5416550
9905037 4464203
6605668 8537159
217558 1733081
9562442 3517253
9194025 6327843
3283779 7117195
746635 7732273
933560 8431344
6465617 1178267
4402152 4373399
455048 1849022
3208546 6448415
4215578 9625457
2354967 8727277
6470617 2992790
803235 6701876
8892883 7964449
5639864 9811171
7249837 8935873
2520831 2984195
5922692 4848696
9347912 6152434
1198915 7131756
9297546 1604418
7490935 621868
8220822 2213706
9829136 7990333
3371449 2987462
3767722 2630700
9253953 6917191
7088354 9620092
2582373 6313224
9732540 1790250
6432785 3094386
6220789 8161622
4356311 1039475
4018722 2881153
623664 9500957
3839662 7483183
1260837 4335112
621486 8978497
3287862 2632386
4844866 4048555
267484 3915628
3064897 4734726
3528324 6791071
8535026 5379311
9131371 4814521
447952 9444417
7465579 2347418
3439870 8217096
966429 7773483
7475551 6542153
5205653 8820548
7634347 6967791
853256 2531712
4818558 7397081
9138576 4052833
5856296 9218259
3915266 3566521
3642124 2693919
1995017 3722451
6664054 6151506
7833252 229439
4441701 1954091
5146571 4938056
1925431 6669501
739154 9854911
6854339 7107959
6130818 5831529
7700349 7037405
5868498 1050343
1280025 3616927
5227023 8655881
4750803 4994753
2748660 4109696
1940336 4202235
9181453 4840868
443254 2773792
6176526 6095702
8207275 3655119
5670780 3711871
1361984 1964761
7776565 878023
5459348 1518369
849179 6227406
7812422 1645896
2613782 8137166
9138045 5077672
5268148 7678421
6328187 958382
1017436 7022499
7143571 6426110
7857958 1155839
8580323 2225034
1345812 6182461
7844576 4145418
282799 6616335
4580560 4297750
6503046 2845481
9068766 1840085
8508657 8175357
6447666 2747561
9155609 6467274
9787122 6406335
3476629 8733630
2069882 1424195
2399058 7634898
3858030 5526964
4658502 7366841
8517794 7076731
804753 4951064
9354729 6254204
8222972 8213930
1854247 6670834
2614376 9407805
4748003 7566146
3805483 6199456
102459 6009857
9963215 8069282
2756888 994194
6174138 3450876
8395992 5372904
1374210 9382206
8291400 1528961
4052791 9331169
457637 9905433
1985582 681381
4817786 6462019
795577 8132141
1051101 7956132
2829076 1258579
3427027 9222432
6977848 3867156
2953739 525558
4898299 2377899
3544069 9780694
6409713 4916
6521044 3340964
4184879 7689367
9913171 2518891
950092 3485298
7842755 3607850
6405266 1474461
8975273 7737764
8304615 3686695
1381759 688996
1748432 6616806
5067853 5573639
4133050 3649924
6471544 2234209
3314785 5495730
3339380 3417706
3789532 1898510
3421703 5091936
5373619 9263826
9712319 1871851
8922913 2493987
4086427 1731042
1875126 964825
16406 5984157
1205708 9287726
9810487 2136441
3580915 3904325
2295406 8494984
7281221 1495554
5535239 7070376
867162 6041030
7818714 236086
6328919 7933494
2684532 2928307
7775783 7543825
853876 9892945
8160048 8665945
1817547 2490361
7290874 6092368
6193286 7866706
4291015 5160546
7424976 3703764
7267739 1045032
4818329 5238074
158115 7153113
5371847 8584589
8646867 6790079
3922526 878337
3803909 54230
7996161 7612098
6589003 2734337
3579354 8060327
5905683 7668556
6767044 8960309
9295549 2157403
6551742 8925920
8616275 9739879
1376347 5611321
5730749 135296
2463957 6408116
5882138 7596751
357205 1280839
2962797 7475568
6193493 1017514
91933 5269921
80854 6840945
7282617 5956360
6381983 1228930
9484408 1347721
7258671 7545438
461596 3468793
9786351 5781195
6814396 2581623
1331120 4177627
9661593 6338174
1894436 8023707
2444909 8698945
4462173 8008725
2115337 5021093
793721 7325177
5368249 7973744
5794781 4270065
2996612 7217002
7646171 2840376
6422233 6179999
6620456 8400423
1224782 3493757
1660665 3722954
362110 3345981
915003 9492614
2723044 4230919
2587890 9878487
8181935 7033381
6265739 3472374
1652641 212852
1507481 7686612
6869132 7056047
676402 7595035
7176371 7612896
8183180 3783027
4289422 5574975
1562392 9027967
1040476 8897606
3741337 9247777
6789824 6934160
4759601 8008377
3676253 6838440
4174504 1306182
6220022 8367307
4634362 3408241
6131972 1238508
2317094 1698633
7332736 9440405
9097457 2602428
147744 7630760
3891155 3986300
2422768 9447268
4328147 2120861
6753439 8785856
6563477 8336725
2311599 8088138
6416087 6620099
2879051 8207739
907929 5375545
5475842 9141460
8015750 8559967
7929695 3492082
4378107 7364557
7108012 3071612
7907099 652698
4446355 6491590
4235207 8347717
8896787 8971946
4329949 8897265
9559867 9250900
6784616 3595976
9378217 8817215
4488567 5657579
3144496 290692
7640145 319720
5931297 7369205
8598733 2820868
8454505 4049400
5598488 714457
1320597 5933104
3333796 4910462
5907640 3147245
6447232 169880
894276 8341681
2898296 5263334
8726095 1180661
767342 9602912
8006648 6626108
5290798 8258957
5385249 190293
4554624 763378
5323484 4048316
1885955 8525172
2114567 3019213
3128814 609727
5129502 3587204
1698058 8732624
4630248 3666310
3310491 7926910
4707639 3630923
697864 5867789
6367377 2475118
9398761 1059290
4948755 2590622
4045529 9897200
7359030 688377
8469549 5812469
1193703 134438
7046215 4674844
6774213 4158490
6022697 8891600
9044138 4011336
4880740 5205668
5167505 5905217
1349473 5942947
7665179 4008996
6634082 5260062
2160573 7383956
3394930 3244703
640243 8120592
2050965 1781708
5408336 5419147
8942989 7734880
7652264 132022
5829866 9261758
7582689 1920984
1681732 8804357
5745992 781982
5854648 3210926
3581017 4131152
5149150 8561003
617309 9752882
9670674 7763431
2025029 4761585
9988115 9296561
3762857 3140766
1946826 2959864
8892957 5160255
3785370 3035481
7826182 4091064
4262101 7378825
3871350 1380098
9682744 1234948
8649453 4923725
1529702 8270630
1895396 6511192
3927997 8339776
1957167 895357
1411746 4033349
9830362 5175136
5177024 6031370
1989416 2420720
9709263 1945666
1153152 6019428
6432101 8213098
2232243 2263581
4951949 6777362
5056110 2401191
9805509 5653447
5744872 6663056
5326292 1396801
549903 3564085
359606 9600270
8360738 8176754
1878257 5333762
1162805 2903027
8082364 7736810
5436861 6739136
3663795 7434462
2901304 1023534
9960676 7805391
1498690 8779932
1014327 1694485
3270148 1985694
9324165 3315211
6760690 9621247
6338666 804250
783128 9848367
2381018 9686011
5915144 7508200
3535142 3819869
8892466 8875340
9241672 1733682
8351155 9459204
2125302 2732741
8657173 5183700
4799172 2460659
1625100 5362215
7218242 1778330
5986929 6488644
4609606 9087400
6276178 4102439
818256 4669140
1629454 9638100
4736336 3653559
203389 2716514
8302160 7406761
8670450 2751886
7980015 5750894
4463314 1278430
8008704 5626136
8011227 8739169
189419 5690789
721657 4161782
958433 4192654
6751504 1548554
4318830 9779653
515759 97764
4298142 3494547
8873388 6222007
5354622 5476682
6790957 923570
7461490 4813382
5499018 8695681
8640716 1548967
1393402 4058878
8324469 4181900
6563538 8886989
1466073 6450863
8217809 9543396
4122573 8274147
4430477 219647
3812429 4196294
3896707 3779538
636053 4445745
6161458 5789791
955911 7113554
9019438 8189488
2147878 7190648
442335 6576681
8165617 1589721
4437329 4846414
1724792 6147808
6422662 2351422
8643905 2649072
8221557 3023453
9298191 2307108
545615 9415771
2363507 4480774
7740144 5352338
4222384 9037710
9031637 4299952
7778809 880823
7329013 745421
1021653 132387
1354628 6542574
3456104 3665942
7936241 9971975
5215263 9513762
9606282 9658428
8884785 4885742
4470791 8684980
5526107 2247187
3220557 9097921
3426095 6283835
2180641 7296232
8573028 9034498
9975550 870966
701426 2295935
3714003 607741
6117365 3625113
2784882 4158809
5640909 3469848
879388 2676712
4156032 4696232
3753148 5546825
6054875 7820510
9452111 5972716
4094065 9711188
9242279 3753723
943573 1640578
6311158 6874647
6997285 2029581
8821306 591055
8848765 7758398
8152229 7283809
6841714 3045856
902221 3344556
1006584 2550450
4105636 988611
1530138 1054840
5795787 4433314
2084285 6632608
6393453 9573342
3021685 2854324
2478217 7390790
2590633 7085220
5489582 2193054
9061025 9501144
2692807 8673560
5323419 850642
9265053 7134469
8416187 8775770
7554771 5661692
1742809 9407534
7388220 8384521
7885748 2277717
1408551 5733095
5658285 5999524
2217352 5110843
9258856 5272772
1505250 5671066
6363100 347591
4135148 781145
9628515 3361150
6413981 7735338
2330457 6863700
7281867 9942786
5060673 6951887
7452608 8150480
8341591 6993326
1598546 1186619
3160416 7397907
4651588 2022755
3670217 5449670
7461108 9116053
7550711 6221861
2591649 9596998
7435109 5400547
2948753 5521774
3019119 4790124
1759041 8118005
9715180 2099366
4204428 9379817
705446 6005936
8708689 6263493
7900850 4215850
3514687 255361
8736214 6997350
2365656 9913724
5871691 1790328
4575683 8171471
9301160 4566219
9655523 7672502
2409435 9232772
3007924 5400647
9581835 7678137
6100096 9924884
4589125 7913538
1644506 9205908
5877548 8009709
7666237 9696944
9174129 2916339
9378214 5220047
324983 9701198
1800781 7518531
5757908 672527
5754315 8469804
8007272 7258286
5048951 5342227
6475784 1396066
8663500 6504545
5338125 9261699
8312693 2433596
1786793 7262279
595522 6671276
7184895 2564515
5427155 6585680
3412212 7954737
5002413 6400241
3744055 819703
9980913 1206643
5018055 6351524
8530481 7409919
7350628 5654890
6985290 3110395
8918678 8113369
6210969 6209199
4891781 189213
3767201 8064602
4406636 5840767
667175 8758076
9244193 6388766
7457763 7306024
8001275 5272949
6373148 6306144
776800 8512303
7838958 5001603
7231320 5709797
2142165 6799358
440495 8380737
5516734 2790134
9246001 6923772
3676298 8917768
1103442 9628024
1673093 4089739
6908337 1137959
6484538 4469003
3767912 8678915
8623078 5601744
3195538 6948247
1882972 2502780
829585 7885179
6961390 8186482
5247613 9209289
7223444 2717796
7470904 9070232
2242788 9090113
56555 549767
6139283 2866224
5002377 5154296
2925681 2666842
7029391 8243145
4348790 7736609
5143816 9038580
4252650 5843299
6378384 4125739
3647846 2282486
7339886 9783940
5506358 1440060
8763499 5716215
8385293 4141259
4880989 933324
7775743 3606847
3333713 2197693
2111657 3619598
5913667 301300
4811491 9107691
6146189 1879136
4959712 8195460
1159297 8050070
4522808 7799193
4536470 2821450
8347338 5252752
5379493 2679521
9361406 8044146
2876229 1263775
4568410 2931517
2177049 4000898
5878204 6906447
5135478 1665514
7555724 9011876
895367 8632402
7120598 2191640
3711474 6321456
4582374 7929577
5471446 5533633
12013 9007168
1353421 1509974
5935331 886560
1133023 3253654
4141382 7586363
1752570 1079314
718725 5729119
5065368 6366623
6215588 7171409
5712539 1017236
9212961 2400133
4595090 6694066
8431307 1099252
1596379 5051603
5717530 8912380
5593082 4123371
1110925 214927
4848910 1275723
6827763 4128188
2442875 5923725
4060981 9087225
1530116 2486153
5474217 5920849
7779714 9284421
2201574 9232660
9431682 8781835
4221791 858229
3476385 1011229
1519926 1257105
4557538 819320
9406708 7960519
4330241 7594239
5103427 6923368
5103100 1832913
3173643 8042259
6755787 2399909
1617405 6760534
6009327 7984562
2291315 8674438
6926348 6021385
7110771 8163365
408994 5131455
2110135 1632849
5368281 9336525
4090505 3512580
7773092 7574643
3682455 4188670
7641242 5475316
9256080 6406677
1943656 2253681
914053 106863
9923085 384275
8817504 6326506
4484646 6617617
1835017 5688493
2472334 2240881
5431571 3080727
8197219 6343830
7911978 8842408
907458 6534368
6984256 3973035
1654098 2887246
9058358 3714686
2981491 674490
9137616 8170726
9468404 2326992
1979542 2463632
3106196 5919558
9721236 950325
7859915 7862295
8850487 1253039
7515345 1817782
2213249 5471176
8912806 1644922
1449628 6231179
4044289 6105873
9037345 3384997
7620145 4869145
3530732 4462225
1802178 5301457
7892170 4712489
8013664 3180068
2822606 3817745
530512 1538531
5232542 7985219
9245627 4786355
2034107 8790221
207031 8771902
3244957 4409435
3818114 1176854
451066 5974116
4208964 8202277
1224444 8740239
1728289 7491325
7711002 9490259
6975391 3706974
3075507 8830451
4956397 5004136
9219083 4631155
7492277 1753596
7729350 8218457
2878780 5492249
5009332 2696098
6669813 8415796
4695449 5381851
2683120 2603839
7768216 9251401
3298955 8432133
4998449 9044352
9620003 3385754
2754921 6885425
6949191 2057523
6538051 7370024
9400172 8843871
7232609 750538
1531484 6339569
4590912 6169335
4730889 5699013
8236146 2002655
5470339 1918038
4520898 80065
4495619 722679
5915121 2640875
3141078 1226126
9117012 310745
6681397 7121364
839635 1900247
6018545 4622308
5066932 3259770
1858158 7900603
1511373 3598957
3294147 5299889
4145936 159974
6532802 2339267
591098 8409593
6444627 5051835
6848338 3884211
6962359 3940468
4710162 1121097
767648 9642409
9442808 3110130
150100 7152910
4635564 2290519
3248044 9776514
778800 2182620
9216041 5998453
8144701 3013399
8622753 8190608
9282396 9382997
6494329 6768675
2123374 387983
7471294 4341040
6175829 8973302
9313484 2999862
4501822 7566361
5100161 805767
747272 7445930
3867604 1808968
1447445 3077125
4374400 929539
188452 4760769
1528326 7061471
9873900 8722694
1956522 166878
5522725 1715850
8848839 412725
8219565 4513301
7319114 109609
9355437 5994488
8904210 3528289
3369749 1149213
6306874 8666687
9107761 2393770
1830802 883339
2512763 1326892
3364181 2151189
7017572 5829900
321371 5885596
8484028 1611941
1111187 6144231
8195128 1174605
6521198 4457228
6782594 636082
1539691 9931076
3294849 4595897
3558624 2009003
4967294 5714377
7108025 9240737
7501517 298945
823815 3379752
6066733 3556347
7837865 7852905
3612567 9173483
6022855 3004391
357519 7714350
7876085 7893081
4098955 672848
2256351 2963147
151777 9280118
607724 4996169
4568318 8002090
6326212 4018265
3094112 6487727
3340133 1838987
8194368 9390125
534975 4397293
2049948 8422568
45667 4371641
2033741 2174189
8332347 7550919
1450419 5244593
6021083 1258989
6326710 1849101
7472635 7976308
771432 2815685
7775554 9848854
2524114 4199382
3299985 8856070
6531820 6955961
6946956 1465123
5786281 9598884
2248030 8872359
2500087 5422655
4239256 7865359
2794011 8716701
8767514 6784300
5969390 6413425
9607573 2847661
4788380 3748288
1962791 4145016
1260623 9398739
7160402 2631472
387943 1545802
4327754 1335806
3196802 3476906
3670912 2213331
7823896 8389164
8249047 1807719
9779455 6585143
5259617 5849947
1639240 9191013
7936980 4045870
5102192 9751714
561756 7775446
5686099 8598054
4851414 1789036
4562127 7622211
7885576 4320070
9136500 7679487
5629655 9870425
9708871 3801435
9498613 8869121
1072607 2495390
4578770 4400014
9440989 1768852
8014825 4419056
9704212 5435396
9470129 9296592
8735759 3561503
7914946 8314925
566 2364908
8055615 3021660
4705481 6414145
1927455 3357337
6400788 4943791
6930061 7834117
3813445 824556
5973373 1586680
3940039 6618325
3842258 8584347
9823524 9026576
433645 9199999
5990246 9207887
9163867 5022579
4382897 1210175
8247692 8968653
306126 2560538
8190093 4963585
5223502 6820544
8081322 2137616
8331917 1007488
9694160 974165
3082016 1610096
3421236 6033749
3344727 9015653
9256175 7646366
6300419 1217733
1245596 319006
959214 6767609
5244764 8827092
1511496 4793903
3636057 8535818
6275317 2889049
7424929 5397595
6242927 4138146
8430823 2179204
1785823 1390389
9546270 1331799
3901582 7037615
4111116 7070806
8390304 982164
7475674 9961945
4959376 7372083
2497449 6035608
1824008 7934995
6009917 9285798
6203274 2341156
4878481 3011501
8122616 9646244
5644431 7678196
789117 5180457
1890682 3884203
2586255 8956378
4716776 2534118
8962200 9883223
105184 4166783
547521 737240
9537401 8533364
9120386 5414909
728456 629243
1905277 6747824
9514 496910
7543156 5483560
7543635 9935964
5781315 6916101
7335321 1705367
7379103 7611661
833177 6100953
3947020 1236311
4504162 2239087
7168343 7849477
6527490 9324636
4203359 4197213
1400240 3903104
3758610 9060566
6522250 7369787
8245450 1437520
317599 7368205
2817407 9312054
7704595 7291493
5683430 7080301
1882651 1345472
3026894 4876319
6708660 8927014
6088661 2314301
6067689 5722487
4947500 3229208
4764647 153264
8433984 1377337
1191927 6924050
2072212 1792092
3817732 2853165
4664693 5044210
7927939 3056835
8626208 363737
8719370 5137599
5644127 6484350
5531188 7216833
6193596 5274501
2388538 8128943
2907129 9667185
6801992 3086451
5169878 4660390
7233280 4650708
3942305 6898957
5141088 1502882
1952330 6156532
1798173 7236585
6110393 4122901
7858110 5942531
8848664 8843253
3329232 1848506
9311142 586434
4031175 8157179
6552566 5384423
3080276 5174520
1532086 9338798
1190635 8569209
7240061 9758593
3791552 995234
2513926 8531520
6896518 9470086
4301344 3271369
2042770 3566893
1752975 2266623
5559168 5930214
821730 1527375
71845 7870371
7125084 5024802
2274860 6132929
5588337 5528320
8789638 3091982
9927967 3102391
4316669 7194988
8484678 8763548
4068021 8261423
3494387 355525
1074768 2437430
1282762 7696303
1081869 6919551
5884983 3819843
9937512 3186507
9751339 3188152
8348985 1099795
6854844 1351426
299563 3178973
5022712 7699809
9352669 7096070
6610442 1889657
4206990 4687512
5000840 1597942
541771 5722790
7333253 2081875
4866945 7623083
6943065 7239728
9041017 6602614
4616401 8202729
5556992 2609811
5995472 20711
1909484 8361778
7526108 797995
659876 6125629
428758 4315412
673818 6576857
9221835 745951
9967077 1663726
767904 9457141
6387108 2227730
388085 5167528
5484435 5228400
6305321 8282396
8697747 9933557
423232 4767923
3177810 8780595
5163196 9273064
4105515 6643569
6149333 3823293
7428881 9158215
7921156 1202958
7788397 5922677
4377590 4316327
8727220 8559897
454942 5783333
5989075 716573
2154187 6213467
2452762 6609154
9715749 1456102
1726393 4188600
6815793 3366421
9404638 7992644
7356227 8711317
2494461 9315186
7192477 1075602
6486292 7983177
1148621 262947
5364650 8257601
6447810 1366450
1228659 4033629
9862813 8229971
5786038 2159483
5024351 5396712
6569233 6797569
2134282 6849621
5903227 7923496
8543678 4803624
6871800 3860553
3976195 5945601
5096150 9517731
1127276 8613776
4869529 3317847
9378337 2194791
1757845 8556614
5266897 5625528
7835963 6881866
9946916 4988017
5367443 1406189
2871880 7460244
619247 2269808
4358153 3388824
9263219 2937492
3427964 2356374
7621744 9845535
1961560 1310267
8840983 5953015
7107792 3693995
1363650 985978
3606944 2049124
3699128 4469275
4538241 4595784
3448327 7773267
1283502 919722
9001321 4045395
8379951 2012497
366623 2391131
3866759 4707919
8525917 1800970
6500769 7440401
6746716 718065
5947960 4073553
4691789 4548323
9713424 9079074
4857532 768926
3568697 8321991
8082416 4834337
6063685 1790268
1206153 2985157
7389341 3537560
161357 6792350
1253100 3655736
6140064 4100215
4061341 4875131
9296149 3728614
6082564 5363471
3864786 4468776
5411447 4191090
300056 5667719
9189180 3063104
2140517 6841060
1041670 7357769
9657706 5950443
7313393 6167424
6151237 353015
3632275 1505328
1018896 7031204
7191230 7104272
8626703 2338208
1077988 7099772
7723534 4636878
2925375 1867202
9552063 1617497
6752282 2560932
1046504 9010854
2393248 3348100
7980845 9401768
269527 6022249
1530154 4867405
7191645 3504534
1760076 94180
3774630 8423941
5574627 9041966
4370310 6090777
3839503 4035293
2615654 9262329
4399266 1528773
8576237 6243058
3980407 3119475
577978 2093542
8726466 1338856
7064957 8630788
8261605 1716594
1144577 8983747
2139735 9448733
7468427 8724540
359723 5328663
3240412 3250423
9362328 7412567
9410591 6308234
8420239 4194552
7851181 8555015
2902497 2457449
1859352 1838913
8462286 7330894
1449233 2138299
1671796 5919077
2575136 420032
4306963 185884
6864087 1921236
8488196 7235343
9175340 456337
9806412 5717230
337839 584322
8642429 9411586
1050398 1336767
6495013 4960604
1775388 2085055
27060 2378922
1962119 932998
4929574 140803
4409899 3422719
8524659 4360643
1903236 9978442
9758492 6297384
4556606 4342285
179638 7467800
3495884 2158836
7301009 143913
1145278 837235
8396392 3767725
8695669 8767531
9679337 4278889
9894965 5632262
1574350 9203055
5001318 498033
3276659 9729218
3053448 396522
1254578 9762367
8846380 1220495
2331470 5511246
9241673 1553930
1614917 7100498
463550 74858
8411204 9423227
788826 3197693
1491941 3808966
6261096 3397743
9261459 619751
6307689 9274234
4214656 1929976
8110120 905699
1100559 3909544
5588197 7960955
3081433 6753067
5682552 6623429
9676654 7184537
8610942 7295367
2072606 4657011
6850247 8288735
2878854 4570418
362828 6176136
8813116 4990757
8336647 3171187
1301270 3535495
6776458 7439257
7580822 8023277
6135865 6642925
8001066 1091257
8355592 5498838
5091781 7729441
1326537 5642589
7576928 5165135
3759159 4054275
2331441 7308772
2370161 3163606
1549803 7124287
13150 9376696
7081024 1667958
8526528 3227246
7573876 5637257
5427193 3690852
3515121 4013387
3799916 6504668
5626578 3346176
3923817 3421019
1142096 3653246
6017610 1520292
3774 5221408
3306893 8083858
3111287 5339381
4497102 2396471
7355557 6407728
6821973 7819177
6764482 2637570
3914045 662601
4804681 4322704
7544495 8067593
8086898 765932
8432069 3319557
7494196 1674723
4010661 1084991
8223067 3598862
6933690 4022558
3172540 3789953
9874549 7947420
5709840 3215237
8072855 2519770
1372919 9842209
5354478 7425999
180197 5372721
4682961 8998102
9144167 1585136
4118423 3181416
1517151 497450
2415185 5820776
2198016 9616324
2072814 2421658
3293333 4812072
230134 4408675
7098595 6056743
366773 3267730
2068533 718702
5327235 4002784
2072194 7524710
7714847 305885
7119704 3384495
4014957 28733
5660613 7656859
4718512 4396006
9290094 3969362
554071 7189197
4555580 2184280
873953 1263910
2418418 8907400
4693060 6531890
5235558 7085415
457777 6257466
3555464 5415096
6640026 5838137
6085111 7396398
8850512 3505886
3140409 5779330
2505091 6752510
474070 2224262
348287 9826524
4772168 9077015
8940614 1555154
7402796 210360
5981776 6725021
9925377 936953
3847468 818802
1005046 5801132
5766798 8097831
2243326 1369015
8493132 8254648
1077230 581969
6067064 7935228
145731 6689099
1677904 1617174
3548398 8739976
4491905 6857496
1306289 1534291
8159607 910307
5857996 903344
7949446 4797237
8822681 7391179
685041 1707420
5327612 190787
7095615 6639808
4693232 1374950
3940327 5874280
6070997 1790140
8019089 2708320
3976753 7252992
3204912 6108746
4618471 763450
8239826 3585509
6708417 435799
737457 5177213
123924 1949611
6554316 8816325
3233266 4025321
1660191 8408055
8265965 3689375
4234937 8382658
6009694 6700715
5003953 2841962
2223338 9322299
1779934 5514952
1026084 667404
7413827 3649129
9972349 2954870
4308496 8450923
2015131 5055331
2663930 7629160
3915862 6548219
1038500 1538317
4846447 664266
3442935 9682340
2859235 2077480
8881072 1737851
9622585 2534141
6806118 9035003
7560012 33318
2569392 9455235
233161 8440449
95812 3640426
3054604 1997017
6477488 3055969
3320248 1887391
2089951 2262260
5216195 8200343
7490354 9344278
3157869 3751902
4475548 2475672
2933204 959415
1515136 5296394
4238031 2605261
6757889 2882293
1684928 123439
6760520 2264271
8421767 6369278
3926874 8026231
4568100 1551992
2923642 3560197
8085797 6807603
6007785 4549476
1395834 5009321
2291325 760265
6842297 7463043
2546898 9483964
3373102 1069813
1665127 4262424
102163 8918487
9234378 6274089
6124015 4765083
3026395 7597301
5322011 4372155
766490 353990
8481221 157202
4706893 8700122
2133561 6510646
2517373 1983734
6647724 4169095
9475139 4014462
1332784 8048266
2638037 5120285
8732096 4177857
8718646 7648859
5227601 688109
1048818 6624869
7495835 4882279
7670950 7629313
2782498 9634602
5113444 9475488
194139 93027
5619551 5115516
2422600 5459537
4035045 9496331
8325712 1833442
2201945 48160
6375834 3970312
2761917 1741976
4935631 4226193
522294 5130808
5256225 122347
7097915 1600957
1526887 479961
3587332 8136345
9026397 6845831
8058825 6760515
3068037 442755
3408950 6700449
3800970 3975411
1884582 4787294
8297119 190835
6608834 7900456
4418603 6914350
1009944 657214
7102452 1140989
9582988 3566216
8652419 2328774
9977423 5875962
6538416 8780524
8981013 4697355
363297 1559810
3171681 6732280
6155768 8370401
9918802 5109197
3412135 2820386
8658924 9662429
3246354 3822700
1137483 3312685
5517694 3436351
4297086 5048007
8614560 6892356
4390080 3883509
6720045 4288331
2403195 1012691
7508077 3711394
3044632 1903718
2569230 8717640
8195877 8913981
1052403 2866581
583810 6673415
4236382 2682446
1881497 7664362
8429677 4991238
5157666 477540
2641361 4146570
9952217 644842
5333782 7428204
6153169 9034666
5460362 3911485
9299097 9638450
2402313 9563433
7089843 8152592
8032562 8549608
1757099 4759789
6895757 8093386
9742709 4009092
5840556 3356378
2825271 379648
2212134 556029
9888498 5909771
101563 3009389
6237347 4614773
6878999 3645805
9576463 6343600
4024890 1458542
4303559 1763121
5450531 6600313
7805716 9398946
7944707 3425996
1414816 7594246
3347702 2665281
7432418 9102228
5787464 8887848
3735130 8973490
8241846 2285475
627491 2796380
1097857 3797875
2405521 5969452
6604814 3083519
796907 3271687
5544802 7757956
325294 1360422
1844409 1965847
7507994 7170355
8329917 9831093
9145749 2104274
4181741 1895275
8606376 2457435
9963140 4964407
536998 5678583
1772479 1811779
2971284 6960175
4234521 8331030
133930 1174963
4398654 3773713
630012 832496
1498474 5053869
5187373 9022164
4079742 6723264
274068 5401221
5012529 2707402
1846314 8573129
1508000 7942369
6186019 1514938
616710 7286859
5324572 4032455
5626852 4924425
2634885 6592226
806988 6295131
5474867 8223112
8985558 9395921
1536300 536121
9009895 1702629
374445 6814808
8189855 6448385
1260916 8443704
5198617 1618056
9797528 1966799
6439906 5236561
577856 3824111
7497280 6015741
6798824 2561252
9834391 4708448
4769484 4622464
2772546 4893160
8168742 9407654
4095554 7804078
8236490 9544694
3619862 5923588
8307929 4432651
6121673 8327303
4290949 7047323
1638229 8296850
4581998 2591516
3509578 266712
5512144 6156070
7564436 5600067
6065539 3766712
3353621 2658482
3596114 2998037
513198 9457343
9014653 7234677
9111307 3900921
5405918 3552115
8411424 5526269
806613 3920921
5875353 7052727
5282217 4820091
8532345 3919930
3184191 9192868
4275093 393517
8964340 8209991
435819 9920262
4255714 1563705
1352015 8307837
6515268 5393922
7477539 237297
4953069 3893964
6726856 7937334
1384008 9779792
92288 2885293
6310020 4374168
4816619 2783996
8714776 9023741
9653813 9865377
3119219 2371273
5704827 7826132
8524802 4021744
7808729 7806232
238358 9914383
9039735 456563
335758 8868245
4506851 1034003
3035528 2370503
2375295 9439278
7679565 4243116
3697361 5534949
7837356 1897976
5865203 5528192
3180630 8654953
7063713 4619327
8156607 237884
7066958 3550824
2881273 1768635
2807109 8360484
436037 9329786
1980554 8071634
1064568 2233094
4240199 7796728
6873765 6699130
1838899 9599699
6622577 2495513
435638 8527106
6803300 838046
8721758 3756120
2943790 9388512
3368003 7563913
1519707 4057066
5261584 3735986
7639866 2302492
8658335 1586074
6918381 8249638
3504767 7658537
3686948 1690464
637175 3386384
529566 7069437
2997455 2040745
8334398 1339292
2173222 5835727
98490 4889088
5432219 7341792
3752147 5892221
5395763 8199291
6397223 2354730
496620 4585594
4957626 7923829
5033250 3906147
3725500 6562793
6087816 1425027
7353729 8103012
7143148 5963389
6306954 7228114
7511986 3664285
3800039 8177261
5605205 7534120
6403490 39993
2999863 1995805
1281792 2928966
1606413 8329272
2438183 3506076
3392016 2068196
3818269 8687261
1743906 9926802
9177485 9992756
969435 7815966
4461482 2708535
2374366 314453
8406719 4423957
9258763 6707290
7858789 8387895
1845185 4555099
7795988 5661027
3422418 9178767
9169619 2344318
9721157 4590798
1001081 9726207
1376334 2107374
7298274 3782033
3211747 2685318
6757943 4207031
7510968 63455
1222606 9721902
2973440 5129688
7465628 1336158
5021561 2522033
8271806 6649621
2287602 6387385
7501104 3477870
9144153 4574297
5146135 9080151
5100768 9809141
5244442 6817557
7185168 4056371
5821907 4365827
2676817 3475589
3834970 9833577
9754987 9213939
4963491 3654402
9436270 5184846
4348376 437155
5550706 4407028
4270855 4246240
8275039 2475286
8014527 752554
2342838 3658250
8136213 6345126
9554176 8150890
1370943 646282
688105 8042925
862323 9965756
4985944 9520365
2883537 1653135
3277291 9031768
4269473 9778989
2442695 1835358
9478550 2245052
5481390 2339122
683071 7608149
4515033 392544
3264777 8921472
5346903 6469760
5215251 4127836
6335884 598396
316335 430594
8280815 3868670
7895720 5374097
9928959 420730
4270326 4494028
9126382 9918624
5763204 9108008
3765906 3120705
2067670 854155
6573733 2273828
6935728 3812258
9400967 351046
2401592 7887167
880306 2671718
8746473 4281715
82321 820602
1304007 7042076
5197892 7230382
6894048 6573344
548670 5759191
966990 4659166
1727131 154235
1173969 891807
8806157 1686181
2041575 2831917
4012755 8673069
8568846 2112171
3446336 3824544
8986826 8113120
3646105 1113859
1608554 6246826
2011067 8150001
7256484 4570990
8399075 6642199
9672087 3124046
3745931 646687
2953647 6668774
3166202 7161406
6618747 9754407
2050838 7806668
5495683 7842451
5892484 5763884
5120822 7741354
2394437 7037409
626026 5690201
9726540 9459016
9059817 3457235
3924545 6270472
2215953 8878248
6506280 127240
6585612 1505733
8393825 970700
4333004 9766823
808647 8750812
3682126 1431040
3537773 7807377
5447490 681560
66319 1898448
9471896 3384347
6396645 4777875
2043612 6674578
7183419 4371563
5429638 6808095
4752877 2176644
1642672 8135393
2131823 4922393
582229 3826286
9198807 8347641
1954699 1924971
4474796 2815186
5825987 3558918
4041591 684237
1731252 1957585
720702 1943114
1785325 4159029
848502 6508935
3537911 9470581
4620599 5930239
5125075 6693902
4107683 9060550
4752084 925222
6044867 1803521
1691916 7406672
1823944 6342131
964597 2511208
2624773 3994825
2021271 6973657
6936799 9563305
7123292 2611794
9170938 178422
8289683 6706728
8888856 7763897
4858676 6443664
2152414 155892
6565373 6413282
7110632 4097133
8115079 6024238
7414587 2345306
8069503 2931750
4633271 5327615
567828 3834132
5020406 4924785
386890 8568464
1279594 1276453
3343278 5700280
9520829 1255550
7994859 4194713
8781086 7990254
1421390 6702549
8892530 5297131
4672192 3060159
3369693 4581091
6894351 2259592
2601876 2240426
1201748 6548188
2348122 7708284
3386635 7201549
3946602 3007752
5294750 8696595
6670020 6990379
9802221 7517541
4002702 7405727
8011965 6237638
95445 385714
2908068 8513740
5784772 560912
2836192 9749594
7732053 5834336
1378141 9357985
5702566 1847722
1595373 6383472
1799070 5809423
2549783 562566
9505483 1804678
8621308 5458894
9025785 3481358
4314917 4833955
4145625 9668314
1569380 6979045
8803430 5328369
1114583 5992463
3708423 5093934
9767578 7042807
7220919 4529568
956951 8769934
1445631 9555386
9617314 2390642
2487422 4297292
8251824 7104430
473618 5592749
4012955 2862289
3687519 8117019
1266398 5734550
7271261 7612465
8323368 67802
1585867 4186236
8344126 7556966
6299 7046031
5055345 919602
2122880 3205803
8689267 590254
6714089 6707659
6814072 2904846
2362909 8476051
4509806 487839
9697813 7752157
8200638 4475705
6317121 8256633
5449986 7857671
7611587 7412877
8047735 2829481
8970687 8375111
3605084 2626663
7578875 4650121
1731606 5784941
9799935 678225
5525742 8877611
3708012 5817685
41743 2369258
7486387 4965006
2489981 7568220
2960774 2942399
6226260 56547
8885815 6256390
6022457 7248319
5885408 4900459
9856371 6893660
5241834 4065180
9579289 4715135
349595 9095335
3940602 282713
2868127 2572500
7087926 8519748
3175360 2742830
5247094 1525616
9083381 1825410
2490351 1063302
5552292 1274778
5275081 4005941
7507677 9272918
6544681 8660324
7819595 7102489
1900612 9780663
5464348 6578970
3159063 6622334
6367365 6889477
5123340 7987759
1079114 3774120
3163983 5528777
9921789 4331854
4863881 3193576
691480 2300295
1105426 3322815
1672504 986904
2805204 3025358
8947161 3355700
6621099 1037938
6950070 916846
1128902 5371163
4268005 614768
9520104 2255210
3176443 6014056
8132355 5817288
