5000 1
9731852 8668508
9797561 4801419
224066 37106
5856746 3654568
3286320 9443429
7268958 3971867
8424599 4652267
3429078 3984322
9008779 5712131
5976383 4500050
9701967 8972995
7352440 8263623
3801075 9396898
366122 7935384
4613095 9192845
4972343 109990
1748117 2081763
8981506 8332631
1630766 8085588
9774744 8582516
4117433 8865979
1097105 7283518
2397835 1283800
9589893 2343585
9784129 8083037
4796075 7776195
9227367 2783847
3103911 3368995
2156245 6415409
2248666 7752745
2532612 2361294
7333158 4090614
6929023 7648996
8583437 7195391
184383 4684200
5318849 545640
3527723 5616317
5883537 8508173
3062488 994666
6516519 8140709
4357986 8999811
5845202 6311764
4796304 1979340
7671159 9297107
7006631 6850569
5414252 6689185
7020076 4084943
619957 6633279
8663296 3032753
9140660 4848692
983297 882096
7481722 6174880
7113460 716582
7188711 6311296
818751 7105972
7998392 9976280
426707 9651999
989837 3801608
1698094 7758155
8453322 2564105
9339963 881596
799688 7957762
3219211 9972715
407585 4214451
6621519 5693495
5563201 5997986
4982653 939766
2881121 9820937
9130738 729947
2149956 5073070
9836347 5351737
1471097 3072589
2909662 5441054
5520872 6779874
2220529 5017423
7483981 3222678
6140901 3680989
7985513 6850743
6588512 1612492
9310819 9677154
1036864 9201820
6282147 8167191
1717209 1096247
4059340 1997560
4573567 358468
2235103 9683024
2177404 4667941
262810 6694394
5621281 9012015
9197180 6142614
7574957 8069420
9539947 3886693
3434007 3557832
2084171 6570603
9379053 5534620
4134726 6152891
8791752 5027034
3982166 1188403
9116005 139703
3885883 1759358
4757493 981770
4275485 6083156
1338491 9719212
1353514 3459209
1415498 9095654
4386463 397094
7555857 2097688
3172359 7476204
18486 3858400
3170418 2900784
6762561 1903958
3283855 7329055
5823273 2093896
8474715 4289459
8785085 1779300
768841 4258703
72982 5124006
5361184 8182190
7878260 9354794
7829011 3490607
7349838 7651697
3192398 9376573
4346802 3933728
6120901 1682322
1070601 7678062
148659 1315267
3934786 5495793
612954 92128
9348329 5778537
5034489 778046
7173687 6048772
5842129 4954157
1375064 3984854
5441745 6225800
1994561 9803790
5513421 6378243
8927939 1979944
5558308 6980847
4236066 1451831
6497985 7738955
8781809 993649
1134674 3384679
9948033 6439218
576430 1249862
5819674 888836
8747723 8298016
11726 901274
2722191 2952029
8998722 1330755
6372344 2836064
8784493 2711200
3449455 4072124
8480929 6975121
8395095 2834420
514760 5801023
318900 4764941
6951371 5474270
798728 4104494
5539542 2093654
1438056 7587733
2077203 2329429
8615266 7370262
9471466 1757232
6099965 9090438
7222408 9951661
6633762 5085623
7311326 6979782
6909139 8471457
113141 3060869
1711207 8068903
8378033 2502782
9109480 1895636
1067428 3805224
6553463 2575939
6500808 6258553
6419568 5002141
6529539 3701316
6314569 6087356
839523 5881461
3592644 182901
4272910 2891036
2477804 4591728
9910368 6417573
2915962 8887461
5722435 7419451
7705074 6900476
5706609 4350042
5942640 4178304
5844573 9391831
6553250 2616818
3461503 1573012
5618084 5100464
8231856 7555119
5060931 7599762
7161296 583416
3268303 7076695
2864864 1219541
6775678 1021810
5736716 7063967
9588206 4337027
4674933 9713998
9028522 9792041
944616 3356036
5259923 7585432
575958 4684091
7423807 6586239
4619027 6797912
7710313 8440578
2386676 3361353
3790288 9589518
8757490 2512854
3281592 8917806
7677739 3403044
3801433 5773427
2189578 1031220
1985039 7908593
7466580 7452132
3662791 7779946
3068139 9882439
6363448 9163425
8178208 5729362
9810524 9393080
4564987 6808168
2823967 3733012
6450920 267204
9998790 4695485
9897196 9665831
3580938 3132782
2148142 9612082
7009976 3837426
3231160 7124113
5605599 6453573
1983722 9574832
1970704 4839208
6935912 144130
9183151 3500344
2236188 3367573
1352353 3344010
7713519 1823452
6985019 586403
8252579 8006606
9607303 4063572
6253386 9234824
1146338 2854377
8467440 3434547
6669123 5207292
2935405 6882650
5281664 803288
7621080 422490
6535429 7040886
8385924 9759647
8660830 1269410
7839815 5304961
9580036 3856030
9543204 9519867
8187429 6660413
7631580 4461434
6716219 985988
6477342 5261785
8718430 427705
8687712 9625036
2035029 2818743
3698783 383830
2722221 1353451
9940703 185947
1734543 714356
2891603 9024848
5160993 7493110
8458565 2415917
7055698 9482967
2055189 4823013
2418795 8471173
9988778 8114586
8211301 7764402
4815206 4871913
8510187 2514280
151475 4701323
2702322 2240722
3820095 1859903
5981469 8164443
4304650 266467
3553287 8401931
2199007 9978489
3120867 905395
9723929 7271712
6990809 5068136
4287389 8949791
1370933 737564
8214808 9035754
2290318 7760517
9740888 7344905
9057090 1608473
6756814 5537968
4145107 6849308
7525973 5239079
808942 4257552
2120825 490486
249643 1196092
1573611 1757358
562534 3294022
7540358 6700992
3719849 4770319
4954967 3903561
4753878 5792505
3178287 7910142
455811 1960888
8093251 5163492
4867528 3146989
5841966 4134554
4685532 1138565
7908039 8235154
7941043 8891729
3600605 6968156
6581715 9906198
9742391 7809636
6506370 5872172
4180120 1282681
6423823 9086595
4858878 4913810
305412 7997185
1085301 1575477
72626 4751189
6579264 2324321
8313182 9067216
9538102 419487
2583858 7708827
5806742 4396617
9335828 1780864
8021252 5226649
4802833 5259886
503932 129368
2065890 4236616
1960780 8834010
1362092 3612039
9012925 1290744
8447013 6116598
7862765 1634646
8656214 470698
3088098 3215150
5545080 310163
1686 3815681
6546450 4127608
6643918 2883544
3549107 2825047
6785661 1530824
1810485 7220452
9004787 5621283
9094150 4585154
7398330 424593
4960909 830270
3812530 1170532
9642046 6344646
8665786 1463812
512380 4805219
6425208 6090817
2529330 2701451
7798407 1101855
9834832 7580269
7423444 1959131
2161109 7965392
8259908 1140260
7405976 5451598
3445304 1872545
4408861 8447919
7420711 297640
59441 6249809
2128352 2222102
4487323 6663480
965083 9027461
7441019 5840597
3216446 67556
9997585 995833
1793431 4711613
7850088 3443868
6597506 939077
3470924 8842710
3685969 292614
2889510 4160884
6864052 2000287
6093895 7657474
7579235 8947138
9404661 5327128
3848061 6268809
3596972 968646
614590 4113039
7631041 1647379
3456614 4320248
9978457 5736126
670735 1929562
7754349 91472
7984897 8716933
2055417 63824
1841065 7574634
9139530 3634613
9520262 8057271
8267696 6530360
3513434 985580
8759245 8695007
4247308 8778714
9330842 2645976
1538537 6761286
1320568 6338087
780633 7558841
420931 3287288
1651957 4148609
8690256 4073904
4548790 7796616
3127378 528014
4204467 5451758
1257210 7998393
4815229 5986718
2688592 2119354
1345034 8099840
9245287 6540686
3701066 6152437
9609548 6823061
5368151 6477923
5127072 2988809
7350867 7959842
595520 8334234
5352960 3296044
8149390 4160286
3416296 9671545
6466251 9045073
290017 6429644
8483448 7307344
3105639 2774424
1947570 5907852
3108899 4894958
9269318 3545876
8666531 8803247
2148873 5118662
3531400 6286783
2655097 9954205
4206330 4046756
5482226 2112681
5977860 7074786
9166203 7247072
8366256 1752628
3609205 3283802
777189 5914618
5965210 4931970
8080426 9823928
1748113 8124585
4299207 5665692
3689353 684369
4918967 4544405
983219 1869802
7580644 9979089
3304655 3996520
6552323 6589331
9942316 3903573
8125393 3519900
4711999 5741230
5939872 8260798
1403877 7908883
1859263 2690800
5674054 294201
3358172 3622778
7425571 5051430
1359566 5118375
4983075 4994851
835693 2160378
5795766 7519047
2708269 2787397
7362584 9868163
2941834 5766748
176553 5807433
3720915 5975641
252942 2336598
2181001 6362921
6383394 8036998
6050258 2863198
3975359 9400589
6704938 4649585
6298960 992027
1741866 9949349
4407498 6282118
6290284 5696236
1229507 8230117
2107535 7747499
5259984 3384945
8483125 4666277
6322507 4480950
4740220 1237099
3311802 3055439
8487 3561998
5976998 3572458
2781865 867551
7817425 7826173
6414069 9866932
4113424 1779749
2172842 5635267
8972721 3546801
2960486 7696555
8147686 9880593
6974872 8170969
7307638 4104750
3984947 7038796
7424638 9120687
5450758 1622183
9205998 6614267
5751511 3312406
2117067 7911882
4623181 4568074
4086515 2967085
7525076 9184272
176923 7321000
7378872 4332435
3733153 8627179
6690469 4989199
1226112 6709093
1171300 2314977
405220 6513703
2489732 1762192
1655163 4563332
6917790 4985150
3682391 6475292
7127736 5718061
2936553 2953528
2050581 1438265
631720 8554243
5806421 1940775
5384586 5386601
943785 599271
3405472 2756448
3955915 8950839
3152509 4816397
1213666 6967874
8142886 5534046
3450608 3890602
1535105 8944703
8412776 76575
1630746 2445849
100927 9243333
9814727 8034938
6597582 7227893
6192861 2402821
1658784 6696324
709028 6658355
3663761 6062596
3694027 3108180
3756585 2136569
5196430 6937615
3059568 1802373
4122203 979915
6292366 7003889
1120964 2407054
537297 8111679
9914482 7360189
8257120 4770226
7772582 2001977
9916721 7033373
8799556 7670492
3151953 6285056
5808951 2459751
3582622 31476
3098725 2471904
637437 2717132
2361308 5701248
3225116 6289715
4311553 2590834
8900801 2508636
7431815 3112103
7020828 9139488
401117 9235285
7028919 2503326
3370589 7945231
584310 4904852
8950208 1144406
4454119 1610316
7008499 2502816
3171749 7595713
4118135 3844916
6243418 8184807
7993831 4790275
2332254 4788455
6676542 4676879
580130 9124624
5867439 4524397
3042825 7147434
9040976 5370097
72942 3952564
8588486 4228512
9649568 4624161
4679887 6848990
1067487 8015686
7521673 853070
9912386 1136595
9920011 7353870
6631555 5378157
8579697 3439655
7005391 9310608
2668715 7717210
2851484 8311576
6314220 8699515
5815869 7884002
6140071 5861942
5840237 3802507
1558673 126724
210232 5279642
6431012 7460052
5840533 803119
8497468 1446845
6484876 7530901
1010702 5179642
5850934 7048774
6276768 9773772
9958949 587166
326573 3274821
9584280 7081096
3996288 3544500
6653767 1165311
5760942 3796164
9415707 5969540
5654668 6322079
9001447 3560395
8361503 2329800
7297208 1022621
5713152 1234912
8754782 3832341
3954415 3753938
3288871 5675494
741739 5883111
2659993 7889998
2361567 5105477
5600664 8742107
4931253 9981483
9526113 9732006
146583 486337
586954 518193
3935703 1366017
2838418 5091881
7703949 112729
6279690 4867188
233386 2738224
6906723 8747948
494859 6168458
6686843 4973083
5497836 2168108
269703 9819081
3934163 9232517
8232929 6259797
7371176 1621994
2254412 7570983
8052855 2825738
7992690 2928481
9429033 4791591
4350057 2983848
4385309 4990393
3777917 6022355
2388919 4231701
9769452 306592
7222065 6624964
5476681 3272965
3131580 6714618
7241072 4341722
1471298 7397572
6662456 9435524
7941292 6441092
4414357 6241456
2036637 6413066
5926386 7155203
2239205 5570965
4332883 8076250
1706346 7384093
6083390 7317213
2951304 4317
8946903 7701873
9124010 1381242
4136970 8436278
4830391 5077014
6757197 8417683
4230795 6134327
5997376 919841
872010 4755400
5266192 9810951
5558651 551456
7640564 78600
2493990 2882559
6093443 5455250
6877960 6358756
3384939 6423549
3348830 9088006
4021053 8971085
4457868 1742330
3058416 1951115
4036206 7986803
6712435 2378896
8790260 1298818
7837247 854398
3541296 2859911
7451560 3496040
6192256 9571945
9916707 7123868
8533554 3067269
6206309 6248325
7084439 5497991
7718322 6902889
6571052 7549275
7048948 2094919
573185 9176586
5434443 3067656
8396502 2793857
4864500 8829204
6738945 89811
147756 4347642
3487393 6654074
772190 1323053
4094307 6842187
1202339 3587169
2563182 5803598
4488746 7629408
8833202 2430563
574720 5613585
6580903 7950840
3727588 125418
9426577 9087748
5129318 5315474
6235440 9258901
7335008 9530205
4970634 8231422
2374296 7865395
3180853 5996039
8342283 9689904
243404 7046167
8748650 835572
2212892 1901340
5878300 7446257
2679207 456036
552993 4833856
9757650 5080945
6273500 2987768
4971196 3038896
1117011 5531327
9709525 3473931
6242207 2414220
3578523 4568944
9597125 3594881
190030 1020813
4541906 9206136
1564461 2863025
561166 2446523
1214854 4894782
3026516 6117963
7505534 4306366
4890772 2078039
1932371 7687656
5532522 2095324
1455909 3225038
4854958 2590717
9209089 8043090
450875 6431385
5902306 1445768
2858868 9182977
6402799 5524800
7840926 2475119
2654452 6764496
4430009 9718784
9189585 4291029
356862 5393200
3917595 2980090
6078411 2813224
9019270 534175
9667758 205405
5502481 5215835
2451510 5866635
2229058 9558611
8646713 841654
2514459 1634140
5454522 692955
3177761 9319917
448523 9429941
5620327 3145456
5999125 5540385
2588112 1745244
825294 9676166
1882530 3362887
5441628 8672420
3503025 713303
8495626 2758073
2641773 4327589
7035662 7208836
4289262 5366910
4239024 4295291
8591928 9456928
6029918 7485224
3798800 9058411
1946730 1663351
610494 3785652
5897786 4062915
2178713 1392844
8872359 4148172
3623204 8656918
6785805 4691622
1253828 1569823
9327634 5305755
883454 5407342
674203 8202668
456939 8792535
4962349 3569515
7183336 7010389
8723271 494655
7783812 6756097
1056853 4807598
2943443 9062192
7804042 2946557
8668892 3664129
7541723 3187645
8195407 4236671
6472263 4448656
4880350 5813145
5893688 6012552
8638903 2640049
4163750 4071263
9082211 1036011
73802 8635601
2365967 134839
5323116 1439933
9140936 5938823
3538351 1123058
7037718 7166726
3233759 8956657
1684417 4041819
7818142 671566
8429021 3778509
8094212 7402892
6583371 3127708
3599890 5273966
5507210 5088803
1133429 2143028
715917 8605691
1628219 4011682
5102043 8454297
2534184 7790022
2708166 9637389
8113320 9575993
8882530 2248247
4266548 1642300
6612226 7294622
4733106 2334593
3120070 3254897
5658852 3951872
3433989 1488402
9300150 864313
2769097 6069727
6813136 8876982
6302210 9641378
8796757 390215
9069849 9339364
3015952 9020640
5846365 7229387
2812621 7399332
7133048 2014736
7037671 7921818
8612239 3685288
8684642 6057103
872210 7783024
528285 7962993
4245044 60492
5144113 8805073
4433035 2945586
7243556 1111870
4801867 5016608
9434327 7215278
4473 1253662
3624441 4893463
1715985 568337
7578826 6393328
5006053 2646878
1274624 8262300
6838260 6906013
3016387 5157484
1010352 3765627
4386307 5839684
9494650 5119637
6614483 2686611
3180965 5879239
414055 2629229
5259022 5649128
6147972 5538978
2136935 3216031
9007834 4797660
3859129 3421012
7060034 1490628
9155963 768598
4654471 3352839
7722718 1031395
7297033 2208366
3883508 5559190
8263418 9736837
1373455 868501
54959 2991038
4609780 4862182
7348344 1698508
4392072 1067367
3951815 9561003
6801210 3042903
2879738 5898678
3884959 4239031
4582177 8818750
6782378 1339222
2923643 154582
8190578 7584694
7114434 773448
767786 2196213
1208583 661417
4439668 4300957
4601009 4249252
8935416 2103237
6239830 4960011
8018510 8141925
5441611 4661923
7434200 5922237
8148089 8626438
5585766 9078724
5120257 2530021
9604646 7354384
4874109 9137965
671315 7266753
7005157 2848856
9732045 7191936
2449033 353070
2037462 7774220
8829572 9854548
1599817 1306894
7188641 3561148
7710719 1631279
8902293 5125548
2159331 8900436
6943688 7682611
3663890 7735498
5949890 1198777
2183146 7637671
2331184 4764751
4007651 1310751
8095234 470591
3793785 3683767
6360783 6071509
2174911 7280875
5259576 9761601
5987744 1459636
4590122 9406943
5808169 6213228
4636507 9162155
2857943 7244642
9231831 2527193
3397446 4858611
283229 8226143
386753 571961
2472255 7506519
2298274 7851405
1654660 6895991
2842130 2364037
8485961 2497527
6755762 8355318
3744767 3815525
4455736 8346788
3021143 730563
9270254 8523551
6054615 4157859
5054228 1973138
695617 508923
6681110 6462693
6752078 3396528
9027179 663211
6429781 3454180
9105532 1870378
7231033 7717933
3727998 3157901
6755748 7069815
5656714 4531790
1396710 2032937
8914829 3034038
2117779 206397
8121403 7590047
5260076 3090129
3058384 4425757
9378634 5617539
9169980 8554283
42227 9974383
4668110 4718894
1435909 9382917
9453634 7083062
5360305 4076040
4788247 2973055
9295239 6901458
1947751 8166397
404260 8686738
6753400 9411156
8480733 5877002
492039 4029119
1668289 4491716
5501403 987604
2666286 3531679
6881747 8509542
5606177 1821926
768205 7862057
9497060 2676774
3428284 8712967
8069421 1275027
7348339 7771966
3147228 7977915
7454230 4563710
7280945 6916366
9561922 5179603
159856 8046659
9508189 5632118
8597063 2645953
1819104 9099281
682555 2630095
353361 5022311
8501833 3687435
5394085 7535294
177600 2262355
7829703 9219768
3306889 5602583
4237528 4758888
4166474 6984714
430848 2676271
9011674 4413498
4976822 2705780
9550659 3378493
8579284 8580792
16706 6387494
6022315 7180200
6582929 5952519
7727328 1743529
7769549 3314438
6043057 3667399
3699948 4006091
9678100 7985981
7844359 8138974
7917159 4882144
4588615 5296117
6567181 8005865
6533367 2889661
1700038 3942038
4268417 3997441
5812460 4864588
4769974 4488032
4494745 891060
4058189 2761924
6202887 9965957
1156593 9386219
8799651 5679811
6445981 1240601
2774451 5291056
2964004 72642
9641843 8589106
2693984 1279024
587705 5355135
5011848 7296814
9922518 3926640
924870 8678538
6760742 1068748
1173721 2533851
9970446 9143562
8694839 1916028
5375151 6571359
8456298 409082
5456154 8732654
4088071 7715052
1332128 5843687
9496654 6959842
9431614 4105653
6129442 3315526
8186914 1662771
9039616 458787
7035921 4810147
3231995 9439980
6556877 2220022
4951357 5110794
6728321 1806183
9604784 3536146
2526371 2924836
6197228 8813267
243086 1937575
3856126 6107232
8331083 1002132
3329198 3794175
9487628 39379
3886606 5927180
4316302 561377
1281479 1319568
1655248 2121215
1329662 1933518
995631 3899913
5353615 7608943
1102382 9344252
7106016 8033148
2144786 9918309
4466690 116119
6685374 5733706
9186924 3516344
2704054 8381889
7719889 1590191
1596266 7802914
7927188 7959089
5153935 8919119
1841577 8376659
449463 4925762
1499162 9435022
7777898 7532410
5235193 5933264
2870153 276271
5471585 6424750
2401427 9079445
5233899 6450439
2938947 1774180
8735550 1033019
933122 3455938
1891689 9751298
9547022 2859161
8509256 7774115
9739377 7802129
5873542 9950422
2380766 1631799
1470542 8371240
4703514 7781085
9276538 8616538
297407 7247138
2312384 2162719
8969931 967149
363347 371805
2467911 9454726
2529355 7016211
918977 9547728
4194923 4933508
82166 2052865
1338634 4598898
7691659 4951876
4929871 3892486
3318751 4287667
6938552 3612745
6572980 2370338
7940399 1860596
8854175 564335
3147675 4793855
892904 1149533
2311366 8565414
5993178 674356
8469531 9773164
6115080 7757858
5070927 4207641
4458779 8381162
9442085 2602503
7316555 6898123
8917917 4155601
2625637 1187395
6360880 1034077
3753717 6252288
1441256 8156192
5726988 8582153
6109590 2922353
9607830 8648848
7321354 3162481
9417465 4658041
5296833 444413
1582213 3492527
4372054 1937782
6087910 5160267
3248469 76870
7789786 9990550
655965 7080573
2596619 2006582
198764 3353935
834977 394633
4712905 3881968
1925787 2712405
2437715 5311481
588626 389003
7897743 8143201
874546 2547993
510688 5161332
8230466 8780339
633109 6351298
4911917 8231023
4446451 4101419
767461 4805402
4372517 3855172
345540 9688418
1767249 2440450
4227798 9501769
3287810 5883516
6311433 4507516
2810565 6725299
4202569 7595447
2906878 9511990
7093509 3959573
2786297 5272769
4981086 1728793
924247 2267162
5947690 3601922
6892594 586347
8795375 7241106
9226181 7556472
1334119 8193101
1586482 4015500
1693768 2963887
364604 7787928
6395246 7354756
779853 8473511
995318 6895549
6375087 4074045
2333515 4911613
9444696 3784542
714049 4590475
1959918 7997357
3092309 9984609
1180315 1760219
2551797 2579587
4134049 1275764
8863977 8732727
2212699 8758480
6262072 6158986
409204 5730112
8651924 458544
3035000 2887798
7799160 9572770
8723301 141025
811506 8037291
8740790 719984
2098834 7915210
3436534 2291816
8965761 9959024
6016778 9406300
80990 999748
820730 8337731
7003090 2293978
4676411 3494902
2905001 3746527
1301104 6004245
767998 869122
5388295 8564047
2142556 2920629
8399601 5930861
8380025 2120421
3028258 3349548
6597500 3991804
9982041 376865
7270776 2195792
2477579 1173266
3155542 303007
2955914 4490080
5891646 2601327
5847271 4188758
1548984 5274665
4148509 9395040
4727917 8410290
5754889 7228035
5789589 1822864
9972311 1652017
9421131 7419626
8322079 8137392
3587144 9233860
1418893 6865340
7884863 5325724
999640 8829306
188784 5702203
4248421 4821147
823091 3027742
4579978 7879877
744685 1481230
3186609 6202494
8426137 1523674
5141310 4606095
2879884 9253003
6457143 2126148
2552608 3934713
2547841 2618294
1966447 3231362
748046 4233771
117926 8435734
8314599 7340987
9610581 9627315
5204308 9398194
6090970 986963
2878738 8533112
1015002 5624759
6389187 3469611
9169249 6945726
155368 5162205
3327165 4245765
6824304 6139929
2653337 7046394
5838304 5918056
3083165 3263744
4375713 9598310
9230878 9306088
833396 9398047
8556304 5247431
2137890 1650974
8756101 4517127
8404172 3521694
5321118 6943619
7055458 5392451
319129 5930981
855413 6776946
1342911 1861194
6389907 1168897
75422 4786658
4163226 3852479
1984633 8223221
4134904 600875
3492553 7225866
3310295 6609811
438511 7472791
6333063 7351215
2893118 2398451
1583072 5893600
2016288 1594666
2384449 4060212
2277634 8853703
8254546 8720234
1935181 5079755
7957226 9199346
1008548 401432
5212429 218135
4353423 5048942
443685 6246304
6533179 4271625
3606063 1119575
2439273 4648619
2216944 3086590
9286227 8611250
7841993 566204
1954976 4746619
803333 7694871
2956970 2577905
9406664 6606261
2880179 9820202
7939428 7088746
3037615 6020968
8874902 2081613
1787464 8762549
3793293 3442728
1300276 3205041
5425196 3985865
6482603 1488317
6757604 5666970
6485202 903520
3228494 6410778
1082601 2688360
4891718 2963537
1940814 1871807
4310636 1081293
2112228 548569
3224428 9474718
1772357 799666
8136152 4572224
4628678 1610564
3770284 8873630
647138 5340757
2684389 3747394
4703789 1681594
8504914 702016
8989558 5025589
8152965 2043529
671819 9665648
6771142 2133159
9246788 8669784
1867366 9427391
9482791 6637821
87891 3233388
3489261 8216718
8215400 6317217
7245909 4208370
2629912 2522148
5694748 7912087
6529165 1873535
1496892 3524282
4386698 9460454
5022162 4599739
9539210 4551192
5912884 4168028
8609789 2836437
2099464 7595992
5357026 8608953
6603270 5979205
2353380 4746731
6728485 5625852
7980614 807080
5315205 635961
7700877 5196844
8322238 1884050
9751301 4557565
4170817 2492518
4715420 6147176
9479540 197064
5658802 9525480
7910793 5043979
9515833 7422755
1600386 6091881
7580272 3173713
4679283 1466597
1216173 6769934
165782 4588762
294404 6411470
8284408 5755989
841574 2290258
9489974 5991362
8072469 3050095
1207112 9343491
174312 1338691
8759394 9301406
6487402 797467
3205354 4983700
6751091 3909504
2904492 5062760
1113347 3954469
1427566 6560913
2269724 4758773
2840469 9231811
3317712 3288047
1532786 4799465
756814 9115480
5268873 109580
5374187 8060093
6478412 6211946
3866367 4818211
2804535 4880854
1965125 3685647
4003723 3854272
3481967 5723077
7184112 711957
819283 1382503
6727966 8595292
9467196 3836137
1484313 9097092
5053390 5097009
6011222 7769482
8759409 1296212
9524097 706597
6629442 1377101
3054355 4827832
3271160 7640819
425399 6040123
5138277 4760351
5943916 9959089
3842192 8393734
9164988 5030846
9381382 393497
4750470 6626636
276912 1289241
5743117 5844514
6627362 8150349
6611077 6371548
2486336 6146894
9874799 7702851
9174674 9271842
7666869 109374
9644689 1902158
6646603 7913438
3445618 6195341
3523406 4256317
5719362 7752843
6193611 1754136
7327548 2916365
3159562 8225986
3557405 9220169
3497692 9689108
5461601 1147743
6151679 7954273
4091120 4814762
8567528 7263899
7382633 5239803
8690555 1062885
5954427 7585420
9877195 4130051
5943937 9641218
7292790 5515315
8229419 5311740
8361937 4237938
1394180 2540175
5858501 1336221
304586 8923097
1886235 3475025
9531932 7234548
9756128 6953338
517327 8890571
7434405 6034837
2625729 1111568
7590624 7749327
8902822 4558926
2459304 2861107
4923628 2030005
7704973 8468385
3497634 7298631
7623029 7411006
475552 9820079
8428718 3676002
1639423 4093130
633804 6438643
236289 9713832
3019911 4437782
8602715 2432247
3274198 1760756
3896373 3904743
1326204 9646566
490540 674640
4178003 1534979
5641571 9326753
1231740 9216122
5634987 7791611
1034620 1103186
3266412 587702
2959296 2833346
8265814 6192603
3947164 4537017
7729960 5710348
4791100 153539
5545886 3104501
8418340 4561719
8320160 7728327
9360174 4575533
9200713 4862038
9603253 1949877
9422464 9903707
9953152 3364957
7740969 9743885
8948420 6181637
8941779 2492913
2828959 9828514
9360176 5329047
8412165 8014022
6093762 832755
6417226 6240235
2453832 8895104
5261024 6967531
8617395 7377814
1123495 9208570
8743554 3817151
2213200 8846825
4822030 5938838
9489022 4653369
282052 4104050
3261203 7524363
1721114 9503694
9496230 509216
3408557 6951938
3464560 4631163
4560055 2753307
2561994 1074019
3396058 7266185
9493625 8565727
8558761 6589594
8117668 9958997
3705890 9009470
8117562 9875460
7203518 2573691
8484337 3463977
956015 5060383
996643 4425463
8799209 6179297
2961756 3965275
1317379 8195576
9948161 3667096
7881820 959392
823586 1697585
9306988 4465694
4578491 3745533
7611795 4356842
6058258 5949640
2064246 5286796
2553533 9343569
6926393 3436914
7902451 6467427
9656521 1455569
8538234 1834378
2899111 7397570
4157145 3943504
8006234 9599619
7306503 4082342
4225886 6217313
8085638 6406289
1798926 3647453
4450459 5385350
9644471 1137334
2175641 4224486
702951 3093976
3053149 6772849
2289758 4322130
3179007 3294696
1958551 1116042
408977 6033384
1242998 6015455
6326478 8134030
5784453 2837657
1801803 1398575
6281627 2214929
9580543 7446402
2435020 5443456
1843211 4560970
5352742 6411729
6467733 9576031
6738247 7228602
9131199 78637
1670639 1519768
8613072 1295859
2429665 2680924
3903472 7001588
3856083 1480729
1189466 8596691
7473173 1651343
9975798 1132619
4976436 209067
7717202 5878121
9346678 6641803
712692 959678
2260590 1968218
8383455 9488046
5553241 358001
851128 4375241
5993290 1808454
4150098 7189626
2891703 2833242
1466470 9305977
8889009 8470486
6592116 3307693
9463998 5411064
5708383 8040183
3397698 926897
6351030 3570981
736526 5884926
6269362 5603668
6266275 4166809
9124972 4618579
6742966 9596249
6899972 5266779
1494204 5025579
6333959 8129837
3271204 826858
2156284 9871602
6354578 35667
8545376 2334865
6925679 6949063
7401278 9900705
4834702 3074087
1015327 8415937
5952983 109672
6110933 5795440
2391769 8254212
8150843 8135658
8896072 9951326
3445035 3855027
9058341 6451422
4430378 1183144
7256400 5744939
6697975 727203
2034977 4232827
3150247 1486785
5860998 6693533
547976 7793561
2488055 5457511
6397353 9779546
5081492 5859554
1522205 1185338
8787487 2878180
6482748 6997190
4341016 5230099
5073883 7521755
1395056 2653630
3849388 8674551
8497896 2529834
6671248 5669326
1740819 399623
7167360 5924459
7608652 4446198
2275114 1259348
1773745 1390700
8766277 6539919
2598306 7003545
3012469 7731730
1544156 6654150
3267115 3654419
2606607 713395
2217925 1677163
2607999 3356697
7122073 6656698
5212560 9166836
8832033 7696965
5144322 7833017
5580691 7429022
2255525 1537109
4203608 4980788
8793906 2630954
9941308 7718882
5283153 5529686
3108435 5300509
7588494 5717199
6315534 712181
6242613 8326842
5668759 3376762
3459996 6129014
5991504 4187162
5688283 9729264
6082725 7548101
9436102 5154038
46575 4967444
5807479 260524
136192 9913445
2731178 2509356
1701959 6094502
5003869 2112602
5427065 7578861
5227044 1901655
3816036 893339
5652120 7452306
9785403 9950755
288770 6802455
5914749 9680835
5311025 9844960
3365346 9694865
3695408 9906968
5461696 6488463
6837652 3393243
2824174 5386524
3407738 3033367
2060394 9129004
3475902 8494073
4432890 6674956
1780706 1595896
6871505 1587423
1816548 4156832
2099280 9792143
5572813 1672087
7882582 4084031
1319876 2515122
1381811 2461977
9074620 7723188
660396 9622071
7348789 2700083
8073421 2828762
2985475 1293668
3983311 2147894
6862158 7873758
5332381 7208866
2887235 3007437
666432 4908275
7264110 6423460
1043190 5265776
9316310 9726125
9200873 9006983
110508 4772502
4515677 7307432
6547797 7834146
1428874 1731156
2322704 1656829
6138654 5316383
2945724 5874978
4258047 6220521
2687077 5922585
1821447 4020996
8684844 2806788
5626286 7046580
4209468 4045289
8375738 641973
9308480 8081330
7617840 9575027
7497979 887930
5348537 3317671
5016921 2844433
6105280 5579720
1139555 1860872
1815056 7988235
1969705 774012
3796700 6388628
6451771 525596
1099188 2007295
4905432 750618
1834352 1627764
2627863 3076891
2781380 9181619
80218 1799611
8632556 5264652
3236813 8390113
2187885 9624476
7443963 8052543
1596145 979167
2318325 4203788
2113085 6450930
9562274 4923123
785002 352894
4433299 5399827
9544017 2641362
3234788 4581912
165376 9369202
5508829 464287
3177565 8781215
145925 2977232
5796282 1363728
396193 6738084
6061241 8715847
5101423 754643
8380648 3200572
5651244 4853897
7651015 1621113
584061 7410343
3270992 6578885
4629628 3891775
7525872 3798664
5005525 6835190
5750151 5096970
9159318 481022
2129765 7863072
4031196 3166647
7761133 3494201
8379050 4570113
4099007 5595119
7185463 1017883
3588548 4229007
4879860 8748076
40069 9999047
7577635 7281783
151865 9635236
8725622 2530021
28533 1753360
2717669 4948154
6698874 2201798
3897748 2489102
1343227 4011364
5106186 112394
1668534 6171743
737082 5965447
5739311 7467881
7014693 6922674
1394112 7088355
4732074 5628011
2195409 3902522
6382553 7957045
3256040 6440241
1013529 1722560
5645255 8831436
5667978 7477491
2783549 8501100
3650224 5169019
6611749 8727656
3221596 7488144
161066 3626481
1895639 8329576
7555116 8219061
8875486 3982809
1924610 7693573
9995077 203971
2741127 1703850
813619 7943489
7613482 7935623
7365969 3574244
9045475 3877558
759369 2657852
7518579 6001684
8889275 1530356
7958729 745521
5004053 9992832
4354151 3518102
6064952 9955996
740333 151041
4891658 7905297
8566169 7343912
904109 4810457
3570589 5169993
56466 1264398
6761863 3575840
7711700 6833423
8652746 5938589
9447546 8352308
8904751 6567616
7123112 5169559
2579217 5100647
3282531 812048
432089 6460611
2629309 8522715
514031 5040308
7116011 1912625
4915215 5716998
191982 243355
1479370 9139963
7470831 1746913
4573591 3192987
6722487 3309063
2960060 4270899
8201727 8705334
3072260 6394001
1716384 5175479
1853662 9078971
8009786 5881720
6130818 6992009
7042579 6745025
9183540 6378753
4576362 5437696
9712990 2502295
9850822 8415109
3948237 4521428
3580674 8635141
6992429 8511678
3457327 6264259
1777898 3472536
1248224 1295671
7412385 2220149
6858501 4881872
6855584 2798318
7145343 7986578
1065794 8824031
4861683 9097845
917579 5052245
7519319 4605047
6514038 9145134
3341949 3128482
9172962 2562896
1915561 7486320
8705682 5136077
1590638 5961693
2231088 2039791
8532460 7440766
2218538 7723221
7343875 6166573
1674863 5745760
457342 6538952
2920253 7856051
3756301 1495974
4581266 2786363
5151899 7907021
534668 3349491
1015708 6655044
8636930 4176994
6316164 43261
8638493 9821148
3324491 7461298
4135966 805747
5595210 6377565
612261 1459979
5317598 4669055
742518 4247714
429566 7187353
2458102 4336726
4425512 5629523
8085237 530378
7513013 81800
4159864 3281398
4301489 2174271
9123303 6554031
5081527 2167910
7502305 1707656
1703766 1233537
4670189 6735412
7047615 7032935
7541242 3346255
4406026 9150960
9970641 5332420
9112397 165551
4142051 1633166
1731314 5096255
321344 4667655
4121117 1495171
5307962 6490194
2318864 8242412
6652922 5671744
3022002 8556657
3708534 9309377
5515321 5937084
1394102 2035242
9994630 8507868
3492588 2020901
3575794 7295309
9402023 5965350
510724 3806432
8078839 2916208
9837551 6278812
6529853 2245226
5114527 4809276
3420252 6945843
2912050 6862092
667467 8122517
2885766 2864636
6681539 319200
9607708 5198282
5112250 4028078
2916008 6470639
774039 2607286
6201100 7158424
6880665 5307788
8794242 160770
8381099 5559089
2438905 9712782
9639473 4462289
4542876 1119912
2775365 6939289
6273534 2522890
5284956 2139211
9302236 5609097
7060224 6564767
3732439 1844806
8101544 1785044
6754327 4126013
1738888 19811
4316537 273879
4737029 6001199
8596159 4214346
6822001 4918547
3811158 6461203
1080700 6250845
3763172 7697786
6535498 1727874
8297391 3162963
146786 7015504
1096764 9486260
8813567 6892555
3282295 1534811
7527421 8892984
9167072 9501192
6969917 8809259
7740434 5721040
3674252 3030805
9518912 5074483
9169846 9605245
8702204 2867737
7564941 1539756
2536465 240567
5692000 643214
7354478 1537588
7728246 2397392
2164521 9025537
4198325 482382
6708323 8413217
9621058 9507308
6837589 4154414
4305509 9144219
8513635 3997086
7960306 6561536
9925917 4793248
1992285 7554199
1673307 5351238
6651096 168768
6536912 9436408
1964332 6317226
5955990 2390873
9576565 8177805
2355392 4699862
166982 1145103
3841949 5821845
4484674 6667946
9612449 2797254
8613615 4853733
9668974 3869844
7976424 4112168
3762365 7873308
5500131 5922227
7172127 9367491
1474717 50229
4505870 9973417
6282113 6267058
2565497 8218434
1548174 1173422
3473377 9566122
8861198 5202808
9276877 9540138
9407734 864212
4300224 7636717
9465314 7723922
6768355 599844
2716415 6446223
4922693 8251600
2237642 7611870
9303334 3942503
6372687 3774517
5958241 35271
1706570 113741
6980427 7298897
4604658 6981471
9213568 6820042
8113965 1124127
1797657 1008983
5201387 8917978
1833061 7451651
3322784 704262
5705449 4059114
7252770 4512851
1133862 8593600
9962922 4879012
7300194 1122383
5462280 6528170
7834440 7409019
824280 2426073
6131836 1658361
3945697 958637
7458919 2763457
8299139 2689901
9373935 1432212
7951690 6615624
7853650 8385075
3280216 3627299
4102355 7556094
7027644 9854062
1537261 349443
2214412 7243220
6560361 8168851
9673251 4040783
3576898 2564222
8179552 9822837
2950375 2096901
6307472 5553245
8628521 2534624
8880410 7334770
7979530 7177171
5337159 3866360
4066573 28868
1760709 4687790
5108124 2231720
2262778 9970749
1572488 4052070
2549898 2293711
7164423 7070245
7841746 7005144
8212776 1685088
5226557 7564669
1635828 4016742
3320740 229271
2771173 9846426
6496876 4080367
7633180 7186749
6923223 9316573
9683855 357117
396989 608189
9811529 1003657
1273621 7885258
6776887 1631328
2097418 7637212
5249905 810601
5154689 101018
374895 504388
1312492 3117202
4689443 4144404
10170 9672842
7842171 3051088
617952 3370449
9377144 7168549
3860856 1582699
4582860 7985536
4722854 7604145
2559045 8982630
9885086 6008150
342449 2103460
2622182 4570351
942684 2391975
377421 241482
8701343 7476974
7814871 7717401
3439783 5716624
9958295 7328335
4116786 7700234
7094565 2322784
79103 6824634
2750567 2894497
2838785 5983345
9993512 5914629
3181518 6913413
8655142 2846247
1976300 80352
3625194 303756
9742025 614445
1693871 9712482
9387260 4862528
2114275 5113485
450116 6986144
108384 3070387
1862408 9219234
9253388 3076875
9648166 3003080
8546942 5745738
6258529 140516
2324179 5240784
811181 5443264
4936603 3977533
6555722 2533643
1136427 8574621
251297 198079
2040979 9595888
9833465 1632299
3712280 6062775
8916410 4380440
5704374 7848608
4970371 5471427
8012170 3762129
1295301 941343
2177552 2869015
1207897 4254760
8108402 3774134
3914944 9411561
160540 7257742
2694772 4375840
4085012 9453161
5676159 9826158
1755634 3308687
5679185 2056311
3346610 4546811
6292916 1594373
3057959 5093414
5117202 6425912
1978751 7133502
7831031 6460722
7951862 7537720
9462975 7508873
7705419 5162264
6964600 1185028
2814668 1670903
9734245 4941727
8851863 6793640
7098149 392302
977086 4190869
4218262 7153265
4794660 441590
8106308 7901826
7284265 525161
5546219 2118370
1954360 9246440
9631726 4829872
872699 5691505
1553821 4154801
6692743 1213508
7010179 8417648
3522057 2316606
9394792 3746753
1655280 9193545
6918096 1085880
8595936 4216787
2826813 6346618
5479286 2007512
2866810 2727380
3117828 8462219
2700788 8670033
6287256 7150691
2615916 1271539
9469530 8975810
4672265 7994574
4370409 360685
725057 4466075
5281248 7036501
4915656 7576011
828253 1716423
3761494 4295996
2080295 7949100
1917167 3107506
9953675 9212548
2799885 3188365
3103306 4737881
46702 5901239
7250893 2775247
9999672 5849941
9916047 5060252
1615214 6848285
5061653 8154490
6219145 4276073
6375738 3593015
3563519 2645119
2377264 6689116
4452013 9855727
1898424 34556
9951363 981587
6220466 1775779
1553616 8282837
445000 945969
8827258 6364479
4042721 4852305
7958699 1425349
2162115 430182
701749 6195136
6862104 9905672
4697726 435631
1717107 7659338
532447 979189
1537106 9787148
589424 3350225
435780 5409757
7027006 1741632
9610046 6182792
203319 4951186
1279369 9514672
5100035 8410560
114312 1165754
1924961 4040132
3524752 2684248
5516750 1047358
1524411 2567036
364633 6053587
3567163 7106064
8243219 8253171
4412783 9478951
2669903 2731146
9232169 2962100
4838351 8826956
8896808 9640831
4959599 5307986
2419634 456288
2220538 6059446
2645992 3978606
2064447 6719144
7522586 7452982
5835475 7222337
6119303 1791702
1951963 4998680
1024453 8699309
5123965 1559449
1106389 7329319
5415949 7221594
3982055 803710
4621169 72797
9633641 1452647
9815 7083984
5157666 3846999
7645045 1491522
6623148 1657543
9703150 2265615
8718295 2127284
864994 440704
1500353 5308526
707001 1364352
2490715 802228
3212044 4355394
2390707 7250272
7444432 9646894
7013443 9867508
4455414 708572
380179 2588178
1582733 1610030
425725 7681913
702534 8052916
1665803 8931214
9082970 5999185
8783423 2694151
3391250 2620969
9563842 852672
5126685 8941558
3703408 7721310
4624661 8750659
9083171 4819813
8821515 5535321
3579363 1515421
9813616 5122782
3115734 5021482
2130937 9422606
9677270 5529947
3141847 3954937
7457759 775595
2012023 2158735
4979195 2574837
7649551 8881152
6449466 3579894
2144735 1157119
5424487 867537
9353294 2025999
7337765 2587407
7813446 945358
597648 9694580
8655206 9275636
9209398 8351485
9635186 3883366
8550454 8290774
5243511 8744065
2167638 152484
6949038 3349136
2634059 2180603
7300006 3063920
5163688 5176405
1958627 1639592
2273510 3781009
5056572 398224
5914463 963889
1934707 8073037
7498887 1199000
9505897 5827579
2716657 5443174
5672778 4649906
2872436 1415451
3200521 8833438
7380468 163151
7243590 3921219
2341231 2314412
4661085 4989912
7368259 7696330
4733673 2110878
936446 5340945
9605850 8253475
1264507 1964209
6904450 5814029
2293110 9298287
873307 1282796
7303802 831727
5228683 3769287
4770194 33806
1331075 590986
2904111 66012
73339 8099920
3613652 2087345
8295546 4783396
7894732 5661337
1417562 2591763
5371674 1763169
2618649 4089670
8495596 9292765
8192735 1435061
234018 8235891
3990460 8676443
3046812 9777218
2797067 52217
2409056 1463133
8141011 8436573
3897061 8900013
6684287 1629941
8166313 307604
2838751 3033415
6165571 1432934
7760856 4866658
4949176 3102155
4572631 3299092
2161788 5685469
3575015 7154396
8015143 9548010
4119344 1260590
3464443 1108194
1049153 4404780
7549398 601090
7012471 6107539
613619 6534414
420019 1483450
3331973 6593373
9767843 9797673
8546577 1371601
7710877 8622768
786850 2487331
9482376 6625774
4399281 2156806
6641762 711439
9972988 9795047
9398594 2036645
7834522 5047529
5742672 290587
6242899 5959542
926813 6387614
1009271 231968
2983846 7699410
7997608 7772499
5059769 3433804
1051761 5035702
1824295 8420659
3495671 8904935
7431050 3712439
7346821 5514732
4820826 1382099
2825659 1696981
2182869 1096620
6635546 8045561
9011318 2280042
8814025 6194263
4783256 353687
5185372 6082447
5308785 9225524
2423596 2474210
5605863 2191025
6794774 9540853
2099173 1648432
8125529 829410
9567173 3115497
49559 1435588
2245514 7002850
7171288 5262178
7414831 1708983
8217006 8203586
5982495 3098010
4674452 8787309
2106283 5110704
4888111 2696142
7594598 6184085
8762404 5095236
2750236 4894919
4298421 2891670
7907875 2238313
447118 7922322
8896455 9956910
4469159 7415527
5492181 8744775
136364 2142331
8808191 5849361
8113846 5377169
5744575 9103110
2365585 6954024
5881068 5818915
9307406 4754949
6806149 2403664
6561841 6389041
5735458 6367108
2439704 4153112
3677043 9579439
6372309 5642056
264153 7532502
4161625 9665610
960326 5593765
1794873 230659
1948861 1983341
9812451 3336371
4994069 3752101
3464217 2732099
6489282 9913444
7923954 9588460
3021889 5700793
3018298 2179561
2236370 8073282
3363792 4029826
5111148 7653018
5424336 1126554
2745548 1276629
6824373 1300635
5517886 5812748
6527370 6640062
8891103 9201068
7576367 6069549
1480228 6683564
8834484 2505120
8384186 2773829
1058486 9341724
1851827 1199050
3774636 3058805
5306842 5997601
730914 9559538
7880961 9766194
4587364 3751002
4723216 922078
3999958 3057699
5954718 1120398
6925918 5206115
692378 6439383
4477705 7533843
5280339 7987818
6754387 9869184
3612269 3881619
3136778 7359260
1780204 7894258
2518244 8963529
5724946 8593598
4629926 3502209
8476373 23195
2838212 1181111
7648859 5445413
7735965 9943286
4306759 8627928
6181238 2623947
8183523 3336666
7674811 7218493
518062 374179
6093480 9938683
5611506 5250891
4776718 3960218
2900844 7193210
8721811 7618028
7891394 5222360
89785 7174970
2919314 6851853
7418474 3239326
4728751 7781909
8167844 189800
4450843 5687514
1098756 3926285
1660697 3971547
1301212 5641171
6173376 5013271
1476412 337342
6373572 2984786
7036061 8437428
4498100 6151262
9034754 3581051
6802607 8723056
7531852 2048076
1009921 5370203
165393 6820910
8847332 9612421
7434386 1756230
9570826 4657400
796979 5137249
705321 5399467
5167966 2157198
5413499 2779354
4678418 4632725
8240461 7694117
5646189 3006641
5986567 6877733
9634479 8276133
4623416 1239236
2728635 4492215
3049867 3854392
4324472 3297361
4712540 137626
6778579 1668776
4754358 787532
9184562 3937303
3293284 4664375
5032673 8654251
1008115 6165630
1760581 4400477
925367 7884834
732240 5142818
3377357 9124207
3150259 5165846
2346599 8699184
4123319 9683522
4800954 9598599
4453633 200218
3183097 200703
5096175 2838105
5845975 9096749
6697612 3020266
3077005 2939220
8205735 3730673
5263135 3970206
6116477 3574199
1433900 7049944
8750555 3123384
665597 9665736
8852462 837479
6370338 4189060
2153244 5407516
8794046 5032893
7561474 1198415
6660956 9078542
7802450 1689874
2151328 8098477
9297357 8464314
5683852 8715205
99912 2172104
928799 8504751
2562768 9192350
1403982 1463506
2732165 4387757
6488196 5843628
3126557 1794675
2240356 3175220
9845153 5644844
8676412 6208411
9046740 6477162
1337769 5809873
6807040 2968460
2862621 9599255
1753222 9788271
8845931 7582593
1756126 5420677
7632595 3440883
2916444 8431240
1518151 1416689
7622293 5334130
8546522 5556055
6049536 1996728
4763654 1414536
6017048 8417169
411198 4677091
4126219 5506864
6362336 315265
308297 6860457
9158147 5092058
9814618 2999630
809506 2631679
812390 8878388
4440068 6469319
9229713 8465447
9505648 5814828
3023397 3894081
1513679 8601031
313099 2979206
1373924 5417936
137056 2512114
2210684 5216607
9969247 742478
302038 1474711
5152263 4311006
1474192 5194359
2909431 9804601
8852504 9089066
8356426 806471
9117220 5886511
9466933 6608031
243073 3744941
7437189 833511
696048 9939498
7253210 2724501
9143996 699043
8511845 87415
6259781 5382971
7926055 9964461
5287250 9138362
871297 4753502
8926735 1550952
9422435 3963858
1727844 4278023
9659745 2664312
6327174 4616340
7931217 4118231
6687940 2132947
723141 5850446
2219199 2748105
907992 910934
4296257 7521975
1680028 8426135
392605 1142209
6548762 3614279
8593371 2116179
8174266 4501212
2957500 973388
1541459 8913216
8225642 9013714
8288182 4448032
7412044 7221856
2008212 6561565
1164121 4955372
1744344 8078451
7353962 9967318
7705892 5070234
9096000 2254665
4906079 7313863
118530 5304691
4006375 3444208
9073605 9471325
4897866 9659693
3153516 5112296
5566462 9582403
7389163 1742970
7546431 7312011
7507715 7280082
328263 1276565
2850550 3241404
3504073 8511899
7075894 6432724
4733028 76779
8213700 9908996
5648454 4078512
7340209 479525
9025950 7223747
3056824 5441590
1106001 5368633
6456354 1842326
7395269 5919225
7079836 8323255
3395039 7628705
5151709 651775
2061233 8855888
7698405 9145278
7306724 5678880
4657999 6865166
142249 6347943
705172 3694419
6506330 9562349
2119236 2968871
4335698 6825498
8602687 3329088
1922320 2712530
6263339 8004318
3626441 5178855
9412767 5116567
9788990 8190580
6616245 753439
8715539 9574389
3747575 5827007
9351920 3785400
1665471 5084452
2412015 4994048
6481060 4431982
9347646 5573365
7875586 4389734
628449 7956813
9171006 6183480
622991 1708404
3571552 2040967
8657040 1935817
7652145 2342681
485944 7864193
5699206 1825257
7145897 1021414
1366478 6569517
1051948 8150887
7353422 7785147
8520738 9332217
9247494 6410596
4056405 2046673
758368 4421410
8396060 6861872
211918 4041125
3489594 4456993
4101244 912805
4861431 5313464
1314284 2136289
3160470 6865747
7026681 8312450
7769565 4444822
7091631 4973812
8617198 6356353
2651744 6995528
8327355 924510
3839272 552358
353464 8671525
2591242 9833518
2090197 6475237
9714186 9862390
2961348 6431386
3918677 1045579
581261 9561634
8770213 6974558
2725938 8420189
7804946 4327782
4321620 5957697
641815 4105695
8557205 3583387
3560445 6350857
1789689 215289
7248775 7169358
8436435 9475419
3188827 3872017
219605 8095524
295749 7468361
7061926 8862500
7500930 941055
335395 4128360
6459330 7209094
7688884 8706634
9624783 6853686
6503449 5356268
2880857 4002997
9915000 5209098
1275568 8044962
8626657 1762119
9025237 8424091
5298362 70972
868744 3933260
8591733 5065509
6066922 2132493
8568059 9552516
9519922 2274153
379855 5337016
9991423 8427355
1556896 2577373
6706197 2268227
941069 4721179
8030068 9941406
9856578 7087153
9671603 8963525
8783452 4237379
8318205 6367326
7292175 7263660
4452214 8893968
7873950 9632466
4454953 4850590
5005298 7075799
9800144 289376
7531557 7119270
5271412 450243
4296016 612592
7379157 3523647
7318615 4566824
8719156 7826437
2744721 8493726
1353340 4763064
8990612 9346994
9739243 3181124
1104777 7677855
6770227 5516011
7558185 6295905
1642968 4627318
6069750 9353562
1382761 6718814
4951726 4889544
4372207 8819477
2666685 1568978
8960180 203214
8607382 5904297
8543116 950191
2353782 1894193
3942006 8426027
7881408 3713743
1535856 8930198
3858579 762267
2413106 335921
2073955 1070056
6810147 1830353
5580057 2239085
6477393 4365432
355809 7617763
71599 3825612
3707398 1558017
1731370 607958
2257505 2717634
1060746 2771308
8403736 8734054
3935771 9850178
6789850 859912
4439226 3672005
559647 2754642
5798341 8785740
3667071 6816038
5056966 2852197
3436143 9354746
143251 4219188
9106706 8482905
2714114 8887480
1890743 5079774
4464531 1667183
6429928 7496279
4807988 9060643
2838138 8488157
8434485 1784134
4592168 8145513
1485461 8665963
1135721 4179567
4703132 6558612
6723943 3560660
1906603 1814385
9683756 9195913
877124 3147786
530576 2302975
6075229 3084893
9404207 1879717
8802557 2868306
8528981 1038622
2050758 5493323
7828242 4605510
115948 9157639
5374312 7123955
857294 1684178
2617519 6629381
4160269 6042021
5421062 4632881
6412773 2323504
835943 2786888
9870329 9258782
9478576 7329513
2781267 9403456
1493370 7841602
2276503 3963296
218854 9647396
2761916 5114763
8061976 2231574
9618250 2669726
3417680 4721487
8408407 8974855
1139703 8955748
8945388 7268264
7067643 7958732
6422983 2957464
3535327 3421632
3347189 6977912
9785189 2499834
433378 8684025
7267477 4277765
2389636 9373363
6819925 9954982
9321063 9806547
7129109 1940599
3096105 2380342
2547754 9139131
3220702 4975117
9730845 1464345
2360931 6428634
8228830 8174737
4633292 8897000
8871418 6876147
4466480 3729488
7137951 9157853
9509856 945235
9256660 5174193
4503185 4777013
3387735 2613320
8247980 3830485
3905871 7074804
5403027 8823002
398235 3528669
9239030 9877751
1130839 3835711
597743 2096633
640168 5004238
4793830 4737305
4946964 4924978
8197879 7162639
1550202 4607852
441305 9461303
5808788 3847861
8142085 9438189
13596 788196
4144894 2559104
3120714 2452783
7110123 8798104
486720 6240698
3461862 5003156
3164506 6392516
2374828 4475488
4708918 1861024
8698954 4895915
8862244 6108252
2727149 9702886
9634923 1698128
9504797 502640
8423183 4531356
5816470 8628229
4293486 1333293
7049206 1528255
6520503 3906323
5645320 6405073
3816175 5156250
4928 3102081
6304374 1158374
4575989 507126
1813674 1648248
8653779 6268571
123893 9232018
1125034 3668046
7997620 8949700
739912 9034216
6768671 4540107
8790717 8678995
2224887 8414647
89209 266564
9277054 6570372
9326642 7977209
4198823 9606020
8326281 674242
5886501 3403315
7412521 7877905
5503952 2674328
6612765 225847
8457211 5391618
843785 8645240
1981070 1765173
4172898 4883258
8057934 2204139
5429641 6706917
7763666 4993963
7942942 282643
8444208 1516820
7098678 3190961
677210 6707357
3518508 8495757
4818996 4254721
1694571 8916137
7477013 696660
8855021 7223431
4791133 1517868
5159666 9407850
7790873 5371923
1200080 3490162
2914466 2686991
6617280 4763484
7097374 5538248
592925 8028129
6636597 6130487
4152834 3354896
193448 3719349
1246608 6855750
1930715 4261462
6949430 8079683
5663888 3843271
6335605 567881
2850599 7409377
8793544 3352757
2312194 944282
9866720 1864846
3549932 803339
9255013 9189216
636164 3817723
2809045 8958337
7865804 6562900
7285572 7052888
9705786 8007154
8953951 6711514
6635414 8316434
9241210 9257360
6039233 4636135
1395528 2665813
4250127 5748213
7569414 4905784
1158911 2760898
8717366 644774
6909603 3978224
971846 5025078
2944420 828949
3599773 5470247
4558898 4110017
6100829 9588898
3228531 1510238
4881848 4105246
6650314 9914230
2004614 392780
4384244 7273018
5056182 1901150
7788071 2941181
9516132 8467665
4708771 9015201
9867491 8590824
2971434 2916781
3015779 4927835
2128752 7348115
6413289 8693528
266887 4491480
6775809 414587
9713627 7533897
2913538 1255083
6393250 4317470
9347335 4910982
4927890 4410708
6638259 6806985
5904037 7830796
6593293 6981326
9299916 6265987
2748493 9906412
1121898 784031
2570952 5314355
7015763 7256544
8475597 5075821
6425561 4335458
2595642 3257965
5125407 3696866
1372794 8604570
2941166 659542
4606588 6273858
8477516 8674395
2587836 6957166
6815766 4707367
8331496 2697843
7342611 8189089
7779887 5368941
4364460 2732597
5637410 8280011
8487245 9754727
4964659 9550193
1297617 2475228
1069602 8578088
8958766 7263487
1390709 4959234
4877713 9292752
6951161 7536065
3696448 4239005
2560316 2401766
7238174 5994571
7022163 3737282
3680303 4251204
2382281 6060571
5168399 9930561
1900661 1749336
548182 6576681
2813750 5411875
9893737 8817240
5424014 3338409
9942318 5895964
2272631 4851177
5442587 5523486
9767274 889835
8317243 4312513
7654953 9261027
762399 5869248
8543737 216251
8898672 3596172
5325150 5041313
6219513 9088009
8323715 2778592
7428257 8479117
2364465 7345046
1252047 2138949
2477080 2438711
9337915 1876632
466671 6285003
4630311 84057
8324622 3308445
6075638 7799702
4049670 5328966
9984921 260693
9081233 5784780
9650816 3969830
1263919 7002729
7074502 9870316
6570774 5577387
4940668 422905
5483640 5884885
9193606 4870226
5345286 3846908
5915458 4489622
3269346 2090984
7882410 3791230
2255672 570625
4440754 4355332
4203862 3879997
6892185 8281442
4345936 1759499
4354610 4210512
1376904 8122913
7716143 7608577
7036993 2747202
8570277 1136571
5809024 2433756
4715619 9677782
1958079 7280729
990048 2955873
6869303 940438
3009804 616500
1495772 3421386
3589226 852439
976886 6414242
8514245 7080863
2566370 8476197
6861852 946500
3610294 3452736
4497959 3360400
1834820 7440119
1703495 212087
1144119 6332295
6134690 4364848
2478140 5325552
7670213 9465246
3706844 5802066
4016249 2929690
5896757 3220786
4065110 5083851
7887881 7227038
4364198 5549770
6610569 1621224
3151297 4350003
5764620 5481588
8618475 6930348
4760992 5982951
8947772 6015258
279830 5874445
3228508 9958757
4656726 4175359
9698807 471145
7090307 2539159
3930770 2916855
3410681 9946386
6965003 8383523
31957 8852146
4568532 465933
3055244 4043571
2691095 825307
9823070 3131625
2852591 2833569
7495043 6777244
2144930 9295074
946210 9728404
9148309 5921141
3122685 2357631
2089121 2412182
6851809 7420019
2686751 5660211
27463 7179938
5453415 8589213
9882325 4407756
6083554 4221165
3055992 5116084
116060 9359649
2358262 3790116
7993286 1492517
3325378 7635103
6901506 3954777
1050940 4723712
9276080 9795124
30134 7380718
5104465 7021838
9312069 6451673
3745194 8480110
8898979 7188226
2619115 7555485
4152649 8630013
83176 4342609
2099243 8784860
1724594 8794312
4012036 1263004
1206051 1957837
4092861 2254772
527444 20677
2771427 6393697
3871183 4507937
586737 3913868
2843808 9473770
2945619 5303673
2391517 6671862
1049994 5010834
471214 195181
4499038 7225095
6665535 7057806
9174713 2510703
7007269 41940
4768361 5717932
1301820 8472448
6962329 3148848
5509293 8081264
6239200 8982556
8546895 8851454
390828 6390556
5626327 6949247
7758942 2204853
5061540 5622023
4840109 4259090
3155637 4971448
1495514 6970213
2723337 2678758
7883762 3643770
6088601 6381341
8187655 6977700
9955259 8109156
7456969 3127819
2847322 5929860
5661029 5161223
3999464 4379467
205948 6660906
2162869 6898790
1598368 1746071
2411573 2190055
880762 133845
8074888 9041660
2583015 9255602
6470970 6070016
8769876 7247360
2385405 5468873
9955926 4311165
9009437 8175485
6409972 8835817
9874868 9241116
3969286 7943422
815216 7936359
8300200 2138512
687803 5826005
3696760 8640758
5716194 6401475
6816178 869444
5902818 3337778
8333226 2486126
7113746 9290554
2398635 5008717
1259702 5134208
1612538 7450118
5288717 84089
1160116 6937558
3036434 1805520
7276044 2857957
3476463 2541101
4280912 3483627
112155 3863822
5053735 936195
6830026 2483491
8347638 8015366
7454623 343324
8461950 1789934
3523060 515715
5129848 6621800
1303946 2943649
8867831 1400334
1459776 4711985
5615605 4024230
416558 8095751
5469250 3202376
4408817 2977986
3937720 6838548
5711341 3489106
6973283 134397
4421946 6132740
1450168 3589650
2415763 4269565
7958969 3531176
2020357 6986135
5324613 249090
6129751 664421
3723721 5796165
3905369 2383139
5685358 3255205
2711084 9274154
8116851 7690435
588499 9396719
3323506 3950136
7843988 5849600
8383417 9435723
1111653 1403210
5982735 1306205
5667160 7817624
5453843 5236061
7807092 153577
6088006 4870406
2049988 1097212
3053230 7319316
6465191 8178900
6127816 9257273
2692244 5006441
95125 1461152
4281019 5233591
5248956 808551
7923613 4480164
6267582 5812741
8352538 9667474
9876853 340038
8554994 1952732
6848383 5779043
2825122 9153729
3546281 4387365
7103857 6273392
2128471 4584083
9075014 4263980
3869360 723333
5734535 552435
1575097 7993562
9239253 548729
8469037 9740751
8720701 1869188
2060239 9571353
7326670 9577185
1603696 3258494
9360282 2889517
756372 20577
6795429 4181039
49440 4624405
8324194 551023
1339617 4660738
7944212 7139687
2882671 6637078
2600303 9561758
8321962 766119
5263805 6395066
1638120 3115329
8306478 3592913
744550 5357007
9741460 1598584
3647366 4098289
3677850 3719539
9963677 5347933
5675932 6465626
710214 6785749
8954408 3147700
4204148 1525599
7533881 9722024
6772892 2048232
433020 2969495
4285023 3699442
3511030 6473795
614895 3124686
9318419 6779545
1516499 2288313
3306653 2374240
1494181 7326273
4407332 6084144
3463771 6706805
6348066 6313367
7612224 3780188
1178450 9507300
6087517 8612569
6902723 6708757
8281648 2410863
8134472 6606153
6528778 387422
3307289 8427817
4618395 7869444
4531014 7916245
3879924 3087880
6821931 1288952
864470 9699777
1415891 1493591
3370798 9267598
3340896 9849292
2062636 765243
512491 8936132
3136508 8756796
6073642 5947504
4170847 9688422
1367399 1011636
8067752 2897110
2228294 7181706
1730745 6954823
778106 3563398
928662 8899508
896641 2449099
3014103 5349883
9445251 5709467
5970630 1617426
2922511 3003038
3666024 9091379
6199637 5285869
5009466 7589797
418205 826696
9410589 8134011
2532841 6879485
1608412 6386591
2941128 5379933
5341380 2084868
9480657 152311
4605947 2041701
5918729 7144477
4547836 833781
7731097 5466233
800070 8445550
6165306 5781857
1307676 5931001
5033074 4744507
5954714 9062115
3644247 3095254
6329066 9171394
8923938 5029146
2857619 2911843
8200668 2797030
5475685 2262466
8119554 2963083
7300616 1873930
6897225 4533032
1554420 3997436
2552579 3248908
4589124 137654
8094712 7067924
4925467 2967028
6072383 9519032
2669275 184243
3870954 1838467
2087440 3641193
9864574 589207
947411 8356161
6285678 5016258
5412358 6557986
790336 9194627
8999608 3049045
5728330 9743840
4191709 198122
4024559 6503377
2709484 6264741
857762 7099748
9735689 2465072
7499006 2110535
5942232 5423984
1771620 7292639
3940387 1897892
822130 9741810
6954624 4640968
3480594 9651734
6673280 9348573
8378981 2331062
1530818 2419809
5916642 8457336
9350974 3233950
2656136 9862150
6957790 1381378
8939099 7743643
3494246 3726190
580842 7587553
7559774 2525269
4908368 6878306
41507 5413424
5036900 1380260
3240360 8721924
5348840 7968602
2757882 7738420
5813839 1888437
8393681 1569626
1069889 3873695
1015799 7524152
3794688 2643680
1320358 9277311
2311378 5022268
2290791 3196984
273887 4221243
2171694 1352424
3913324 7327937
1493366 8061855
2815309 175029
4707066 1804106
7616881 2182800
317907 4286501
1661793 9953876
2354078 6947236
9645646 8721549
1612849 2824935
418256 4714849
473952 9120086
899466 7721858
9709572 3729633
7245080 2053460
49271 5423420
5772990 5168464
2480716 1465410
6883795 3108862
8027792 8593524
3375623 8984824
9143414 8739231
1505008 6994508
7542488 2259027
154604 9913685
7555351 2902385
9993536 1002166
1060360 8693462
4933877 9735647
3010540 1101864
1120666 2283842
6076823 4681022
9467863 1162295
6708920 383436
8344953 4996095
2196525 2924256
9489011 6755728
1602829 6010132
8041120 3493277
750645 3016930
5035403 6725726
2560611 4425911
9275073 7643904
2312928 1974991
7131000 9883189
2472340 6659402
4317459 140330
8825469 9790324
6073335 7231769
4385161 2900740
824685 2790785
7348148 6381697
6774326 882667
4894442 6595631
5412828 3803553
3775458 6889148
74273 5603430
502271 7787390
1874584 2948956
2631172 3955522
4116599 5828609
4322323 2824178
4492762 5601447
4736508 7104182
6321031 2689106
8889208 9676167
4263962 7512531
5778905 6486280
4206613 4532080
5582311 7649227
3015418 3941541
8313530 3228463
6908496 2092507
6992580 4037506
9418456 4374485
1449884 5388303
8313010 7193903
7030737 292791
782746 7067233
7569532 6010330
9573341 6893751
1397827 4444432
50378 809633
4197740 9072377
8965267 2408451
6275125 7448034
81838 3603648
1694748 8710349
5744929 6394749
4795654 2877325
9968922 2918544
8213088 7094329
2382731 1972838
469510 8023798
2745992 9473629
2907052 165071
8852761 7087156
8838381 1663756
9671743 4878893
1783209 1113491
2886633 9060872
3160781 1645162
9590397 9736093
6554299 2463618
7366697 8931060
6290171 6291817
1786987 7344214
5681399 3600997
2351296 2267626
1069485 3381371
5136477 1921261
7646417 8736267
9363790 8359859
1302215 7694864
3870466 938191
1821934 9563429
8926718 1970975
6016097 1598963
4822345 7397532
1447514 398057
1728725 1013084
9328459 8474373
3606131 3668183
7318652 4620995
6635985 5189799
9875043 3113578
3232865 3650654
6677138 2293012
9853116 447147
7887032 3700163
7790862 2890780
1039658 6168066
6853984 754903
4171454 2127155
9178979 2844370
4648018 3703332
3474672 342180
4204188 2122821
721433 951316
6324930 2330754
1312397 1488154
3613621 3398274
1778291 8255499
104932 1741052
1680121 5076015
6483488 9400140
825788 4929100
6309538 1407803
7066187 8738883
8522650 7791908
3722750 8475978
3886426 3988374
39572 2421721
6436962 156368
3865565 243306
778741 4239376
8864647 4684674
5838244 2405198
1189521 1958249
1459847 6471336
8021752 5818769
6409753 5568736
2193579 1721832
2843311 4605955
9153541 1875221
4497471 5141373
1622075 3961674
257632 3185829
6141579 4405703
7200902 3203129
8890085 7764120
5090830 7731299
6715745 3755428
3509196 5523059
9972528 3856660
9347086 7350171
2986268 5483973
1776463 677370
2732469 7934216
5731990 4476547
854911 8416737
5072924 4996123
427516 9691799
5852005 7506321
2872637 7859670
9073814 498852
2123994 4786440
3871708 3138777
2068812 9843929
5994144 4921856
2038389 8243384
1630842 1305735
1191878 538911
8210649 7183452
6226536 3524445
8648197 9606993
2579933 3549441
2633696 8083961
6815641 7235325
7006634 2278051
3006351 1031159
1327553 8388272
25172 783417
8584428 767369
5020903 676649
2664316 5426104
5205530 467525
7897287 4248419
6823511 1183616
1314974 4840709
6695428 1823835
3438272 2443728
9067254 6120676
2853738 7496880
7494530 4654602
3076372 5627291
1432952 7399499
3017885 6906758
9448883 8794402
740949 5112199
1388358 5718518
4546193 7928713
8846463 8334481
4443518 2117519
7311493 401519
9597373 8092508
2312223 2675346
7540994 3506370
4272574 7861615
8950992 4040396
2476613 1841430
6952477 8349799
3197882 3310464
7145768 2319537
6333415 6344238
5867147 861671
8236205 487996
581584 2946875
3471700 5674583
7846730 2473462
2936855 7690997
651838 630487
7299100 4521301
3418622 3121451
4388188 8614456
7305499 3709074
3262212 8808384
6102752 9621495
2135514 718713
6843437 351667
7452987 2442014
4845358 7388641
7119447 6052603
2080346 2921332
5852554 1018854
8466400 4556818
4527319 9712008
2694714 4378088
4062551 2607819
7302566 55053
8596379 1359940
1929323 7184991
7611282 9996853
8599941 7765993
4854720 3525165
4545685 8753344
5040678 9426100
1096411 5031252
6867107 3833249
2279964 5275455
7305404 2131175
8597273 4183373
3584721 5699475
1747090 1541656
6762019 3886252
8276618 8477169
1032655 1265572
808383 621958
1574371 2031474
8835609 2720748
7786954 1387768
8053515 1828906
3181500 4441225
6750400 3827513
174478 64010
2363371 1847418
4752301 2936639
5054049 212447
8261005 6819152
1852949 1668358
4911088 23243
3460168 7550989
9065366 7935297
4870381 6328527
7590676 8215457
7314723 7959133
28835 345690
8409489 1769327
7340440 8372526
396037 3679
1597746 2807393
2039707 9427014
295153 7981314
7959560 3170277
4917339 644600
5665651 2657035
1739043 6896266
4781630 8306446
9274946 6726833
8298995 7856234
7616379 1709935
4761874 621125
135314 142011
3935584 5914239
4122360 162874
2939121 1481568
7418074 5953198
2316291 4103125
2928253 9359056
8229225 444868
7594558 492477
3106606 6817443
8548856 7012280
8100117 3279985
6106018 1229276
988096 1226436
4263609 2507473
9657167 4955240
2051454 4916496
5544346 2763600
339277 3826663
1879491 1062778
6367161 6024822
805347 1714356
3561640 1538723
1623135 85533
9406528 8941162
9912562 9241791
1031968 3604389
3193266 41506
8051247 3695183
725301 1100217
6500273 9876009
8851115 3641170
6685718 5575290
6659860 3328846
1928809 9220397
4671420 5533167
3987797 8527866
7600032 3803401
525523 4397914
2236192 5242812
131366 333934
3997599 678787
1678434 6808665
927156 537223
8351700 5922745
5850692 719501
5672855 4172987
8816546 9684801
4861586 7290971
5778035 7357334
1359417 5901346
1108004 8414870
6085043 8395030
9071221 2322551
3575255 8566173
4034084 1966709
2500621 5688799
8210061 2155821
9052202 2302228
6806258 3636500
7206646 1264347
9499099 3487429
3845383 5982767
8073341 3398716
4971309 5374269
3167182 26623
3737846 5297017
2243850 2514137
498444 5757420
7182643 8997459
4441540 1820315
1585930 6393443
745983 5301892
921057 5569656
8280399 281686
5145596 44471
3542901 7272232
6642658 1684645
9437985 7783021
5808257 1476272
5120914 7475009
392448 8609746
5549809 8769924
120667 5379996
8080969 4945099
2988160 431973
3007557 7769259
592644 6990305
825380 2901981
8097926 1195904
2662722 1564553
6375564 8693499
521051 1374467
2435105 2511061
4935369 7034010
2551181 7929541
7292750 1029042
8089924 6276856
7990562 4086931
1114714 271471
1844717 5935942
8755203 908441
2691171 6717645
9450281 8677280
873966 9724354
1888466 8190039
3736902 5990834
3055902 1693530
8337450 2316096
2062095 486973
3934686 4589096
10535 6881002
2576705 1708591
3063818 9086563
7110627 2615988
9082513 2206387
5470541 756917
7203720 6304777
4330145 4493295
1375094 9961504
1756082 703094
1498007 439310
3355376 6088747
8755241 8303321
8447239 9205933
5837521 5728503
2803577 4242039
1953777 70254
9142855 4766127
6909954 8761691
5860599 8241986
5922231 4241127
2476641 9179654
1551156 9720202
1979426 5955634
8649142 4097891
3990487 1721261
9812834 520330
5817521 9039868
2251994 7913934
6524538 2950778
3162559 916759
9970172 3667677
4526443 3186836
4217309 2907919
4012319 4269312
2069941 8600430
5273911 2885976
2272754 4782237
6783811 2034301
5442568 2431813
7056674 5294750
4760598 8334461
2256814 133428
430612 9807124
6626022 1542179
5993860 3254831
6234967 390120
7440946 3891484
4326285 3802334
2558851 2405174
9449815 4426576
6383903 2234212
1110657 5780046
4124396 8648634
9533221 9679509
4383854 3253147
6495759 9732969
249975 3561319
857205 9365758
249803 3069134
489961 8548638
5112446 9734357
821995 1094921
8810042 2422505
3637156 5981753
9021162 6126083
385404 5214459
15074 3468995
3162747 2789681
3186840 418463
9537566 1582852
8762225 1520378
7509606 7577162
168324 2069489
5230076 6523488
2219478 1230099
4799259 874730
2963761 3086945
687237 2417868
5407638 664875
9188352 4505383
4791645 3373878
7432038 9150693
8446402 7810849
365545 2667303
1150527 6884419
422735 642698
5518428 475096
1810181 1994481
6668088 69565
4737028 8739882
9451412 8498533
4415659 4823475
3226917 5498203
9346599 4416301
5984336 1879897
464662 2207574
9854802 2626581
28096 4122382
8658100 6963549
5175123 1461691
3196794 307076
3389616 3019111
4396574 112569
4079904 2412358
7965327 2387527
8428572 2720661
9667164 7198587
5966743 4907076
8360856 7069118
84546 8166051
9013255 7354052
8430191 8059558
8310280 6606893
2440717 1581600
1780776 1603492
8833540 3024352
3889247 8734817
9628748 3108597
4181697 3780526
7790175 4615016
4715769 3423727
2927300 6187195
7380457 2242010
7385669 826860
5379405 7890375
9819997 8941479
9108524 13188
6459890 4919617
7012065 8946819
3065121 8380700
2919654 9808175
763791 2507508
1006127 5302807
7805013 3772466
1123364 7127603
4958298 5829269
3040454 5685131
4942413 6138626
2951408 2635116
3692172 4889528
1862986 8251985
2534247 290343
4327040 6725555
6402338 427202
3390853 7741450
5370076 9961691
1023555 9905360
8803189 6782864
4064977 3610823
5256199 4383046
3834394 1139824
8018090 7917068
9055544 5749658
9932184 7458668
2037190 2810948
2164932 5650742
1285509 2396481
2585539 5300787
9129268 9936474
8191009 6186347
3764149 1683542
7331934 7447922
3663389 9507484
938072 1479729
6542562 992769
2147139 644152
2785379 5549260
9517300 4713194
4437597 3332144
9028333 1333153
403244 354581
1711952 9679555
2328854 3824187
7069672 2994187
913707 7420418
3507903 8070172
5783073 4795720
1005568 5274088
9009314 7047808
4200521 6128965
8532698 5661274
5263631 6331962
7249371 4403107
1856967 1675883
9846331 716554
670675 1346526
1801812 2464215
8335237 710664
4973713 1497600
6685840 1466186
7669177 7847026
1911978 3242270
6757033 738480
3024247 5212102
9458313 6669607
2122439 8062822
2405158 8523722
2685780 5141989
7361982 7901354
5814506 1650401
4457660 553581
8956079 1434493
6644860 7818728
1696766 3742697
7946677 6489045
2842180 3604665
9404407 72044
5659945 1586709
7918507 2873139
1678987 5901852
8146938 716037
2252545 7005752
5831623 9554803
8695115 9029665
9726705 8923571
6318378 4234160
1788110 1219178
621617 7223178
1989895 6990159
6920760 5837383
8773117 3384962
2019328 8302506
3863565 4642417
5570403 4802984
7391076 8539112
9501135 4897655
9137231 6067864
9949346 8371460
7629852 8495314
7217071 6137120
6715844 2134655
3219346 5732676
2573410 1148228
1489384 246870
3132405 4238918
8556310 8230031
764504 4527875
3358321 2745489
6331873 2395504
8384902 3754050
4361106 9380454
1368708 7141261
7892890 1388560
8380276 8505777
4556907 7958443
1705615 765507
6730790 4874425
8567279 5320709
9784798 5445442
3369412 1007841
473205 290722
549058 1006346
6547643 4134579
8985475 4857390
5738592 71997
6803393 742022
5939496 1475067
2967789 3979178
8827351 3630136
5199538 3352614
4077290 196947
3086360 4918853
7296062 3848249
6264328 1537924
7819710 7512259
7088641 4500927
6419302 2072332
3229716 2318273
3013173 877925
5290732 2099379
7375121 423469
9638697 6304646
4635931 7843793
5388201 9112031
6279775 5491640
3444445 4111331
3368089 2803873
6662394 4729783
347345 9917317
3808859 584578
4329165 3237577
2934769 4037662
7959453 5609775
5457005 1711835
5317677 2661663
1544557 3621461
472809 8049306
6103279 2022643
3936585 8638724
3715606 5724408
1490845 4854272
9469630 7225118
3716294 5639772
9899722 1848886
8039006 4991127
7176122 415898
7482250 3211993
4953681 4700274
9459298 6166441
9255368 1611093
9892374 5597844
6056519 5351026
5832360 9350473
3926736 5793927
6610556 6945332
3185518 3704574
7066155 7379740
2659357 7755392
4816666 7515319
2843850 1114310
717462 7260740
2631439 6703657
5767114 451057
6450824 309208
3806494 5179577
4385367 7592913
2009431 3937186
5745619 6569882
7730754 409924
365256 9422511
921333 7038887
4833931 9206868
1572934 8034229
6124836 492332
5584812 2984267
5774989 48922
7849535 716656
6590238 1255875
4173535 9252969
5618016 2844218
5065018 9427851
5316039 1816030
6111195 3221885
2611108 831422
2081226 7176780
6179106 6274297
4964040 5611877
6140196 3286320
1608262 5945938
3047864 8005729
7560734 1538422
3666967 4543139
5036566 3257393
6756240 1165267
93600 7503952
3260592 3963466
7634743 7265544
5150444 2279846
9257269 9503360
865451 5828300
2664514 5467340
1145434 6702583
3419509 7104356
9765722 8129024
6469353 4776182
8559160 5878262
186830 5020136
7317016 2217526
1085893 9690814
7498678 9903392
467130 5465902
430974 9176343
502779 7755222
8235821 3938006
9839489 5506905
9148102 374388
206860 7117934
6932898 2309391
7471500 1469305
7360891 1735634
4425600 40610
1855724 4225373
6585848 1268860
1987269 2933409
8018724 4288371
1245251 6204827
4891984 5873079
6579022 9021504
4653305 2842208
3624551 8657997
2210294 6036604
4225100 3625524
5952012 2841
5691854 6001754
4574360 5054174
808609 953137
3972324 7640743
9365261 7313537
9705002 6823475
3684347 4012688
3223023 2978475
4471323 1993362
8402858 494084
4097924 2469832
4547008 9288727
7306308 1899261
1144246 8755308
2603739 2660965
4386187 896294
1936952 1694634
1186964 3741338
614418 5042919
2572555 9165113
9890054 5368755
2213997 4177167
1144120 5022896
5839773 4790292
1740299 1250167
6021925 7019641
3515575 5760505
7487829 7033217
8269544 9207764
855718 2036035
3059871 5596146
3116624 1131414
1081113 7870461
8255267 20720
514746 4026361
4757145 7312634
198946 6838463
6096575 6022285
1200601 4162666
3328171 5092711
9111836 5558376
8569348 685902
1120095 3492429
1756617 7422452
4004806 3185673
1655642 1574137
9591394 7169606
5402426 9288757
6878835 7757113
5871268 5129258
8637968 9979837
811598 5277618
8883093 4303886
2084678 6633703
6921786 4446919
4578236 5255899
4618726 4142314
275660 3601814
2702487 2502399
5895111 8424994
6530832 4954726
7295393 4368279
1714830 3980101
9812904 9649118
9345521 3966473
4795778 5810678
1488166 9640190
4397599 8365816
8566149 7933619
9926471 7936746
9044135 7458027
8314129 441709
4010355 4198510
2817220 205425
4883587 9828632
2165292 9099924
1329338 904228
5515905 668765
2805417 2768376
35052 5693619
3620108 7225154
1824194 8241374
3934933 1897834
9806578 9585030
814144 9344062
3288358 7815581
3373107 9574203
6739427 4010179
9061027 7067849
7122405 663758
6378697 832349
5574808 396361
2559899 8288878
5820483 7017526
7780847 4022923
626376 5911184
7311667 2984615
9181671 4236119
1822197 9643458
7271789 4210688
3567788 5411706
5873835 4038783
4248825 398289
181697 5897315
2038360 5957982
8940850 5086800
6150013 2924857
8714170 1242799
2785767 9707742
8171876 5586406
2124166 5978666
5797722 4255699
6158296 7976032
7709334 9946629
8898312 5798300
3802167 5318538
7810415 7221377
1894881 3066299
4167250 122293
6168330 4239384
9316608 2094093
7100246 8421411
6567161 7095692
6728420 9585830
7697008 8255067
7077832 4427317
3240662 259844
4009238 8877997
627195 2922281
1174256 3420331
4793652 2918563
5286962 4416659
2674329 5209365
5520869 2882110
6707782 9434308
5687151 8202536
5180726 5601879
5512904 288262
8104922 4574090
239137 3195944
9901540 1570438
4184660 4938152
3152661 7517871
961252 2295973
6886564 39893
4405874 1153986
8343457 2011972
1763064 8704476
1689649 3489188
5308638 8408637
9459767 1759756
5330219 9294652
8198125 2011749
6699288 8969824
5168234 7759193
3705847 2206151
6651160 1600965
4811875 9433362
3445780 5171155
5594192 6097603
980147 687546
5405896 1112938
4931795 9959148
9594696 3092701
2875552 2559232
2943641 2593132
8388627 7840026
146225 8737540
2046042 7682447
43464 7248896
1703283 2105278
6447934 6926241
5786456 9245174
5035174 7685899
2168118 2599655
7355439 998519
1992931 4219101
7298999 10309
2546057 2871527
861045 5992038
2973111 8515567
9543553 3699593
5111284 6891219
3255253 8974271
2722995 4772587
2347178 3030005
3033822 2969489
767023 3435426
6000405 3871512
3272604 8632504
8532313 2162464
8849086 5756890
757550 9754275
9887222 2730774
3662527 7571528
2353256 9476832
5083253 5301743
9119535 9027054
7709075 5563102
4216362 9363564
6911386 380848
6864767 8542063
4467371 8108786
3847125 7554943
5513166 3385304
2761592 2936353
3952338 7617688
7437266 6057192
3207886 7924999
3890993 9166971
8434037 8556776
1830569 2728643
5778646 9760822
7006549 8586333
5165068 7615458
7089888 3309099
4361347 4384608
6568273 2598213
6012410 4282232
7307492 8918873
4527617 5526044
1416391 5399180
5483324 6995506
8558576 2538358
7729023 6125111
5984663 3203874
2568581 6900096
7944373 1647640
6846602 5979711
7926147 509192
2239260 6251923
5366274 7205711
6020477 7770526
7573872 1254280
1641392 974029
933050 1628641
5713991 105394
3813973 3169047
6536386 1631213
2628166 8808238
8121882 5737694
3544077 5730911
306395 6747194
2075977 7315276
4601613 8593122
7976269 1695247
1805150 3420169
7949412 21829
480098 2251960
5544879 5596737
521143 9590239
6081638 3902384
6788382 3197978
902870 8999678
5674644 3005326
9496907 4173621
3612136 1115054
4281831 417814
2720737 795991
9153694 3993694
4921964 1090574
9090283 7630451
2159654 8383565
6762990 5322195
3538648 7503871
835640 3948114
9213842 9911136
5604205 5574353
3498545 4644378
4018162 2980703
1158126 7753419
4545587 4607191
8190893 7677737
3376423 6270814
3903582 7767199
3763303 7944387
6027538 2065458
9818802 2479297
9522748 8446771
309399 2383260
6932592 3260247
1162062 7792808
5914824 5059948
1104656 8834280
2160191 6976914
4678998 8221417
1548991 7604816
7636054 5358065
2266755 8821616
633042 7420616
5733944 6595343
4140114 536546
2056597 8304188
6870992 5410175
9054371 6892854
6056222 7037094
7892146 5742416
3474146 5763635
9802324 9791476
3598171 5039444
739459 7507660
969245 1862049
8352191 1004664
2305274 2136503
7766263 2035699
1489313 751455
7519053 164177
1519523 9282829
3791720 1971784
9191630 558753
2335015 206597
6060200 9733270
5110030 2271576
6204073 400206
8533687 3764460
6090641 7598570
7571454 9562117
7441531 3555545
3202526 7272414
3763087 4765831
3584456 9531242
8509672 3180084
2575147 630725
5462693 8452755
8354693 3704831
2294657 3744802
3437923 1514922
6273018 8465353
5507512 7952793
6711382 306048
3943963 2699415
9681830 9232778
160674 6242227
4319957 1934431
2856000 1906327
1055993 2786392
4445132 2488531
6208954 9529550
8959469 8236365
5518941 2559302
647098 3841179
4203071 1263736
3390004 7300532
7272457 3364280
2755556 9918991
3262983 3326018
4056489 2157137
6659845 6006471
841990 8254328
7898741 1520736
1034419 4338610
4964116 5999542
8344154 9059389
6670838 3850519
1776026 8527187
3863531 384574
6406789 5820218
3229120 3977912
1733697 2956907
9202030 9980866
3266708 3256501
3489240 4767379
7855368 604576
2157163 8299705
401660 7098750
6198688 2347652
6057914 9836862
1125895 7610024
7155507 8367349
8830403 1435684
8087166 3770209
3704710 2954756
5056907 2699487
4119873 2958303
3103754 2123686
5933298 1079548
2849467 3857803
9740060 7441479
4557854 3269155
9953075 733600
1170122 1812677
3581918 1202038
3550993 8068101
5028206 4901191
4924614 3473640
6331219 8082854
3493005 4131759
8264610 783834
1242033 9215743
6355123 4618764
9537870 4272406
2778351 4469543
5160363 7379500
7064460 1003788
9118962 7202659
5614764 860932
406672 5218455
6638194 1020376
7529899 9888852
888908 4062181
5887734 2835286
4082673 2817102
6449188 4951313
8857698 9305383
5506102 8150906
2518476 3479536
3413204 6908138
1759318 920785
7629585 8434446
4707953 9140183
9846115 9084184
5687106 2233939
6933590 1810322
7157764 1288040
6252516 6220412
3935273 6205757
5885935 3509313
6943291 402254
1724991 6397461
7960190 7321232
9817568 6737055
5634755 2545487
8488406 466207
3480302 306937
5172308 7364752
7215456 5980482
6594193 911299
3390654 2677074
1474855 4871517
2444239 8815668
1008562 9579045
6687989 6988251
869860 4030509
7065014 5201929
5695784 7935632
4362048 3326788
5817589 6807601
5211264 7889347
1939519 2602141
611040 1381506
5181709 8120344
5207332 1330727
7468940 1355321
483010 4259979
1272542 8462584
8248588 2298953
6369208 8979680
8925822 3559509
5545269 5793749
5849047 6543914
1836649 7820610
2216958 1214035
8282295 6049664
9366021 8373750
2198454 4709554
2505673 4084259
5809518 9604885
4823691 8051738
2498674 386966
9547992 526173
4928396 5928959
982400 6574067
4612789 7923084
2734077 7768903
7714112 3459326
592744 6743176
6594887 2752831
8123511 8313444
2230828 3764011
4626886 5290006
9982003 7987962
8717020 8981936
8074411 6853546
4928522 1699280
6901536 1513243
6788957 6509501
4763372 6739977
4548466 227229
8554822 62562
8193994 357198
7459363 9368345
7957045 9462694
3611297 4559185
302622 814878
8778017 8174736
3672492 7909475
4539999 9534131
8056308 5033843
625810 662980
7649151 9664319
2643863 1328958
9179908 6349146
3639455 5065241
7987706 5280073
7061194 495835
3766494 871708
2539675 9926047
7221456 9740269
6075936 939192
7123698 6026421
7821819 1888327
9924041 454805
5971365 7854076
1951298 5713634
6188146 4257866
6737670 5765077
7418439 133565
6808870 7052917
858222 1598575
795752 9962694
3349047 5004621
5691849 1861503
6147762 7034038
4036924 2236158
7658355 7668183
3000712 8727635
9713592 9010250
4669933 1196809
8728805 4320470
1280581 9730568
2354981 3141529
217026 5362128
1677388 6260765
9285098 3861986
3425233 6343118
84662 5082444
7415471 9904787
5371714 2027970
2033747 5055159
202041 2726337
7441984 1437642
4497075 4985035
7844924 2153820
543343 3995247
912970 8067154
7574068 5882376
8062974 5869967
6787617 3965802
3074840 3626977
4293767 9409272
7973905 5933250
4585974 3982586
5533893 650530
3610179 8671098
3693497 3849881
3438197 9137394
2794884 7881611
7507445 8259046
1831775 3440749
3146150 3406554
9541600 5118140
1511972 2961541
6157518 1532066
4060879 4860850
3247921 4885252
5355329 6941445
2193607 9734128
3659981 758813
672431 9789688
5443577 2211774
5602569 8130898
8525049 5700671
8725108 4175540
8411422 9085431
9954437 1778645
3256318 1091382
6205281 8961607
7735248 6069980
9009975 4859374
9342826 7285995
9425807 6276983
4618302 1572291
5944809 1220900
4895510 644811
1919189 8370110
4618815 4961607
350883 7867541
1975548 9439892
1757112 1357034
9052202 5279959
2092131 9560085
4855666 570275
947900 1195973
1045157 3172353
8696226 8618338
5555729 7791797
8709398 4492812
8930602 8278724
989708 3930699
3541923 8624811
607114 7218486
7367546 6839390
9966234 4827871
5465964 3699436
511315 5511976
3946894 8436095
7131200 8408277
8919052 8164572
8805052 6177837
2976819 9926518
626917 2269033
7317194 6176085
3956131 540643
2249396 3861545
7735369 8533567
589358 9257748
770245 1998037
4147396 7849965
5255085 8932020
9106952 4873615
9106792 7578425
1281038 92428
6142752 1450031
9985118 5462217
982714 7361497
5859719 5497718
1114471 7937696
5045767 8246556
1744939 3879403
6845422 1107842
5100165 8424689
2201369 8760439
7384560 5401724
5870132 3536571
5980643 1706191
2877839 3304919
8918221 1517497
3011451 2510129
4462637 9457229
9766355 7751915
7217570 766014
99944 235090
1866316 1174395
1147078 1916750
1239691 8465712
583410 8675163
5094218 90742
4062699 8625959
