5000 2
943663 6203290
874913 4012995
7464163 9428206
4283595 8436391
7019306 3221009
6693885 5493405
2728825 3872341
2131276 5322160
8246697 6546830
6802683 4240520
110043 7071944
8938955 1470782
864504 6686330
8594834 6867895
6426111 5315279
9399373 6348295
5922452 1980531
2608316 4790263
1235585 4204358
9034453 9820259
6531798 7853832
7131181 7130109
4988003 2595646
552442 9036872
6789385 1264014
3591886 4428433
9290905 4112678
4518109 7980189
8071040 7642815
9345824 1798263
6311889 4224404
483574 1291684
157410 3776664
643685 9486721
9803193 3492997
9323244 5012292
3460704 5555931
1452706 9264608
4155375 1319400
7116091 7242347
6938510 4128603
5180887 591830
3164753 9030246
475458 7346967
4859337 5500079
7127757 6041925
637154 4453352
3293326 78183
8044702 5474899
7266623 9942665
4798551 6363015
5163541 8250221
2508014 9034453
3005713 5998589
2694194 5136321
6976051 6950110
9205580 4140950
4706658 6937020
7807832 5494914
2270464 9392292
3230955 1770373
3438719 4051412
546567 595997
4417458 3125236
5776414 9466049
5679484 3020334
8192378 684699
9366473 2585622
2281246 9578551
9586447 3632271
8042230 4074460
2747049 8474509
5561278 3685411
4218176 5485983
6966547 3017883
3274404 5805606
2222200 1179879
3021184 7310499
8807425 4362560
4568875 8780419
9994507 8968042
755916 7641980
2583396 2569322
9434503 457660
546278 7323490
5710276 3019453
3595239 3745746
5138074 8727837
3964901 5547039
3056694 3254969
9540835 1036506
3456522 4839165
9524671 1861796
1158992 7517443
7396921 7756703
9452994 5755021
6212210 5734210
6106599 4592005
4897138 1277219
2829033 8562442
7824438 5111528
3463879 1822171
3950664 8507135
1312938 2562732
6293688 5264190
3613506 6310571
4063533 7823994
7068319 6388111
5105341 1675280
7910482 4368155
7394049 8699791
8730928 467014
6715367 7365183
1536229 5680120
8969059 5969419
1930769 9382083
2369814 2451735
5441359 9706660
5711395 3520271
2751492 8322217
462845 7868155
5133970 469804
7457819 5415289
7733376 7438529
9560027 2254377
197168 7071952
3414697 8581476
6361058 3964148
4026232 5403671
9410469 1432344
3484729 7802095
6734468 2185283
3428375 6154880
6870412 7728696
3818632 434852
103145 2866493
6560427 4109047
9069517 3908056
2016368 9314188
8868569 6325250
6945486 9173691
9489319 6067273
892660 8350716
4011158 2232677
8650948 695955
5534860 9754716
2743140 7107826
7478215 81191
6987354 8619934
5160423 6228795
8743126 6118222
9429088 3715985
3436233 6290437
2823700 9832987
5192752 7698765
6587066 9824474
6949244 6727291
1225187 1387224
7080900 3114523
5495456 2899322
419023 3625808
1832256 1454868
9292690 9940026
8218222 2985565
6938276 7396782
6458953 7943876
4964923 167586
5892759 7178976
4973095 5024579
6487709 9090658
5162248 264252
9091573 2429402
2631161 2418185
6987835 3282549
752748 3372889
7113964 4348637
244570 2424648
7106225 996536
5727167 6355533
5435903 1670018
2575806 3246178
4655243 402360
7948540 7763016
183876 533349
9623969 227030
6773706 6647103
857869 1992947
1377707 8929205
2205249 1527601
2045073 2492182
1930393 3705030
3487964 1164940
1108200 4581484
6907382 7346575
3439188 2786897
8101792 996269
1689233 2028388
3176613 3783250
8581902 2675107
2181165 2997586
7815386 5676043
2796241 3392005
9320667 8074940
2248405 6798398
4660443 5435115
5875249 4817338
1166948 6575734
9959977 5697449
9550519 9064406
3072854 9576073
7816947 3546416
2617673 1230378
6299246 5980426
4059526 5023311
2083884 3183994
4049583 2416619
8801293 5444937
5230137 1009323
3217841 975481
6754938 6429025
7317516 1334292
2529161 1751180
2401528 3360946
1500118 2230046
4155745 7462102
4786876 2396720
2323918 5987009
2365254 4527535
610249 1217332
5802757 1262135
538246 1722605
6024445 6518737
3863416 8864491
6124050 51279
5682961 8697629
6289844 9986914
4203496 9581634
1598249 6518098
4295168 7322341
1362362 394207
5328891 9003506
3483214 9043580
8480395 8017644
7202798 8665800
5104698 6800856
3006738 4759850
1792390 7543806
7432218 5583952
2313832 1796408
1234385 9766984
2703754 3595240
9964722 6742323
2818084 778775
1647369 5234217
1850684 3567716
2928305 9822762
3044257 5743375
8593725 5964056
6168814 913744
4420004 8613778
1343991 5878049
3568483 5857005
5768715 5509583
8468089 2788206
5352711 1664554
334717 8152133
5112399 7497640
8920519 2777232
9011737 664861
2534937 5137167
7339286 8929287
7348617 7964081
4603438 1344866
1613475 3102430
8913368 4239295
4299103 7301389
8147865 5744005
9466956 1369315
1049600 6773515
5859785 80638
5200494 1942280
2631942 9096357
9956288 8253203
6866207 3774511
7722417 2953623
2198447 6895734
2869765 4317946
9749543 106359
2343593 3043736
3782596 1324671
9967839 1511454
2879962 273420
1639922 6277713
4398163 3596664
1207657 7454905
952027 9885438
1762474 7683917
1356732 1126433
1349318 3704721
6323681 2659890
3204101 1986020
9220806 5361325
9275473 2675244
1895421 4774073
7568713 7698792
5747786 4054080
3627842 3386671
3277357 5957440
5424651 3534336
259432 6274826
8790950 2056459
4032283 772462
7034698 2261446
5003072 5735810
7694090 9726012
8129669 8806433
379004 9198083
2089454 2830407
659800 5638383
408780 1784670
6196703 8987534
4410904 4756109
5739262 9183006
8473499 4821953
7292946 7803656
6783384 9186666
4536318 312071
1495953 5615436
1060592 457482
3329902 7664124
1859040 1818521
6226062 1962705
2545979 3979560
3455438 5469300
1151360 9316476
5047934 7039701
6587832 8529661
3666999 2997234
1271543 1869992
246126 8321443
634179 6728055
8142482 1889063
8749636 1935773
7878185 1561819
6297352 9023630
8462780 9662091
5675048 2938439
1240599 9980898
2581161 455009
1171595 6128477
7212729 4013944
2081405 6384730
9083463 9066081
5093224 9366342
2898465 8570754
6701398 8962600
6561342 9241226
2483488 9843107
7172253 9881868
3125148 932121
267029 5506132
7689502 8042247
668046 6333922
383247 6060539
4353501 6692057
664153 2905458
6025107 3813690
3947231 1544043
9898266 6404674
5247835 7738261
4340116 7065158
7145936 9486987
2447065 4349410
6673291 6634629
4529638 5258309
4101710 6741259
2014130 2365319
7106169 6052047
2258658 2518204
1103780 8466930
7329884 1843776
5750988 6482615
7136850 8680924
5928820 1158225
745274 2132089
27228 3593208
8297454 9487105
2031243 3275345
9244502 1124330
7289693 1491267
5125218 2426299
6573567 9859449
5235371 2288775
2335688 1034226
7979408 2723860
7468638 6569711
392342 43354
8621612 5992554
7502159 4722194
1339515 1991622
588164 7729922
3763031 3443011
1997051 6394935
838380 6993109
8310747 6524026
2447014 3580933
130833 6286194
2343614 6301659
919187 3134789
282947 8910537
923523 3157606
3243803 5432910
2206141 2415204
8825622 7989554
1272972 8947665
8356243 1026055
7502677 8930847
5450219 1768123
179356 8133368
5111618 5585176
4848432 4983402
2995962 3963660
8311975 1992222
2431181 2871290
2233418 7353383
8145985 2169387
8732556 6801321
8950528 6204190
4525637 8200737
2066162 5055083
3418791 3797783
3233354 7797990
7326180 5797729
1392080 5841642
5911232 1925103
5055396 9041358
9952994 2570959
1871123 8862519
8219026 6018661
3204157 5406512
5391175 9403317
929330 1035209
8657031 4512268
2036242 8927770
4923575 7319099
771141 391461
2376612 9494142
3948636 9991379
4773802 2065497
7075202 8710228
2252925 5699114
296893 4321915
3783809 697605
2415775 2414009
2909442 4406565
6213537 2628482
2061549 1173592
3445006 4476239
1651690 7425495
9501217 9682040
7667362 7281929
8998338 347491
6779759 891450
4756924 4456873
222795 2033179
1545085 5805394
2764353 134955
8464691 4176388
5762591 2766455
8719574 395061
2834926 6500504
9354086 5755862
5875895 5347898
5403281 500959
6579364 671413
2490963 6539773
3058466 9719357
7838198 1970644
3415261 2288665
3055338 9023380
192249 4880318
7393965 4968136
9287318 6712544
1382424 6471854
83837 2568207
988194 9172242
9172788 4971120
4345783 2015196
6155284 4177766
1004258 224984
6586118 8917824
8054431 6854023
1132928 1935511
5571353 6444058
448935 6729927
4308103 6732591
2671783 8397117
7135157 5263383
1772375 6610981
6628052 3886508
9290680 5908997
226545 6873322
7280512 3562163
3684129 8473601
7553577 1953810
3956293 7721984
9306582 4407630
7512095 3054364
6987597 7140647
5570903 9423134
1792829 4937078
3712551 8833284
681451 1889990
819308 2545662
1161091 1450760
8080225 3849221
484860 8138012
8022904 9507027
5012304 2924554
8342957 516922
8797210 2464181
5136898 1984629
1008543 8852538
4770537 9574502
9854737 5028464
6115744 7631678
7119757 1971572
2235190 4492509
2347942 7676923
4800558 5973681
5085072 1421265
3834091 4969668
8359849 4608309
3802771 7753790
5640923 6738915
6072727 8270494
1562015 8993269
9871937 3490285
8026275 4786463
7491206 842531
3476471 7619000
9260091 1536476
8863762 5001085
8396780 6498349
3786262 4596558
1215039 6342502
7048076 691290
9123320 1693145
7241819 8727316
5649705 2416187
630869 2235234
3298279 5315806
3663948 2009004
1746053 7811868
834571 1827541
4594326 7588791
1376764 8301649
6966839 5274843
2643859 9783776
4756526 5381557
8251227 4728882
3258471 4025050
1911442 3274628
5329370 3737602
3084701 2043066
4269170 5419579
8407008 4400018
5354014 3007185
3061486 6977648
1224182 874053
9662196 2882550
4772788 4819136
1185999 8865997
8171875 7996058
2999616 1918855
2247532 1301779
8733508 2021156
4351335 4282603
6904208 8599332
139880 9342548
5873224 59433
7999301 9426510
695649 6410900
3459708 8100670
3890300 5023447
285907 7723564
7498742 8817036
5037528 6487652
9470930 7859364
7266916 77516
776076 1922220
4490366 9173874
4461038 7774185
7583347 9387579
6212321 4443696
6320419 7063811
2479823 4235023
3488501 6909906
7284433 9487685
4756672 256440
7281152 2937909
9567282 9035649
9254611 757040
4809199 3783221
7438452 6657216
738212 2058298
323345 3266456
187450 7757293
4481137 2158523
4509128 9717183
28563 8444484
9086979 6707820
3358111 5985005
3998176 9698298
1181226 7787651
8251776 1550744
2221034 719299
1864671 1584317
2570575 1649544
3750353 2536252
9712076 5260969
8822188 8314346
4698083 1134936
4013420 138988
7430479 9535786
316721 8876568
451577 7142554
7771225 6170545
8982838 2266142
7956599 3377239
8537274 5391201
8358991 9008182
2148081 6865064
582853 8377893
9073426 54013
4834392 5903003
809112 1858067
4348328 7175034
7517438 3658820
7518221 1175058
3624518 3193849
7697353 6340758
1587507 5488362
1628769 9716128
3653295 854824
3441513 6974165
9861855 5463937
622678 9050840
8067146 7285025
3349039 9232543
1024321 4222684
2793910 7987553
5496112 7311269
7224222 5846274
6777437 9371337
7092161 3769296
6369786 688433
5876275 7716657
1096257 8549230
9153305 674419
7824695 4530671
7129736 7958142
3170371 4102086
7645708 1331700
6203613 3061295
3181504 2581339
9949622 887929
3209566 1074062
2854614 7307332
1779093 1377160
286357 7441772
3714011 4654264
1250748 4219686
2655490 4312251
2072653 1393446
3814703 4506621
6289239 4751257
1592318 9532590
7576875 2493485
8757447 275584
2016197 3456642
9059578 4609206
3942890 1040573
3746301 1733261
7111465 2760111
7035745 9423363
7980045 8369189
8811272 7860872
6215556 6539755
2843130 1748061
7188221 3759048
8511270 3179250
9309251 9097131
510811 8719873
6333446 3915416
4947597 2062116
724966 6111289
6704687 3589423
6983089 2539193
9961699 6709017
5038929 4196797
2633329 9103215
32436 4373206
3617314 1995496
2214563 2372292
6333823 9718019
8118463 5888043
1358186 5700915
4290524 5235188
5440343 5065290
6591421 2347806
5939569 3897404
2274049 2839860
3698136 5866578
9201644 8760139
5583773 4957113
6652608 8959852
8875227 2142577
7484610 3333537
5700660 3842198
7936741 5659224
4624331 1356663
2293618 3180261
2491712 2716244
10054 1194178
5846603 5787613
9397205 4268674
6230784 1810675
2783550 7893055
5722955 83932
8460606 8893278
421095 5450071
4976115 1745805
9656783 2871129
7782073 748636
6808353 8084045
1565193 7698338
3698579 9276020
1954364 5347719
6192532 161230
1113602 399728
473184 4485413
7101602 1481544
6976170 7972160
8129341 9774922
9583081 1951499
9230531 7412830
3660152 5635906
356318 9315642
4973302 2187124
9527054 9745741
1126816 6405823
8784368 6410594
1875576 4180467
8697925 9553450
2657767 2695639
4203477 5463421
7870103 3022257
7910296 6749850
2926218 6227921
2225278 6574363
2743363 321557
148265 5141236
2645541 3240334
7653009 3427685
1728712 6594936
2636938 9724643
979731 4720160
5819504 5280133
7269990 3902642
1824847 2247156
7311577 6703747
4820958 9766152
6504997 7799158
2758061 4282629
2379415 5191490
9348938 1044648
7078409 9811745
4828754 9346766
1756714 9100821
5479254 1271524
153501 1436519
66045 5708982
7396475 6168115
131443 1461963
5630574 5804014
9248165 2697367
8041830 1437898
8452150 6382594
1886585 3630874
7731175 1356376
6650464 5051574
450612 7903716
4843830 5817443
499860 8142848
1751444 1767591
8111481 9820393
7398216 6444476
7404671 6972785
7410510 1921765
6561176 4102679
2598902 2108822
9727301 3540309
3567228 6870363
3393697 8654700
3643061 6213849
8883045 6946206
188376 5415022
7146095 5695279
2583748 3879571
323363 4596915
200890 1104306
3557523 3598778
1845110 9310793
7258475 4895787
8895055 6506455
1822350 7906440
6423529 6469315
5247275 7504978
1917259 1750021
5599256 9755778
3124160 9056324
1802307 2487388
6952526 8705126
302330 8763851
7907867 4096472
280951 2856698
5411895 4062600
2332550 7154256
3369520 5607601
2335463 9563394
1563785 7143246
14833 4135010
6170781 4682495
9602804 8376573
8760299 9156686
2524457 9087501
3955818 1636464
8207391 327654
9307933 5734840
8318225 3750816
1935079 763227
9649144 4611939
3796437 4373059
18427 2158488
5711536 3192625
5111998 9656291
2886597 904825
1264578 3710696
1329930 9881231
2578253 2854439
6239845 1920715
5803974 65431
3604622 1643785
7076269 8380799
2986295 3537188
3498124 5981782
4116422 3808802
63832 2347334
4664653 4517538
474596 7690988
480606 2888755
3477965 1939465
7722711 6610997
3537159 465143
3432525 3610998
8494608 272195
4403534 7410474
1154056 8068227
9202630 6441073
2990436 48556
4730076 6287638
3291426 4859536
881209 691408
7053422 9727321
9773650 4610297
7589575 3337224
2562817 1795371
4633869 4412779
1772435 2101150
5097141 5355735
1770064 8642302
2119906 1981559
9346434 2165483
5335402 1833013
355566 3732139
8898717 7513464
6119889 7650371
6170997 8400864
3177268 3343437
6954750 5612592
2880528 7541493
1552408 1251455
1262432 7398873
746317 5417541
1752700 894137
1809599 4247301
903077 5762549
6331061 1994554
5429368 8307326
5373772 9579770
5153325 209120
8827687 4030939
4423360 8143919
1710708 6739988
7701983 8662126
6690371 8751444
8576346 3784955
9755039 2239840
8469401 4851207
5782156 2760243
3067987 5674937
8272501 5373472
3114000 1087494
1177379 2814538
8607904 8761253
6325242 8450470
9149140 9979604
5175428 7699400
771543 9806612
1343657 4990138
1767793 9379616
1357957 6675398
2890495 7719421
6102130 5227925
1112294 6702268
9875380 6751614
8024256 7824301
3980751 1481065
3088743 6567838
1176005 6656
5784781 768079
9838643 9004264
4378336 5676313
3971747 1719355
2045866 3450256
1352957 8033752
1226902 7118555
7226155 4260615
5128874 4983407
3292187 4191035
2778119 9999777
6223646 3025309
9410774 9414095
689038 1518037
6665905 6163929
9909693 3830646
238310 4889206
6308785 5086055
220442 3325779
9947363 1281330
5944578 2625338
1182414 4589239
4244734 3214429
6127634 3212684
5542257 8771848
9805511 9093460
9047213 9846245
5773610 6096060
5049882 6277479
9586240 3822103
4957475 9401910
808885 3616914
715189 560304
3998229 4780684
9430221 7201097
2276295 5148472
971906 3210698
640013 5493079
2161289 6971012
9057348 510852
4202637 8276759
518029 4535232
3108010 7295227
6084204 3005183
4603500 2214324
1727012 4716818
7493144 4111289
6086370 9162068
6417637 501227
6722739 3582376
5373313 6764742
4604657 1915464
9772588 9458599
8170893 5744474
1358932 3720846
2163454 3571474
1954883 9532437
1300880 5003744
6245856 4745753
7054136 8488869
4231367 392130
4633614 9651956
2462031 6344300
46067 4673988
6221798 715361
8745806 315933
9011253 3937715
7763279 6503678
4743101 4749457
3665912 9031279
3257425 8792279
1898275 6183803
8953608 7707810
806258 8125362
7793702 5810641
3454217 7376198
7765887 5141356
5036358 6773256
1344871 5943506
5468231 5732992
4549605 5327411
962302 7192122
9670569 5723370
9552071 1259832
4059691 6925389
4978278 4340077
5831631 8676978
4815017 9816427
415653 6722532
3823631 8555985
3776457 1079867
3178466 8902201
222820 2790912
9464301 1971751
8287634 8353734
1625476 8444884
2300167 3864161
4679311 9240339
1468338 5701880
2051605 1585020
2458493 6636917
9553607 306759
3311945 7999745
8728964 4644142
4249581 4218436
6453042 8977022
1051580 9397900
8272474 1338960
882199 1272913
9764239 9558890
7207575 1081603
784331 5068776
2020480 3526542
896991 7835580
5724876 5270651
1442549 2821201
2271887 4308322
7773242 258196
5652606 9082241
9165931 5505164
5416110 500636
9999713 9085366
3377555 7823793
2178931 4523759
5006066 2284347
4032686 5207728
664000 430743
1954227 4515431
2563332 3233762
5010340 240339
171517 7223219
8592154 9565505
1231846 3156008
1405849 613195
9048814 5445179
9842754 2369103
9783473 3053561
9607406 5048645
8742960 3856618
971407 3737217
8044831 9717312
8980613 690108
5730517 9581082
7519051 7373281
6588891 6428344
9861644 1084715
3226582 2176172
9625935 6353959
4191383 3157739
3655218 3918162
9004367 1012945
6477901 2927621
1230155 5727616
3289395 9878745
3385143 9422689
3366074 9210308
9666077 1629724
2838487 9009712
7734707 4592820
9473792 5537359
2542558 4316853
6472032 167433
4471180 6558089
9745221 7725631
4026723 9354544
972806 2895645
1683236 9047653
8075632 8568757
520659 2929338
6844680 1502606
9960292 5920224
3544263 9364899
2244669 8129880
2051771 1202478
3339633 8759694
3244759 8045966
3589237 6281137
2717863 7498796
20526 7769135
652370 5220697
4191881 1703190
73624 2112763
3264402 48721
6307468 2501378
8104582 9651344
9524869 3725800
577935 3716519
6400510 7250664
7216224 5549470
6968160 6594414
1809965 8301855
6475358 2903943
4244217 6525409
3757094 2715609
1838651 1126677
5271234 7109864
6105549 1803037
864353 9500577
4455725 1247754
1615005 9347008
4916630 9554919
8839780 1060731
5056363 8157244
1215507 1036369
4087470 2523916
5739863 1191864
4522077 5505519
2504002 4744985
5932981 8422376
1512151 2508749
5713872 1257961
3750606 9010405
6771567 8345502
5023874 155837
540584 5930162
6071001 8851472
7652498 1510855
8449065 5118491
5688017 3493332
1575200 9400989
5921475 8720617
2891508 8824319
8925206 8512425
8848582 5497568
1951438 8117631
1283136 194499
8004018 9982586
1573891 5030011
6225327 1330774
5517037 1456790
4227207 8741992
7718405 6870154
7319333 9362708
992957 1769215
2350777 7737467
7755634 9225830
3003027 8214221
5270473 8143329
5485664 6715354
703760 7385700
8084235 889914
238216 936428
9983195 6186422
2142834 1248306
1697593 1234884
7942452 5839254
36529 8255563
3394141 4777697
7377552 9896234
2980516 4961633
5315734 8127758
3181936 9064374
4714640 615131
1606024 9724819
224263 5199944
1187860 1309211
5310572 3811249
4079446 7233100
6726890 8240189
5944983 1628970
6653425 3140197
2511430 6929406
4412426 3435914
105519 799908
5119158 4666315
5067701 6829119
7839846 2617234
9181792 8970591
2737956 6993106
7473002 6159462
6668406 4759366
8723289 4881387
5164501 7654994
9989444 9924905
2934100 2585294
309114 6358715
6746891 2626418
460556 6985550
678797 5550820
9163890 9983236
7853243 1514777
8526470 1057527
8489236 6055497
7356503 3255275
8902892 1704855
2801127 9280343
8910018 9437456
7415044 3890682
2348587 5836843
5549253 6602949
6542346 4087473
1954478 985568
2883755 4719007
4129830 2394532
1053647 437778
6932504 9102947
9340800 1859168
3765205 7063844
3523252 4737730
301186 149893
2860742 3039956
1833351 4882828
9077583 6513554
421943 7977663
4276238 3026074
4789579 77571
4013132 4898865
9879557 1840810
2957501 1289732
3240701 8198169
1096231 6190208
9583975 6999658
5860608 4046769
3031260 2742771
3097564 5392943
5256204 4133566
8609190 2664545
7077854 2408121
6875317 7544827
7270411 6441945
6129494 968592
591998 1708980
3498631 1917421
2132746 3884789
7376109 8601715
87451 5746282
2254652 1606371
1741638 9983836
568313 4988335
4874503 8838619
408160 6057944
632352 9995599
3930547 7609116
3979439 5536910
2148794 7482438
579073 2795744
4885551 8580213
2910693 8125950
4071432 155074
2030587 435481
3999440 1015343
2537946 6046537
4468844 7627968
7932957 9169596
9824835 6707785
889392 824959
947046 221269
5877805 1739886
4941491 3694644
4922753 231468
5464356 8462642
2724358 2061530
597442 6480581
7514492 3001068
2978531 9785164
5028572 7009278
7222169 995875
8144305 4093063
400773 8969817
4109672 7846852
5673645 3561302
8188306 9005085
3138864 879189
8007431 2727234
7322578 9824469
9665776 9490325
3273311 3837034
4635457 7588310
5950757 630537
7639047 8457823
2259372 4251354
5485367 5839789
2375329 5986547
3245286 9821117
4544909 5172038
2373989 6076125
1447762 2073731
1468176 795600
2977171 2000055
7161346 2776878
6597136 8486662
6709552 3290266
6060500 3447241
2699643 3735844
4381906 8920904
1859742 967109
9151593 8690173
9514906 539795
8257462 7090907
8905966 5504271
6287462 3629628
8866890 1603816
3296820 4841790
6807359 9818169
2050834 2726427
4991014 8436757
3094481 3171658
6442105 9575414
6759418 4994168
2082588 5557277
1557783 3701998
6293243 5209519
5909551 7355464
5879383 3078283
9736503 8412995
2747737 2381061
8081795 2011561
2694338 9923299
4563294 5443240
4658926 193270
3552830 4840463
3361746 4628222
2622571 2302349
4953161 845055
2008972 5522797
551106 3345909
7026981 9198825
3363822 738973
9516002 5530336
6285581 4083258
5264478 3040954
1961880 7507940
7520829 596748
4602673 3163266
9201971 794529
8757846 655829
7310900 8664120
8652750 3273122
7081243 87930
7696476 6769957
866438 9823091
297651 9270975
3320850 3172781
5720725 4264391
6754032 9827156
2752047 5359296
4822760 4847198
5745075 5368799
4706071 1184205
8864030 8414179
1412764 8785275
9095820 6971981
3047639 9012503
8043072 6338128
7826100 3976432
8476834 2534703
708701 8427819
7626331 4322273
3778683 9786778
1375276 1234517
1566059 869121
9944594 2705947
8630409 9064985
5407392 1218545
1167726 5237922
6576831 1242467
1724572 4751101
4104508 4021046
1641257 7398096
5005048 725172
3699103 8310151
2711351 9580678
9774829 1624511
5235409 4835501
804119 2049874
6498616 7073546
2911289 6201228
3782186 4029729
5998557 5798818
1018815 1487772
8722728 1885673
3430594 5903025
6632948 8024308
7571173 2764350
7914833 4744657
3976816 7023371
6016706 7983348
9264137 5111183
3508708 2644672
6395511 9280552
6484287 2797108
1177142 4003367
4454674 1691979
3519653 7906041
723764 5564189
4707789 1274148
8287258 218193
3787202 5543627
1926890 4608654
2317254 968457
5105229 9284096
871942 8884756
4294481 1050282
2736060 5809803
2216999 2053223
8635164 5131233
8400901 7269426
4608219 7092099
9203713 5082518
4541573 7322228
5980338 7545024
8163562 4016
3001156 989300
9176375 4842502
618183 3999661
1173381 6317615
640071 8082782
363568 5259017
1207831 7491011
1490323 5362254
1177149 4402706
2069053 5768692
3442441 8838481
8158953 162978
6119175 52712
6660299 7836947
3984236 6639245
2074350 2386696
1159086 2471054
6192065 9898769
4918376 7584877
8468446 6961742
1055285 8111640
6431025 7024262
5907025 8154524
853125 6244676
5970097 1429923
8948953 651578
2139884 298049
5320149 1469779
345105 1484598
4417859 6469374
2729630 3748191
6176174 1541731
1171174 2637548
9656786 5798873
9627780 26409
4016683 9059960
2280263 4324835
9621548 9811629
5786957 7261047
2304796 9790609
84517 4140508
9586570 1366755
1526099 306420
5263590 9731518
9338233 9835366
4744114 8625112
7594846 5145925
5211478 4208530
949579 6074356
9199992 6930808
2968531 5325680
1389122 2181134
7210082 2998763
6679948 1121229
848255 8163865
3428901 4561640
8123398 7452047
3687203 4323410
6990380 7403368
4075516 7979293
5948702 887656
6355955 9732522
9656856 5227585
6715158 6490072
4916979 8840945
2965978 174806
3873948 1283762
6116279 5830926
144598 1930968
8766382 7885038
5662893 2579010
7726733 3977496
1975518 1885211
1899849 874482
1091215 2682198
3000975 8019135
2074906 3970048
7081614 429788
4566875 9207577
6063602 5361743
9290393 7106654
9295204 4889028
2583242 7454909
7221400 6760188
3672988 8063863
5057146 5698085
5486754 205872
3551468 8309199
3300806 940403
3243079 8902632
940525 4671850
7018033 7810092
2713811 9058234
1617820 7491799
5426914 3518097
4812630 543922
7029183 6891748
914373 2232864
9885146 4055478
8952402 4227903
9931117 4559662
9933747 4540970
4507829 4129771
7755714 7338660
9845683 1546705
3394188 9477783
178855 3854942
7765005 8968483
7792395 4096838
7268574 7037582
5764347 2349546
9418127 2054617
7526971 3226220
4427126 3905826
8184280 8898340
8690931 9495427
2966023 9075832
7086827 4044398
5128253 8386435
3986381 1992186
7912114 6124251
1652921 2641075
4729763 6221307
2454763 1836941
521847 5547877
6113511 6337823
7639548 9668069
7898637 1718221
4954823 787986
8397282 3163028
8152750 2772945
9808881 3731633
6856299 894121
994158 5645757
6650797 1987610
7680560 345561
342094 6141634
2891716 3341447
9085531 3523489
8246301 1218875
6776529 8840319
5218991 5731202
9851611 1120849
9982423 6100748
7316037 7245356
1187391 8706699
6348119 2019381
9462157 7839606
9680099 7825353
9939607 539454
718873 7397000
8924039 8802947
5931324 8153772
9740723 553548
3720776 8460568
1016801 1336833
2877182 1069969
9187792 8296910
9676189 681914
1114636 1117550
5962747 6117622
829251 2223696
9203221 9288885
3504854 8719593
8211344 5506908
8626818 6365684
4437500 769232
1986206 9544874
3602138 6932149
30807 9537664
8618610 1596759
6150621 3197245
9302881 8070751
1782371 9493047
782005 3287655
2463687 9626775
9459367 8892189
8228791 2681016
7073072 7458105
489929 3226258
25429 9541298
4523787 7845030
9015573 5980610
9560030 8586941
3558445 3894703
659136 5884782
6389704 3187391
8813881 3987534
9633103 8711151
8570530 772971
7216361 3148424
3832436 3839561
4139635 1033143
6681056 8235939
2587178 3920525
7112056 2241538
6286600 6468439
9427335 3244758
9070395 9444359
2655318 4254172
6790597 9377329
6238987 8429620
4588515 9101961
460498 7806953
666713 4466671
2339341 5642199
924158 4053213
438122 9958904
37769 436874
7458165 3489877
5531559 9481290
8427528 4569600
8749920 1829417
5250460 2969282
5707363 8212839
8317320 7643548
5634282 4226626
697417 1103112
2728545 8196751
3960431 1202602
1587095 9553200
7859532 456294
4527422 1152533
2971770 5884343
3072849 8401230
1227540 742904
2101991 7438620
2722370 8093097
2607718 2766971
6179492 114815
2942115 7122251
6718015 4726124
8962429 7048498
7496551 7933086
159843 9829366
173730 3923692
7576623 1500230
7291774 7738556
1572556 71991
4503648 3763846
1094815 1267059
1714823 7671042
453784 5387138
8868119 655463
879489 3428874
2858212 7184481
5949003 8479234
7859756 9208118
7270268 293420
8005833 4218339
887971 7101792
7375276 8185149
1666261 3938986
1482306 7879674
4888326 8840649
3319303 1470006
3400375 5740690
7627264 631515
6660276 9644129
1434313 7572842
5242115 7395326
8296786 6855040
9292631 2789153
2213044 8520162
8597060 1717278
3896480 495783
5405108 7223064
556525 7415778
8378062 6908688
6207956 6507919
9922656 3593355
4746971 914483
1716880 2228045
6389341 5721514
2265795 4324161
2671418 4803627
3459438 2108003
2128837 8648845
5093581 2783378
4373404 9797006
1789708 5997703
2993758 2601681
8982214 4159307
5447734 6128865
1485515 2906585
4459032 8012890
2401042 1295880
5030423 9076534
6180125 5091528
2006984 647286
4039838 9655237
6912140 7278452
4435532 1779713
7704001 3349644
9203153 5483714
2678693 3117984
251102 3642133
4311240 6946967
9474362 989554
5636822 5314622
8700410 5979787
8440592 3627230
7097851 2906137
8001827 9327545
2385850 7951517
4949103 7159944
7305921 9857635
6234663 4988339
4554748 8608239
2092185 4862564
159825 343087
3983651 3888550
7803586 4935479
3747723 9330681
1827426 4159020
5013086 8202827
5479366 9035788
3648989 8511516
7808945 9522262
7852040 3903500
9982478 1055738
3652331 435037
694764 601658
6834978 9129548
5160987 8359735
7170968 7989388
8722047 281159
5275271 3517106
9309459 6581721
5189803 2888215
9267372 1430008
798533 1557527
4937517 1975108
9635578 5662661
5786407 90072
3945292 7284389
6901675 936583
8247800 1849751
8521516 8241576
4200804 9664663
6529106 1529499
9333959 8400069
1274279 5103753
714151 9954608
6330779 9037330
4881992 6511053
4097783 2094835
6798175 8296056
5929749 8766149
9954792 1434608
8235609 9919965
7987752 6685932
7052719 3708290
8464632 1097214
6844579 784875
7151932 6497231
7735501 6574632
1071863 2048148
1450877 5061999
4666254 2281954
9857511 3706631
6051514 5680323
205975 6860961
1647303 6814979
8563636 1505549
289621 5668632
4427259 9083624
4378678 5131495
7875937 3191137
1563628 2422089
5976039 2828966
5151714 1952729
103248 5461738
2507270 6092101
4208104 5710989
1719058 5565853
1144980 1154033
1904510 4626658
2542086 498596
6668571 6746037
4435780 7974221
2707210 8889948
6137767 8134122
180782 3761725
9510558 7553786
4541428 8155976
5958177 7241427
5673616 9430269
7339311 5819020
2515360 158206
83909 2162974
936413 4294172
9289094 9751925
7412076 7328955
3098602 7008330
9935271 4761993
8020977 2584772
3546121 477236
9190591 7622597
4201385 539732
4419705 4665264
1961065 4467868
7924438 7344366
3245968 8249290
1103891 5914092
2877879 9119819
5948393 2549222
1427575 4460866
7773467 5097456
1578913 8372036
22764 6187564
4444266 6598530
9855159 160704
6591499 1188865
8373078 5229906
5823538 810757
985218 1281534
5969280 4945984
4522939 3966195
6768278 1321480
8702081 2753111
991598 5963106
2301168 8811390
7034682 9903980
4948386 9833112
553899 7836164
7797556 5058765
7601175 1582701
5968078 864630
3315695 9816691
161027 7775749
1039661 5728231
6717033 7411807
5777087 9091508
7000378 7558283
4237696 5733967
1617352 1853667
1335525 4121752
4819994 7185567
1014168 7746386
1913267 3839756
886306 1279474
1052354 5285606
8995928 1340867
7807452 6871520
2848920 1305499
7229997 2470256
2189645 831262
1042512 6396392
2322158 7557395
8603844 5614427
5999983 4837887
4552563 3309016
4895501 4972368
9654084 5411031
2942601 3094568
6016262 9989
6591688 3632205
8636067 1104328
7938834 7794431
299106 4339856
5684327 4281205
5208779 8928384
1935719 657078
1925500 7394585
6152580 5265336
6037338 3330779
1012533 3724245
5023914 1344420
2446709 8895319
6060777 3160546
9009534 7195708
828284 5469437
8728583 1957670
3282149 4554255
7201902 8175681
8787794 9829225
4737521 906202
4989746 1488225
1423309 8275132
8456057 5876512
2410083 3819380
4144455 6296523
5558094 5671963
4361825 9855193
694090 2700252
3316891 8024563
1714287 1042181
855298 140171
7739488 3104576
4891181 9067297
9467248 7556474
393519 7360797
1930414 8003536
9771377 8354056
2364558 5921525
2255818 2243758
3534303 9818286
8686337 896393
1268593 3786244
657237 3722011
4105605 6170384
6452734 4331620
3657799 6912137
2009498 8355752
1618441 5385874
7560966 154894
6759930 2451291
2281617 1841777
2143028 848929
7142010 7756395
601204 8016745
8554866 9470393
7484870 3817558
3870377 5391560
738939 1019780
6387236 5732750
6896318 7758131
1355542 6497434
3191141 7151878
6905309 1907453
6784180 1145917
3001966 7508450
3965511 1846921
5744172 6440974
6463401 5789787
6374533 4182265
3473849 8062803
2575797 6804135
6785813 5778345
1176132 2188786
1988214 5868029
6516994 6361315
3071769 9325183
2311910 8038760
6103856 5378120
4638207 8837205
4768011 4028821
105063 8255146
5910519 5131794
2356777 9553779
2034138 4990394
7742253 6831442
6528510 4029172
3449028 4027217
559986 2803680
7402829 7265285
3478388 1638113
5127303 9496389
2149708 3656474
6067870 644913
959618 839607
875707 7781725
7169039 1927210
659751 5240718
258845 4009860
7956647 579946
5732909 1898540
4146494 4550515
4022625 8004045
4089579 5902809
200125 1500576
5923566 5300666
9388269 7560953
9545298 8420556
4420948 3430740
5152442 9915250
8733365 6543427
1691570 8155446
4281220 1673004
3463824 6617316
5240397 304986
5092804 9354457
6235370 5818343
7928413 6375964
6155713 5115445
7564627 6201310
2379644 3537682
1848497 3565047
4747318 5533299
9234632 2921445
706856 4488879
7191694 7459925
4428200 8621195
8837420 2199487
5630568 8281522
6613805 7043334
3748673 4059907
4483774 2660853
9645040 1527031
4685309 4660322
4596676 1618055
6567794 6176342
2016274 41851
113863 6071975
5704846 6142917
2020679 945515
8053793 2803298
3145241 6687878
3546027 8729278
5002707 8698808
4397436 3653312
9542710 4519225
7078557 1094093
2360492 3397143
8120427 1336711
3337563 4775044
7945543 5328158
6100985 8340026
7558844 6822253
3220209 3710848
1876620 5274510
5538279 8294164
6440876 2051822
3659439 2869656
9889583 7192286
475104 2313907
737352 649752
542354 2772143
2338680 8997519
9007081 6825069
6339979 6642288
2287267 776597
9429312 5833576
2614246 3236484
5150105 8528963
1833974 8271786
1167929 5144676
3041742 8630424
1823913 7580239
4737908 8123464
2230630 398968
7772331 7925664
2737271 8179851
2476378 9955857
9666726 9929555
809395 2068885
9652382 3292132
9477844 4297508
6951221 1869939
7857424 8782181
9953613 3105444
122735 9929584
9060477 5066779
8065887 1847959
5887963 1273891
1779632 5187210
2172677 742360
8426006 8018919
9980162 7848387
2187010 3433605
4854402 1466303
4425339 7585862
7787064 8992456
7208178 2103958
2539251 3510467
1019654 7737902
8979418 8563267
1323923 1991326
2809816 7171211
7329547 4008837
8350534 4740655
778044 481476
1134818 5652968
2778821 9836982
7166426 514203
7040289 8300043
3199309 1523577
4986889 969952
6458295 2838230
6077320 5775458
9494504 283343
5963456 8654344
6647787 3744897
6648495 3524732
2375317 9498340
6432590 4647790
1860197 5251401
1895870 7291026
5475578 9740660
413502 2791722
8648510 7877469
6067459 7458576
2194436 6641735
2814496 8622705
1648338 217679
7245977 6658061
1178192 6446615
3033509 1414222
4705183 2761081
750231 8592010
4362741 1563804
5441611 9990622
4912021 5014544
834438 1899050
1130168 5066254
1446800 8213373
8110255 6933146
2263461 2027761
6108489 2548065
6649875 7889035
3132242 9399543
3088666 3868750
2594002 994333
6507279 1084015
3532725 8549996
1870930 8253179
8264005 2932813
3670775 7109477
1831351 5700305
3080186 9531371
1844771 2514155
8072736 197747
5333260 1193009
4618596 4570146
5528844 8691307
1459484 4082679
143934 4061234
7704784 3775227
6393208 2558526
7564043 6973357
6483675 7665402
1315599 1496920
4265510 5563075
6687634 9824282
5224692 8867158
3448256 1023068
5093033 2528356
6153007 3260556
2477004 3330163
5785278 6551591
9884229 329281
4786943 9512178
1410356 9448421
1527856 480473
3253812 9159374
3801703 7594297
7242270 6669519
4703801 2920539
4252987 4730020
7883484 1754307
2656847 4960689
166270 1170203
9381433 10473
7718117 8842795
6433465 8428472
134881 773375
8936345 5137602
2748762 4344592
9165846 5990265
5976072 3019180
753167 5271587
6286519 4060663
9482150 9791036
131639 9994434
3856613 4620054
6525956 4156113
414887 557908
5830641 2589017
1110333 9563159
4326948 5792295
660462 3496523
3840611 7386847
6558419 9115451
1693807 7312340
5982753 9703551
3435499 7390092
7580911 6405071
154226 4045978
5275010 7003340
775366 9698672
3434168 1103277
3853324 8194645
2677462 7746620
566797 272683
3359965 7513261
5617503 730260
6626962 4502620
4649336 4230381
795851 2339882
3355582 4728019
1594034 2536805
2037243 3985347
6943833 9453895
121160 2464390
6011009 1463439
8942785 3979722
5014788 1274084
1075986 6900026
3069813 9976679
3476084 5642191
7885470 1584764
8068694 3720042
3201751 687598
984340 3713234
8220350 4646707
179803 9336150
1966622 5252883
2996612 2334507
6541466 6426614
4305349 4593144
4256702 5168075
2745536 4743540
2549942 2522589
8920860 3060097
6423469 9891284
1926955 4200931
1002145 2836716
1233053 9357890
5773270 6619146
1638513 5319579
4309966 1954995
5531071 9266749
6283508 8856313
3978137 1295480
3308903 1346920
2865752 8372097
4974644 2772570
8783232 1628146
3996055 5995341
7747387 942637
2859157 5755252
6683692 32408
3500179 280733
6405962 2654971
438635 2104513
6039696 5141556
4897981 4439875
8737114 3951045
240064 1845616
8529764 4479844
7774696 4163490
1282983 6847602
512795 4045180
6102543 5989941
7613644 8645140
5802825 1371694
3246940 9127427
3356729 45269
6042258 7194211
509632 9666957
8759166 4917840
6870048 6791324
9508327 9339195
2140008 8298658
413643 1576838
5924868 1277844
2922905 8336101
1010355 813034
6758470 8586099
9988264 4957710
195893 6339932
1033468 8427783
3250954 4310938
3429020 3372521
3009744 1619880
5460489 5231757
4716747 6701958
9142191 8421120
2186218 8959582
1660738 4521108
1777109 8811607
4526705 3727815
4798193 1775195
5018482 3259647
694647 4749533
5175350 8412124
6844300 7796919
7628579 2213620
8910840 6145796
8027244 3077934
9549627 1428988
2215580 33536
5505721 3664012
8608004 4908182
3934796 8307367
9862941 6568269
6804580 6074137
779633 795685
4448337 6353225
3294702 473539
5040946 3067300
5349849 6452121
7401605 3924203
8715007 5946516
3750141 4348226
8047960 467612
8068431 9021394
8483855 6376530
2133738 2302457
4496727 1151822
5142937 4069667
1257341 522534
3109316 8595061
5679388 6518935
7228343 3850160
4366176 8883146
214925 9368777
4762264 8537014
6122549 6995129
4339609 6356635
6049768 1964477
276531 7307092
119304 7823799
6006120 4795984
3867250 4898196
9149950 9782120
4510076 5037262
7334260 9481467
7348694 4584458
2489730 1739296
2993458 4653724
2507833 2539141
1530422 1647319
956437 982279
4851724 4308138
6946504 9246465
8374595 3502710
4204565 4991961
9276716 3027878
739961 8832805
2161778 1530687
1666706 6167809
952115 8114997
2567288 7581069
1384991 3031932
6983401 8281414
7769084 8448305
920921 3688682
7915438 4497361
5037301 528784
7544700 3395975
7021559 9200333
4461916 7554651
8595640 5605895
9292629 7318655
412409 6499157
1329467 9527630
266608 8918081
9434894 7004205
232320 4778732
9024642 1896880
6863330 500134
9507552 5894624
8941934 3626361
4541525 5966277
1988863 2946906
2271945 3312821
9417693 9103807
6422806 4412335
9748833 1853732
9669633 8069575
4656659 4014675
3772912 2960076
1905303 5929936
1423634 4584978
9713659 5378419
1148355 6827940
7585477 3178098
2460889 9400412
189491 4394364
2957736 9894167
8227229 7474976
3374367 5242266
6689461 6968041
8701417 204521
7629718 9897557
3238025 5180861
7742811 928630
976491 8144992
2791856 8060348
877694 16332
5876180 3997209
9162793 6592563
8197934 3980175
9680959 3499107
7299085 6902193
2595069 9029520
9893969 3598496
4127989 7287633
4805513 237258
1227987 6233210
4371249 8837983
3804557 4058760
2375069 5048955
4055897 9713762
3817016 1913699
2268317 333244
1137372 3533773
3408576 9554323
9861238 6638453
823030 3915915
4686157 2110547
1499629 1507956
7984617 253093
9203262 8916939
3311162 4027164
4240160 9447700
1933274 4644231
9913296 5085657
9117851 6772340
9873099 6518385
6857078 3228885
867367 101160
6888657 8628446
8259927 3086798
6014547 6915647
5925462 4165903
9124832 6502453
3596288 6054061
568528 2879978
8001218 8099736
9067744 6525290
2270222 6171394
7288361 8434386
4847360 1113100
3018595 8312170
5693102 810
3753693 6594376
7255895 9624057
7816985 5517217
858100 4481074
2114365 5732996
7262594 7880329
112209 7363944
8714605 4828815
9608249 7056621
6729729 7311877
5350203 8704676
7259417 9438032
8715884 5642673
4758297 6642584
8979923 6332075
5577835 8291088
1703660 559804
4335726 1044227
5341573 9877214
1326437 4545590
8279709 8890710
4948763 9988663
4374616 3722128
6163060 6921762
6137123 8341221
9043037 1286452
2062557 2946502
9785412 368152
7980642 3506370
7508480 8006112
3458598 4954627
2246838 2174598
9797379 376864
3857169 567550
1414941 3135688
6587183 2791512
2570328 1592791
9184259 4172739
9635583 7646136
1600191 9660513
3966020 1512652
541656 4376327
633888 9580363
2047137 1472416
8502649 5923944
4403170 667544
7043777 8556249
2146892 8566450
3763109 2890026
3399752 8895388
151180 9055966
5698547 4101855
5615016 9799930
9838122 6447056
3663470 5526437
2003263 2456039
5354584 5847615
2484834 419804
1394784 7377295
9631102 9907288
1196326 1129909
7637928 4486897
5074906 1059518
287271 4204278
4786498 945828
3979752 1416847
1543921 893414
4414866 3780083
9860291 1078993
2669301 4317766
7962875 9842703
4204364 8571111
9150149 3877218
3811504 6109133
9697801 3301220
3188488 3858489
3830370 5575077
3477519 7514437
2407886 5191286
6017709 1751449
391124 2873472
3627673 2403878
773779 9871568
5631236 59326
3078936 6791728
9562959 7129575
8548531 3526252
1158000 6021145
574290 4935623
4639991 2151235
8794636 5721351
9404581 1073094
3708598 3563310
9760514 2367098
7466838 1309855
5750319 328033
6813312 5391203
1105621 6638361
6460241 5167179
8520117 4818486
511105 6044987
9825402 7555085
3202770 949027
9528433 2387927
1773841 5124889
5578454 6660518
9351918 1318173
2896612 6993339
5140979 9847780
6694431 2653089
8627258 9850955
3927890 6571143
6384459 6130511
8119756 937149
2200659 1424553
5142605 5357769
7249066 3381857
7827398 9378981
7356788 9548761
556705 1855726
4239514 6612759
5068074 7704382
7325502 7207856
3799385 685401
1459255 7138866
4015817 655296
5722941 1104831
1314986 8007464
5498965 5759371
4984838 3828584
5135335 8799616
5634751 7712094
5720093 8039162
83171 4356726
2633439 3116783
5769136 9565311
9877337 3374861
4339918 9174961
940654 8140619
1502239 8844308
6261148 5400405
4042619 6706108
136272 2243978
7509909 603572
5523061 8319351
6985894 7701756
2950530 9156934
7307758 8697183
1571665 82913
8056386 6795458
4565036 868986
2348877 7176720
9589046 1212488
2152392 2886140
344909 9560535
7517115 6523752
6175331 910739
8848802 1562816
1703646 7863721
651312 5629009
6031766 8765658
4913266 9956918
8493034 8226227
2379365 8096532
77124 5959152
1840764 9553721
9781674 9586765
9909891 2974735
622197 3501335
5294546 3112535
6250968 2837391
3108825 9398869
4754609 6556443
5764007 6031384
6433871 492370
710673 5521029
3762871 1998100
2944078 5592852
9556235 4356057
343112 3738045
6892409 8069788
3870210 7665535
6652632 2726767
816799 7509207
1669646 2867135
1486156 2315688
3622082 8759099
1647691 8861201
9555608 8396655
949667 4062864
6512787 2394166
7583208 9531417
575929 5901773
2132011 1101429
7120109 8813900
3684540 2455959
9230766 6692072
7392345 1548265
5582454 3516111
7524198 3153627
4025525 4135672
2049182 5272864
4617190 3590876
3863470 4113129
890916 5016661
5435286 974223
5284245 5199018
2713799 1942026
4251039 8066068
6697816 4876935
6664847 2733597
4692003 4957351
450388 8182501
7439777 4755137
1489742 3113345
1406149 4328691
4888460 9716639
9360796 7944762
1045075 4267220
8516008 2734430
2887893 529127
3379558 8285739
763098 1516612
2387836 5240377
9841072 2404851
2390436 3209574
2762849 1563322
7241942 9193934
173888 7462243
2622640 3700440
1839174 453443
5288775 7821269
8530146 6575490
9930341 6656648
4125639 9473782
1354450 4114629
7911841 8934630
8760397 8704657
2702375 4776652
3485179 6563459
6237542 3768614
6408240 6824561
928580 1212432
4587848 4183601
1947744 4134358
7942364 3869922
8848929 4786200
9839570 4728201
905820 2463855
1781511 5338493
8504123 9409679
5181229 9178969
8185526 6244827
8182638 1594825
3296565 6501493
7183796 3310084
4805271 2468501
4649452 6535067
8656625 5277088
6767346 6100037
1427556 9079618
3186979 6175307
2552904 2855762
2531563 77260
2882062 8786733
3792073 2551372
5254480 9763881
613419 9373004
4212953 4552430
541513 7320932
4768914 7726825
1436950 2113967
8271012 9387942
4567395 3548431
2077578 9338343
1030794 4930347
9799313 9692299
5878940 83464
9801530 7543556
8380754 810970
9848783 8507624
464148 5198582
1593928 8050618
6595602 3550616
1944043 940744
8791189 5543545
5317252 8186358
6599642 2890936
9387141 6181124
5804496 5163864
2969879 1457689
3481131 2383521
6126360 1184257
3752278 6389077
2733575 9368575
6750602 3849204
4008950 9251270
6109382 3884282
5848004 4081977
3745297 1939411
493022 5386840
2597782 9619506
2263222 7915752
627608 8613638
2490728 9944076
5805795 4526134
5005618 5289916
9489709 8901107
8051594 8924842
8650604 5676362
3760369 748678
3631740 1891069
2836851 2351972
2140436 5418335
2500860 3293556
9306245 3475383
3289965 8968750
1879719 5749291
3522585 4108823
7600714 1657223
5389641 1215786
6383998 5084211
6834509 7882351
8988389 5142316
1691528 2070222
5671179 4325573
1270728 685659
8984930 4225069
476871 1678081
9696187 6757816
9898555 3640822
7529403 5921594
2383061 9189282
7800728 6111128
4931943 3364766
9135116 8015818
2198200 8494966
5047260 8656501
2219346 8067889
9736004 9361279
213881 7162419
1102462 9824281
9316285 877282
4476608 2767295
5922997 8866329
4556852 1932705
9885551 1012266
4161172 9232459
2917142 7350901
7423326 9626257
9147687 9672420
1655607 6335794
6209244 520947
832496 6783296
4580551 2180214
3973641 8301016
6113395 1078077
865421 4606659
6757633 9951935
6081325 3386815
7591664 1464518
5588706 8840787
4534536 9643670
64745 3169715
981490 5750109
2112764 5231179
9654597 6112226
8430829 73955
4882996 2477134
3682399 9445628
1821587 153841
2960518 3050117
3019790 5059324
7594099 8985704
3809736 4230313
9765992 919503
6420913 4762786
5104748 6474813
3371817 806344
6950050 2615039
8781643 9999895
7704830 9373004
6419930 9743286
2605687 5529200
3226205 6137936
257707 1911227
8624103 7483844
5756488 2945060
3188343 888316
4110099 1942556
5142030 1223329
3658205 1374725
412250 6504988
5455153 9097137
7105796 31761
193556 9061477
5727130 7625202
6824796 3897480
8257082 4252795
5425633 9374088
6150330 2695236
3523305 1583377
689689 4415139
1941129 5066244
3904341 9951669
3069220 5505338
9311911 1005364
5729601 4547499
7928968 4289619
6729397 2742878
438594 4161429
8000870 105618
471799 3331728
933356 729657
7556695 2161504
1198260 3222312
3904588 673474
4755854 3942688
805349 9023561
4862221 7898933
2832616 7088190
8977559 7555932
4468028 8831626
6397129 6931700
7285048 3346335
2105436 8206088
9525791 7720534
5112637 163750
6833312 4841982
9297025 6033239
8054460 343310
9336504 3020937
3941056 2945365
7886227 3919673
4485872 4063984
8592965 4519089
9178331 5394026
163494 9201369
2403917 7491802
8898860 5404849
5866131 3227461
9218446 9701641
6054858 2144499
4211093 7994177
1984015 9010879
7918785 1705864
2783389 8147302
9689473 3165081
5437951 6138097
8752846 7216995
8932351 7739673
9516401 3973154
5842432 7442192
3538997 1302442
239642 8394031
1916580 437768
3758834 5556558
4800785 5304772
4596076 3580248
5368648 2436651
9346586 2717610
3929220 781526
9666315 9405283
2757878 5335195
6159001 6127431
2581034 7317304
2170818 2253966
6989267 4193374
8072006 5805812
8635103 2661792
6411836 4034784
1301261 4853293
7883805 7478856
7982031 6355190
2728885 7427313
2441453 8196437
9648576 431547
988513 3744625
7224320 9789863
661578 8219749
2760079 592985
2215157 9882292
4529224 3938721
2523754 9375861
5236641 1273761
5302736 4139702
7382071 2534607
7254273 9384403
1770230 8994092
884150 8793780
5114582 6479729
388308 8041951
1342807 5938631
8983761 3600467
2429684 5430601
4870809 6344985
6889612 3765040
344317 8772400
3543682 8814825
6317316 4836539
6509834 4253677
1716337 3119167
7100908 3804501
5355624 8961145
1219920 5279896
6528213 3174995
6696656 6912497
1785012 4098058
3656188 4891081
975546 2576255
8147515 5684147
8249035 3349309
1957075 5669986
7110649 2994027
4941788 1253921
472714 8779790
4788644 9041168
3275020 9574083
6725662 1042504
9241182 3794040
899666 6871333
242376 4297264
2619518 6097898
6534247 5379462
9985698 953111
7720837 3107829
41006 3443076
7084158 1605439
865022 98510
3284852 4348082
6315640 2392163
6929882 9761369
9024608 961079
1559002 2688874
5664246 9816999
4497521 7741752
190625 8659605
3954845 6323884
7852041 8464352
8747890 7570804
2236563 2026468
1612052 8879102
5645285 3654473
7519897 2371079
8887601 5344382
3691683 5248468
1435725 6479844
3268130 3609585
9162705 938398
4403836 6198741
3856188 3090705
2574424 1606805
2803736 2275953
9972266 2091119
6262236 8416618
3086568 6213439
6975620 769467
7741398 8368806
9103677 9525206
4275621 1349752
9130819 9925983
4211448 3917676
640774 5091032
2992662 3970000
6179576 907131
5604892 6351036
1029207 8076698
1856551 6972060
4642265 3704609
8579118 6768738
400149 5148584
6378900 52817
9089570 8653599
9003246 9022020
5222277 9278085
5506354 9570284
2020683 6572202
9758473 2659902
8294223 8362574
9760874 5540781
1173134 1171391
6752938 7642641
4770046 2278501
2137959 30377
2281647 446637
1604294 8949491
5795685 236813
6140707 4380028
3451786 2324263
5610976 4966935
8773885 8432159
4004284 6424054
1540238 5380585
9231906 3211649
4450691 6240755
6352740 8222937
853541 5171766
889529 8040598
2256845 1503216
9358076 8066865
4221257 565558
4103855 8853392
5364028 6330199
9983373 4044409
1106866 2142820
4467705 4531301
6054622 2938977
3757022 2733062
1747939 8164634
7166206 2601420
1414857 8513331
90102 4111192
2140503 8289653
8018996 1699584
3318344 8056224
4498409 5302712
7935501 5650442
8009700 8602147
6059057 5073730
6662067 5676388
2080257 3618007
9825455 6763487
5854673 1613829
842154 3501709
1355480 7087694
5906461 1064511
336814 9956441
5888259 1099320
5393587 7078281
6760729 4744604
3839187 1287901
8011974 96513
3804873 8944605
9665011 676800
519736 6534019
1985588 3507728
9707143 669144
7920462 8140788
804362 5105272
6698039 7856082
1171320 5497286
2762708 9480164
3854842 1079788
3491728 2936859
1052051 5880205
31789 5503088
7690907 4689889
2665691 701487
2558975 2681430
391800 5306821
6142832 6266083
5367491 8683524
4059095 2677668
1063765 5781881
9484102 1086702
7052448 6708909
885770 1459800
7658711 5097340
6609240 2711395
8607746 6901463
7678398 4917126
7381532 4225587
1442321 7362146
2659835 5430396
2201034 398460
7695373 842331
9464817 6863834
1340101 9406865
440002 9101850
5932231 11935
3371270 5825958
5534007 1676648
4518987 9115191
1503239 9117704
209809 10894
6432734 4941192
1282853 2102957
9965203 5873022
8891232 9090145
8202594 8698683
7962832 6763662
1757258 2870633
146720 5436290
8777977 5231825
6033195 1338276
8650850 9934077
9178407 7627792
1547336 651363
8146800 9673338
6135795 9647063
7042854 3463336
6597084 940653
713326 6923677
222323 9474893
7817727 7670584
2309531 4227433
9265782 5085989
4607895 1125162
7992398 5559986
9618043 7251439
4691558 489273
872311 2632402
1237725 8029611
8572681 1879011
8878631 7769574
3344988 8039096
3066069 4591233
3408826 9174873
4504426 7246996
9657767 9332505
2453203 359661
9714131 6103668
9661806 2692319
855539 5279159
2741913 2570115
9965000 1409348
2659599 6506049
196733 6545587
9327387 338588
2436878 7401588
926885 2663990
4298023 5137846
3982938 376322
634569 3235477
5626303 388990
4499160 1752028
4084641 6971773
8633149 355912
609442 6699725
2749538 4350628
7663927 699147
964737 7292990
3298995 7333617
2422495 6641913
3178221 792490
8740200 3275421
5550481 8087623
411461 9386508
9538827 7950097
3236629 3147273
5961351 2033546
9170116 4891759
9844631 5082386
4039187 873892
8082231 1122356
4963828 9293835
8302829 1960233
7809106 6504412
6028152 8619207
9989528 5221668
1360834 6274447
3239255 96763
9191237 7812785
3566710 51156
6364947 5879630
8129429 1840991
5143925 6716102
914210 8313230
5560997 4949951
4228940 8642309
2566622 8277440
5975905 8052295
4119860 7652352
965063 9362580
1080252 8648434
2135745 3503503
9702094 8357250
8441863 3830732
3999156 4899871
604848 8482814
9902525 2581475
9139801 1311800
4455489 2010002
613198 5044312
1242700 5560271
5145726 5185583
3170478 2379824
7177857 2456720
4699231 8552099
5344584 6166633
2214974 9140451
3139450 5811367
191887 9848155
3934108 235120
3683215 9982219
1770943 4192079
1760152 5840933
9723019 7307197
8099155 2239259
3961592 4066906
4759613 5249370
8148806 6701434
2131131 7214552
1209026 2409117
15721 4257197
5381421 4988471
9562983 7509134
2331325 4428187
6344878 5916638
4808184 7331022
9357304 6123803
9584713 2284637
9884999 3622444
4676003 5722141
937126 2183601
5535602 3575494
9442049 9240791
4366799 9621118
7090500 851214
6966923 7898230
451820 8381256
4018689 223994
3624112 7947627
6361219 4699693
738483 4528840
6937619 4443316
3491956 5319161
1494058 5440975
2082973 3462281
3149934 690615
1045319 4557347
647507 3106136
1434996 6797875
3128043 2498724
6968507 8395366
4931938 9188054
6646875 2668296
9772221 6402424
4515160 4400087
1746290 5216532
1698414 4839069
5540094 8478727
8315908 6045068
8822932 6980373
4441943 4802498
5041053 7657042
7344620 6109549
1457763 3379786
4926605 514723
3402232 5933754
638265 4347340
3101493 9986528
4010307 1836929
5999476 8630553
5166429 2983884
3198473 6531218
4672256 6997460
1302920 3406157
9276836 5352527
5806453 191440
5116943 8600755
8110111 7613346
6752648 1796642
3891702 5472599
8740163 1564668
5790220 9344012
1148939 5025464
8378084 4615798
3100720 6533777
1259461 4431913
2627258 5058275
7470249 3177231
6186830 8527907
6272728 9093476
5410662 6562902
4148928 3838709
1340925 2921419
7768739 7400987
5295377 3717638
381420 8861822
9813449 3842762
2754141 180109
6738921 2874429
2543550 3619509
9826840 7825290
3577317 5369648
9251485 6343288
5394301 1597373
6177961 5412283
470330 2930782
834216 7775323
8853349 6243742
7567562 4845904
9383656 2497614
9805730 5711120
7633325 4705101
3651028 5274779
4942398 6361911
2728288 3750974
8433844 4730203
5460238 381777
7964777 8324057
9467767 1608157
5434158 6311810
2049091 5345364
4725362 1395896
3503685 9945031
4338017 5051886
6856389 6835651
6850914 3289712
5302272 1769667
5411872 7021124
1575671 9553579
4022254 4016847
6160101 4015219
1085178 8482233
3699605 7694219
6027564 6984077
3185289 8550160
7530657 8159130
6146968 3528726
8502331 1813345
3496628 436859
2643967 2748266
7353257 487775
7562594 7267105
5838339 7599865
5355473 5450898
7269510 4142140
8688767 7521733
2458792 2711911
5870981 6662299
3093783 6423604
1478764 7944926
709159 1712948
5970310 8866247
152091 9543433
9865299 5279404
9667233 668796
8812045 3652878
8939319 2512022
3402933 8132138
6454845 3769170
7335116 6552724
8525679 8116235
6918879 8130761
5070796 4598480
7313553 3752439
1695002 9101610
3262242 126167
740073 5535339
8511958 4803975
563158 1863468
3223892 2266812
1858416 5185240
2044962 5752850
4833653 207286
1100641 6388647
399158 3315778
7220760 4062856
9195404 1973277
2831189 1244766
2185669 7621819
9089351 4105403
4007594 8091013
5939835 2292827
9307557 3615801
8489328 4532481
9562223 9009303
3707332 3954480
1476882 4943152
834006 3103545
2735887 5361049
6393772 1674749
3472024 7604212
5635420 3570840
4245926 2394652
92315 7943331
6251297 4786375
874587 138738
6499517 3615201
2363411 52632
2502826 1732439
3398913 444897
883890 2475458
8559618 4764176
2234059 6817468
7778183 5486176
3693990 9865358
8547343 5305921
8892573 4753580
1885442 9920345
5248108 2995347
3088487 5105836
4158810 1516836
2912740 1598302
5486023 3680843
9877186 2951449
1084292 4767446
4118727 9327883
3000483 6383652
6462457 3787735
3587199 2546276
243470 1071040
4892230 9472547
2734961 1608414
7647877 9352294
3153066 6391862
4991808 9372059
1600265 6864937
7954716 3644535
1559438 463495
1571155 4371611
7744724 3032570
9853156 7203394
3208940 401513
2960641 3648930
2764031 3559453
8601712 6898161
1410377 4208083
5119012 6018136
5250207 1978646
9440127 7281933
9237 9608433
3566788 7975936
5345344 7861574
2360017 9761122
1115651 4935087
902009 4063150
1599470 9042104
6524454 7282890
3407824 750175
5075883 6980951
6152743 2542737
1235246 3352198
3081243 4258687
2747314 1521445
8854242 837295
5973144 725268
260284 85405
9226847 5422102
1615138 6543043
5543084 9979102
4345605 5637533
7234572 6520802
4860785 124212
780569 9999152
2908132 2310449
292112 9237986
5514141 7535517
6154521 1104526
3506491 3929682
4603638 7713063
8908493 454420
6932273 2821572
1887510 5218708
6208365 1883351
5883447 9653212
3151955 6582398
8822686 3236527
7432187 8479787
9375522 1030898
7196237 6704369
9541822 6781757
404309 6024343
206049 7939478
5950936 3052659
4285927 4212278
4848326 518866
3762213 5516390
7144530 398619
8371521 3768181
4142154 4551925
3633085 1432490
6015284 1816382
7746175 5695373
3454178 3832666
9815107 2786332
3393829 2758353
6059500 9453016
1957011 4618901
1880914 9725161
7641885 3988448
2895687 6705505
9269841 8840966
7872688 7396374
1552748 9772658
30022 5510831
5303098 2072074
585382 9836313
4931138 8411586
2375946 6943276
3053949 9702749
1433976 5141403
3103280 8830649
2611677 1701486
9755742 5250659
4089012 4474712
9819426 5251066
6414752 3968351
7385085 7709512
9719666 9641307
2401361 9633629
3786667 8440703
2384833 2277535
4799101 572741
5811905 2112000
7043163 4646065
8402829 6178309
4877341 2978274
2407954 1612221
1179921 8117800
892210 5934759
1525839 8640928
7911095 3467428
2028178 6461446
8570266 9742221
8451547 1007099
6099663 4447632
6111488 3251460
2359561 9009386
7979396 5299678
1995342 5168916
3368734 5688865
2886625 8244812
2153623 3219882
1275030 3559209
8613606 8240622
9774054 5771051
7609154 9586585
5697069 8571264
1152095 4684995
1345324 7633529
260352 4522498
5835086 5648565
9632227 9033609
2510101 8232565
2647866 8609703
9636289 6603583
3629078 5590182
86955 149313
9109382 8767381
118648 9458448
9904193 8840429
6128292 2636101
2919463 7642091
1186763 1451931
1343023 8856174
9820625 5355502
2463923 7579348
3990845 3026
2651880 4880995
9043183 3525304
4576901 8262717
5252182 4782150
5257386 3466787
4248785 7968161
1592609 71027
3141741 2494249
9472862 3666566
7885279 6043613
8860279 5170323
809756 3318632
2617051 9228132
1939867 1330858
7542707 4791573
456036 7106301
6426628 3083597
5391908 1042902
4682020 6156132
6163384 2797846
7630864 4806160
3536137 8520942
1006814 1570700
4142459 4422265
6552582 468377
8975720 4566478
2610231 2888994
2928413 7646678
2809303 5846047
7588181 8653968
3313061 7903352
5921538 9975496
9934104 4911743
2149109 327683
841251 7847586
8176748 2809569
7256966 8013149
6999481 2834698
4011969 5938015
3969635 478786
1108289 4609200
2913138 7125115
4560470 3902041
2072793 5378555
2785163 1572754
7131957 7059790
485787 2376075
2322860 7292166
8781792 6015365
926944 1780063
5261135 5207060
11080 8097409
8032368 4359058
4577600 4626745
1835760 1727863
8187354 6385380
2323465 6747133
7005715 6668672
6881366 9444116
6967276 7311216
4123240 4306904
3118137 8846406
7931860 2190118
9716165 1328763
739021 8929991
2170492 9101487
277307 1389941
2835408 6258413
3629116 6902382
9983872 1802743
9205529 9328491
4915680 6052302
6036186 6525494
5447183 7477083
3037507 6365036
3457409 8828994
7697355 5219085
5493833 8698835
4922624 1587944
4446779 9576365
7758607 9007692
3772628 5579157
5025726 804955
5600130 5834841
5865193 7125099
4500582 1366085
9860188 5353575
5902735 4935741
4005014 2344552
9796698 7561444
5958513 2785939
3129192 7589885
4392741 8982362
9532790 9870567
903343 8712947
5312494 9915675
9976112 4706631
3700663 5573894
8267966 2252601
4429935 4594451
4772127 8490269
1562080 3905837
2988097 3632472
8714541 8004904
8854803 5162778
7560122 3936390
3201623 9643425
4650470 3845975
9284452 2982379
1410378 8720681
1961611 8487423
8205340 4935364
8615649 3355793
7421401 613072
6040630 8664200
4954227 9646107
2934461 6809852
6463236 8481680
3284502 4190427
1890491 6057186
6983075 3337637
8295134 3051327
2904363 1337675
4445502 722806
3137032 1003622
7805636 9209580
2117850 7862285
5825075 1413955
486201 3757179
6572537 2086627
3386900 8075800
450643 4302207
1324141 2383247
347511 656361
3601696 7375008
4274234 8978613
2516633 4541367
9499090 168483
9410050 7157942
5867200 5082507
6421491 8467419
5772230 1684944
2303761 6020434
2342475 5116883
4847943 1090036
2209285 5399315
6080902 92497
5093469 7668125
1542361 1661410
1592710 6513162
1695659 712758
4830551 6650200
20262 2920471
2123394 1789811
9863513 1523328
5091794 1007617
9437256 6816701
3888434 4874118
434611 5862729
4289870 2677716
1187558 5380479
4730642 7236271
9893315 9068600
7018233 403793
6408449 1169344
2277924 4698511
5120021 1775134
6668772 6058017
8327824 3166127
4851565 1996547
1197236 7708163
8931341 1608650
4729112 9964464
1323982 9259080
8687865 6104867
3723936 5499912
2494762 2421737
502033 3224754
4569204 8472400
4136797 3098621
6451447 584689
2462595 9908308
2149629 1763464
3942035 366648
2613287 9435214
3069944 8328728
7451022 7762115
2967939 8788342
7653026 3827359
9365380 4757198
2860517 835939
610750 2143101
6523063 9408153
2717908 8978531
986931 3924310
757236 1098246
4104483 8765598
8354619 3192421
8694195 3332938
7108559 6947138
8516503 850227
6057387 1871404
7250017 9055925
8281783 8563672
2828325 752671
3589218 1899937
3281206 2474369
8287696 8759803
320538 5712813
7843340 7330877
8725565 9353987
3913284 8405596
2589574 116696
3197589 4881889
3296645 9105580
5461303 5238703
5015050 7302977
9348540 9975266
3072994 427633
155462 5502224
6386073 9736614
6568491 2637061
2100618 6746133
102020 9926554
3059457 7922855
3700056 5441641
3194666 3474972
2191922 1137680
4503737 5886500
952813 2877237
7745604 2686620
2212932 9470217
7028173 5037902
3879644 89008
1869683 7863022
1061144 5127928
2107904 1397755
6041434 1651972
2377403 9927466
3924038 8029109
5715117 7583526
35896 4681992
7442597 9162327
790524 5927250
1064823 1171786
1585793 2479586
6339273 187941
5784909 3306349
145113 5504640
3371490 4159329
8506847 6308301
4471081 3914820
2564375 9660989
9294641 9496935
4422886 4684672
6097022 4075603
7853566 7005172
9418668 8187550
8630380 5200433
665637 5945538
1948984 110715
4939796 5380760
5666066 1319481
9216583 6924821
5076963 1643899
6281913 2476440
7635049 8295785
7995272 2160484
4551632 3769426
7375397 7153387
5538929 5149785
1112250 8290992
9384428 1786043
510285 5270857
8257146 4833068
5564898 6635196
2612988 8317360
3383317 6102325
5436261 187676
1339803 4461162
6609705 2949524
9670661 4898413
3573022 3339198
160917 9928869
2680420 6285495
2162699 3008289
6639164 9123146
57122 4564921
5095505 4050695
7718162 7323424
9388063 8582070
1963549 4476964
5869223 1785662
9959561 6417373
4086940 2631071
5592844 3097631
5632150 1934819
3968382 8537912
1785132 6467493
2749638 2328308
1498998 2308585
8153022 8798120
3380334 3506422
6325153 1666320
4845017 4830484
5208979 9229312
1631876 7422537
4590417 4591410
5959518 7031205
8749494 4958313
4035619 7182025
3630010 5300103
5250569 4901888
5465563 1078833
8665709 796695
1284506 1160342
8502320 3052852
7120512 2927701
4940487 213771
9597901 9138197
9054357 640182
6948301 3589213
2252551 3625415
6735273 8120012
6739214 9026526
2078195 4187732
9260289 484904
6147799 271307
709009 3647627
1788074 3207673
4989718 9192128
9547023 5901098
4355507 6302931
8327561 7117311
6659303 3591610
4447801 4165177
2574225 7927999
5716134 5379619
5822545 1601346
4953451 3104173
9044043 8676055
3854732 7612809
1066500 4712185
3389376 3615223
1218246 7097065
1628389 8215219
8753972 958960
2529789 6931575
5078001 2507053
9968820 8141306
3461848 5665079
9953237 9768371
8200508 2508910
6575786 5695887
4771361 9068848
101553 1981967
927930 4286534
1657978 4446771
5842423 503793
5401749 5981982
4236216 7282186
5178793 1045648
6235588 656056
3626573 4806240
5006889 6081695
6155349 4141133
1274923 8354972
487592 772595
8138658 1399574
2507548 3495925
6639157 9391828
6663213 3105960
1975376 7502094
5367524 5690483
4812831 2408190
5300579 9943942
6749347 7324435
3397904 2861488
3496233 6608263
2549413 8096461
171351 2692821
1612502 9195814
6553559 6213799
8790995 1212072
4965331 6968862
8544225 6129379
6616840 3583739
6443583 8267527
5569909 3360208
4675020 4530887
3303779 8671205
9501818 1691639
5696487 5163762
7104439 2768573
6297885 1350876
2668632 3078825
7155135 5390344
1249816 9330554
1829261 391341
4085260 9476800
304834 5104337
9362475 5730107
8801574 4942141
9725513 6159797
8648728 3173381
3381008 8355182
5050731 9552398
7602260 4768334
1929206 9608330
1423834 4970646
7038613 565452
371200 647075
2664009 6050942
5677485 4221191
329994 8654183
5425101 8293961
3171439 1781413
2515727 7641095
3307803 5708663
1796366 2207000
3000401 5834494
1215586 7467841
3191460 4316400
2464754 5655483
1603972 7584874
5394926 9705872
109237 1042900
4829686 7588589
7670146 2611800
9463272 4282551
4095039 6346224
9626057 9952676
168736 8831289
8729975 351269
219275 1198403
2969236 6725978
8442794 3236537
1976858 2910137
9077931 3727559
9675767 8603384
8786566 5036106
55145 6540024
2723350 1158999
2530581 3197704
4573796 8277752
6646120 1577169
5950488 6577690
6794630 7220557
5510034 4364558
1483078 2984785
1341493 3747506
7356664 4728038
4542900 7587229
7543891 654070
4177652 4677418
462933 2244863
9835332 8091374
9238531 174486
7658355 9056832
6840614 3136558
5991175 8172178
9518459 9349345
3867220 7035289
1902328 2951838
9885566 1460845
9331642 9742191
9270221 578780
4727036 9626170
5009903 103470
4973186 6300032
8976057 4718891
4810392 5305225
3585031 9945037
6530564 251555
2687769 6378063
7319737 654439
9870821 5146236
9015971 5646873
8516897 3043721
8973139 5309220
7347580 4657971
3226113 2102734
1169422 9370006
5799944 7724468
4254143 1158605
3108137 9723667
8563667 6330727
187538 4094047
9979811 843537
4134501 8234354
5662363 9548137
4062654 5627192
3401364 4598578
5080282 8692208
3142987 5575511
4126836 467884
6075607 2754518
7523770 8846663
526458 8808786
6596470 1841207
217675 9934282
2929696 8369230
510625 5970522
8652027 2224351
1709743 1563829
2569724 8589598
5015906 8595659
4169856 1039085
5438873 5480947
4129960 8626699
6829509 8157249
4599296 5041457
2050236 295158
3852590 6041987
3412826 327997
7888055 8850565
8701600 7234583
7508214 2631052
841804 7260538
4563093 1815296
9086463 8672283
7871158 546500
4271930 1848407
1275928 348924
2588399 6384575
1571468 3405984
7091474 3929141
7030807 9960550
7646827 3685063
2264062 6183922
1712627 1804234
4032685 9618770
2217576 7528820
2091180 2371263
4701211 6116968
1558326 7182104
4511901 8440186
240325 538583
2884250 8281040
4396729 3801808
1057446 3511513
8562064 1055033
6882416 410522
7516071 1173522
8813363 8483456
9180304 2215547
7029788 7003269
7183873 2426688
9590704 1027334
8724799 8455970
1581544 8341954
3912950 6845944
2766569 5296336
4495501 7161073
887220 2850010
6155336 6926626
2496811 2136733
3445309 5448909
6784888 5863184
8037302 6243367
3430280 2554991
6086159 3920776
6832143 8257819
41089 1399116
7904783 6872512
7884233 6928604
9674554 7901712
1953769 6969987
3479375 1047202
5846772 1458456
9559584 5246641
4810439 4051491
9855902 185281
4284776 8805129
4654241 7447185
6583015 9778875
8553238 4158562
8852259 4444072
6058995 1503037
7899755 3571096
3820818 4443417
5682539 2700723
5778281 3791353
7958262 1836498
922878 6696665
3477081 5032300
6947093 1940351
8479194 8883999
7356064 9378104
8193451 7515855
439584 4418187
3598759 6723190
1231292 5265220
2218858 5060402
6902718 1263140
6854896 6950690
7514147 8887155
4917438 4615089
3495908 8268281
6203945 6575198
3642519 3460952
8228989 6474505
5741247 9199811
5838311 1153881
1312813 2720969
5939212 1491687
3736504 6165694
2656246 338141
7040360 8293352
7899737 1780008
8505894 8372619
4837295 6350206
6597925 1189720
326616 5911816
4910166 2685845
633607 449430
2340641 4291823
7812447 8867832
1184882 82705
1335278 2622582
6480478 6398143
2034075 1725959
9459227 2898622
4354658 6529280
84633 8255400
6780619 8167037
5512495 3363392
1527934 8488441
3073018 864474
2882548 1601123
5762707 6708253
3985216 2267147
1743061 1396752
7230167 6366629
3644023 7396161
8602291 814860
3727988 1888472
7264890 9328444
5459763 2047741
5596819 8017088
1017689 6784
8819943 2974192
593003 5382227
7044135 4442841
4558543 7988885
6854950 9541509
6516181 6616275
3491387 2183930
4680088 8282373
9263768 4237902
1212326 6007294
8431661 5188414
8869976 184662
790296 5196829
6634647 4484067
4446403 6671737
8125498 5804440
7895606 2380438
9016658 6541373
3018988 8763681
3694491 227990
3026526 2338088
9088204 790105
7384130 1461863
8465731 3758804
1714414 6915952
2356848 9584537
6181608 3153599
6036754 3402563
8388791 6060271
2162241 6525341
6422592 2122970
609812 4016732
8351554 7208100
239313 8235828
7066555 6375424
9822509 3031456
8027085 5558715
1767657 2225248
2542288 3179166
6290124 4978664
9726050 8008234
365522 9795706
2591545 8789074
6332179 204507
9869834 5114576
5220260 1456804
5932570 1612531
5182839 9540241
3393658 69574
5217685 7886179
7804287 8520250
1173815 1860475
8808839 7623701
6474733 3257187
7148562 4766787
6645621 4853010
1808309 3117330
818253 1580246
9923471 5469597
122955 8260343
6641017 6294640
188639 1197011
6118691 6512977
6133260 7140437
6620767 2341733
615934 4362655
7579819 650254
1054920 3896635
1838723 4434098
3965079 4262601
3726113 9960917
5743895 1306406
8769731 8153514
6016532 5014105
6872099 5140436
8358869 5534403
2107763 527569
1332821 5145786
5528131 9735220
4986015 4130730
9531487 5235390
4228448 6528906
2303849 7471668
7417569 1500529
4665326 4282329
1087334 2745918
2848743 2313936
8077040 6686531
7404626 2212611
7666103 3887772
5357938 4169646
1535748 5239272
6400287 7758952
523684 8729014
7766597 3201241
1451708 9974601
2496143 8291916
4220368 843986
3183240 4906205
115723 3404257
302915 918932
9303890 5374294
2389708 6708497
4962299 5737992
1331618 8010902
4286500 846166
8931200 2329535
8661088 1178423
7496923 1300910
4132417 4357043
9466397 7938948
693887 6316310
9771414 9743627
9596594 1427600
5151141 5680888
8552193 6599265
4527789 6898634
1407497 5897225
9302413 7700097
2480223 7211275
8931306 6119948
5294592 7449187
1729691 4469120
223305 9388284
8629634 3838011
3587685 6928109
2194555 6036529
7196329 999887
5219469 2012416
9255726 934253
3305898 4536034
7796976 7598961
6791433 6273546
240885 9982159
2770114 5666156
6688082 9595189
2209007 6095517
3333189 2583047
456363 5393298
8642652 7670193
4706129 6265245
7183126 911355
7887691 9613910
6007846 7727610
3363678 1155665
7264895 3623150
9031376 7475738
5485321 4331658
8948590 3193775
841200 8357562
4477371 9266127
7451417 4997370
3628946 4454407
3083021 7903994
3862135 6701195
8711357 1186713
7817803 3318346
7657771 1022204
6202280 6803479
4168440 7855432
9258457 5383370
69306 3812774
5679407 9851037
6747132 408519
4385666 678304
2543203 1823620
2455868 7783205
5666270 9028656
6906319 833447
1259384 5626936
186167 7713989
5830026 6744957
9667201 5894154
6531857 5339032
4457868 6701708
4724936 3796529
3840625 1778964
2294393 760515
4290496 9544331
1125445 9539376
3375597 6049553
6604017 1982294
2440137 2142962
9438868 2879663
2705775 3054814
5323062 9246884
1480061 4472639
2439498 7151272
1842246 7133492
8724463 6374014
9025381 1160589
4235068 4283488
9964110 9561888
3081332 110872
5418132 6224165
5082092 4897531
8151901 5984643
3731205 5857241
8645683 2695682
2070758 8381213
1359862 5526522
3830566 1756666
5945756 5857597
2362868 7421869
1666443 3848472
3051642 1723055
6516555 4978066
7919710 5332080
8806909 428084
360508 2439879
4821231 5750684
5329063 2151509
1203618 6397238
7598964 8041007
4724565 3114405
9445223 3750823
342028 2119202
852282 7927365
1739984 8908962
5408881 6820524
9297590 7412553
2044576 70546
1409803 5682984
6477078 758347
6226967 3224599
2796834 7253359
9863095 2019323
7778299 2263098
3074317 9832289
4261890 7106285
9687247 5580968
7193842 2812189
8440821 7862744
4406235 5680273
9128524 9286053
8405885 9116371
4423458 3461287
3840688 4939844
9840527 7687258
4608580 4150988
8513297 8610225
6112480 9385523
33367 5455164
2231211 9484875
9930337 5934302
296372 3525566
8838832 2681008
744375 8477449
1453281 2968634
1787138 4693697
8555832 6867962
7117756 9186051
7826426 7801020
9891828 6368362
5967675 5011310
2942490 5381870
310923 1160379
3650722 2704084
3532429 1996077
7643784 3166704
5023282 1468360
1863734 8251537
2567927 3419867
465048 8863631
3912909 8995741
5588832 502698
42522 1841521
652333 884408
8276590 5936244
8017623 7433291
4330563 8573461
1871183 4879417
2873937 1525108
7212548 2146639
969548 3226523
1178610 4194172
568855 442553
6232977 7419684
3337834 5063727
4064463 2614385
7819455 5850049
6901590 1808395
3907532 2826415
7294516 2647090
4417709 1280154
9214404 6574209
400295 9768115
7716840 1730217
2369271 6243734
8609442 5757594
4633264 7708042
294225 7148359
6058421 9619204
3298940 6637580
7852440 8956904
5135343 1932019
2063875 419694
3450953 1283953
7031534 8605484
8419628 2372919
6125957 3509696
1460022 7130594
8244423 2891551
3279260 8894700
9869672 5813881
8301987 8499053
2825375 4226069
7736503 2518866
6832329 2355174
815951 6860895
187634 8556384
1198647 184805
3612533 2268255
8830324 5247544
9619099 2286120
5142323 2650693
807642 7181418
7137131 8959670
740693 8318601
5178112 5141634
8688712 7243882
4466743 6181689
6590990 563753
3190334 4544407
6818744 4499362
5762215 1045405
5780047 2298954
3966614 458263
1735499 9308335
6632188 7079647
7538474 483526
1165655 6469065
7835759 7605544
1538473 729202
6519921 8639484
2557167 4172700
2468459 1659535
37609 3910221
7769440 7600392
5144816 2859047
1989927 7501110
3515568 953333
7538667 4280610
1603477 7041002
4378953 4777183
6861191 8245588
3100559 8411547
1378499 1673596
1141752 2729612
2165515 3943644
979468 5641525
6336666 4958628
8631747 5927006
1581254 9512949
3705722 567235
6727523 9218138
4091942 5497564
8165836 2288887
6955976 102399
3079340 9464775
8530070 5244992
3836075 9597708
1063494 392087
9463165 9039155
3433995 5346574
6410480 9383612
7563627 5195180
3052521 9139167
1673397 5946358
3543048 1698365
8700369 9243051
9814820 7168773
5598219 6397565
4686267 8522918
3085904 5782575
1889821 3203905
3633283 7827216
637981 3557307
7096467 1280365
7044214 7488991
2130933 4123839
9127882 6595567
8946334 9990549
4528750 5209532
9669058 8517417
8444298 3310323
6300440 9888477
5004618 1647688
7222052 3830507
5802576 3301334
130147 2320495
4677022 5365728
2333548 349791
9171362 2475221
3023763 2693415
3474366 4825303
1962740 222028
2008609 1951540
1469710 9196046
903427 1568257
930537 8005929
4905905 2932108
5887017 970842
8515343 6863688
4239473 7780627
912593 5045503
1608950 7430898
9610734 3779920
1751085 4813682
5333309 8298467
5253251 3559373
1182222 35233
9056844 6142601
283589 6269112
9657438 9161407
4993829 1846304
292054 2323487
4152599 1742345
5546837 2279824
6633767 9550552
6495588 6813115
2784339 4980095
6197514 6765800
5900266 4229140
1979382 1470405
7885734 7148899
2599128 9655590
985878 1629760
9826905 7241503
499809 5745819
188415 3925899
2154288 635640
9530623 7798496
5072220 1315898
1560060 4175332
4386201 2129150
2870665 5463809
5000893 9458852
6873518 1806750
6091155 5223748
5091345 5790047
590160 5223745
8515171 4495639
6312868 3784877
4110201 3691223
7977093 850155
9457719 9651174
5823154 5371708
1167133 9253010
9043826 5625281
7865321 6797832
9274507 6516852
6299216 1844274
9989708 3477033
499879 2585095
8569687 691429
1538632 1328980
115882 2894921
5835639 8072989
9503545 3781896
1296417 9983434
39566 493198
8731562 8221772
7386744 1752662
9543808 6657377
5025904 175724
2288883 36278
822661 3135214
5937236 369568
7489608 2378259
9863284 2098801
8301600 2520344
696995 6240231
1124381 3745037
6332695 9745352
6706088 7069543
4741327 5046326
7060475 8162614
4291478 902495
263905 522818
9885211 8650974
4440759 2391134
4453832 7987925
9082935 1206084
6344065 7426551
955471 7911706
7446604 4503614
1845339 8526466
7901134 8310070
6193870 7515470
5954826 7481971
2053593 7478088
7353215 4178887
9127162 6400387
7399065 4324264
7430448 6511014
8318299 6953378
3814209 8586277
5969435 8045971
467377 3383164
579020 3691755
7027175 3513628
7749621 1866808
1675805 452205
8461691 3255064
4567315 5733916
5300288 2068090
5513110 9067979
8294273 9212803
5450322 986423
8868024 7842798
3354010 2870540
6560911 9981986
2258971 6016228
6296299 9689826
8297582 915279
9829368 5950645
8368925 2138887
6542517 4248414
7765486 552455
6830084 202586
4815063 3875564
2769781 6119484
6151353 9787509
9412141 1046128
3542643 7224586
1197467 2044187
3239246 4651861
2525420 5463184
1652651 4311464
5145444 1253706
5991537 9170816
7936797 5371556
5647303 6316973
8236434 711657
3657141 319201
5845702 8803819
2780330 9781474
8416045 6920664
4335999 9497967
2068839 1768978
8802761 9814658
2315686 7573396
436976 4093316
5506053 1139943
216962 2880628
6922070 3840415
8763193 3180199
7882983 5087519
6754238 3338067
9939996 4007582
449688 9892414
9083432 858679
3591924 9470369
5596285 6123662
3834151 7688915
9636721 8920107
9570766 863051
5525741 394724
8689899 6028368
8421544 8100412
7446053 1564710
4053010 7814444
3501403 3428005
8358022 5565868
8464873 6530330
6126526 6609335
4346496 1641599
6647972 8590068
4413275 7317831
2093966 1217524
3150476 6155598
7172882 2146844
4462634 9907398
1523820 4177765
5511498 5555275
4867291 1289112
5219851 2509251
7313294 8084116
470318 9557361
5792058 1284431
9132302 1205298
4842527 4060540
8640622 2801253
8523238 276519
721977 9525018
3991242 3511421
6474605 4239548
3980034 7186783
2609238 3473505
9124182 462052
2175409 7885622
8721399 7082848
9497636 840384
584517 2446813
443598 2471673
4082564 8975688
3495846 3296178
203554 3044892
9648581 5754131
1435631 7370850
8598931 6860304
2334850 9793535
4141787 9163065
9339269 3042503
9578743 4953621
3726578 5519318
5541717 7392577
2632875 6640345
5920476 7937910
8446438 303379
941989 7407165
7270135 3521563
4721481 2794894
9633594 521221
6297765 267546
1878310 7414404
7215219 1020233
4290975 182642
3056415 9941441
1620876 6946446
9812367 8806343
8770952 7432924
8012842 9836869
438956 2038171
8395153 7642781
1945088 980543
1410865 8069386
8242792 8697771
6956626 9229159
6599976 5031824
9168108 837936
8159430 1950811
1803787 6750232
1432658 6592527
3704028 9834546
4620103 9050039
5808903 6802087
7560825 7518707
3070786 6728012
3119932 9709470
3986383 4164674
5884382 911570
2180290 7561
1883808 7928177
1705676 4716378
7513677 6684653
590061 7963238
976239 6544699
8760812 4050242
3385800 354759
9001812 9644731
8118447 1758583
984638 8783680
722758 2768715
2096529 2685580
5673743 3902510
9936690 295245
6216655 7334491
1472230 667529
8062600 274770
4963100 1749312
9008262 6565810
6310819 9106258
4927827 1338498
2389384 1164227
5366495 9355915
7745194 4124001
9997549 9306134
9071635 6983993
2339120 4173575
3562946 7914943
7226193 1946586
1961524 1893606
1638927 426023
5791779 9513050
6789458 3021187
6813427 7827730
6668459 9837156
6662442 5024297
6023445 3642670
3076131 4143742
8499731 102634
8143797 5450619
7464074 9240524
5365776 3872865
6070498 1688271
3517706 2173392
7928435 8694223
6867728 7781095
8541035 577701
5206993 8604299
5469615 7883408
726710 4443332
3550142 8616236
1804325 4821396
5228804 1373199
5425274 6071702
812744 2456221
142713 7221943
7978510 3101346
4667701 112336
2997941 6259283
4112110 4074409
5599691 7690917
6982386 8309623
6041230 5205173
5548166 4205267
4883952 3896379
1940063 3520289
7802317 1014210
6661874 532395
7259105 7513794
1243935 9548250
7568854 4452176
7428336 5826945
6805486 5760083
2549276 1769592
604991 2584792
5281056 8455913
529822 1786968
4862324 520269
8495144 6483547
9222163 6002004
4508236 5255912
5769925 7043875
719402 2212300
3594701 2834366
342453 4691581
879603 5130225
713343 3342452
882715 5361808
7170989 6553040
874236 3524074
4069874 7643996
8345108 7324339
7149 6551902
4423066 6469755
8613398 2050867
8086592 7683772
7181254 7543017
3000621 4543223
1185480 5830595
1409405 823684
6542784 4696144
4033564 5366918
9576065 6859617
4793099 9562405
8742322 2719804
3384769 6740373
9992435 6090446
3850154 7524749
971886 1914304
3582046 4338807
9660433 9485606
7388002 7233358
1120024 1646633
3512673 546713
449763 2301021
4256111 8835536
4678171 2897033
6422758 9488025
4258307 6139124
277597 8156992
8048094 166974
8445549 8354841
4538908 9164021
