5000 20
7631996 5743934
4907912 5027271
9598030 9002554
3763045 4070795
9907866 9959299
1536532 3952031
7376769 4851176
3756108 6721455
5860981 1131817
4394478 6143592
8454312 4771378
3073026 7911171
4114734 381319
3305444 4980945
6155511 1966340
3776845 539322
9215355 3475344
8165747 248465
4264315 7213676
6392518 7168021
7517617 9948487
9169570 9491727
7262271 5683089
3935009 8940605
2751050 1155135
3554715 2620634
9319713 3265663
3678969 1038117
4574208 8532257
7899483 7737726
6788484 1937728
274451 3100376
7029055 9356399
1625533 518897
676857 9808636
5809404 1526736
5212078 3568958
5428707 9062568
523181 7913738
8207345 7341191
6193521 8635710
7862422 186869
9871658 33567
9827745 9377912
115686 3846128
4772943 4009254
1687248 424330
3508338 6214254
9853636 3881123
8558567 8215069
8534979 6796839
3087559 1884202
5788464 7632090
2530415 4259068
1752332 2804209
1161726 8234998
1771373 5169836
1452090 7093004
5676762 1087155
3881849 6718216
5859965 607808
8648512 3933915
8323261 2237288
7239532 5510083
5210597 7968077
663659 9746431
6332070 4032760
1003542 180046
5696116 8556319
6466120 4599753
1469592 120783
9167751 8973142
4701555 8238800
8468445 7054963
8033176 7982073
4143969 1229955
8252209 3753487
484781 2481871
2473426 558091
2959537 2560126
6995026 2971135
9553254 7434300
4948501 3635070
7506037 5295532
7350202 8454028
3588886 7570613
4091681 1698480
2986860 320884
5798635 369774
2101259 8838960
6869053 4976889
8725467 7370868
4168568 3449432
9862126 7190057
6658837 6088586
1075506 5463623
5685095 4488836
3085665 1737027
1845491 9363948
2857010 8820623
7091682 7489595
3405539 2337346
4434988 3776651
4266523 6821596
9639502 9879518
2643293 2695743
9660809 4844677
6786750 9343395
2651086 8041271
5638351 1942689
4293403 8707130
2655898 4946568
575384 8449561
9173204 513764
2284101 3241732
152459 1625414
6358217 8233036
7504416 1850367
216021 4451348
3268796 7472379
818567 8890352
8047542 583394
9812604 2780733
5727247 4488469
185081 3838964
2092444 5365043
1636954 2472399
1145982 790851
2560870 3322412
6259062 4297370
4991357 9534528
1401182 9678396
716897 9171418
6840294 6890531
2493337 8110482
748888 3659923
4680574 9541211
6229585 8921386
6065688 5299774
600282 4337877
8161230 1354269
954364 9228415
6328778 4594678
5484563 3778815
6723732 1915456
1916386 8862944
9421090 7377283
8529137 6915829
5826149 1194450
1842271 8912656
3805702 4138060
1254919 7367622
8319877 6888900
967803 4224018
7819359 28933
3184456 8723653
3240711 2814909
7899419 3074540
78211 1689382
5776492 259272
219987 1234248
6742889 6325999
9596101 2020743
1057153 8476747
5966939 771627
6812852 2386825
3835900 234283
1951095 4091104
1180622 6758735
9967819 2798049
9748795 864759
9241744 267512
3176975 3249762
7831105 7399807
9611773 4658462
9037802 2328349
7680428 2040352
6995829 154929
6826972 9236931
1615251 1655112
3088807 3441337
171123 1471916
6349995 5742873
6085466 4396620
2961184 6639188
571185 1620261
1916554 3813970
7885909 1262042
9427517 5596408
1811379 5386191
5131414 1884609
4063898 3148258
809718 6098321
2088572 6551493
6919549 7959789
630705 611611
7981456 8270516
9205313 1504264
2066860 5741508
6140021 3766189
7831256 4389711
8589751 5719478
4515146 9288730
6368909 5196076
1838613 2631266
8568670 7123553
5876795 6927357
8354272 3625636
200064 3062262
141759 3865900
825991 7208039
2986705 8976617
4189825 324726
5545214 5773511
985074 3079445
537179 7780475
4982166 1325048
6809695 5988891
2513671 7421436
5390686 8599161
4849995 9173166
370135 6615543
8600750 8200660
5888434 2512101
9684344 8035867
5898299 7479556
7304436 987145
8944735 6181482
875538 3020336
3212002 9594682
8440284 3653594
1369978 6203372
9247311 3966082
512614 5882877
7100029 4915428
3201071 830803
4120998 23051
597049 2037733
8174598 8402130
2815839 5608339
6346134 1545438
7589622 8940766
2767410 5133393
5052225 6151245
2446431 8983833
1094598 4124313
812291 5488242
6352190 1739550
7836500 8384945
6697551 4863065
8317046 1496595
4443498 4021097
4757060 3254074
4409279 98253
4036144 6969796
4020606 9451570
3193752 8967441
486382 8898390
6309320 5030762
2141156 5406952
2466264 5095164
7028293 1347239
2110554 1379559
4036122 4780823
2792761 9559587
4168382 6082189
4952722 2651124
2101653 1022894
2197393 6942991
1819565 8835817
5364056 2100989
8343700 9786024
7818051 574754
6943325 8448650
4254033 5861194
8561570 8666714
3435328 2124884
1209908 8946363
64482 9883009
732486 4306615
3134610 1299451
7693280 7038779
2983318 9390520
2992139 686322
7066351 380328
4582613 7806236
8796285 9181088
345148 1305743
270013 4852191
6133976 3450680
570975 3343663
3496200 279098
8607637 5294054
7407596 1134846
2452224 2007866
8357118 3175810
5940631 7291387
6390656 8536206
5548094 6316989
4890640 7557908
2050880 7519774
5762299 8286954
7252802 9125441
7387245 7108404
7957827 5370659
8651248 9200592
8629102 3849866
889126 9505078
9816974 1095453
2140951 3757790
2771345 5934596
1288358 2529877
8042111 9634691
5001569 2160670
6316530 1087413
8702914 5424158
330945 7853838
2718953 6918361
1830629 936864
9745489 7822801
5401385 1619116
2952511 6207673
639904 4639591
1483418 9394421
973853 5685878
4041728 7930206
3511349 2223215
4605977 7035945
6589510 6758472
3036983 2445586
5154089 3546285
4072601 2087607
7276198 7333386
8893787 7239232
167813 2907243
3172020 1847493
2106391 1351933
2303612 9022398
831153 8240478
8601850 4273765
9214073 5190184
148273 7518627
5643534 7237656
323134 228377
20314 1716774
6569381 8990150
5848657 4276892
1269660 4172766
6819325 1711345
7142124 1873775
7122418 643602
2262218 7695679
1521339 8586517
4364910 1205005
7166477 8172582
4914219 5557639
3693112 8874494
4819828 9926477
4672315 7127744
7618272 3713191
2872321 2285327
6027139 5777803
5815344 9585373
4742593 6402149
5323838 5812310
9090401 9557667
9931585 7391024
6324530 4837793
1151195 7257699
3661970 7454752
4446880 2390062
601339 1480754
4949938 2862962
240139 2739095
5967941 3333262
3610212 5727545
7528618 3449558
9615849 7104642
1403330 8429670
422735 1439651
1883106 3784135
7114325 4320188
8023871 6056769
5452790 1247129
8528229 5668016
9870758 2251941
934175 3775605
3271001 7427811
2485566 2030557
3860099 5275652
1244105 3479339
1215757 3574442
7528381 3827390
9250439 5156556
3394737 6128667
8869878 3644249
502359 703868
6241791 1547726
5711464 5173765
7049870 4048351
5004191 4957819
2045636 8677780
8216899 51558
3857159 9931686
8235888 9537935
4370710 3786952
5534678 9946730
1917349 6912637
2828586 5145173
3290458 6307784
5064390 4219712
1679474 9609409
1101615 4590105
3913408 5673538
9890131 9932226
161067 9419089
943110 8897063
3061672 3473834
6331433 3284728
3917605 2979214
5070278 4543448
5927932 4321463
2980373 1757523
172035 6651043
5354194 3622867
9926243 5190512
4755518 2531648
4833442 4133868
5466924 7256815
7631750 6259993
3942317 7295533
7125454 384106
1978679 4255483
6311128 6950672
728453 2258508
487690 3360942
1415117 874666
8467643 4090354
9051698 8536168
779190 7629842
4570000 1967465
5123830 5376182
102569 6340391
4389609 5897574
6344030 5934975
7377334 2808211
9537351 1770562
6000555 6831260
4174602 8435755
7269596 2541340
2742873 8760917
3150970 8208500
268656 531593
4114806 8118342
4182500 9643922
5505675 781932
4969677 5379276
4701220 7639777
4352631 67187
2670334 3476935
5974322 2079734
7399819 4303215
408844 7411924
2314860 2448280
7109840 3657343
2797606 4671225
9044937 4920079
6014436 420504
902646 18875
7552950 2290244
7883053 224243
2706042 4703942
4341302 4548834
1565101 7086865
8690931 4012035
1619396 7404481
1643398 4674218
5427174 4286705
9444672 4156885
6907494 4035079
7171784 3507704
8853573 6537649
4303358 6245924
5015016 22847
7537401 4515
1031889 1857419
471587 291761
2554344 2930848
3131392 5743402
4377082 2619120
9944176 8236706
2646135 1147411
4832507 3010286
4940935 491195
9594554 8981035
1884486 8963965
1624288 8180878
2544035 8588997
7159908 7677454
5881318 7609913
7643177 846913
9245036 3899977
4295673 6949721
1674024 5783047
1643952 8909318
1543465 8480996
9093784 1232721
8374038 9265572
2126811 4425502
6674355 9331190
3470672 4717534
4334255 214520
7289208 7587799
8045841 2731259
7933087 3616848
6884761 3244213
5563559 9253820
4429336 5111422
3338393 6813500
6962462 8120016
1272111 6593771
3873479 9417430
4739675 8541535
2570356 8033547
1041086 8316789
4494108 2404963
9189190 2943254
1370722 2773760
5190994 8785893
2328295 8343105
1177923 1237323
4250002 2455846
5350056 9019348
2914613 8105159
9507405 9310736
9190760 1586369
9872755 2947001
5984277 4470723
4699900 6679996
6657926 3149674
3756741 7323778
9244878 684391
7393054 9295606
1243759 588241
7375808 4614893
3044553 4191607
3822795 7247915
322065 5276038
8941155 8955249
4097763 3400922
6437151 8117407
4936087 3755396
4354903 6206213
6649355 62200
8278979 3017339
3097508 5415649
9406419 4854596
6431207 8937493
6629494 633898
593061 6844047
7294134 6878913
1398210 6815782
8119508 7301047
957949 5019713
423714 9564465
4523116 7344906
7482632 7852209
1332177 2914395
1011326 6669136
9887782 1352379
9861674 8662433
2152986 1520401
7311178 8136980
3440501 5638145
8400461 3190847
7411173 3336453
2782379 5624372
1192721 3477956
598080 7032057
5770503 678167
2416999 4244672
2686394 9937524
3755487 7422043
9979261 313748
305780 6879100
3506522 3310834
9050980 4479918
6775929 8103580
3800580 6294170
8050461 9348968
5460873 3043729
7615675 9246662
3646361 9608356
6133371 3532254
3744603 7875222
5848745 6203735
9934074 2786046
1965732 4444567
1575331 2758559
9287059 3976621
3873080 326242
528147 1875741
3945518 6417416
540187 7735174
7247555 4696725
6039353 7241594
5012886 5899396
1610221 3881625
6856189 3951008
7580847 3572697
4026840 5590971
2655124 4597397
680153 5605004
8063411 8938212
9846037 2839619
7758978 1460803
3573246 1590623
6336094 2488439
7563635 6490193
3357384 6510914
5830065 2281839
5008894 8344106
3635686 6607947
6172229 1457264
2284621 6993269
6465659 6502847
943467 4212816
9970637 9325441
5409602 7635011
8212311 2599130
6617087 784502
7399147 9504431
5714745 9732259
1087305 2127765
3548753 908106
1799948 8108877
6532463 9687435
6085190 2620336
4558222 5498208
1711400 4670783
9451764 833129
4554979 7274720
3656488 7566200
3675492 3310572
8593115 8670828
7482883 4543370
1643398 1456833
6193437 737003
7389108 3897674
3530993 7780660
4764918 4197644
8868084 8343314
524239 4238044
506536 6254977
1454179 3792403
1814621 1972500
5962364 1118711
1038577 3867342
3149139 3122470
8724675 45248
3528072 4336030
2539832 3764499
4130756 532188
4516565 6799058
7000013 9195852
3735162 7601617
6861380 5853626
6100956 671788
6379994 5941919
369196 9976272
9538149 6161548
8130079 3756628
7861321 3068565
8563793 4729571
9721656 8759175
1183063 4300612
8062487 6983851
1158954 7108653
8475802 2543827
4100475 8841894
5117745 7651208
6395099 1890043
9357414 1536184
5570226 4307553
4694792 6236047
1746469 8300495
7230248 6299689
1012473 9498736
1958901 5102285
696775 5898476
6107454 5392415
8926083 955015
1923493 2406537
4255871 8063764
7490497 355352
7064224 1122837
4436470 2082635
7609106 843265
8160126 9190342
8143233 7939335
7181277 2495228
5609841 5283396
153582 5566303
850809 4860542
9511912 5999717
5788255 2007326
7766186 5940834
2462815 661501
8971282 1572373
8590222 8991929
4524894 3790451
1985113 4369667
8519736 4854861
8820477 8312755
9788104 9354504
653420 661377
4466235 2704436
7038797 3972539
2517718 1567543
3548410 3717934
6979571 10935
3709243 1680776
1754342 2372758
5242416 9732633
913651 4237122
1758792 8295478
8905528 6631811
4290260 6088878
8515886 5050478
6983795 5484248
975363 3209588
3828203 3752069
407689 1517468
480054 1517079
821130 2463331
4881675 9876236
282937 5177561
5694328 610812
9749426 897060
5564722 7945853
420390 298146
9820352 1532592
4228125 9000836
6228879 2875536
3515156 4758929
3232560 2918195
4936475 9832977
3038958 9741582
2131654 132147
7000454 9570571
3972938 4138034
4736710 3877471
9609788 9786504
9738059 1430197
8588351 7775197
414909 997384
6636628 7616021
7816535 3132565
6484037 7857151
248593 7409658
2114271 3267088
7509729 5668934
3537357 8949361
7116558 8085914
4162713 7758084
7192724 5722854
712619 9653891
3093294 9053332
366793 8880654
9727711 5103675
7063522 8593484
5889576 2837897
4551703 2546758
5931713 3505024
3310758 144340
7003699 8835706
1397631 721479
2501510 3810581
7686406 8528122
3818201 1385874
4667224 1822320
8606956 7368915
1727249 7594566
83539 6556730
2547565 7852682
658440 9010049
5830210 4718815
9238976 3581334
1994040 7709554
6212126 1776744
9627685 6688850
4169567 8581401
7767832 7858625
1406416 3372006
494975 5562506
9173859 7486027
3202476 7401731
4536223 33594
9388244 4256423
6188922 2434414
3371541 1839620
4896117 3039068
232391 3502898
7454702 7000786
8989174 5357175
1427208 4169195
6817186 7338926
1750959 7231309
2499703 6428898
25478 113116
6298576 5249248
3236042 8093664
4283019 1180999
1946903 6950298
5913728 5375988
9261961 4787054
2138592 6948163
5286020 1040898
2825656 2076357
7543296 2179033
7079232 7798026
3919155 888729
8031574 918283
1608588 5708396
1343922 7379240
1939647 5274730
9170104 151014
806320 1423131
8472078 2293606
6069084 4785522
6025206 6294056
4245143 3210089
1110915 2679292
6673963 6691771
1339994 6623698
7644679 8579222
1422417 6950422
6349000 543809
9001346 5595176
4985748 4763118
8815108 3613971
5286754 8333645
7493931 1612658
6249878 7424946
8264219 8219932
9557039 1654127
6398161 3359595
1261067 9914389
828082 205750
22373 7397378
3128436 1030565
7792745 750951
8394787 8930582
9899405 9629506
1729288 5485793
6017724 2921943
7198056 9130427
3600775 5971804
499291 9935874
8335801 2345363
8482730 5448944
2379780 7991883
4193325 708510
6444164 5807135
3273941 3035748
2140397 2580075
1385748 4516163
4273928 9829466
1837951 9956925
3552718 3445089
2388143 8893863
520458 3636226
6308624 6027925
6906438 6844596
4782472 8583
7015146 9351146
9169294 1443259
3919760 2833259
3852100 5185589
1230106 6960816
2980762 8115641
5003562 7254055
5827835 9729877
5214268 4369605
2653058 7013294
621321 8665505
736511 7564234
3795394 2100730
402201 7473719
9777094 5044989
6819862 7632287
2628227 5012321
2876495 3554886
758135 8843728
3065302 3546748
9633471 3686000
978880 5322086
6374752 8845154
5564943 6533414
9851553 8280870
7008259 4047118
6255892 6348886
9607589 2513956
8507440 9372457
780436 2338306
5926050 1753389
6095248 8030434
1822429 9654208
8968563 300387
8927509 6416440
2468278 3461936
2387459 9808069
7583699 5529439
4854068 8594058
4662584 9367987
9766951 2468992
2239583 9523674
6924050 9196236
1191668 987011
832868 6835740
5212315 5757920
9301647 7384565
4592956 3709238
7182489 7217269
3730123 7606593
7252955 5151478
9706239 7688160
1206244 2313865
3325413 8900285
3030469 278317
457015 6724872
9744361 1559071
4539959 4336672
4101445 2388442
62669 3462954
3430267 8202390
6866026 1539117
605498 8952205
5443244 2463311
7567137 3038145
4917651 5399350
3606039 3248692
7706134 4530243
9440540 5590334
4417550 4214522
5916999 4149203
8915015 7373908
4687313 3571749
2587205 2563268
5019175 7242808
3720495 3746803
4679753 2882470
1553083 4124738
2314130 520610
3595112 2961122
5587165 7488901
1030990 1268003
3462056 579761
629086 1392239
2125045 4835755
7131447 369942
8101756 7405861
3718040 2656431
5487266 8778959
9300741 9170035
4019260 478804
6791010 6963527
7742659 136635
2935661 9336986
7769435 9825392
6843857 5426484
5086132 7157975
5648160 5309873
1140181 7357251
1465437 5186932
5222629 5165176
7747936 3638786
3228300 3705470
7519757 2803589
2421558 5417971
4510142 4780988
9970 9487995
334223 5793104
1642986 5046875
8174026 2775612
3458701 121760
1618488 481370
4111877 6618502
5355723 6356535
4484789 4827850
1537644 8429720
734805 1582662
3789293 4713887
2893281 8635317
5985698 5869074
926268 6669191
5226633 3918183
6620424 2193885
8482245 6923042
8747464 3159863
6494929 84381
3395427 6511698
7065543 7106442
5423686 367837
2299968 1021056
7837046 5279076
3564668 4248173
7730710 7807240
2497951 7503394
7458747 2039514
1623353 8353329
4994087 8201138
4583890 8505681
1918516 4178243
9366735 4120614
1947584 7865235
6749979 863050
3680185 8226132
148656 9601578
7907049 5689898
4089313 4922502
639538 3282689
1829614 629055
7447974 3838807
8307799 3256652
5710324 1617532
8160525 937744
9210553 5273586
5487504 2652094
5702198 8961747
9210941 6130572
1866836 1839891
9176007 1292562
653358 7380064
2578087 6811127
1499821 7079870
7413818 8806099
8177301 6893214
4527464 2824958
5304853 5919222
1135111 9807999
1529823 7589579
5862907 3492676
4896020 1625283
7158925 9926525
61648 7496778
8829122 1400124
6132392 2503925
8438506 1245584
222907 4459262
5502600 2009861
693657 4311140
4957390 2856091
1819409 2593504
4987206 603178
2798959 5914124
3843367 9808225
2593543 1762526
2268569 8076882
9728526 3709492
4898726 3131036
6023983 7309413
8010794 8853087
7564573 131239
827467 9676032
1320072 2424698
5786616 3724586
7913963 9745053
9747767 8688140
4221201 7347561
5474772 8531512
8407793 1116296
6344185 6801452
1730369 8038201
3894390 5151662
8906578 7435360
6436967 9878633
262947 340610
4590030 2854053
8916049 8445311
1574223 4645352
9399155 2652344
6719175 1625767
106563 557905
3535653 4250196
702819 1851651
3804361 6946940
2456436 3827331
1358209 9078213
5000096 3317915
987016 6139746
8740861 5382524
1197001 5414108
7582033 2450308
2660039 5909062
9584674 5107206
5172234 5931720
3854487 5698800
9491629 6520920
6636455 1534686
7967265 5401323
4673866 5952666
5024489 7301310
4890764 5420514
2129204 8757620
495270 404995
9437571 5962179
7272145 9376661
2746209 7948407
2619144 6923713
2069604 980205
486188 9806338
2993077 8306520
7809406 5631144
5791318 2596746
3403497 7016520
8199761 3871363
6667601 2100124
8879313 6446610
9387697 5486316
5758780 5565645
5071272 5314885
8338465 723406
1056728 2139679
5577193 1769700
3927896 3207471
3332087 4955858
1536412 9585965
745819 9407124
9010642 4022732
4275458 4750194
5424301 4352133
1534539 7061594
7788395 6685594
3764159 761875
7474583 7882286
3400530 6243621
6465811 8215394
4317052 5424001
7889958 3906686
1359377 3758344
6695043 5761842
5586217 7215514
1261547 7358717
870236 2799936
2517506 4450095
2230705 2811704
2547368 8730079
328066 7113150
2368769 102550
5265785 4261034
3131993 3167659
4749428 5375653
6248280 5970987
658530 3650407
7650454 3212326
883562 8270987
8876883 7198426
1205576 3327359
5946328 1535201
150153 9905442
8130694 1502580
5189983 7389490
4286447 4707028
9433657 7258144
5981503 7114389
2170037 7565912
7336456 8228433
464512 6338532
4358766 4067299
6164094 8774660
1661776 4242789
4452897 9744540
6018886 6650082
4704790 43901
634872 3912343
6538319 4470387
6159523 4003686
6589715 4047749
7223670 5702201
5233383 6829097
4673377 2569912
5885162 3311532
6155889 4551974
6521787 3194648
5957394 6492201
3784959 2774570
2255388 4164154
8293534 8821610
5103801 5450366
5436370 7257840
605537 6653549
7435619 560462
7625770 1313229
7025770 6242420
3546990 9599049
2339216 7123683
3634427 9394013
3717446 2405695
6270906 5584916
599132 7303710
1564431 1044927
9180470 758212
8191391 4233484
3978971 117164
9425149 3874948
9871612 1189203
6393171 3918459
1964559 3751603
2483946 9177281
1886818 6144519
8108447 4182926
6871526 9557049
9102555 3188384
5169373 7836197
636910 1323381
3686092 792958
860832 2913060
5916045 2041712
3531471 7489400
7389604 1281250
5170750 1574229
8054614 9264937
308510 1172816
7804694 8835531
2787894 5439677
9821363 7063988
7128249 615620
5554232 8073706
1383298 6703837
8488076 1455634
997110 9901004
3616097 8040656
9304090 9223746
6968749 5274094
7844799 6681723
9474977 8114059
8757229 9240841
2441627 6933812
5245875 6110972
209354 5207999
4679271 1325850
7956585 5120206
4281261 8571257
8275873 1812559
5270571 9635209
182007 7464404
9355880 5497931
475372 1000222
3164541 3113570
480641 9280148
9060832 1191239
6305426 8465020
4760383 4094947
8588238 8952032
6329381 5074119
2256078 5699107
4812961 6168979
1986025 929887
8109037 7794380
1719501 4500787
6893158 9903156
8353827 5137005
7338195 4568936
8974385 5372180
3677208 4091254
3083739 4720203
4112218 9810206
9136893 2847751
9398167 4657159
822689 1825798
7279723 5847489
768955 8291989
4084145 7504634
6844002 9557857
4054518 1780988
8848529 7472648
127201 8154078
2677319 548899
3631271 5325120
9443030 8515411
6618178 2682927
5236260 9634727
1342083 1871389
9474441 8472822
7644559 664821
3429932 2628773
816858 6260918
4830192 6806284
9740963 334764
4519828 1441044
31757 9913744
3325837 4662000
8704240 4923796
9941121 775792
7489671 8805264
4959295 4109186
1736780 9526682
1218454 9105443
7149860 5083457
4540274 5586925
2153294 5630815
6546612 9369491
4812393 7324010
5590222 4393385
2033280 5157732
1731630 910738
1294418 6985715
6156358 4929649
442138 4016735
4710819 7132027
3992106 418656
2972196 1726754
7131555 2646105
9780946 9263110
4021972 4609634
7554977 3012935
3110833 2064178
919599 2076554
9288306 9883042
3075957 2503285
2051246 2901543
1703845 8329266
6248361 8842721
4161094 3116527
5637585 5171292
7137489 1958941
7625919 1335380
7459804 9164032
1911016 4251937
6898788 5442013
5167960 5275169
3058560 4688760
6155553 5969454
6501131 5138183
6539046 3632155
4961760 5030283
6785579 5922888
7063364 6033747
6645704 5311607
3939260 3547012
6261383 8116271
2757250 8701742
6292947 930086
1517525 8129140
6583116 913855
8889229 2521458
5965546 4953060
1167885 8626485
226438 6457632
7919653 2479524
7178194 8251841
3584729 7950628
5699398 2117091
5539413 4712164
5511038 3890807
3848986 6658555
5097871 3376441
2784873 6155874
75205 905608
9640419 3018908
9713770 2614940
5170409 9591516
6405024 8738586
3360167 9284700
2458626 4800686
9013824 5898746
6096937 3725663
1542464 4197057
3416863 6421700
7898599 3367465
2217571 1889695
4256090 942212
6730273 1414989
4557785 818683
8270534 8879677
7363617 4160718
4369686 2094371
4855253 1497364
1777784 9269881
2362213 729198
3032174 2272250
2251147 9096721
8979223 1395885
948599 8570998
3934818 5160297
6777162 924123
2484844 8933606
2166523 5264748
8456012 7083662
9127377 528226
4718803 3826964
3252242 7175614
3165110 9740278
9771445 7872921
356332 7550335
2083716 712858
793152 3448806
5894452 9736239
1927229 4392343
2021111 6853159
5929504 9854645
4754225 3690146
6261963 9308699
2066561 523945
9004050 1814961
2833154 5911916
9437180 3337026
3289717 8958800
6997764 7112942
2218045 6288185
6563681 8652034
8863179 2723893
3578358 2432892
3755061 6826085
6977904 7114394
8924499 2055835
6590687 9316874
8725769 1060239
537625 6249537
4037208 3393653
8297277 9243594
1775554 8887969
9280096 7458903
3831701 6198154
1064256 9368711
5571037 2044369
8164888 9239125
3374913 1895617
267789 6064913
3214784 2544121
1763207 1691974
3219587 1743339
6357276 4443919
9792371 5300091
1786002 4965616
1771913 5061093
878004 2533407
4498081 5021201
5585966 1360153
7532778 6930874
9675482 8028179
5823116 5351303
1157834 8606353
5218305 6664151
1767624 612889
4205945 1551275
114530 7583297
8655331 1956208
6933984 8317071
989871 3902810
9397702 4100406
3425419 5476797
9810029 7911569
6328466 9131452
196872 4632100
2112382 6177075
7625777 7465697
1884190 5687412
9743871 9122802
8368985 6258457
5037829 2813332
1772801 4334163
3550453 5973447
9086804 8660996
3840886 8507071
1306687 6654823
2887934 8334189
5527794 9288447
6930553 8902188
167796 3908032
4409117 6170849
1729634 4581394
5282940 3233148
2904557 757586
4842559 5006237
4317078 9626564
5248988 4167
9208537 3111664
9073343 3485508
9235699 6247414
1935971 3871636
5238193 7200262
932597 4422390
7037099 8315151
4023090 5478745
8095281 6149597
3897919 8290735
3394509 3735959
7375596 3912255
2534590 8554881
1488687 4025946
6684364 2905187
1030342 9619478
3883110 7531412
9316241 3054849
4068168 6012259
6576677 989644
5939865 9054395
3010354 7164726
7563171 4821851
648709 268555
4923026 9196869
6244434 8291425
5077083 3668081
8671159 5421418
7162449 9212964
7158153 7505745
6805384 393963
8807400 4602951
2859796 5217793
1288342 4221504
4996097 2229379
9421506 5099435
8971270 5590105
3485946 5873419
8026690 6366285
4701072 8201366
7152059 731405
6059821 7934202
1877339 1343738
4088600 7885532
3576419 8952292
3921918 4701910
4257359 3642564
3194821 3891697
9733757 5708956
4951035 6654092
8814930 8652205
4251801 8837375
8767629 3704748
6820365 8985522
123152 5183453
8161895 1950801
6292380 7012894
5576684 7662359
9047367 7160062
496189 1387356
7819868 513542
7569804 6654487
4022036 9132744
8322341 9479088
8550813 5760787
3208835 1039387
2943374 564852
33254 5199707
2527603 290775
7946016 1209830
3446932 9131058
7812719 6603136
26371 7350497
5770522 7972633
8854129 8447026
8635846 2070193
255505 2041157
2348660 2146771
6346006 6139301
5509496 3430734
8860324 7028740
1845354 5794057
2669180 7210424
4363146 9381480
261032 5227222
3828356 1961627
4551314 2569394
5402513 9235120
14281 9812054
1808834 9787517
6316764 7082531
1341934 1457110
9687204 8782274
6810828 975666
5959817 3869767
6732631 9558267
648915 9443832
1904795 7234025
4586766 4844450
1630311 3040862
1026592 846037
5361087 2226508
5177234 2634198
9319720 9402930
1357783 3546895
8247331 152282
4754892 334925
2727049 3451530
2275888 6619868
7122079 7127081
9267908 8809012
1978572 9909453
5445008 5838652
144791 7104400
327329 4058664
254892 9652447
7322555 1012505
6374412 137995
6993285 5611632
6291810 3950614
6533181 7572334
1398781 90724
2375899 8964435
1928673 1902327
7652477 7120204
7324456 3645703
9763818 1488811
10955 6242239
3996033 7549754
6035988 8289515
8493269 6645691
2133301 8231404
605291 5213088
9716254 26489
1584859 7213841
3883493 5466581
8022832 3794785
4536604 8928332
454663 6744507
7918665 965394
8580245 3139140
471384 9588137
8139642 2783076
1025741 7310286
9327966 9474910
3807801 1339548
3858562 463610
8606344 3160580
848701 2230400
1832145 4094756
2550816 6824012
8867714 8016590
9391817 577558
5649523 2811645
4338032 4857726
8429218 3502772
7500203 5102448
711721 8113950
7510893 8591395
9660142 6148020
6134307 4896026
9918946 9419109
5578598 6637495
7738725 3967936
5331265 2953282
5184258 7048556
8138315 3405323
2484993 7605610
4200941 5979134
9515013 8355323
875753 5995851
1919998 4512553
2308796 4392944
8354695 7423265
7446717 5422040
9144512 8221447
8373941 469728
2678075 7904222
8386647 5764748
3360206 5993243
1052513 1856051
8928085 5554067
2491150 7513797
9476995 6504388
5664860 2774251
9384506 1528533
6394640 774635
7059154 7783645
4583344 7507020
3410302 2688
3943304 8357637
3772489 4712786
9713138 9844923
8988947 9459624
4498919 4579911
7492324 4908120
9844453 2116734
1116919 215365
8149730 4278127
1698424 3678829
8834297 5878720
9476190 7096140
4801797 2429008
618573 4397238
7566684 5908640
9331777 2287722
3905347 6719796
774736 9578460
1163397 8229798
9930715 5215311
8576188 2137696
7408219 4437808
9577370 4413723
7771324 8374913
8738712 226503
5973512 1448479
788719 8628941
244667 9474342
105782 9387579
398332 8397237
8069095 9697911
4951423 6693733
5289327 3693641
1733038 380518
4241162 9077971
2066220 3732639
4019284 1168256
2145422 5895585
619198 192210
500306 2838142
616262 6368592
1339455 2221403
9354887 3364515
85537 8249160
3863423 6668717
5021576 9923405
8817693 2893318
7160149 8142675
8258031 8715308
5528668 690660
9407866 4968206
4553362 4105339
9824875 6743067
4404462 4784717
2870760 4375153
824296 3361889
4790353 6594606
6883000 7217441
4133968 8644475
415537 1558441
3697210 5102020
1779825 4530967
6502624 4458157
5244909 8790875
9835570 6786422
3779964 569806
9710705 2225191
5821121 6000536
2695573 6816920
3206160 7318274
6341026 1233121
7562478 7800675
5717181 1006975
4605176 1896023
7483996 8884570
9899279 6349531
2934434 3211301
2676167 5624931
3862861 9997119
6566174 3378891
6947805 1738299
6398414 1812657
9531822 244846
1196047 2141742
3439921 732946
6225283 51476
8112672 2223589
1458737 4629784
1342236 3423377
4962271 4548058
2272540 7424734
7442502 963044
5396663 5007128
9395083 7770032
8313249 2739032
232451 7308038
3240110 8633849
8698700 5919128
7715894 2986073
9970156 5698254
8628895 2180066
3599535 4759105
5490316 916623
2963558 4982988
512057 1228462
106177 2885317
1519440 9806931
9104364 2896366
5564743 2825984
6279975 7036642
8108232 2802193
6214155 731209
8187328 9593570
9999006 3692322
4906365 9648766
3952701 9084588
6476823 7631441
7515981 5841927
1341419 5299024
217420 5694968
6328539 835071
7519626 5611436
513658 1917269
2969777 5764452
8830761 2323365
9289373 2060365
7778926 7515757
4105917 4600481
2840454 6243913
2893856 8318700
824980 9876922
5656923 7876372
3513878 469992
7587259 7994577
8256137 1194441
8921580 5571336
4515505 8576271
4968131 4204708
5345787 197690
5037691 1373394
13112 3565994
5334960 8318732
9277172 3878316
1678158 3790339
6745673 4432060
8908639 2640302
8055448 1122708
2342948 4788080
5696638 8103234
5474737 1247361
9177895 5746098
4029212 7896641
3466052 1116944
5940147 251505
7793637 810017
424949 5878316
9791467 176157
3292374 6443366
9430787 4144942
8600369 5396814
9966627 3988865
3967933 3764551
3941692 7955211
5315224 6511148
5945474 619265
8316951 2292392
7433730 9693570
4816323 8974325
5966527 444475
4774101 554392
3346996 8976093
605440 1957805
9698743 1687992
4568941 4856245
8930523 7891809
7520974 9752852
2798954 9319645
2811277 4542069
6158227 8583788
5487274 6212264
8982534 9959479
2866845 70709
7192837 4428018
232018 8119989
3664313 1562464
9164209 471159
2004961 2913993
8676167 9580986
6789149 61284
4764155 965797
2354729 5928023
3622378 3921514
9059917 8036278
93039 3319463
5502700 3710586
8386665 3527311
1451846 5704181
6059484 6865375
9146530 2285642
2184912 9890820
7181440 6899163
5050954 7754099
5639495 2651767
856402 5300714
3473331 7516738
1863856 8270061
6874835 3791904
7029424 9808185
2504882 6206997
2601359 6037199
4582352 9465106
8901025 4117198
1181658 9185432
6124535 437838
9977049 870650
4400423 6487548
9763895 6272985
3880900 7560746
6301682 6447622
5139905 3381458
9527858 9791724
7398582 974935
3805953 7499759
9181772 5056071
7988757 6091265
9668261 5351253
7232754 4085833
930606 2753439
4861520 7975295
2939015 1725731
274878 4356277
6347105 3819364
2001721 4866303
6208264 2026835
1185208 699773
2687567 6080687
2641621 9063233
6490012 6814782
1261865 6905117
5195112 653614
3543882 5134831
3623519 6637838
1997482 2862851
5696806 1489586
7172421 6417123
5205468 6019512
1005293 585221
3147224 3380025
5057542 4335582
926270 909741
7242994 6842622
9870240 6633979
1216094 9158966
2864296 7630004
6546618 6216841
6671958 9063339
1472377 1168606
2521924 78250
5275191 7708805
860268 4508170
8088200 5723
7652227 868429
2405174 678075
3815544 1839973
6074507 4013759
9973690 5105489
2912598 96896
7779520 4583017
6258111 8372943
8261031 4108871
7654687 1074243
7643808 7770618
9156579 8336685
2664914 5918590
9136590 5992698
6017798 4186588
1077887 2012154
1068531 9251675
2793007 8400798
2704517 1562158
5687930 4746012
7514133 8311999
8184387 7472851
9529294 5020766
4011469 1101913
9940835 5290577
2439438 819664
5620513 4981719
296813 7477996
9736985 9747888
3131026 2455231
6220604 1685520
5443564 3412666
2046408 3843061
4738496 1578813
9457334 5079588
5702806 7184167
6785389 2880966
2562271 8098758
455068 5519964
1644029 9615531
3515139 1183286
370180 9859500
9241007 2285017
7991662 1114668
4017913 6984842
8293399 1612650
3520161 5446296
6703407 3530051
4462272 5478850
5327138 9450463
7452602 3891974
6715039 2423251
5498863 1000322
7278885 2806086
8112365 2111513
808552 8639237
7841681 2774085
6242626 21533
5257148 2478566
8117941 4673663
1880337 6161311
1182554 1417786
4585809 2417472
120941 1950806
1873947 4534805
9775662 5710216
4101685 5137653
9804832 6943545
6430821 2598514
6980186 2284074
5549978 9752062
1884603 1865034
6663958 2374990
501037 1903900
3828184 2352397
4044042 5130727
7979167 9453047
7064020 9730741
4992071 9738560
3274871 3473729
3801558 5812859
1175470 2688439
6505510 4963825
2378532 3739920
7770937 8020511
3934184 5320507
7106017 8653477
6383611 6985759
1827935 8503752
1226745 6620526
8588805 8543365
140684 4654212
6775433 4362779
2980835 6133626
2806652 5126584
4876042 9402942
6173794 1474943
1280072 2212162
3661269 3612249
874742 2906434
2473774 5835818
3807583 299765
1846722 664533
7274604 9255985
8195872 4928169
3401589 763738
4297464 7760694
9939752 1643245
2614562 7356787
5061678 6967942
2988367 5019895
8472073 7292097
4365980 8445698
5273108 6742667
6455780 5110007
9615053 6404838
9855958 4076783
7418243 6584790
4582664 5150107
3287439 2017680
5742287 1379041
1813560 1738941
5848943 2741949
8652438 7718413
6877732 8869441
7326567 8572477
6852384 3920780
9676264 8762828
5155815 8411187
2930886 1292981
7056576 3406285
5935396 6969568
8631845 3751100
5118139 2801620
8196572 3234861
8526313 2814145
3977003 2078898
8162305 9770805
2849368 3944748
3017799 3291938
6108296 1247896
9877198 8479932
1947174 1441360
7106181 2177432
101522 7308476
7301744 9113950
7906874 9868165
4840253 402009
3393792 7305803
9119203 7319551
1547610 6133533
2218038 997957
8547778 2336748
4376792 8951547
7062347 1245002
262862 3180056
2956750 6201223
1339589 7623402
4296087 7401816
4352288 8605921
3500202 210360
6420969 3787608
9583840 7154833
9967271 5026331
3704691 7584686
108687 6254961
7461767 2446545
7271282 5145913
9375818 7057851
3889825 5075611
429081 1460299
8755156 8473862
1209958 8592818
3639031 6358865
4678165 2348546
2693217 5184077
6260628 8943347
4341213 3023553
9066737 2300362
6122014 1942571
8652323 1468259
314269 6539437
9271639 653585
2362812 5246006
8068437 8473978
6406309 2417074
9022344 7887389
7143449 2417676
9398297 4389695
1424848 6996738
3862683 2093291
8429482 8412548
460895 8141555
3307201 674074
4660965 6675788
3620928 5759500
5211420 9961019
2426739 8787640
4180506 1419199
792280 5851058
888056 8723130
4770715 2953644
9935100 2282199
4133519 3883475
9290214 2336104
8020632 9663709
5242053 9353654
4927963 7839342
560303 8472653
654557 8437281
1054431 271852
2914066 1439475
9140744 6956068
9092783 5345590
2456888 2186246
8389687 6100144
557524 7217472
8332808 2948703
5403378 1095961
890441 5738884
7086256 640165
7276524 1601209
3846926 5073603
9313020 368928
5819627 1303932
6380935 3377379
7021354 3718215
5611020 618337
6300857 3956778
9384364 6103027
316192 9939850
8081870 3457052
4082381 5328484
2175336 6840176
24906 7582852
8990562 5001495
3468642 569781
2117594 1291625
7442803 4444290
7046837 1315175
6212976 4030085
6832641 2867377
5551623 2007227
6124223 456762
4612879 2975618
2297789 516813
1688402 8207530
5534271 1482389
8831087 6107098
2563822 5204252
1965274 5016843
9314689 6839333
770169 4637883
8907833 7923799
3272563 6145147
9831691 9125933
9906850 198683
3568677 298049
1867349 2971065
8311761 3692986
9747448 679703
4606384 5242202
119243 4252344
8010258 1114507
5297381 2627501
3163686 7172746
2843704 4165279
2496843 2915476
6519434 2309045
8225575 2062254
3658271 6080043
1991977 3886006
1358975 575613
4881918 2418992
7784074 4059152
4637804 7174425
7638779 1281703
3391196 5517440
284675 3230380
6534185 8784169
41475 2866475
1357867 6449097
2359823 6835158
2512933 5485909
9948244 7691958
3860197 7284959
2164577 7907319
6001705 5548915
770373 1377564
7521564 7726485
9245216 4194964
6278947 7474561
3075264 3274180
1792778 627144
46306 5626793
1135099 3227853
1211480 1146267
2438984 5896475
5051580 2200588
839871 8947996
5022511 4267021
2701805 3395566
4937185 5023259
1495851 3636724
7160891 9486547
6887758 4138452
8866649 7931209
4330464 7925303
5329071 3461427
9407004 9813072
1176050 3414827
1541818 1789092
1617318 80975
623122 8908687
8670797 7340025
8629297 9921967
3163567 1116947
1025075 4420176
787606 9141323
8534377 1433971
7257371 9888785
2800913 5535585
5510179 7182458
2685148 2667419
4826590 1738616
9775615 4137342
980060 8570475
6802089 8167562
1925692 6779862
4977877 7640877
1628982 3416945
7768172 8380277
5446187 1437159
6734088 857560
5600208 1406658
3026535 4705945
7705083 2312393
7023553 9656
4902797 5296100
4247828 6446518
6402815 8648603
9184960 1624363
8439001 1443385
4153443 297042
9761413 6480
1336 7641646
8691858 8943344
4069806 611614
8115445 7726519
8597576 4693889
4507856 162862
355647 4064360
5324951 9039064
8334704 7905268
5528165 1021242
9106994 3354435
1153553 4427947
2373554 8052013
5498430 2614799
3843927 3677324
3998055 4126157
6580577 6786675
6226832 4530406
2968368 7106114
5540097 8507438
4058498 1365284
6698684 6185299
5974263 3069391
7992065 3316345
6987602 270447
7729702 9018932
3895991 4009318
1593029 3317641
2184601 5369986
1484142 5561204
3704926 9083576
6962058 3846829
7103535 6044439
2568946 3475606
7133872 4415395
5425159 1515733
5694394 2150038
5096650 9813173
2311522 5270329
2535087 8148169
6605222 3531373
3057202 7419372
927037 359512
7810247 2868917
4060892 9622539
2965419 3550194
221963 6867622
7266982 4980085
8830581 8246021
7444377 788589
3657851 3320198
2565358 4193235
3622366 6519923
7077006 3485039
2462310 7776312
6016911 7063027
407905 4146922
3445822 7135575
6526598 594488
1828995 7819128
7008072 5026063
1606881 5895220
522622 6809654
6129904 2028501
3047469 3584880
1789886 4222137
7418262 9472926
7100264 2557625
5012660 6289168
7613164 6254397
6705265 4746862
8533469 8244278
4978969 6811242
2802563 2478664
2792868 7572872
2494213 3971175
20210 3604892
3350582 8362749
7756575 2137944
8175340 4106578
9649182 8001035
4631353 5906268
4688677 7746957
9955278 3330768
9660505 4348788
8681114 9774581
1798873 8170499
6949370 1883100
2279698 9746604
5070996 3101946
9464157 7721475
8903675 6533704
545169 8705306
2016981 7022425
5146834 2168766
9936718 4317650
3869049 7683220
3925800 3687136
6658404 5429369
1113263 9259033
5434085 7610081
3530030 2946425
286777 3086626
7054566 5941584
3979075 3743677
6878821 1761616
1656969 4637668
8717707 8042524
934347 85602
8504027 8593224
357887 5347826
1721555 5677284
5585755 6483907
3967389 455835
4748589 5696501
4759093 4435781
1717651 3834988
1524586 7290512
6396065 5404961
4938180 7496579
5990018 6797433
1475882 6680585
3050024 5935322
1897089 9140327
5706179 2289827
5969577 8470026
3788324 2024198
5131044 47425
1784774 8429829
259100 632474
9634985 1720474
8216434 9508379
700986 449486
5045189 9041023
1931459 1765029
4137588 9819527
5315530 7361312
9766701 7068994
2971447 7197265
7731488 4003179
4511247 2525389
7771235 6352923
3883798 288973
9913470 523558
8024110 1215191
7290003 8575890
1419195 7220662
9214376 4167527
1782234 5758651
4710276 4418353
4659986 9531203
3669507 3952501
596095 4859326
3497433 4218907
4880965 7779196
3183819 979814
2910297 6274784
7723452 1026609
5256771 8754485
3924121 6650291
8600627 9047951
6212197 5311975
8037270 162543
3858706 29749
7933922 2704626
857083 5994897
25235 3724099
6447688 2183033
449542 3395635
846328 8945058
8503886 9607526
4536039 8574280
2556692 3543006
1581577 9707749
4406405 3173162
821858 4338254
2258481 8561347
4277278 4191181
5369993 3579838
9742296 3965169
669144 5101259
7973348 3737131
6658685 4508884
2070492 6608306
4012517 1344869
6658324 8901398
870066 4551843
9866532 1387684
2206043 5386729
5559358 6327730
4408568 5680781
5020502 6834373
7669052 9211300
1735299 1805236
4445072 5380436
7336626 5424392
58435 7143994
199042 6329850
3170309 9671495
4930762 5822747
3101334 2215514
8584523 7379858
2324649 9467064
2010143 420509
1098974 4680433
9795017 5488613
8225446 1398002
4722666 8432405
3065470 5483795
1460053 3365454
912328 6041733
4826066 2089404
3064193 5243598
9045643 4954596
5959666 6423844
588252 444907
4013621 5025733
7716808 3480677
6012528 5872201
9529904 5666084
4239192 7660536
9243979 3570360
4754913 5170420
2430762 5077880
3827088 9259707
8842001 9013961
9417114 3224795
2073368 8768499
267780 5266017
6042433 5326826
9852680 3681450
7343973 2442768
9471380 8613459
1869393 1134613
6380896 5257422
3011769 3794855
7081370 6938152
5249416 4921245
4288716 2900791
9211716 2992994
1989527 2847872
2956666 8425538
3047160 2560766
8779826 7619355
7340957 943106
5576087 851012
8713563 8500597
388178 8529023
8122875 3646372
4633937 651744
7978443 1048016
5368401 2567317
9953542 1341905
6778073 9106709
9043478 981726
8992033 5861738
1850438 4954658
7022530 7279506
6370570 9837502
9451995 7498379
1669231 7083174
4887487 2126991
433826 6260492
6980049 5411232
3560761 3791001
8431746 2694186
3044468 5287059
7008165 2633953
9080958 6828130
8877408 8858693
5278529 3170809
182869 5471447
6688276 3867770
8557340 4125850
7725093 5504715
7871817 6682576
8096759 3335212
7179997 7853568
5965433 5490777
1687116 9673670
2747111 7744477
4416600 1764716
8682478 3109340
292912 1486146
752807 100482
4359393 1386475
1371429 3103018
9182615 7710218
9088612 8892905
452169 6756112
6898826 5952992
7324052 8885278
1948363 3271274
1461786 2360580
7285724 475888
8145988 8706412
3124725 5363497
3425867 3531518
2550510 3926825
4338066 1970618
9949653 5419192
8339397 1281458
2804556 4669608
5104172 4880877
9369740 592934
3839556 3248853
9624767 3297116
2952246 9697490
3105830 298622
8476646 5669428
2274548 8390055
1218795 6281048
3546327 8582254
9051651 7474738
1412634 9214420
3933966 3260056
2769901 3011945
471013 9170783
9465038 6027210
7248832 1812587
3666889 1152641
7188441 6027464
706563 8754940
7407890 8429827
942386 4539977
4073458 6675488
7949299 1378259
1822609 9342733
9749184 7606211
4158579 7595804
8473790 3862657
8489129 9029440
1389060 4271290
7933737 2138409
7306920 591105
3009433 653364
5199321 9516729
8607251 1401456
2028396 2890145
3577778 6224565
6367891 6924243
3993705 5224418
9022446 7234739
9272929 915964
6078177 5449567
3186235 650009
7913714 7764688
1633492 7272446
2948532 3398893
7572740 1937860
7585470 6742048
8185540 5584048
9883176 1101102
6892624 39331
6758264 8286964
5286217 7977028
3758069 6352717
8114893 2170521
4416175 1522406
7034036 6046829
439223 5104347
344794 3223250
1747095 350564
7585917 5201517
7751979 7473779
8269524 5302874
6011140 4903329
4469797 7803580
3966991 1778858
7868234 4919080
6920394 3992682
8131011 4380397
4750102 4334721
177179 5094837
7454970 1053055
1009571 6014042
443308 1644379
8981524 4241848
3101890 5599802
2281370 8957469
3744747 2240677
2131603 2756602
6687816 8828169
9635687 4805
7713592 5786322
4821027 8356799
215325 8334644
9747590 3927744
5386845 9933653
1954507 8579400
808362 4390808
5103242 9982027
1025353 4733237
3224510 6761168
6906470 6225375
6818722 5763153
2531855 9850563
4118308 7389255
7654414 7882553
8714607 7997806
2888369 1549116
6009298 772465
6310825 5629605
9356593 7502523
6386464 5852149
9218301 9975274
3661619 8619500
2445035 8055035
5057037 3890292
7940295 5893434
3358489 953167
4453366 5249791
6083525 7723090
9126125 5004968
1544980 7745891
2259573 8954551
1248109 8347309
528747 3516180
9755194 9513872
6499075 4314146
4113979 6840672
3498414 3183155
6559793 8785458
3636508 7387381
5435485 510191
2235813 5336550
9099357 1014713
4782230 3947786
9691915 5885151
2720576 3885467
8548939 5723397
5365307 671043
7642795 8437728
8828604 5966125
1779412 7672931
2604938 2886827
9175595 4721814
434284 5147504
9759365 6459934
6700214 6446059
3371459 8462838
3564684 8579710
9035509 880239
1489670 720997
2735900 1525718
5091682 1680810
1202183 4026598
1339807 134498
713242 6648361
8160797 1074298
5047976 8263702
3447687 4097096
3710833 6083032
8269761 1326771
5413377 4945732
4563350 1159149
540550 3730286
2611533 9839717
98173 1491515
2412487 5318734
2783582 799316
3068941 3682642
7186344 3076722
6781321 9530719
1537680 9994621
6312910 63817
6248280 7960428
8213068 3368640
4612711 7690298
9429794 4045807
5712723 9737748
187478 4059616
2347844 9947292
2910452 2209892
8750467 6207891
3307660 1994164
1276507 9775539
6638623 9384620
3532836 864714
4568128 267979
7451208 9000646
8613448 8044458
5866612 8214318
5276431 2770714
9323127 4770755
6897409 7267127
7080617 6029033
4693556 2468229
9348605 8847520
9597337 2053068
685615 6182178
853891 9563123
108356 4878834
9299870 3652880
4612580 1250105
7372601 2818333
9277941 5102391
1398145 234372
9352921 9048111
8596051 7329506
2419063 4050770
2694861 7130369
6130266 6596089
1432379 6512408
8444097 6725090
9266905 1401296
4865185 8551846
85146 5639652
9564077 1065607
8498037 7693943
2154560 8785066
9088250 2775916
7170289 5949925
2833391 2537093
755931 5499681
8021270 9096652
8001801 7593294
6783145 1714897
143196 5981566
6437579 767241
3439676 4633091
4513321 3581505
7983826 7977220
9138637 5485118
8668674 3477964
5209437 2120255
74191 7766720
304810 4176846
2219986 516530
3271453 7760220
5977233 1048495
681950 7572595
8785334 9709146
7677072 4599336
5544884 1160958
7344458 7921643
5096518 6705055
2241437 941384
124682 139934
2828785 9881780
8113919 3774141
5378136 2156852
5369045 5587421
187671 6689553
6726505 6079953
142071 5243941
9986190 5010502
2863543 9478552
1418802 9134330
541379 6238482
7433460 4550306
3398475 7813584
9801320 5465186
2159525 4276593
5474827 3761604
6943047 5567271
8485969 2809357
7829158 4222560
8700901 9292358
8717080 499858
4718374 9952942
2019909 767346
734146 5458801
2355428 4227549
8432294 889197
923541 8226804
8528817 5656338
7777939 2023958
3391821 3176223
6876493 9167319
358316 7859632
9488236 3793328
7476065 8080216
2850592 4503928
9729104 4878846
7513106 9965953
4473518 6520741
5479847 4299064
1945352 5486359
7346914 3880151
404958 2133656
2406841 3955013
6808686 3060097
3672894 5870042
31399 1566273
5076047 1209457
4012150 981805
9397454 9797539
8171942 6027156
9058847 3694682
6802558 7059907
1255187 5951229
821757 5132815
1442260 8056778
4285487 1444330
469497 8794444
4081431 9236661
9951687 5989135
4875433 9606259
6157793 9919173
8555738 7185231
2851547 9466796
1749435 8194639
6198181 1040231
6424319 5798117
5005324 2959693
2024621 4488993
4781048 1356693
8582206 5861464
6855783 1094406
6853127 8624787
7595022 1233315
4674770 4101889
5443442 1903338
3297682 7523927
1188384 9890653
7435690 9263831
4209276 7028211
4127331 2115269
9464602 572957
527800 4071651
1890827 4070719
3444446 9736590
2265500 5134153
4198879 5136789
5006723 1474405
3337437 6461754
4795931 6512879
9767948 8166093
9961424 5844007
1530026 7983161
4648858 9778804
8726943 7856654
7377423 9834263
4861830 8935016
1217055 7902044
4718271 2590778
6290138 6342461
2288400 5162158
5253602 5765472
4863792 3835516
3459427 5919064
6798794 2251682
4780456 3774807
6960956 2979394
1694324 1555538
2849017 8080039
5008530 6271127
5188968 620200
995524 3098818
4060440 7172678
2051540 7401402
2253751 5993819
9614871 8540273
2849165 5374183
7562364 2302951
4088333 2515522
3745978 5894099
3239750 814752
7492762 3009038
8049387 9731600
2267605 2392853
2685313 2784059
5649779 4101460
1322785 7753656
2089131 2565455
1291628 7483732
4735957 669421
9072448 4613182
6586013 3706418
1144928 7043286
9581890 5026420
944633 5533739
1357255 9872111
8107498 2817975
6484752 8015538
4849073 628818
8263951 1163048
7509159 5101580
2172644 7238235
2891268 4426895
651447 5679557
4806287 9415360
1147393 6349556
6709549 2489010
3158921 3248244
8495026 2924139
3267489 8365433
1692299 1369179
3198953 6160
4048465 8287765
8775997 279038
4748424 1656677
4976814 5662808
1558630 4046586
6572868 5246738
5212002 7740597
4994520 4084748
3195360 7211078
9259651 7527306
2919820 7661620
453629 3702004
5689696 2236039
1459720 9072769
1417287 2657763
6247230 6748281
3281501 2629800
4563728 8088433
2880211 68375
8813221 4585452
5370558 8176623
6619934 6740384
6312343 9170736
451033 6408327
8416563 3512525
2054639 9301372
4192761 2265443
8844194 9907239
1314667 8444766
5707108 5809750
4195597 7824676
1715571 890294
8500757 520488
6374927 4024031
4519196 4693106
2493762 4942337
301017 3097766
414747 6219363
1386507 2610701
8108422 8633939
235757 5113462
9722257 941363
9379871 9936286
9971522 2583715
4863427 8622875
8153553 7722399
2694083 2978754
9425593 3701935
5482174 6321166
3708762 1203695
7343181 4121315
4192356 7040863
1640295 1562246
8545832 7351912
6457476 7796319
9319142 7929205
687132 3118052
7387787 4733615
2439626 7862843
4569214 665095
9320593 9889549
9344151 7060722
5092794 1104677
1748471 231486
7984350 6625006
1992 7251164
604918 6719611
8028088 9583267
8146837 8396749
8343392 2321601
7562126 6628345
2662069 218139
4553402 1953531
5063126 3343685
6750062 639805
1449340 7366792
2634582 9495941
6631111 549920
874730 8712247
5338685 7312002
7213777 9340532
4477923 6252741
9741400 7740395
3231263 5028829
3835950 1854662
8296327 1431494
7295855 5233408
3218884 868265
3486585 8662177
9381317 8957001
6825399 8366851
927085 9069107
2982288 8433450
3510470 1600841
3653983 2396436
3934198 772996
586220 9377802
6115186 1576245
5522455 4209012
4282576 7910685
2552175 8411233
297198 2962186
3911818 4879209
7576103 3599847
5601654 6520544
9784742 3455925
4077427 6274234
2286224 1185521
2788277 2414806
7791017 8289902
6323216 1162347
9802112 3476546
7475331 4138939
1448627 3399363
3914975 6996875
7835601 2819938
5246497 1068477
4485468 8707375
3299930 1673393
3599443 1374994
676885 594224
5553946 3546444
5493703 3305621
1767525 4399608
9304193 8644343
388490 11533
2030327 7416175
1201032 1787851
1024879 7161644
3329842 7113282
3008351 8206156
9645399 2058485
5616428 8971860
6864629 7694236
9352650 304134
5489962 6879390
9656699 2951532
7993428 3652434
6221065 4994098
1463802 9005977
2946802 9146048
5533540 612876
8684137 5254329
5332336 9184735
9563549 7085178
7519541 1440460
3689047 7270794
8117411 8393326
3245319 6363925
3534444 2008215
1618630 9740656
5874624 2404564
3879618 6318525
4657245 1104152
1716013 8425872
5883582 5727320
9803728 2474304
8700609 2176023
3875914 876186
9117783 7193912
5412085 2032589
5168362 9896418
768832 3738778
3939419 8893471
7577350 5969977
2441202 188389
1094850 2985459
2337491 1903391
7034473 9105727
5992194 7550241
4598973 4746750
6826782 3377372
3051637 2847602
5773531 7216883
4181171 5547507
2075086 1624250
4965335 913275
3180227 129913
4847004 9425870
1411476 7221161
3951233 9874152
7006456 3531483
7617278 9110426
710563 5794202
7127909 1990336
1295577 2738429
895759 3303437
3128150 1070041
7870236 9982736
6439799 981655
455642 6068921
8964101 7444467
8745270 999096
2289427 618022
5289397 2268980
7239772 2164977
7732075 7423843
7545897 9350401
493307 8130150
7175919 6102387
6331023 7320596
1506079 6632338
7284605 4554384
6425576 6907827
4199791 223818
6376326 5698394
4943534 7240154
2307338 6776859
6992524 1765396
3468551 4937968
9689293 6989395
2770924 2272190
6958227 9856236
6110702 5205042
3407088 4989600
3194554 4060155
3775379 6616829
2942220 5942065
6936546 798402
8089297 3496018
6412388 4554793
7586452 7076884
1798652 834455
723826 2391496
6042360 4694012
9814340 312293
7946992 7277213
4610313 1683902
6398077 3652470
8111694 3544621
4192388 7799396
8473314 2061704
8400842 9836018
6046023 2808265
2892970 7305275
6733085 6307295
4063161 5428469
1454716 580621
729777 3796531
7796501 6064209
6434955 9560224
4879475 320033
1364260 4760676
3874288 8476569
8119693 1831310
6877880 642065
8414188 6668130
1305345 9967961
3319259 9443882
3748212 3204439
7419095 506287
5682290 1880484
6382321 690314
5454647 8883549
3270824 890165
5396085 3264919
5023943 9452234
2514436 1123039
2937919 1598701
4407290 8717213
101862 2941535
1826193 6314991
227344 7922943
6048566 5225421
3861178 1182415
5294660 3552391
7840953 6461400
5734692 2747772
3373286 8043065
2106625 6295497
1713362 8175132
2852879 2175205
4971010 7588801
2109881 614024
5895260 7572495
8209923 5766861
1575265 1556958
6201610 4910091
8799993 1760955
839316 208775
8047196 3731930
6802359 4958068
8403103 3729919
936361 3269749
5174871 116213
2622908 5252833
2978916 1307646
2040226 4285590
1505243 3887976
836639 2016037
1665705 8457505
9996882 6403373
7587745 4662
4683440 8621372
3068310 2719898
6270292 6407328
7274856 7570773
8396266 4720631
119709 8617120
3610476 4019154
795192 7652429
5069913 9202558
3051450 8944794
2873021 9086565
189415 3943274
4370985 6683241
9859115 2668221
2583539 9931623
9857629 4019551
5976256 253941
5540643 5683777
2444526 8989681
8534520 6998803
2097020 2850614
284876 3542361
5902920 426125
7845774 9406478
3047728 9165231
1750394 2661255
4060131 6977120
8623882 4510012
9304536 8839826
8607988 8111223
4402915 5367980
6046508 3463251
6402918 4698543
4803927 5825034
7048142 8637720
8199894 2897401
9732831 7544675
4736935 311454
2670107 3338071
6972012 5735185
1804124 9370746
293746 1927733
2208715 5484110
717065 130110
2485998 4837516
2225736 4631827
54964 6926273
7714196 3695362
5812423 2020956
244084 9174083
3854582 5088185
5112926 2050996
6902437 417022
3287589 3770106
3506529 3332551
3681804 9649348
1006286 9892315
5945857 8205827
2627133 749161
2044989 3719165
9453798 7183484
9236941 5981421
1156687 9602319
6368840 9149991
4977120 8012327
8929175 6547990
1339551 2815425
9995967 9058148
1306780 122613
2867024 8763333
5434768 9090843
3122181 4922445
1597158 4408601
3084439 9890933
4333554 2472106
1708493 636268
6309862 9684744
1507445 1698140
1511004 4972448
3789200 6814847
2032903 8235800
552906 7080454
1549053 8284083
8502525 1717199
9845394 1110510
9488009 4818655
2722261 4812284
6014673 4857391
7026915 4506290
573941 5715190
6470986 7113886
6562411 5601475
816715 8828496
5737759 8686977
9064932 1369160
6121928 4079567
1093168 5255845
8270298 6724280
4636263 6951981
8371915 4605975
7313215 8946009
9190744 7507468
6084856 4576219
1513571 4431791
8515580 3911505
8195808 317067
9294241 8047110
720724 9725108
8949677 7222825
890813 3297242
752157 3682695
7602135 6704187
3939024 6729489
3553791 8564695
5757085 4288373
4510887 1160936
3318431 2749853
3860503 3074569
2124250 4485653
9350338 5347569
9497935 1489619
4948393 2215834
2986061 2952819
9048580 7224162
5739563 3738236
5946608 2206539
9344675 3290680
5431046 1000661
3525262 7197699
7618729 5184312
260471 7053290
1017211 7340190
545377 7509616
8086619 1747179
2583913 9650287
4681884 4753780
395898 1702223
5722610 8555481
4789197 1981224
2505054 1704479
2925311 2419394
7631740 9698269
3772368 116779
6952173 8783691
2752848 5856135
8922852 4819185
7353492 965791
9157810 1218544
2195731 7585441
2733119 4188950
591835 5247099
5462793 9813255
4770906 8576850
2955398 4967510
2706156 3443851
513055 8674168
2925642 6458389
5640381 1010166
5547136 5050573
2346652 9070428
8904899 8096823
3464982 5186756
2903645 3601657
9888996 2947043
4032595 8510578
5058513 4341491
4496178 6553126
234140 9810800
4420699 889204
6676619 4341113
7084347 5911679
1949052 8042435
7361348 5593741
7835147 9365174
7216698 4303190
4559948 7745984
6142029 8531081
9565656 3942846
4225828 8585330
2193679 5137185
7319584 9545247
3301675 6425968
5490515 1071306
6257408 6314390
3232939 9230635
891354 9719497
6504917 1758534
2476440 4793342
4283594 6273970
8520614 2660341
9091083 7683653
7028352 8228939
7580015 6907115
4930710 5760603
5433368 2898889
473037 4740470
4815365 2434289
9382689 5904240
9469962 4121859
2810256 923690
4831723 7352850
4609023 6087570
9609142 1557475
6584427 7365678
9101659 1252748
7738921 4178353
4038986 979502
5078140 1190366
3655761 6309155
33014 3362874
7955161 5347946
1313314 8108391
3909318 7030732
6052132 7009519
1032635 5032440
2850146 363271
2418457 996128
2025843 789491
2190449 1648081
3230649 7042183
4295634 3931780
6051229 9448801
2682792 8289203
3302070 7019785
1855890 7578996
7470440 4129581
3095501 8879999
1794974 8559416
5478393 6260188
7781760 987376
5435339 2366546
2374582 1063717
896013 5835216
3729035 778767
4879036 9424892
8285758 4789375
4324337 7509161
148539 5175793
5752196 2016347
9699163 3671359
6525104 2874716
7731232 8103439
6190440 6731700
8996017 9051305
4584028 5243507
288755 7497522
2268690 6594383
239519 1117558
919378 7764369
5278839 2728751
4855773 9112477
4503908 8863878
4302174 6925391
6928784 457148
3503746 1081913
2872037 8674932
710888 3925724
3174522 9156713
9837779 5287743
3230925 4365457
6589716 2272050
3437152 6719086
3195420 9657669
1603328 9054862
2137105 1785934
6109797 6911022
7590940 5192956
9910913 3209197
3310051 9674915
8974536 1812613
2633117 3614346
3751717 6399134
595704 7780424
3655193 7026142
4298218 2003166
1831859 2144607
1669526 2960666
7709439 1048457
527127 2261182
9632183 5851111
6598925 2616826
7087474 2420788
4246664 6266442
4060781 5978492
4298303 7026659
4705370 8252407
713563 2666174
1329605 1236306
7052324 7235540
9576111 670343
3543727 238359
2859262 1450727
4017814 8357220
78647 2030270
9167036 3996875
702621 2692968
3369649 2259192
7282153 9653457
2241606 6430278
7997444 8120366
5976078 6714257
1776486 6704292
9884562 6041931
8033655 1906165
1995778 3705834
8915831 174507
2061735 706149
7770758 8099582
7792451 7728462
5414094 1886154
9912911 3448956
3099409 3313021
6724457 1666278
2971671 6030576
3787895 192260
4019301 8133294
5270761 717467
537416 4223661
6121870 3129688
787808 5302891
2951535 7505491
4288803 1421295
1627148 3541490
5112417 4314481
7219320 8293098
8025124 5907127
8733096 9701502
4663468 8066518
2738939 4164306
3056751 9592047
3873877 3648415
3733865 8782371
3379924 7811161
5704255 3113796
6838889 5893155
5317560 961161
3751012 262206
8506451 2056776
8610297 9925625
9084148 5746845
7313085 7555075
8134884 6797541
4000894 5829749
5429739 1786679
937498 3651932
2734432 3520191
9944148 3780767
4782778 9464082
7909628 6549143
4857135 2516636
1569706 8057662
8224231 8357506
5375472 8412546
2951317 7538178
5493047 4911702
9690672 1762975
9042030 7398328
4410413 8299769
4614710 2120403
318699 309373
4938583 8925933
7802259 6040095
4104553 6895282
7298668 2263408
2807586 9034396
2781456 9790466
1209392 2397395
4922982 3433084
2645974 3444259
4014285 7822902
7015082 6759779
4347030 8083286
290391 2003434
9761716 4272181
9271094 6490016
1543356 3137446
4801053 7997040
6105471 8592435
5728110 2619085
6351553 5365324
7255881 3001993
7302044 769719
2121902 1100247
5380209 328885
6354802 8843136
9310730 2839510
3191853 3299958
4097906 3972097
8154059 5068421
4278772 798495
5880582 1825601
1424533 8293998
8716929 3654397
5227718 9963584
267822 7611993
2073167 4361240
7269317 4832161
249206 6413966
6803987 491065
4051825 1245662
2866989 2845904
1135217 8172380
5937825 823609
4424379 3480628
31182 9134167
1442570 6818877
8743846 8292000
6383865 4815556
2955364 9727215
2221292 8852270
4495632 4612186
4957688 9039272
1377402 4249114
8773042 510462
6025040 7700046
7095750 4077784
734844 1213036
6854200 4875749
8857424 508944
8262457 1075275
3320880 5339383
6077245 8376623
7423330 5349129
2099304 8893213
8108328 4725627
5500396 3688192
2484300 3781972
6714094 7452905
1447671 431516
7576695 601515
9640850 6649779
5572269 6434462
5673998 5932188
1772853 8736126
308758 6194581
372021 2993253
7304896 2230984
356616 9951291
6706899 9174162
3880152 849803
4756362 1159824
8787134 4317279
633010 6718956
4924159 3942614
7679460 9276033
6251778 5298421
9725220 3895891
5145938 9271545
6309613 6404537
8089752 4021753
5448801 3112610
8133421 8796879
9003519 8439616
4846930 6902336
5585015 8396362
8011662 1581168
4942719 9683946
2567855 584659
6692197 8629170
9479741 7354520
2779364 8611135
1523296 7376581
8079139 8533425
3507518 5807440
6365882 1486699
2076767 6115787
8051915 352055
9046125 8011169
4587819 3847824
5832779 2502787
4938179 9441172
9415725 2607258
5623970 9068755
8700732 5973909
8000506 7730340
4723298 8162101
2850478 2968245
4088240 1368415
8436617 2514276
5934609 1574178
4944891 7549710
5921755 3750155
6220744 5547213
5131004 6275601
4577836 9752440
2366084 1125426
7000062 5694994
7775629 3577216
2337724 5499420
1205811 7317438
371039 1629287
5302986 5827802
6685902 7693738
9399370 5348451
359382 7700710
9833661 3767674
8791209 2007626
9198102 297062
5253180 4142307
6888664 9517471
5623114 7320561
4720914 3114908
5651264 1446474
9714161 5476569
4453104 4114990
7404502 1976154
7791451 6483008
4235685 7469321
6761121 964376
7708458 5479648
3275846 9089717
5601665 5137944
9150454 2770076
5616490 9450251
4956397 3814768
3549670 8704886
8854355 5196929
4732001 863142
7436353 4625519
8085157 4719625
2161888 3131215
189706 6536195
3914788 5018534
8599888 554978
7464049 7398812
1769257 9683885
633827 7611417
2410648 877873
5362675 2339159
5678383 454153
8205397 4964535
2251186 3371982
6983800 5180898
9890401 5885232
8897819 3237797
8220120 9324756
6862862 1474707
2743891 4444453
8496902 4236245
1361697 6786298
6101282 9382495
81606 1529957
1335437 5923206
3977858 6900145
3534656 8266239
9490823 2404396
2249716 7800502
940973 2818455
8596426 8899976
4893964 3962829
1128302 5903959
6212119 6064789
4674358 5886782
4998194 6946274
7161426 4915081
3525027 7264518
6017830 6317686
2065040 3020438
8037315 2880846
4701810 9639808
5173345 2073404
2008518 1676810
700078 4279165
3989325 4447531
7229919 3130738
9087795 1902276
7122394 3301358
7552289 2353235
2463448 9649854
5902395 6653222
2951726 3604723
7597501 1788070
1276160 9719585
6058519 7498864
8353721 4296365
3037710 4476837
7916857 7999491
4661982 1139365
1999322 4646881
2536576 7611462
4861461 6973092
6635992 4038079
5989460 3893211
4664198 3421368
9293339 9024902
8345246 3711158
2179029 2989227
7585293 9361725
8617288 6298228
3571756 1718071
6816901 579893
807412 6766328
4214730 456035
1215241 4056277
6507518 4939772
8544897 6460437
2808561 7904643
3781108 3473645
1448043 3137804
2678418 2967256
4986458 3988933
1290242 1086865
2305496 4193059
739781 7107862
7096693 6160573
7224837 6891965
5561143 7635164
6730105 6261690
6976697 6235683
3108861 5552665
2507611 6543191
6917741 5391963
7405984 1053418
1685419 2636345
3304438 5419598
2142341 8427076
3069026 5768414
3733998 758284
5463367 4514552
6738976 3172776
7098519 8546014
4170701 8293784
3223942 1517352
9777716 8952551
4564429 3134385
1545233 7780189
9321055 4440493
1244093 1133598
9542295 2337538
938407 7785521
7751231 4017573
1435354 4797490
4108993 1851782
6918530 644879
2825554 5410320
3504442 3495495
8217288 2688187
3710931 7751044
6533693 1534298
7219873 1007677
1382297 8800579
1203909 2992218
3545528 2389511
8674880 4238232
2585271 3629082
2233651 8647509
2342600 1795617
2793786 9273533
2373005 9629909
161029 9216484
3007976 2622978
5675115 4526506
452900 440897
5169973 9457222
3590858 1813858
7402726 554896
1141879 9437521
5039808 2257900
3055963 869356
9380835 3445372
1510612 671832
6908873 780824
8106159 5362007
1636151 7640375
492479 2202604
9623871 2794733
4109024 7771475
9720183 1935175
3191913 7597386
3956050 9114992
8408941 7571853
3399551 5351223
607471 680230
2448889 8729896
709795 4249828
2927398 7883502
1775590 8728627
2400159 9513716
1719117 4571721
5126038 5745504
3433697 9872779
4768104 9337175
6657671 6891149
2992267 6796511
5645899 1081747
6867896 1851762
9780691 829787
4857158 1805130
7560122 529759
8686869 6521773
8245832 4701793
9337138 9136762
947445 9646301
4017224 7181624
7411004 2738863
1567611 3905955
4530234 3469188
4982000 5839051
14704 2019236
1806271 4368545
2281486 2698680
3147158 6200396
8327182 1756693
1101557 7680622
3808766 1299846
6956271 2092613
582398 6769898
7963596 6662894
1469545 749504
3191683 634094
9545910 8687924
3619570 838227
735328 2044676
2490173 1572710
2959021 8178392
7011849 958346
9694552 3829597
102909 6596658
6204635 7132287
2822736 2981032
7033324 2382362
1530800 7883509
4369067 4777075
5202156 4374430
4632060 3165685
3978917 3089652
8979535 9246644
467420 6302056
127149 49928
7184148 6153240
8454714 1984406
761954 7754911
2561806 5248141
8439581 4435171
110476 5680825
5366138 5763966
713406 5307006
6978800 4959789
777866 6542730
3532301 1110804
2816817 9339073
4098922 2340166
1931446 5271191
9874165 4387056
463998 874723
8371582 8994600
6588113 6342219
7377665 6655337
3461622 1388429
7016533 3984487
2183073 1593945
2072681 1916713
4867660 7801916
7455398 1800699
6263982 3468099
1645822 1012677
4783544 7104115
7307656 8349173
3528489 8392373
560665 5538816
7886786 4567249
6494210 8888818
1575095 8111954
6777562 8090573
2077002 5027405
9732113 8094789
6917849 3537491
1300915 4639696
8070687 3983319
8466504 1296469
508885 4913528
1214125 6174515
5994674 1841896
231974 1780467
2670303 2448533
2736894 8493967
3877078 3021431
9225040 4802258
8771983 5104224
6215216 2940808
1654208 4222703
2139408 6896874
4522004 5475356
467586 4570684
5005123 5871387
5535849 3615235
4994322 6293076
8140600 4295733
6836317 1651666
6927161 6209172
9015210 1014322
4332433 7493652
5895340 7113589
7550467 9392073
3114174 9453489
5280478 4768540
6202920 1157244
2429355 823817
9134156 9405585
2582173 5231257
5134549 757948
7231905 1949935
8268667 4046334
4249865 2191185
3090363 8956512
588095 3339684
4121408 3835059
4610774 1138003
4252434 4143084
9977120 5854099
2574065 8198331
6684183 6973396
590522 3377903
9245977 1346722
8465970 1230411
2788750 5042795
5667823 4456432
7516908 4895311
8083244 6432593
675088 256341
6183416 1825529
6019669 7011076
1282454 2276052
2192396 592039
2537995 9957443
4721014 7545729
5728342 9847901
6578343 4048272
4845234 4180077
7418912 8384224
6337378 9113837
9579799 5444940
6638034 4263803
922604 813686
4924745 9902964
4575453 4515431
8408401 188631
4472481 4234330
8834315 5078558
2414785 718311
3609322 7363062
1541259 6649439
9308509 318222
7142559 9136322
6809133 8967530
880084 8818972
9297013 8570197
6414797 8719045
3081327 4581055
2979749 5933234
8557299 4559203
6996372 6261209
3719798 6537869
269456 5936477
515743 6548743
2056836 4398354
1888710 5845845
7582884 1205016
1566545 7416270
8118821 4702608
9024919 9530304
3547850 2855507
3675529 4796804
3108632 523765
9064219 616805
2835999 1174240
3730397 1445920
9475802 5249022
123405 6934080
6381668 914328
9651831 8940297
924769 7579377
840819 6980769
9832593 8992017
8043473 4875159
4956396 1690323
5702824 7493224
6907778 7388077
7732757 9923803
2374950 9856074
1934360 7322003
8933972 5378732
4200391 3262233
5845473 9725609
8125595 6703988
5435295 8084000
7469423 193698
470876 4732432
2480804 6494485
3848879 4672036
23507 8816992
7120056 6003431
1567923 7392790
8307283 4906302
459799 8142687
2799669 1080409
3330736 2096379
8519535 9063464
7804284 7224785
9197684 3664557
6044550 6916446
4214773 7076017
5799544 5572939
896867 3811536
1677943 5958516
2267229 2537498
8495411 1269746
8259842 8926758
4906300 4327686
2362311 2292929
76204 6640423
8003819 4520829
3677049 9941372
1876612 2545738
9660777 8595851
3508199 2626049
9171770 8553691
3463209 516958
4716441 2091889
9821950 9591967
294227 3049421
183395 2192017
3737736 7648165
7296145 322850
6519959 9771929
1160483 5364958
7650026 4084145
3957724 1565230
5659264 2568515
8411363 5908021
346155 9204745
2115315 6295647
9488551 9122189
5891092 1828129
9680590 51654
7494853 7169395
4160661 424305
7102242 5142142
7943514 6495177
2274224 3133499
3032355 8134598
9998472 5634090
6548780 294388
2218136 7396432
6779266 2705809
5008497 5473739
7369075 1221688
8633573 6150259
9341775 5817027
6952091 1540820
8587956 6615966
6773853 653364
4694017 6707702
1891506 9255155
2346041 3002991
6972415 6197483
5343700 6305990
8701212 179127
4789100 6737254
9258996 4025217
6770380 1670375
9728581 6273752
570955 7707772
4514785 1244838
6602982 5673530
6887339 3154613
7607584 3889824
5910976 4848084
6822149 5810960
4473080 3457069
5609719 3573731
6722175 9313447
3164916 7432137
4307835 8878073
1307862 8014599
2609359 6024473
1999391 1366657
2806350 127035
9963136 8677361
1504630 6161167
2206217 2121415
3597724 954642
694733 1908990
6779858 2383092
6754100 8073689
3460446 1634156
5571232 1295696
9948363 8877347
1821501 8514476
8715610 2288198
4609373 4511616
4332309 4456256
3208854 4803762
2402677 8305448
1115300 4614161
1681843 1774715
5515658 2906389
1169266 7453479
5398461 6299103
8574456 7565730
5281599 5257537
7060895 1321719
4176655 4268972
8060376 126041
7211453 750517
8029368 9508833
7712812 1894176
7282029 4809351
8948038 939544
9040887 7668061
2562681 6322624
331630 8022463
2647056 744260
5418106 2691366
368235 8551717
8923203 395208
2299126 9260596
9886054 781474
3317111 5722301
6494924 7527999
6486582 3801630
3123580 2252915
6865436 3384773
6305971 2325705
7384165 9768901
4719437 3217343
7169713 2818788
1701930 909796
2071503 823764
9325261 9204556
2030451 1744836
6229687 6798744
7232519 4297603
1352927 4863771
2006819 2276308
6691612 7963196
1761604 6983852
3280602 3008096
2647951 2062883
1704238 3962900
2790690 9424117
7565720 7855897
4708642 7727586
3447344 2159289
4686130 3359889
3862273 6648164
4137448 6814498
338012 7276750
6767665 6706064
6287555 9347435
2970578 9899532
6698302 5946
7329695 1689792
4020212 3852867
7576708 5197791
5404643 1737573
743166 9849895
8003285 4305543
6457577 7100865
6176132 6041286
4778286 3961860
5736530 4349880
2285540 879808
5583575 4756590
6554341 7745928
6835138 5516585
4768987 7523211
2432454 3960196
669183 1136299
6738907 6316515
8631956 3856351
8162240 3936615
2553255 791846
627827 7082862
5169233 4705738
383272 7523884
9077200 9172616
6150252 1838921
4804878 610093
2015867 6013262
2976804 5062932
2690089 7829266
1162806 9463428
3876610 3446331
3542381 9590628
1034567 7450056
705289 1743697
3098857 1310783
5837632 7432763
2297068 920980
5247750 7777077
3469729 1540306
8005948 3008732
3609833 6055608
1013599 2298209
5356473 4095854
9259198 2968589
7147236 4159529
7695690 142916
8588990 1206113
5247326 182655
5777111 8490945
3125007 4592582
2655165 6226070
6480266 793461
5985150 6702950
2620001 4046050
6678395 6316617
1296510 4639556
6403848 3772542
3849731 7973769
3899 6368484
1767423 8843289
1694400 2359000
5341082 3982065
4434170 1159184
3765706 5676078
6841637 9707449
800796 2043101
3399913 4744864
8335959 7963184
4624645 1583473
9397727 6751719
881674 9525062
1715062 5987162
1732268 303921
5187571 1969018
4324683 5759815
7061272 9424955
9609158 2268601
876841 6589506
1791514 8489622
9236463 6407049
8675463 3388015
6180412 6918646
4210452 9682451
9472369 5973348
2058806 5532775
1902401 9708729
6760512 1262914
9576441 1328114
6461893 278113
8321137 6666721
1259497 9290490
1275472 7121558
8322948 8543076
575539 7857596
5792013 9031341
1883826 9502043
5931131 2000805
4364442 3911969
5842832 200849
7187278 4130265
98604 8001435
5990211 3382699
6120507 3779344
8690562 9599513
3323918 1950249
1315727 7002469
2415241 3323366
9879796 2354495
6148368 8836422
1814534 468445
112491 2375280
3332040 2120039
8165101 6227050
3749519 5426606
7049493 5923203
3600435 7918526
3759809 622038
6073239 6783523
1385740 7750602
6966953 2220850
7098545 934388
4152091 5324527
9951104 4807131
9115694 7928591
5978848 8838984
1449814 2286761
8120080 3921351
3538852 3709902
3054547 2867331
334207 2504404
246821 8113657
9212432 4537976
2723495 2891765
3438878 8383942
2831633 4519827
2674751 1634242
8631951 7621663
6933226 4244422
9269227 1674564
8502995 6979203
9915929 8469137
5371550 8212476
9167575 9126301
7070238 5600657
2775733 3586643
6008523 8470337
5706132 4972033
3864667 9996277
4186401 6017860
6591693 4507971
9117473 9848481
2269436 9411076
9017374 6533516
4017126 661748
7271907 3810523
8535595 711811
1710130 9951420
6832519 8465369
521041 8174372
8517460 5269304
307726 8318592
7536330 8710354
9421659 2896080
9003784 3103538
6508538 4518665
8145250 6020187
1666569 3635271
4380808 6212026
9989043 5542934
7019478 9045625
6796751 1523503
9464649 8205122
5395437 8363875
6791564 8746960
5493671 3869667
3033334 3369606
5906757 8860195
8053039 369260
6096543 9207786
6431027 9940174
6448118 3130093
5690663 3579921
392197 2817362
5770493 4746319
9131943 4802222
2021974 8299249
9422883 9526465
3642078 212292
7069006 1682733
8266175 5075525
1066371 472891
2529227 9964372
1879051 572975
1393277 844064
3124948 9602264
1362008 7705303
1714814 9112625
6275383 6435723
3058328 461111
4341324 4347710
3497241 3934763
5450036 7282085
1460152 3323706
5662830 3383677
1115753 6579583
5034183 9963341
2677547 8816284
2795474 2679477
7475345 9268603
5425278 2681028
6877477 2945348
9257955 9368072
7141351 8664638
4572385 2385169
4812911 4064988
7386898 4647621
6160932 3344142
2488806 5876132
5528641 2267710
7664734 1749205
4286748 4311939
9181898 7846023
5793691 6272356
8379715 5257173
6513492 6295801
883207 8607789
2288266 9228911
6335484 3374186
8099712 794369
7169411 6846456
9014637 2490199
7754117 1596321
5881973 2317794
412724 7102311
4808112 9600719
5127819 5651725
1387630 8279782
3518189 7303707
8770577 2317980
6853031 9464690
4280926 2421551
9170494 7301554
4614938 2191923
7024273 774362
5921380 3809789
3619937 920
1088275 8718795
792744 9541457
1281472 4823080
1099393 8422023
7178572 5377731
709012 4444841
2155500 490355
6065965 6918462
4498032 9642829
9570252 4951144
2751104 9082845
7211884 6214199
4655306 2396715
2604474 8660498
3675262 3072112
5468234 3358868
6405395 1282734
6703631 8177697
9437797 2763725
8220871 7130764
498511 6156448
9602850 1495784
5350811 6568064
680481 7408738
3747553 4961026
9270601 6048286
2023228 8571145
5851975 2527448
6264023 6631350
3613970 7317513
3352157 4849132
5225697 7031642
9498937 6410355
8894500 1806865
3412809 2586803
8604011 23366
7429248 5015245
6530684 6762846
8311542 6938372
8424499 4107034
3667578 9982416
9824364 6774988
4871643 2904731
1055635 5558265
4247523 955866
2443124 1740114
7237965 7045071
246905 669404
6801624 129674
8886753 8879941
378717 4017261
4077137 6585983
8001738 2593254
8748755 1056940
2174969 8517596
8989723 6856927
9702922 2893261
104759 9091075
8417064 325625
8240375 1856196
8786561 2414520
8390456 9412357
1200924 397713
7393350 1082967
6632698 8657286
6704781 5293512
3384579 6032529
7571684 4908092
1682330 5683219
7033426 2169034
9779577 2612357
9872358 5507454
9215836 8687592
604822 9400231
8253321 9690727
2655235 5471956
5844775 7338204
1920794 517306
7709329 7584294
8529072 4567706
877350 851431
4069793 4525105
839376 8984725
9609819 7205405
4768766 3404685
5580111 3447479
2589591 927717
4915757 9541967
4264427 3926446
4799986 97193
2874315 6970793
8806721 2214890
4014549 9035949
761893 5395007
8998105 8712474
1085540 441633
5459768 9887573
5980866 3389922
958924 4139114
4756681 1158296
7964982 9484476
1623765 1253837
9242245 4415196
8675814 8838204
1804391 6770403
2695611 3544451
9154085 9812697
3042303 5403024
6977316 4158594
2112764 3934999
5587830 2291140
3527445 1563655
8652333 5552953
7327561 2080763
7854377 7821156
1555240 2259091
980616 9071700
3378280 880327
6860270 3109674
1462552 2823975
1505611 1270555
8169097 4687929
834990 1674553
3926392 7342708
4338862 1389596
9840932 6681882
5505335 6934107
9748383 4987001
3768464 3546729
3482905 5924222
9305313 9163818
7991896 4844074
8904843 1235515
7338428 5069916
896471 6291208
5131171 7392427
2333809 9781203
7480842 6072957
5656942 1939313
2805812 4941701
5810225 9313841
3370438 9096157
646650 8678993
6027591 4885343
9786226 5949109
115766 3742981
8777516 6423619
3744692 8113249
2109829 4275751
6410512 9262717
9377035 3051901
7484126 5391600
656016 4362204
2937649 2018164
8717908 4661679
7261246 9107126
5656939 1280869
8882691 8631014
8030511 5475858
5663885 2280655
8109275 5300005
9913946 8302729
3195384 8511011
2636933 4311004
5498335 4642945
4351060 3863009
5624857 8410073
3251680 7445860
8374100 4601047
7570582 3911059
6057088 838956
8082207 1787072
1102842 2638159
4679812 5104479
9290073 8368993
7311737 6257163
6328239 9579959
4850461 4592302
7137731 8599555
650914 2495473
7143411 567679
9199253 9864157
3220410 9226377
8048063 8605005
885560 5582359
4442326 8268308
9588756 2528094
414431 6562480
4878847 2908927
7327408 1740780
7752533 745818
7147175 6045683
6832094 3656331
5236598 6002795
4123911 4273771
9671272 5621903
4000444 3278953
4073103 3027145
2021585 8040089
1430141 5157474
6004647 3819007
3576178 1787968
7632935 6425967
3965058 920665
2012965 4175165
2198266 505333
7482247 3078698
7270271 3320415
6184483 2672319
9176704 1918887
8613205 7697288
8765345 7152736
7896628 7483715
5309647 8508440
7711183 6177085
9295970 6188948
4041659 7654295
3154012 4675411
1041895 6385269
5486665 1488545
3191713 6307338
408911 6550236
7354855 5103146
5446505 3246727
9041967 5307084
6002479 6890605
7102696 1234226
4236368 5620287
8733492 7043165
5361187 1675874
8397321 6149670
4591356 1070266
4803597 6086429
415708 1283532
4203208 8033874
9650305 9205418
1345650 8697688
9329751 2090266
4568079 7298786
4732175 5926720
2902705 4762670
2729271 8998954
8339870 9667428
7540377 1329994
9007131 313082
200222 5128610
1075495 8680917
4498614 3304063
6373091 3935499
5578321 2551660
2483880 6126807
7328728 433663
1424906 4156276
7097283 9305677
9149982 1087515
7076823 9555961
7427816 1546200
3703346 4777883
2916221 5880690
7740515 1759463
7415129 5091642
6034490 4686920
9225985 6500039
7125471 5555276
7307114 7161435
3906530 575027
7250084 7603189
9510877 1770828
3308949 3993313
6396362 606605
5324038 3310578
5038195 8361690
9572723 3313135
105510 7431930
7513003 4795875
9695983 243659
9448234 7180478
3752517 4489284
4884019 9831600
9482179 6573062
6232243 4744542
2382871 5946501
2780220 552118
621482 6030652
2627269 2147994
3018328 3152191
8652989 2926306
3159283 9833302
6450265 6541739
2889376 3265449
1653223 9868336
7650026 6806613
5801187 1938177
4060685 2597308
8482227 9663917
2807920 5693646
6036012 4889863
9521551 6863469
495776 5038903
9937411 2754131
1271134 4395015
8206384 5388734
1801224 1069256
6710835 5417837
2269458 7997320
7918596 9740420
9579604 2442334
8351995 2280951
3918101 6697143
2068697 8277803
4875874 2548274
5254606 2154347
1505644 7186732
1645747 3763678
6291872 4249290
920812 8448404
7627775 1766101
8327597 9046453
4535977 2956181
8060333 9881505
7762410 4967027
363205 3937571
4259498 7144666
7693123 8038901
8342812 9109403
8265023 6655865
2575020 9320410
4896490 8768020
2598862 9908814
5986350 6590642
4534497 9372532
3872659 562802
5117168 4819725
8208470 1037239
7429667 9270763
7055068 6066044
1227442 4561635
4914238 8572193
7320501 2280786
7459892 3016735
8586043 796296
4375747 2026832
5343416 1538335
8995877 4605532
8621226 4937096
1495450 6910933
5299719 9747486
6482140 90581
8454347 3501480
7614206 1527584
1466609 7865916
3953850 2481613
5798950 5094386
3441782 1447151
3556175 1542515
3758284 2737385
6537089 725400
5633595 2163223
3990933 8336530
8869416 2545409
7149083 431038
3424898 3232681
3075386 2097064
9949168 3743877
6804648 8980631
5005282 3714432
2034179 7184107
9758265 5829640
1115757 3006051
509007 5106912
9126976 6528019
2117269 361187
1513213 1699180
6885799 8248227
144349 1660664
3540872 3514040
6082335 9917258
7565037 6167560
7050680 6368257
8387973 6670033
2947965 8780467
8977146 7109603
291025 5753317
5587380 6687733
5359533 505314
2761436 999947
3680404 9103779
1007586 6069556
1732349 3517561
9127644 5959210
4262817 76856
7496945 546961
6436425 6489376
2991135 4098169
8436462 5909339
2881935 8081504
730438 5775438
3983918 5859634
8063054 1977709
9134753 9315818
4198545 4864807
5708039 796856
2977324 2838017
9067049 5666621
1599554 6345506
3630451 6991137
2817695 144273
4642623 8993466
1966531 5510422
8499627 7660798
6239527 8686741
9856320 6412834
6442210 1979656
2999979 4209399
7490623 4519662
648258 6171915
278068 6341208
2653787 3325130
411848 6165166
6679396 3451372
9959958 4313622
8055155 6230054
3707672 8387380
1457855 3461401
4297858 7257881
8905150 4555886
3221579 708131
8940933 9209526
3194155 4087502
9878300 2428028
3858591 6752980
9746477 1009551
980539 8724917
8550273 1822517
5630688 2904200
3851447 8786506
3058983 2255627
3596706 1434781
1163650 2948039
2919826 5892766
2489611 3227621
4240304 3988755
6757281 4273741
2586259 1309125
