5000 1000
2281281 8331231
7694492 7374441
3933452 7438843
7797712 2416189
7878634 9602473
8115430 1838823
3282744 5374026
3214440 6331686
7096988 6720712
3628792 3540940
6687084 5352250
5526117 6949864
5694830 1120097
377188 6275686
3416331 7864877
6704258 3439942
9497391 3459924
4848546 5080110
2317732 4812677
2004816 7923138
6817357 3926462
5939183 5094879
3017198 3175821
5278655 8858268
7309209 8932171
5788853 1631496
7484899 2746353
9145166 3331820
6718604 1359203
9088835 3412002
8266621 4628438
5785590 2865763
9196318 6315472
887975 918363
5494283 2374704
8530346 5379372
5319500 6042172
6630998 1930265
3748199 7412541
2145962 4360115
8172971 2177291
8950278 4650564
3142973 8723621
103867 8545795
8838157 7920240
7474719 2375180
2387544 3470754
427456 9163861
7786239 1724972
2425937 260154
1868395 3541754
8055423 8870804
617167 5391705
6927282 3047666
3512069 9275200
7308158 8553238
6023048 5011622
1654445 3588711
398111 2917568
1977700 3560154
3158654 277881
2883888 1007905
7258039 7885816
5414444 4995354
3054830 36962
9629420 8279232
8935769 9840977
6257868 5921896
6594784 6637766
2386963 7117512
1801502 2847430
300406 15745
4089561 1895390
6669735 3160117
645539 3376142
93567 9803954
3530374 4262966
8661411 5210746
2607620 7339915
3816620 6384373
1496690 8049886
5269091 9378166
7486893 9136945
4001272 1194302
7704794 6283771
5326557 6762003
6031939 3813067
7127764 9979322
2295528 6259921
2144349 2559325
2878903 7083464
3734864 9441205
91523 623429
717206 6558456
3976425 4927406
597370 4009727
2865478 7037227
8255821 5974662
9109092 4428793
8134895 6941286
325827 7491101
2034258 9728473
9371484 8789877
2644042 7359726
6548919 3815906
9140021 7620547
1747065 3093198
9098135 6823258
6252355 2622859
5467680 2536550
6753088 4328104
9579998 9331792
9317370 2193154
4463772 3543633
6851427 8052549
6499629 120115
8773380 4578404
8198053 383679
3973461 4640613
5063244 8583352
1161448 3036153
394796 712734
9900460 5392951
2366543 51619
8631774 7924940
2168502 8712439
4764340 739995
4747441 7322456
805568 2112539
519166 2645188
977705 7737043
4645875 6765379
9315689 5942368
9493359 3628808
8388811 9789079
5624462 3476741
6268238 4148535
8805095 1094282
9502523 9724150
5424323 242648
2100773 8614055
6307037 8530193
4395152 1090306
2975994 3158134
4193821 9461273
5464598 4169392
5954780 2691648
7692367 2789059
7912460 3791324
9469061 6703574
8932791 3401161
4002224 8652478
8978810 9284293
337802 2593316
9437610 806491
7605329 4696325
2612013 2532297
4421522 2754782
422570 6140825
8214017 5478640
224410 9622554
4079891 6287253
527264 7989200
4760607 2373448
1175774 3739919
3923977 8187042
9569869 6762735
7340634 4232179
5884217 7064515
9620330 2419646
4977520 7522039
4124301 1658790
9490112 6318252
354381 2898640
5893083 2902631
3997239 5818153
3613803 4241606
6361634 5875912
1040097 3505135
3150543 2705773
6170208 9971809
7180622 9568030
9301479 606300
1148172 2344405
9642343 962086
6872536 3573364
5151495 9339500
6550612 5669847
197825 9029316
2227831 1613505
814121 7639062
5359880 8254642
7131758 1469404
2416535 4095461
1611913 1093654
1927752 9220626
7867962 743486
165209 2270472
6335869 4821291
2897725 4122501
350255 279329
5960971 721212
5862393 1530516
1033364 7486367
3175690 8568666
3597849 4967630
9432657 5764932
2583403 3936655
9042492 1282771
6679432 3777941
8207648 4116731
5856892 6968196
3669754 2438772
1364252 9421848
144603 9740146
5645134 3252011
6965967 958004
4172511 4932157
3502913 4477060
9399000 8140518
2314493 2898858
2297261 5200851
7832645 88894
2458864 4942799
4800845 1250289
9616092 1710096
2684013 5931296
8252804 3284281
8265708 7954005
1686638 3381000
7988812 5202521
3785786 3347358
4847506 8617170
7819573 9096973
9782300 236798
9013977 9491117
3074623 1539851
5141198 1371268
1153461 1081053
2323056 3452793
3423295 3744951
503132 5260010
4120420 730912
7085140 7693562
3483012 6059672
7353898 9567447
4374675 4348332
8269403 5840780
407140 420656
1505008 3369161
4609544 7745468
5308602 1780625
4752478 6125507
9676532 6142686
4553990 2823986
7739082 3863264
2121316 3603075
3887361 6803037
6090274 8551754
3497403 1283208
1018923 2264362
1292302 2187407
3526953 9013172
4951200 4108845
5719235 724691
4426113 47637
3223957 752567
8389216 2193841
9193853 2610787
9558413 9432615
786472 9463673
1452465 5807305
2514496 2351977
7575904 7507147
269317 3092696
1051759 8880026
7341431 9346124
3391797 6349365
4416342 1186679
7599793 6642775
8601523 2671339
9195486 1646785
6380260 6735141
8212260 9059088
7057908 3096529
2213577 7538046
6792954 6731033
2723510 4998427
6014996 5437594
161464 7775323
4167977 5266009
3372814 1924460
7994662 7254087
5771451 3308935
2949630 4013167
5715794 3911155
9774682 2495675
1065771 5559951
1219571 4338503
5199311 3994648
1492866 8711889
1869181 7662541
5651217 1277370
6221851 9021576
3794130 6778621
2649478 6868304
4400668 8187152
4405962 9216310
9554343 4730133
2446471 4853237
7917887 7962717
677568 8427974
3391597 7266712
4340086 6740474
7591233 4049859
8475572 4176015
411417 6840475
2598340 4979173
655324 6112539
995182 1800119
8165510 1357565
8729294 1999192
8669361 5380499
304509 5740785
4781995 4990192
6222770 344594
4579085 72023
1419668 4145084
2922444 2636351
5477606 7494152
6644468 5333389
7533085 4238274
26252 5901491
2643087 4259337
2580477 1753902
9884663 181206
3599346 7017858
2927347 6067067
3795614 440922
3638843 9305843
9400666 8101418
8581407 3841443
8353842 3924722
7603318 2506789
426755 7680761
6252746 6010540
2670045 5376559
9103846 7767751
7864747 629569
5446964 7221296
6550461 3743672
5703590 6577606
210998 5862465
6383434 7724942
561132 9854638
1171604 706290
5968621 1532555
7468642 3460351
9074344 9360937
8784098 1146460
7785754 6814062
2720862 8833498
3373303 9449213
4986996 268820
2361275 3571078
4177594 6871922
1887912 5744611
9933042 2791976
3507096 3567559
1692960 1751943
1244086 4466354
3536450 4341465
1322234 878065
1997071 6691473
5812502 9766630
5579603 8668803
9692827 772885
6879691 4687641
6492171 6971890
5499211 1108502
1347354 9617584
7140725 5746617
4482147 8915620
4438209 446507
5067772 6240940
5151639 4899720
6804389 7465848
6542474 5118851
1280580 9126464
367292 3887355
2883805 908816
5227976 5207627
1647325 5355068
3743344 6990188
1055734 7860360
4655795 5085819
1213649 5023849
1503809 3675801
8785484 1972742
3532895 1132781
3537334 2681826
226714 6925814
3469046 5468590
451361 7731155
4463924 9887840
6608016 1881879
2537552 7161290
7597782 8629201
9472895 2069845
483026 755978
3913004 4622727
7330077 9960349
9942303 7546060
1016839 7048327
891012 6520390
7954906 7546720
6649642 7884189
36835 3377885
7556406 3742864
2665800 3793713
9995804 1619465
2663437 7840200
5853347 8724950
343325 6207991
6598120 9300503
5913644 3606797
4762260 2907073
1966735 3569236
5126395 2539571
1865308 690731
4859608 1880180
4522435 8232985
1442246 9861634
7600070 6670504
536976 562618
5680330 1667127
9945760 4708929
7291780 2590025
585458 6835935
7098875 3687397
4065458 4032287
4895971 5073572
6055296 6912932
9298983 9106899
5242006 2248618
6392124 4809217
2962623 6496514
7334880 6188541
3273415 5768455
2784311 5079942
862782 4828188
8306985 7621721
3172953 6039291
1141396 9845154
5411525 252745
8492303 8321628
8681478 753405
5036761 8590999
4914923 6640675
1732838 4244910
7008118 4851359
9018914 7959675
1833015 5357330
9415675 2816095
5867933 8136129
9752360 8458015
7768242 2160163
5484324 8107916
6903560 2136430
1491967 2693450
2380278 3700154
85406 6846387
6038059 4377237
6940967 6405212
7114548 1497154
8363273 8585553
3441172 2788780
8311332 9776417
8820743 4229118
1625822 8149303
390679 3646192
39478 2037313
4154901 8284620
3087544 3246220
9300118 7344257
617618 2615823
4423491 7419784
3431230 7061057
7465807 805654
5698059 5829643
9551783 4986004
4426390 1607999
8169692 5309803
7971284 8164736
938635 8686423
1924552 5016557
4061830 6194263
7019661 7232794
3825182 2403816
5741851 6924956
5733655 3238028
5078076 1180064
5513565 4186241
1518994 7117278
5838741 1481156
4891255 6983217
9744819 2290916
2327857 639273
15097 8817366
4809479 7767277
964979 6108599
4278169 1826015
2692740 3405735
695518 1528163
1040120 4296548
5844384 6026431
2120274 1193452
9204334 4608077
8924743 102058
5892408 6328585
604660 6016658
3332352 8621503
8950817 7439543
4039974 9218249
9858068 9218066
6943243 9263642
3202769 6991913
1092802 1360102
9202017 4719408
3355562 4789773
9855726 1234283
9223948 3660933
749332 3248523
9379367 1807584
9276599 9723772
8778847 146973
4171429 8961215
5516659 5561679
5403607 3957467
4410587 5837686
5537676 8273378
5487803 4194519
6882014 4798443
4334952 2313816
9498005 3539505
2189709 1143986
2652732 160375
5654 1180666
3132295 713979
2478835 9931424
3353540 8995689
8804760 9169596
4020417 2099542
5754493 958537
3721159 8377702
7499553 9302923
3121077 9483899
4228032 9989613
4982586 3690915
3581733 9809248
9649490 4267532
1350633 5988176
1703707 8199499
8044136 8956166
325321 1616534
552359 1251959
3882172 7254470
6455643 4497468
7669492 289664
2665468 4764231
8665895 4378584
7347584 7333897
4314780 8467436
8538912 7469556
5318770 2257878
7229148 8066614
5988315 5085713
8960188 9841143
1849179 6719693
1062200 7585421
4988528 8306022
2857134 896303
6214328 6896024
3166837 4791495
5146182 8559208
3944535 9275697
8786057 1030704
3800319 7393542
7106689 706821
7534877 4820546
3641252 7754384
1324542 8315679
3008617 8471754
1425893 5699367
6670000 2648781
9821088 8457153
212662 7928288
6748896 2270834
1200674 9647308
8394399 8782321
2196553 8452467
6020443 1812749
4219004 4840043
8568369 3748514
5138652 5755964
2417164 4814016
8920628 5540861
538418 6460664
1792985 78371
6381856 8042071
1582904 4268987
8238154 790799
9087911 3469675
1324922 3185896
4342638 6902941
5537324 4066827
2411673 8941396
9620942 9325390
4875741 8827906
4785358 1537444
4994762 7537876
8130526 6544490
4868590 9876747
7660695 7395540
7048281 4409855
9452709 1697135
4485407 2352868
998806 8260944
9259725 312017
1176423 3321732
3531336 740034
5865975 8037980
900065 4326264
2547011 9059899
9269624 3080271
3300814 9995247
7853914 4537874
1476482 5646988
1982726 4684860
6824592 1748744
9011314 9848317
3981121 9366692
5230030 485990
1396212 474667
6020182 3619047
5106892 1047720
7006035 3980586
2863099 3169103
727887 144933
1742696 8636490
9359901 1200787
8248552 4834505
6189429 5280053
2309303 8158387
7866693 8578271
425783 7145748
2657843 5586026
3361690 9526838
2691233 1575143
2107358 5424704
1283760 8995818
5194953 7277027
3774848 1019562
8550412 5434582
5065138 1532168
2308841 5283561
2150850 6666816
3241597 6794426
9555839 5837899
6913727 9227688
912931 3274391
2155629 1263419
3891480 5151411
1613734 3559125
420416 1791376
4539581 3852401
1362690 511119
4545146 3344189
1527250 2716352
9668753 8640346
3015451 5872125
149750 415567
1583088 5542465
1832319 4351217
2222310 358125
638467 1412531
7085386 8539663
8985750 1594563
9657716 4458007
4521961 6349262
3868443 2520619
1788625 4220176
1135360 5441677
3385115 6560325
5818186 8325788
1608635 7143963
3539778 4441304
93301 341754
489076 9071070
7593708 9976010
3800249 7174671
7633681 6484486
3899147 5927782
1631475 261457
659898 9828101
7326210 2615540
6724704 6242503
9690898 6282006
7874711 2978442
8758234 8262124
6230963 2970338
263561 4010962
8895950 7739399
5860030 2018505
9141346 9516850
6887833 4252797
1243372 8202274
3066842 2530252
7815592 223817
5989955 1034851
2021081 1496768
969642 6039877
95665 6172172
5835391 2332089
8358569 3036701
5085044 4653188
5241839 3728120
7415008 5275858
6918626 8207496
2333848 8694573
5040493 4054774
7329386 4677518
5423672 534632
7949375 5900121
4229571 925182
3450191 1755487
8402423 8221557
2520712 5925898
5414542 5792331
9272216 8905903
212025 5376389
9157615 9363552
5143325 5311734
9696505 7095181
9025325 1533785
3547816 472057
6226881 6128892
8862008 3263281
9685551 4687918
3027589 7892845
2553340 2572334
7394132 9360976
3796778 451397
9713121 4337126
7266966 2187780
270817 472676
4297800 326940
6605571 2134401
7200358 2022453
1442722 3847373
6116193 3210950
9493986 3354571
7844420 8947712
8414380 1853431
2465134 8399678
4015957 5336858
1184450 960837
7787013 342022
1009684 2873197
5874512 7281930
8990212 4190623
8044145 7833469
7537816 3394939
6983817 1396839
3169085 898651
5276806 7168264
8690504 7841785
4371366 5763329
4978078 8291860
5166634 627727
6640347 6684438
8619817 9849080
5953687 2019625
533440 5028153
8926753 2182554
4784772 1776775
504003 9806993
1939938 4027059
3415491 9477257
4243043 4422335
2417266 8748937
2304764 4201539
1529327 946232
4721963 3589345
23367 819820
1797552 2860520
6668830 8920370
7621019 6696885
803013 2495221
7297253 2267504
713586 4439168
3124928 8552769
3872487 5765324
43550 3578012
9979038 9229121
6773599 7958951
3644167 2113079
5160190 4382115
8743369 5840066
8891463 5460252
9285830 4206712
4078201 3982696
2391575 6338226
5843335 7090727
5881621 2797662
9230205 2383785
3635036 2115116
7231105 6321777
6652546 8114149
1739475 4888006
8311213 4341044
4985425 1570982
8050077 8297950
7659351 8309436
5337470 2843444
5577960 6350670
2334097 7239442
8071088 9020901
1679038 2090418
3954402 6806673
7757036 446707
1045924 4714752
7767681 5020391
9764276 9079996
1731073 1787147
1758266 6465711
134259 8222522
8249968 7126672
8443855 1369605
9261856 7501325
2309611 7307161
8658911 9915726
9908732 528414
7229446 8696052
3119304 3303045
3724942 4327146
7779625 1999204
3026223 2353455
195092 4546898
162786 3024617
9590627 9057132
174823 9453402
6460934 7924157
3552482 2236899
7091026 875596
4045443 6650740
5029291 4588998
2845019 1475351
6150205 3307949
3495042 3077567
5048143 6274530
5927313 2112876
4053912 3277003
4837855 8481216
4179646 6685992
7296979 9150476
5271360 7656478
836552 6861391
4369800 1081276
6526023 7554067
2870616 6698397
5683104 2644735
7896589 2167432
5072562 4545660
902800 2880324
3687214 3036931
2641347 1442436
7960461 5843246
6356176 2472850
3928602 1579797
7894407 271315
9997633 9280706
1345073 519647
6234056 9428613
5110513 1095509
5636169 6613166
7902402 1690017
9575499 4226628
8046068 4430381
9346940 2868204
6710575 524815
1088266 9041575
2429911 9329980
2712788 8794170
745915 9042793
1180368 5280767
2242959 9872459
5989346 2674052
1816545 4516154
7707896 5341105
3703185 9001403
6944420 1785297
9370713 1118596
9506567 9687993
4193670 1447580
2103229 7490769
6596272 9556030
596241 8910289
8852052 3450741
2448387 5999929
6013825 3373692
5616463 9802246
4240443 8796456
5645660 622474
9240664 3941916
2066511 7884560
9751782 108216
7797152 324361
2461111 9476639
6676471 8179345
2152158 5225039
4053912 1056152
6157713 6637746
6753713 6550580
984135 5351300
7546782 2368320
5424917 1258361
1488564 6876619
6469754 6988819
8680999 1809644
3555904 1908376
2061027 8134787
3056043 5144992
1839966 7212891
3611636 9869251
3933878 9888816
9204281 2623095
2875065 8728805
9440208 5519529
6755017 4691698
3514275 516737
3632517 1161663
9546756 1002744
2624800 6236022
5126971 9047147
9013002 187933
7978036 283323
5972421 3045900
1998508 8838861
8854815 2833191
4054810 8626829
539596 6810012
1069369 7399029
3515839 4357260
6510672 723715
5995038 4050342
22261 6234416
9373156 7877760
7375471 8423621
1032254 9998788
9709802 1899125
6354635 8660687
8942065 7129906
9531840 7106892
3003679 7092107
6008525 8606269
9144730 7835459
8917208 1243075
8552594 9407241
3220024 4980824
4625064 9408616
325599 3318951
6560612 4531617
1005332 414929
1412287 8949020
4475805 8896675
8181705 116248
2372859 5563080
7529709 9621688
1983277 1398787
3410226 7995026
5058819 2062075
1419901 2092266
7197416 6207616
1594496 9100029
4995852 5597690
2269801 2754723
4605252 3646996
1117060 9887271
9546117 7604869
1625269 9076528
1144133 8745850
5027441 3449650
7865097 46968
5498920 529266
9599166 4995515
6139716 395262
4453911 945403
7523136 6897120
7317295 2023352
7599892 6793511
6696156 1777881
3316798 5776588
5856894 938057
7476491 5490890
3283361 4605899
1780111 7907935
6041534 6709684
9145378 1590151
4216128 9704416
2398651 5187347
432223 7101144
5259822 9199811
4209313 5975573
7179580 2186629
7333397 7039120
4309894 2770281
5799140 2669027
7570197 7613375
6076948 1571552
5579726 6668789
4427664 8979008
8001891 6574107
6384345 911485
7485356 4078481
9730257 8825149
4931214 4505589
8877726 6259374
6239104 2498077
9115636 1123449
1702401 8098040
5775941 6697622
3199005 7486003
7131044 6206395
5609344 7498994
7100846 4874556
7307089 9662322
6310495 6059219
2095348 995611
242484 6052949
7561494 8185161
3917400 468415
5485328 2838942
6350881 5436207
8274758 9611374
3224773 5363694
100522 5899829
7755413 8273449
3658414 9421389
5332519 1818310
9625773 582400
8639708 3765151
7301824 3796051
3161719 4528104
2377294 8206210
1401329 7805613
5088091 3122117
4278372 7028090
3885240 8996369
2109438 2683825
5558779 1767655
9119159 5781690
2483353 9627568
4232072 4427815
3715818 9161815
7320321 1304818
7859113 2917184
825060 7237177
9513191 8376476
5216941 8037044
3644747 2806971
724266 7960700
7770738 2739651
6510949 2444437
787194 850993
878468 3420916
919987 696467
2944247 2059093
6142218 506049
8110172 5530080
6249704 7474376
5871595 6738446
724034 4301479
5832977 6131103
6045816 5062321
7794790 5532242
7050870 2612732
9814922 5993724
8789024 9992883
3500361 3113160
8339732 6062230
9952825 1908430
2554899 1859390
5024383 7690761
894955 83312
2526266 6575979
8776933 6357605
7579879 2449675
7039219 1093320
9468598 6708463
9351422 1201553
4176550 1345787
4275074 632747
3457133 7442221
1664088 8751251
6921479 9855781
5426940 5779989
6666682 9541718
5664108 9676493
3931306 799504
2341129 4622522
4584326 8053505
4944295 8569065
8214927 4332275
7688685 407531
1836698 6312354
184426 3924691
1129243 5115920
3138450 2468860
8802369 4483004
9819327 2794033
9287434 882217
3703139 8040562
354474 9789190
5628368 7415583
7197375 8518849
9486584 9585920
4898017 9595259
7410585 5116012
3693907 1793876
541419 5458158
8503769 5355469
9244586 5238907
194550 4448362
4252914 9404197
633814 3893110
509492 5402763
588633 6830403
3656563 5180673
5937609 5401098
7382131 5949544
9633851 4669852
1175209 2075232
5865741 422913
7708550 3999146
6325711 1666508
6344545 8708177
3558685 5030795
8825132 6077024
1122538 5508969
7574889 5572570
2290038 2621745
2747008 519138
5012767 3819546
7294864 5400399
1736184 9864172
6936954 5519073
7338064 4653048
9462545 3962166
4391611 3468657
5085524 9424274
1367856 7062055
4277007 4443005
641342 3535325
5533680 9249706
5469329 3847721
1869333 1063826
9879776 8346375
3424722 8542062
8179433 1712010
8481494 9490523
9174290 5027065
7905872 2917504
9286380 9429228
7786503 2989381
2988108 8826704
5147429 3827604
3026056 5046177
952912 7723790
7748377 6912857
5189996 304287
2040095 5624967
4033743 2648000
8078870 9210058
3695534 9080598
5855169 6726290
6373966 9891823
8533563 2124474
295573 4666601
5921815 628208
7808789 7117516
8440415 7845960
4740140 9155394
4181795 6845760
5753856 1196445
6979760 2219518
93385 8649737
3279907 3339189
2799175 4278509
205779 1083152
489726 4284843
8932187 7406077
4163462 1638629
7925523 6235118
2083647 9703548
5927907 4255766
2315881 480843
1489922 9997273
7152681 7287623
6127873 7864494
1488434 1372849
6136416 495573
1376159 2141515
4953597 631018
7910529 7734458
520926 6631891
4833221 9140076
6605626 5842473
6016840 4514476
8039708 1223208
8692361 4907014
7077415 1251217
460781 2588681
2263230 933116
6024750 1995660
6221304 5327779
2281863 4370141
4986112 2795246
3678943 5813272
3378480 1018897
5575896 4838553
5532858 9542595
1825916 4905929
8761038 6566910
1177366 4896197
9099426 6661784
9030282 810687
6109118 9011758
6884575 2663384
5987746 7170004
5997731 386126
8610477 9227926
5156808 7965368
2009522 8400120
1117320 2586273
9416695 958276
8543570 3238786
5341894 601408
6322199 4494869
8700733 9886017
475438 9402728
9186905 9125118
6092148 9082327
1933268 391821
1429664 6367241
9719871 6658018
5505343 9904751
2535128 5838101
7573624 9899832
4952500 9718858
4577149 7343895
4833235 1231830
9115309 2754500
8907590 8833130
2846539 4965706
2707357 9964505
9050977 7147637
4167457 7585210
2397511 805417
1213275 1180271
9399035 9479962
1529230 4191938
996154 751444
8289099 4838697
7653 8158136
1143978 7632694
7312770 4164204
973212 5739119
9746558 3036426
7391881 64664
3158297 3230185
8767567 3773453
6382645 5187813
9720001 7773852
270724 6604192
9656809 8990024
7172595 6167003
6802466 7922306
1832356 5313471
7021088 9975172
4684893 2413478
5445109 2133403
6061814 3698717
146 8464732
1789415 9363245
7038017 2412627
2534072 5382394
5578469 4121225
1645459 4609060
6520976 2264893
4757112 7349785
7820858 8859467
8002742 3781947
1326291 3070930
2218604 5521426
9085807 4405110
323042 3804263
3675818 5461918
1608052 9026273
979222 5336233
2328859 6176062
5622690 9764551
5275754 7979371
8206606 5808590
3819955 4557095
641692 8372555
605389 1410632
731778 2382768
3821582 4305141
992534 1490303
6093253 8324217
8203504 3651523
9619525 1175263
3856360 5247815
184784 6025930
8230479 3479894
7850807 5713405
5396788 2169651
6082121 409189
5943100 8415186
6397542 4853120
6008410 681879
186223 6686903
6395523 6826597
1696625 6750349
5689541 7119287
3517928 3063105
1739013 6898706
4430487 966695
4349219 9263915
4759588 9973581
186814 8446972
7824175 2529060
3736812 8764934
2055470 31368
2966834 9025680
6787582 6007366
7842497 8169431
33539 9035795
5454120 8182415
5723140 1986937
1443822 5068003
3268104 51035
2529688 1075383
7079458 5055583
8770033 5694641
4577430 5411853
7846251 6906353
4051931 5673123
7732760 787620
8081142 8540674
9184123 1082628
6527573 3932790
538492 8306302
360336 7852698
3275258 6075505
6351608 8243380
8823026 1975995
8414885 8447616
838702 4562940
5161583 3236642
3541876 1103504
8035800 5036257
2341202 2350538
1777170 4646989
5374642 6176720
9894285 1773599
5082097 1944088
7531409 4348789
7481893 6309854
3092121 5814973
9978492 8871646
2187365 9097305
7972367 2359189
9696876 464974
6211790 5067314
7123531 1143394
6229076 3314233
5449441 5503514
8899899 8553248
5024482 9181483
4281065 3948937
8871913 9207638
5925398 6287128
8037102 1666757
2336400 1504063
5075664 9897319
8820336 2266320
5728234 4492933
9004293 5904649
9130716 7142300
5145693 262661
7213113 4426110
3279368 3017176
9616623 2577862
2155982 2305731
9403258 1431990
4209792 6362656
799829 3210258
5527040 6619512
2413585 732482
178103 3832074
3998827 1526179
9171205 6097917
9575102 1925943
2014504 4646048
1751722 5763838
9986191 7673504
6849495 2781056
4884602 8658977
5276126 4878938
7521784 851162
5355621 8672023
6586018 6037171
2769625 5797589
2714146 6775602
9543826 255972
8050199 7386687
4849947 3302782
5276837 284115
619512 8061256
4873175 2715490
8070509 9975297
4275575 7617431
3388488 5270570
8032255 1765935
9531166 836479
2340582 615026
3364700 3282403
4767076 7261278
9469573 6607000
9839168 1873770
4328822 548343
6910360 5819394
5914570 7715427
7525574 8686822
5960101 8982136
3159878 9948574
4082376 2550339
9670754 4777742
4657250 6208246
600710 4761588
3065599 4540606
118844 2368094
2044169 9208569
4940807 7766325
1398513 2637918
175485 4537753
1112285 9711077
2338774 9459619
3133187 2939916
3937018 239182
829022 7308264
6991686 5138786
7059881 9190704
9565698 6593559
624908 5653293
4872363 6881397
3611926 5716246
290653 6966281
6848196 9180455
3210416 7703479
7589692 3432657
2309578 2356653
4837325 315396
1510850 1487025
5881907 761634
165142 1710176
7122881 9779366
2319395 9152638
9256287 6482010
2981280 6315392
6314097 1160799
4706306 3582145
510247 9364891
4647090 5221106
5142262 3498451
3031623 5196788
5564504 4920503
5757381 7561695
8478338 8227025
3166751 2948106
3729705 2745553
619754 4856487
2433473 5201911
1073271 591860
429005 6333569
3568979 3571094
7844444 6084501
7548949 6856086
1308673 6867753
1357406 6192409
1146008 8879408
8263746 8377310
1339 1323062
7435425 2693384
1289843 3355239
5393598 1372112
1960511 4702465
2229755 8833947
6760200 7898570
2123216 8390894
262481 8387862
6676172 2292114
8154593 707910
3522114 7298204
5662746 930211
3274760 2945335
9815733 9585740
1930941 5039230
7000430 2442117
9532161 830409
3274494 879788
8184588 1693324
9550050 3129856
3497542 7670262
8988634 6021279
3081682 1678106
5834578 8757059
8186872 4498590
126430 1773502
5319725 263860
8281998 9168340
5280385 6394646
8176368 2482412
9286365 5414952
3679491 9005889
7737380 606099
4888909 6475903
6772071 2331205
5778637 7086650
1948947 8112393
2562088 306193
2413350 628404
837878 3898510
6503216 8200395
1438796 8522714
5590844 8735091
5321253 1779136
9689609 9812204
3029986 9032267
2925715 3074156
8099944 5825125
8242274 856037
6583837 6127330
3369925 2110375
7886722 8048398
7492621 275780
583920 6988395
2276285 7172059
7724832 8785963
2101927 9255105
867506 1566421
1794465 5921064
684023 929404
1999845 6242416
6540023 6340360
2767787 1100737
1350293 7903012
1395985 7338806
339111 3700511
813889 7512316
8215965 7871329
3931477 1925464
4772168 4593240
6939984 905857
130169 4418249
8508012 8474921
50883 164721
3043656 524550
7756675 5044349
8796348 218842
8981676 4527918
1958314 4439886
8678011 3272331
467380 7446107
9557181 2728618
6900716 7123946
652405 4358525
2121993 1256416
4737740 6548982
9942143 9889275
7111056 559795
8775073 8192801
2546942 5286189
4600465 802032
7698748 3707360
873903 6205722
8001654 2524838
5874923 8347535
6423970 5958731
2512441 868766
6735120 7028775
5477115 6491855
2136446 8697518
4368885 5601427
6163646 3807268
8781936 5311275
6923937 4523483
5355878 4244038
2428127 4646725
2347125 7812327
2956611 6655180
6504381 6963278
4151220 5007090
5314822 6578664
638754 4589590
2307623 1978851
8384416 6137639
6583730 2404359
6153325 365081
2815230 8916248
4160930 7594032
4958217 523766
5965794 5581080
7275177 7483158
414700 720637
1381665 9925110
9601225 6207663
7980104 355525
9954236 2625359
6417280 5595985
168359 2119141
6939653 6224478
8517734 4593371
1266159 5322524
2297656 9896943
7597818 6396100
9500033 4790078
2352249 204429
7949553 3049080
8779584 2114818
7340563 9352497
2445351 3249935
7163762 7765229
2427726 3555469
4209826 2170146
4058752 4067805
683194 3531458
4073878 4682245
7745434 2604685
3617208 8085679
637317 1208765
1700266 8055260
515811 6377871
4086876 1601237
9467571 5125863
7406734 2531177
3936001 8667768
3400370 5795825
9783900 8129423
280375 4788966
7594183 3474371
2715272 1732047
3968766 1002934
5365874 656751
8192002 9722225
2400784 6799463
1804760 4624398
8488763 7474765
3590714 3167848
2919196 2804172
6644813 9587242
9824715 4057128
9398850 8410616
872144 4016621
3690031 6723585
7641008 4452926
6600486 5544617
9385706 1838483
4476630 4549715
5554514 9611859
5851949 5867976
3335313 2675650
6717093 9758851
2492761 4715113
5136871 644922
9610279 6234098
7043150 2002459
9999971 3448326
9566655 2028045
7083382 7927509
3496557 8950923
5990121 8361728
6012063 9876253
7900092 8901183
2632203 8060092
8306164 7658282
7145678 8636719
8440210 5752507
2703123 8183490
2680242 9597736
6685986 84225
2213771 3164514
1502695 6603913
6930695 6330103
351622 9831541
2283207 1696021
8369650 931662
9593925 6036406
1296117 2028357
2159619 6084699
9693607 1372716
3216487 9798005
2351214 5426385
8639816 1156767
9198233 5892916
1174936 9261341
9163431 6956536
8981827 2349146
9618583 3634866
1215355 4118142
8597935 3123201
132184 2016924
6699197 2321709
5573281 3439887
6842966 2236664
1916525 1062464
7553762 2362636
1587303 1693897
2172123 7389175
6057279 7793348
449486 6100321
896742 5780305
9345248 5319791
727600 8096732
4556743 9792421
2677603 7548049
7165545 6281732
6428914 6818393
3974577 9101711
3876984 9004368
4775841 6895503
2420757 3868542
8361393 5121848
1395051 1266587
600288 2091502
2068877 1140772
6720095 4210087
1759326 2352830
8010589 8619303
7338692 5010395
5045582 7321432
6398504 6219821
9869611 4060738
4487880 1511997
4230777 7435653
7616710 6873397
6386130 2142127
7018245 3927964
4857482 8284038
4458433 2411926
3973243 2133135
1490083 6352666
5654215 429276
9722896 8315450
1272907 2730376
7531471 7743283
3547448 5995568
3007849 2679075
5020506 2699605
5357183 6657853
9297846 6511671
3435963 4390488
255064 3348888
3262839 5922128
8850379 5561951
6633094 910717
6967494 7359425
5598424 3821978
5809432 9015102
5751564 4185661
2040280 3299392
5039366 8746357
7118214 8498055
3486903 6406107
3597282 5846701
2449893 9428313
7216613 141135
8141908 4233528
9147072 1815136
9552713 4433256
9122873 9508614
3115964 4375198
4737794 4499876
4858944 3049779
8346439 262994
3266255 5128010
1339026 201923
138172 1486472
4007379 8940931
6504642 8238835
2216633 3375789
8658887 8344759
9038205 4103802
3993537 8713900
7539225 6677501
3262204 7542125
7771704 5000225
4677333 5919159
6383339 8365360
6937000 8958707
6768788 2743930
4770147 6782347
7996647 2461461
813702 7291291
6115142 7415116
4400060 4334832
461387 4498170
6598388 501933
619327 7290265
8795497 2940526
6468137 1252047
8162096 388863
7474496 8933201
6875802 1582810
8291899 7203154
3274149 151899
4924264 803353
959751 1902568
9997918 3481935
932881 7518796
5303376 5622513
139364 9294354
3432013 3843042
2541500 1579301
5400106 7234676
9256412 9460557
6380989 5324677
5316299 9057277
8636903 9336644
4087504 4019739
8319531 6527704
6062875 3711409
3744490 5432785
5741054 878613
6295700 2357477
4622749 908451
1372272 6585266
5272941 1264178
7701543 7527317
1910282 987743
4675919 9439877
9361736 2147023
9205685 3416632
4547836 3600464
2151245 543402
5980629 2121930
9199727 4666803
8825382 4054007
2546980 4043905
4849996 7742131
3913118 1773661
9679652 1828902
8501750 8780204
7706876 3063236
3132402 4901511
7437252 3681949
1493075 3468390
5286748 222814
2028872 3612304
7034203 8325025
9984503 5406573
6113417 4285851
3060204 6913524
2830826 2104257
1787760 5338066
388434 7220208
3982557 4515451
5965013 5117721
3060319 5397493
1262035 9709700
6279901 2719504
834193 3627642
450824 2105019
3342305 5354992
773056 7982479
1566444 2656876
8391021 6334261
9868403 3630096
4336472 8167582
8840559 3502592
4937590 992816
7142195 613675
8051926 3748590
8784563 6259236
3462009 161342
6988281 5451745
3105837 7215779
6437547 9479896
667121 6952101
2013875 692401
7785276 2704739
7494420 7352743
4881457 2587475
4384465 8167500
7062533 4768512
497186 4175941
8586307 8944126
1151640 6569979
9126139 3511942
7750037 9092572
3819280 8050579
1900611 2710277
175140 9887118
5238200 2107794
1140646 9212078
2497924 2332637
836094 3996278
8098421 6927561
5071520 3652022
2516683 1844321
6113567 7168609
93246 2564305
3600247 9415603
6396698 5476637
9599067 9124986
3481336 8966413
1765386 1620821
3874113 2915894
2884287 5110453
505113 8871780
7676113 4850880
9366907 7193030
4176302 2038707
2029331 2591196
1978177 4153565
5794827 6915687
7626799 2029166
951508 3698630
677240 7311149
8999174 6165124
5582849 57992
8532055 8149426
9842273 1642848
317862 9158268
7293156 215247
2712552 3410102
8168342 5359439
2420200 7477101
5962828 882042
2442437 6569131
8183494 1370153
5068395 9732021
7700406 8286380
113356 2854868
5740529 1779269
6081154 6563375
5450876 6199463
4049711 2317253
3795434 636386
3343955 3326084
1610578 582838
1079548 6495726
4407747 9618286
1676438 581708
3920137 1490071
4925846 7864674
7024871 2994656
6017506 3592166
475117 7022408
7577221 5923184
2782661 5835233
5548948 4623053
501445 1235780
1140502 6225600
9116333 5822678
157803 4447006
2611530 4913988
7278924 483321
4825113 3506516
9443374 9181859
2213981 7626034
8172539 8955364
7117168 6974912
1860228 1187138
6794267 3207966
3806249 6780257
4015492 1854831
5734399 8529132
7004407 2610242
7580702 2332081
3700856 512257
3510865 4468929
5746397 7521159
4153986 503595
4373193 3070992
464019 5862288
2952935 3795015
2933882 8139156
5218302 2508124
6895223 8605953
4785599 8586730
9514537 7660856
4208078 6065464
86672 9689483
8084934 8517701
5760847 766245
4670330 7866182
9990925 5710346
5947047 8223077
9266760 5537886
4231865 7769673
9785214 2065673
6312973 6750133
3773670 9766054
9275423 5179696
200146 4415408
7450261 1548892
2574229 9173677
231569 7751968
9549148 2362230
3750205 1183050
4099659 9682698
7042876 6791934
3710429 8473211
7348385 8252539
375252 4405424
5651363 3767111
1418371 3817292
3639827 2355717
342701 2649765
6418445 289156
6279494 9699233
2238990 4372713
1967727 3562740
9366885 8322563
3960474 3862543
8846645 356654
3365008 2146998
3736621 2935099
97612 6521278
18210 4349874
2824443 908750
1670445 1536178
7757438 6298621
5363152 9441476
2767355 8962157
8170487 750852
3444459 1414299
4047735 974923
6908719 875160
2717205 8246366
3064350 9974687
2478625 3144031
3352397 881409
3918677 3922295
1686982 6581433
6229640 5733144
3118041 3894488
1433557 385403
9553294 6424303
1601244 7693142
1691518 7896387
7899106 289259
3865287 1762004
6132396 175390
2879203 9112139
334465 2884151
8967942 4590456
8834003 3645777
6329381 8035962
9498196 6322973
7153217 9209593
1672310 177116
4662158 1674464
4466855 2749562
4435901 584947
2871920 7030728
3895008 6259126
4507627 5321947
5520066 6933130
8673013 8427194
2044713 3174078
6593357 3134579
57681 6976229
3598513 1177274
1730109 5863895
668329 7020562
3102748 9939396
7925696 4994943
172542 1157876
5316918 3079264
3929390 7746082
7271854 3351981
6621664 3145175
9388703 843623
7752589 7426814
4179512 4427847
3898509 5006724
9806671 6424359
8779241 2819123
6153085 6518367
8235306 4528664
4846440 6357094
6434538 3769343
1444814 1906353
6921220 3654468
2425793 4939722
1532433 7477615
8942107 3343053
4969956 1739419
393039 4303634
8066790 537064
22134 7235667
8191984 3916822
4868566 3021183
9987066 8625739
9993119 1546574
5058479 1465100
4254756 6910984
8019287 9986992
7745820 1810910
3821265 3339748
3409814 7970853
5020406 8931763
3846315 1321795
4293720 7276370
8340270 7598979
715066 8126645
5708259 2784178
8253891 4095737
6623521 3643483
4149082 7660228
7736333 4351882
1628930 2161095
1345190 485629
6894347 5763104
5518827 1349051
6517695 1237237
8853452 772911
6041709 6636593
1631384 6692992
9384454 8777164
2369938 9814644
4058867 9213776
7373169 7001988
4197316 551326
5591908 502332
8176936 7439517
4581395 2174448
4093658 6672349
2235022 8691897
205099 7496509
2101192 4422474
4431341 3566349
2744870 1313233
4256373 1939683
8404045 8232461
451008 3947721
5826856 5887627
5820128 5776939
5927643 9123823
8516546 7923816
3096028 6156344
9820816 4676622
6583204 1493602
845772 8688319
9392323 8791972
1393885 5609143
9667141 3785138
5268406 2948392
8663589 2871530
6866144 5364877
7925737 9497420
158467 1436305
8044729 6743329
2902678 4763185
1662422 1571232
9591644 9302501
7398047 8400554
5338867 2603209
2726083 3322136
2656926 4061076
1900144 4233191
6110577 9920541
5684578 2566221
8268912 6648255
5525458 2934807
2561462 2604086
5749993 7672565
1925784 606374
2270765 1176168
4499091 9132645
1219360 2129421
5286283 5149506
2387443 3129116
7299615 4604001
4200049 1490855
9032006 5826270
6397484 763520
2462221 6161956
8003654 5841150
8370464 9386427
2667727 8783645
1257577 6180267
635561 2149816
1001197 3919528
4498269 822697
8611336 9843908
1053134 7972125
710357 8951986
712977 692725
4730693 6408814
678693 3332447
7099716 8490034
936310 6339942
4369266 5813325
124139 1593407
7372548 9191639
7276194 7444114
640479 4660873
4125953 5721762
9935880 5892174
1577738 4083810
3260651 9670911
2889035 1765090
397392 9671504
9157439 5250722
7907280 3832079
2915281 3047325
784767 5767111
1646291 9914467
8187627 4588220
656761 2813959
1684770 6393499
8294450 9434126
222466 2131854
6500626 8838879
3672651 4674570
114223 8750224
2172622 3932708
6609472 1433047
2767894 6328844
4641507 4379679
9186582 8896500
8779942 7063159
5155438 2452009
275352 6408655
5941380 6495144
5796621 9012258
5656664 1607478
1530826 3679287
5706728 9887012
763221 2644377
3642693 7681626
6551404 4904224
3823485 1895116
9486839 1659865
6142381 9609203
5214929 8274566
8314739 8584642
7023487 5021273
1277379 8907630
6050997 110951
2825808 6343047
8008092 5127706
9676433 5275871
4964712 8988811
6559561 1969749
3304598 2768025
8303279 6283266
7096130 8688122
1624642 7635078
5859039 5741641
4023100 7395605
710574 9448538
3089138 4376479
6842497 4019864
7407669 4424292
1289002 3479464
8516068 3667765
3622539 6993073
6491663 7480941
9335034 7482789
8545120 9666022
1283631 7807230
6063888 9223208
6983804 8301795
6720771 9360238
181616 5012070
3171053 1388396
2795215 2709301
4696424 7558883
1653002 8397630
9685740 4186468
8696808 1311133
5377208 5862323
5408584 8597058
1487378 803408
8533707 205111
1877103 9383148
6162450 1714667
3663412 1788503
4354838 384008
8398739 1817596
3607079 7112606
8899825 9516566
2347955 8633770
8837865 8055174
743543 7031416
4184607 5371961
5231299 5811161
7800054 5662076
9817599 3435047
9374414 9610311
3405163 5472319
5110906 3523432
2271878 386425
2414689 9336514
3149472 2765814
7446363 6529351
2744275 4225492
4389496 5819607
9381453 911897
5470714 2374494
5689102 9083045
2037827 5645231
4960780 6436546
2287110 3966091
4923431 8872119
49803 1140400
7020296 1856005
3428227 9826891
924849 6739141
5708535 4593737
2341713 974316
4152269 1238342
1523133 7553369
2328971 2192256
5437097 4586079
6949180 844451
1536678 3458058
5656982 1262194
9829258 4537857
4379617 7390493
2255726 2483746
9588594 7725868
3359173 5827240
1517894 4410156
3878679 2522968
5599683 7648084
5064146 8938684
1797928 7037723
5170784 5051351
934836 2222581
3939571 5610586
4268035 3827572
1781707 2965296
7999584 5757215
5286200 2557626
8486010 72595
8724651 5328986
8286213 4339001
8881566 7259320
8428100 5142628
1039771 1918220
2308187 3081793
3176028 9655569
5488897 7900611
3957930 1164866
8216182 9105880
5998654 5372041
310002 390947
8377648 3015708
6095845 7401234
1868996 9968756
4554131 5552263
6109662 6757447
5883650 5508455
2012768 85004
6507019 8332779
1913121 8633831
6834722 8390804
2086504 4459941
2973422 2742194
5500273 3498279
8419729 4798402
5883760 8888390
9179601 872820
3649864 4269674
2394652 933152
1614594 8852524
8073470 5818359
3743902 4237712
5124909 7496999
1599330 7851044
6918949 1780930
3463795 3170572
7954567 7660513
6863030 142583
3049305 7608590
7823114 8097727
724218 8582717
5256059 9190268
9385947 5937030
6099533 2251740
7764090 4693287
8059057 7068404
9455200 3616276
2739284 4895055
4574536 9500319
6477299 9479129
9721835 5325441
2834213 4915418
3351147 2584759
9764279 5345328
2124340 4722551
361429 653071
2743664 1618413
5515873 2382120
7439578 7873017
358465 5222131
6192321 8951212
6237190 3493618
1440226 8380792
7664672 3661940
9354003 3049285
2607930 199323
2206150 4985608
4889141 2900995
160690 5036040
821305 2686910
8070660 7356384
1226256 1687173
5240607 4294716
6616434 8198235
7312371 5023015
9894 940209
1943650 6909666
8580365 3676381
6393458 6520382
1708409 7019666
2596798 5860057
5315050 1769174
4759621 1965936
8500693 6438160
7862046 8811122
8663269 8288615
2079677 4138667
2285314 4494477
713669 1514007
859105 3262767
1811716 3347990
8914102 1961659
9674268 9600763
2736698 3961216
6749133 1575748
3240020 9557118
4983006 8500849
4582387 2207094
3850894 9286185
7828592 6944852
9923658 3688166
8217199 6809208
4855133 634124
9188628 2124084
2865237 4593649
2368033 9171422
5432661 9417154
3707030 4499602
8390531 2539582
868077 5567152
5161867 4657455
7485273 7763898
8452684 8190587
3831884 209354
6764004 6081588
7758401 9624917
1935380 8181898
1610295 100459
1743363 6508049
7592506 2291026
276242 7157745
4109334 7895274
4144462 1635426
7686635 9344656
7580270 1955651
696976 9259688
6846914 8866299
2408575 8705056
2755825 6304534
9748983 5451340
4263659 1417851
5197603 2324580
2411835 6373221
2638430 4049855
3841877 909895
1673024 7042351
4695424 4273237
4652695 3479517
3395660 5446680
2174370 2378601
1867406 8789781
849371 2667138
1857372 5650959
8090499 8746277
9888095 275928
8100174 9173352
9340168 6326206
1694825 741151
8199359 4517885
363854 9633833
3841767 3748707
6891923 8522937
2566056 9933337
569986 9366642
98672 6712575
8418747 7003353
836762 7711144
3934007 933770
8291722 5454471
6784011 3776007
3171694 6121514
1800233 2420295
9865791 5012495
8936099 5626714
965107 7290646
5678346 7428738
4983635 3729465
7787216 1841423
1308661 7051485
6067146 1225802
9819300 2044043
3189718 5854146
5028107 2179948
6516135 9392208
1784483 3886426
7529413 9722179
750310 4759873
1643398 9734305
1530173 9360094
9387717 5040628
2281492 7880229
5566064 5495473
809907 7639145
4512829 6508636
9441466 498970
4210562 7624011
6898487 7501966
3156105 3485776
5812510 5050779
672449 7867821
2020739 7173751
8846483 1659462
3908941 3836902
7948982 1804894
4500659 8009300
4611349 55514
7367907 7196445
2914325 7814214
5934404 7867842
3490957 9166846
9515900 5856650
7825067 5467815
2485505 415935
7519564 1283562
8148671 6481616
7400173 9461975
8614570 5262709
3148338 4834329
9297464 6129840
172458 3607975
6703326 6164332
8842469 7294587
9790829 9412968
4551379 7060147
1416498 5480475
114143 7956795
4160604 5853300
8777543 7601977
6940290 2568843
8407434 124290
9906734 8169377
7181089 6725908
1368827 6608855
9742498 2114075
6865203 8418962
1119641 1679733
1670924 5665155
9157797 3955859
8366947 742752
2986740 5924486
522846 1255048
9066364 6043213
5457981 2643371
5045261 1856952
5089645 1995946
4406635 5412870
7732211 1007097
6318818 2058745
85010 2776642
1818791 2989535
6935055 7315529
9940965 4092229
8661199 6449432
4628290 5763345
4800351 7962573
1571452 1721986
6461192 75239
9959699 3209756
3341763 631120
2681550 873996
5168104 9194648
721016 510519
9368745 7655143
5627809 9927848
6670127 8947908
8289707 1900570
2582787 4811963
1254866 4973340
3378722 2046564
9432511 5102537
5311551 1758667
7151725 9993898
5118214 2703962
7155304 1120859
9047312 8415324
992260 7126983
9102365 7852690
3945294 9714315
7543140 6290983
4128923 4728826
5697816 8580961
8894188 4712617
5287243 6072797
1683459 9259151
5322379 2141009
7517421 5362804
8871882 51555
4249563 7586925
5869864 9659359
5161229 9635486
1829467 5532131
8218266 1121928
1273208 9665142
4425514 7731522
3490448 5042672
2562123 6275479
9551141 230879
1642127 856865
2416515 5244740
4261811 3321151
1747070 3057494
4275002 9208938
7350300 8874416
3439710 437918
9985481 5818415
5192169 5743915
3675118 6038684
5823202 9404436
5723915 4769344
1806245 6877653
21264 6693364
5537791 5756374
3585087 7378777
1002404 1272345
5165835 7551017
3756911 1625751
9980042 9403053
2573780 9318008
4840094 4109693
4973663 5478509
7071951 4075464
2570818 9429026
6261210 6216454
8310879 9442520
2342451 5044840
1641267 4533409
2882600 3879370
8868132 7533460
1333787 2945257
4544112 5478708
5368867 4758087
489962 3406848
4553670 5488129
2239811 298491
4100084 4905664
1607626 2038345
9976132 9320915
7884038 1044417
8483131 6351830
9348475 8830004
5455373 8140974
1306348 5203055
1486221 4364475
9303417 1059161
432575 9874362
7751729 448702
4953998 2311958
1421275 4477489
7895369 3447
1416851 8100245
9968571 7126811
3443024 2467374
1543954 4375605
4811021 310584
9751192 5037020
8395151 7542936
9460969 5699277
7045464 9401006
8323320 6482020
9745951 4413806
2349503 7358231
3628373 2977532
9092009 3329658
9428795 7852429
7911631 5669700
9076521 9804144
806919 8369095
6094347 4674896
8136657 821334
5725458 3134549
9303962 3890596
214269 6563181
2372048 9364001
200871 309564
2814054 5127394
156385 8969619
8621876 5484714
1936523 8110566
9469622 8737679
1733557 3446818
5301350 5233771
4517999 4902714
7099014 823519
2181766 3562293
4728521 4751570
211802 7384329
3953748 9435184
2993147 5650164
4967268 9198782
4952337 3977082
5740734 9829420
6041271 7853635
8570351 2229319
7435181 125349
4177277 9950856
547551 9019265
1400 7529592
1478936 1020122
1778466 8681895
2960536 703453
1135631 4493783
4744387 6608922
7775775 4788084
4948490 2156632
9786248 4267367
1897299 1326887
4107998 7367214
6049099 6376276
7397421 5889422
2925918 1102623
7343859 6744749
5894900 9283895
5477434 4471727
6828443 1955996
3799881 1064400
3542379 7735275
2079135 647819
2970027 3956470
5871714 920985
2477908 3536649
4016125 8097297
8746004 6740585
1732124 5728688
9512421 9709409
2159445 304939
6716604 1026546
9833966 3114249
7802844 6995928
4181860 5093951
2927039 7943137
5808613 4125788
2142100 6577728
1952445 3097496
2037901 6364638
7283925 4460448
9001400 9875032
1541792 7802755
3539563 1370404
1935698 5380458
1224773 8451977
3993775 3249449
3761252 1815918
7717188 4143470
5832991 2067888
9028632 2746789
6697311 402670
2441470 9798325
6860858 7772918
8909787 9575607
4325705 1573074
7694870 1995705
3185164 6977632
7608911 4401372
9971860 88105
253396 8129653
466976 5200103
3990114 7216498
993574 6562566
4048267 2435864
1052909 4043802
8840349 8152647
1989131 2112953
4518419 8350570
1601295 4884170
7887651 1667036
2063336 859120
4635540 4273423
5138207 7721370
487325 8920889
3831500 8382559
4490161 7811174
1267781 2225423
8284559 9859529
5784925 6487299
8827241 8954061
7113715 5057536
816196 9439510
8100048 7117200
2702214 8462757
4673681 8671666
5702050 6624999
6263598 4443566
5894919 5230575
6024898 734677
9765763 614171
4229066 1141107
1237254 8971744
9421583 1663104
1703123 7725693
2269074 9573000
8193817 1463483
905765 717141
6362647 3081060
5447887 4366231
6869382 9748133
2414713 3765040
7735705 4201447
8874581 4489877
4187431 8855316
4033994 9890243
5199267 9155737
6310806 7196267
945880 9322128
702167 9176257
5897275 6150291
1575859 236425
4044648 7429150
6691194 3707674
4320220 1628243
6000244 3762179
9359595 6657223
1756452 9315100
329725 5407837
7814409 1394051
1448975 2451063
8235370 1976779
1393175 1125508
6748262 6721342
2797770 3009066
5735291 9858621
6669374 1726642
2450579 5450897
2798442 6986766
1713846 6408232
9146732 5380379
5550358 6640457
1910941 6284457
4954372 5109533
2253809 8133898
2188272 5812310
2045286 4083154
7238995 5758276
2044217 5490999
7002873 7273472
6469809 4896596
1328162 3644668
7860363 1639042
7193512 8432146
2870595 3086079
3737422 1931980
6810250 6697815
8688312 999345
5793119 5187412
2990215 5607939
4771766 2651698
9867969 1239198
1622662 634862
9448022 547935
6300525 4027751
7478832 3427612
1974971 526866
4834769 9440551
3949759 4879188
8049611 1216635
2120809 166066
2228683 4404587
4985903 6799526
6326768 2947355
2256714 3024040
2768630 1822730
9595555 103854
2538894 756942
9040947 9574135
4684666 4342333
4518800 1379956
724690 5302123
3582862 4988765
3969177 1895970
3711405 3158252
7218920 6790637
9827810 925919
9378449 5378447
5746173 7589706
3680700 439029
3591184 2158233
4405807 2724260
2334861 705514
5429072 6169304
4794180 4793201
7652001 2750104
8515043 2048889
9306486 7184023
5728734 7183161
3311935 18693
8097413 2750090
8408244 698435
6593261 3225678
1107153 9846747
3779173 3020630
4464469 3244199
5592915 1061112
8888883 2313634
5158921 9830849
1317432 4302638
9674487 7638091
7616088 1828832
6612097 7493671
9025621 3395104
4155274 9706892
4289774 2518012
155136 6088928
3034185 911583
699412 9454143
2660006 4839751
210504 8790313
5130802 5136884
4413453 8198629
2366625 3493175
556780 9721927
1900023 3654009
5092060 2874507
1912975 2752124
3481674 6636223
9370172 4345075
3547781 9023961
3090590 8251553
6316226 165471
3212233 9515832
8902335 3459958
896396 3123449
9988704 7362502
5835095 7550140
3775966 1160899
8675657 4775263
8874466 1623963
1602763 8360667
4058297 6965008
5127416 2096332
3628805 4327066
8592246 5193097
920948 7506785
5128714 3214469
9335244 942830
4004905 3905922
6863418 3984694
3095334 7896191
5257319 8736404
7581862 7771854
1046044 577344
7972064 3270838
5303042 5627755
1024627 9936430
7410009 730289
4851897 5566052
8502403 1719233
2008596 9852504
7074923 1177306
4593749 4677175
3449121 5395194
2949308 6077800
3344225 9237131
5307885 9198807
402733 8645765
7126572 9870565
8826572 7270327
309988 8405058
5062884 2665256
6869713 9654881
1709793 9477108
8358758 5906019
2893575 1674105
702724 6921586
270550 5231516
8771452 4986725
8157775 5944862
2114432 8857740
8569662 3479016
2920930 2350485
5157635 9914666
8706222 9131128
3555799 5505810
4102376 7692455
8385202 2259235
421847 8866981
90180 8524969
1422783 3378026
4050452 2137882
6032870 9792983
6536137 8046393
2663555 229748
5389025 7577825
1141597 7382492
5626264 6888263
3782954 1114537
4611505 7006243
2410690 4397612
2730977 6175480
1001886 9051796
7671697 5514071
323052 6008497
4639042 5642235
8437639 7309447
5235222 9767326
311898 6098747
3652811 8270718
646498 105833
7917195 966052
4066809 2966665
5973141 5375085
1209054 895407
8903603 9486634
3220330 1110756
2654147 3952578
7919191 7936974
8635634 3163005
8965160 8276450
7362101 6655782
2736352 29579
5383881 8833366
3588744 4797617
6142488 102725
8315699 7619559
5823836 1638117
7302421 662954
5036579 3277596
1194538 9226002
7495232 666097
748658 5519398
1197620 7626949
3546237 9028538
6619973 461793
9505679 3976525
9242329 2516346
7487831 6690131
2999338 4920833
4488965 5036076
9052364 4703897
5064769 958230
6969159 7929422
334490 5483879
8644661 9363993
5814669 305274
6455927 6216750
3885808 9165307
1515675 494340
9007445 227414
2597709 3944719
5603853 4708246
1266733 5165415
8271077 6211521
442171 6868085
5874711 587224
2119163 4579900
8439957 1726444
2111356 7571899
4772724 227956
4197164 4825730
2494707 9196564
7807958 5065661
6868120 3935791
4321340 5214622
7586692 1033739
6607385 8580636
1071813 6977858
4035346 9861539
3447465 3078594
2374349 2203102
4880475 2839461
6033791 5420064
8330255 3460773
7894938 6299442
1476370 8707138
2846813 7446503
3406549 4481095
3715858 6817677
6801229 9282347
1707663 4898048
9607009 6954185
4618481 7240010
5957372 2870196
104668 2898398
8162369 2381037
5043704 6741229
2225802 3634247
7696625 1333817
3390362 5263984
5581988 8220564
3467061 8056124
5446348 161173
6169775 4544328
1138611 7774609
2414261 9002643
254818 9794527
8755666 3769526
5495381 134525
4347753 8058139
7428626 7614355
3633060 2589729
8260082 6179454
6717197 6681926
9587760 2165827
2115727 8323262
5823164 8663733
9361160 7652657
5563705 5732502
2076177 2524051
3846059 5225408
4712973 9206621
7845624 6375020
6304594 1129924
1944611 4497128
1299555 8612151
7574273 3555362
6848820 9064042
4727289 2480716
7645127 3034012
1559681 6223441
3874392 9074685
876374 8702524
8389072 8559046
5430013 7810296
7378102 9283472
5446007 4289075
5072599 895521
7420924 2581658
1722263 6282544
5195932 2030784
3545136 3417444
5384490 7040141
3583760 1448344
3109408 5933781
9661002 5907140
7970454 1812772
7418724 9867866
8124946 2216622
5687107 438377
5835525 1068689
4197334 8676974
9059981 4403161
6854205 6897395
986186 9674674
8582330 3558484
2529896 9639121
8756337 9358985
86086 679391
6492122 4108491
8857731 1610704
3253898 8113768
3782210 3910496
8966458 9139886
7266328 8373256
7922183 8318207
8550951 4844334
9888788 3504938
7170213 7983021
4019457 6298470
2724747 1411947
6080738 2623462
5534895 5385703
8402439 7027285
5533573 5501179
6189207 902221
8743853 6060632
8116851 2835948
3049824 2468295
2717774 5271084
6996598 3111965
7183351 5976716
8047493 7720049
1838076 2475948
8986452 3537306
160974 7408468
9420162 6803047
3386448 9357977
4484544 785362
48903 5744597
1236026 6056970
7285678 9681094
8677036 961271
3162190 856284
9007302 1310459
7514308 9379667
8211864 4576784
5743798 6827233
7722402 7619688
1886271 3848157
3646421 2674175
4427512 4514238
5806634 3977349
7608160 7826873
1385947 1310304
3052841 8828963
2559633 4246466
7027621 4716069
5636288 9331260
9721512 2428557
5936565 3753960
8697805 1758540
986020 3994668
78543 379980
5231420 3831251
9358795 6951664
6168417 8310028
4125206 8644321
6932730 3998086
6856159 7293526
9910984 2416546
1228023 3694133
9577841 8886130
6553606 9987936
5579914 8184656
8830479 5323900
8612021 6641363
6806376 1975340
1372866 1676706
8527946 2564923
272051 1360026
6990580 1643964
7882379 4001909
2461701 5325475
962461 676073
1505771 3470164
5356565 1329767
9248226 2139030
7861953 3790855
3148698 7169982
4616643 6431149
5586144 7854631
4908289 5675275
1680604 7303060
61112 1527597
6006764 2155212
2590818 5793707
404496 9180478
832082 6875541
3140484 223957
3989279 3212164
4673483 649180
7531871 7240948
2982219 9288076
7507413 8963656
2842968 5460921
7830189 4794335
5844422 3294462
1565930 4991003
6403629 5496461
8126979 8060601
3316605 3058033
1394990 8618563
3472602 2695576
2732086 9837397
4525965 3465641
4062579 6850131
8431681 6686703
815798 3977269
1662562 652307
3416117 8927940
4891838 7223016
1653830 1695387
5795655 2149988
4793024 1368868
9531938 268294
5602146 3950433
2791418 5980317
4078308 4482878
5155613 8357597
7007357 2530998
6491742 6782905
9969549 5381500
6558217 7303895
4974441 9089260
7003087 7943936
6286758 6287775
3148948 8747150
8913072 1409497
9429484 4912642
9950532 632639
5885396 1880114
3445155 2253978
9118785 3223549
5462449 910012
8678844 1701074
5180564 5474968
3539058 104469
7384053 3695238
2381853 2765223
7905531 7991267
4002957 186538
2448116 5462111
1996674 248714
7168620 5602323
9493814 82054
7578278 752623
8709467 390647
2517433 1017201
3996172 9102420
6944353 4849162
505193 466454
9668518 325715
6400859 2738712
2204406 7827477
2223692 9915688
6449143 9527319
9160351 6507007
1232307 1698216
2173736 3852450
6154765 6787727
510099 9435055
8415708 9940531
7299672 9336550
637690 3058104
693102 8240281
2775131 9664570
5938342 1300770
8476537 3103518
8427706 9840781
7513945 3204048
5470475 4623777
7310210 4783385
5969742 768248
6214443 7556801
4463862 9203106
6731737 4827674
669948 9080252
188886 9793575
7197958 4639556
2026009 5586816
5076463 800203
3991612 8099191
4581072 3633430
1249408 602387
2472542 794116
5519916 7753541
7785062 2708604
6036181 617168
7779047 8712840
1558498 5377133
740204 3268299
9993173 2631154
307752 3805396
5322001 4172105
8048594 8439978
3704546 3050744
213516 6765195
2365391 7938760
2069731 8018045
1639101 6025833
6139783 6517892
9702888 1266010
1478861 798376
4097007 2677255
5318874 3697171
5827975 5919799
4372539 4124766
1769467 2406193
1663313 7428125
6566542 1446190
1212291 2215342
8440243 1935189
275994 4278094
6894569 3200058
4031180 5019208
5112785 1711396
3597404 3523201
8590423 2232217
5897875 49819
699451 9615462
6941585 475360
4799476 4760596
5946915 6104074
4429073 736620
7822190 1507844
9294036 9593877
7411182 5687284
9203822 6863683
9404440 6195547
5337008 9741663
6025339 6359794
7148030 4435396
4239024 1529050
4213720 587418
2088878 9109952
3171243 8227206
4877615 9382013
2554391 7360951
2369188 504544
7459382 4095016
1233795 5134494
1984588 2519437
244996 8027758
2331549 6789712
3441828 6166647
8204380 4660272
7901527 2362566
7837471 5752331
4662741 5968343
7957674 6309850
7617460 4524670
8696243 3491103
7775405 7364451
1809192 2487458
1870480 7186761
7211588 8714307
8882970 3739528
3562905 6966284
8724631 9591583
5580972 5426028
7005233 1362516
2591522 5477041
7708784 7549414
2772225 8713695
455670 5032435
4505979 4779799
6657234 9418540
9387820 7749763
4538424 7823538
7065708 579247
3129778 9187551
6064036 1011122
8374088 9298725
729085 6638329
1368963 9867514
3397923 4026848
8279404 7733710
8157567 1716390
535773 8259511
6612860 794091
4694874 7384639
7298584 9965415
7638805 8786651
739321 386791
8488338 7030449
4847765 5150303
4855895 3489368
3765281 5211008
9016091 2336017
9616563 9240069
5789813 6735589
7717973 7523632
3208230 2172794
4789002 8644815
781684 4861272
619854 1995976
4859432 230870
5517335 4453212
5270528 5243489
7511008 487646
4312765 2920683
1316723 9097510
8300283 9628063
7729784 5526568
9379434 7835164
7144480 7948011
5976536 8524460
7784895 6067006
4519205 83321
9954751 6599245
5112219 5190608
1070771 9996247
9850625 4442940
9203000 3414342
640527 3050890
3109490 242076
5237810 2325517
6326123 8990227
2753140 955722
5817393 9445698
4214815 6541800
1913708 3399331
3527350 8539768
4575661 3134203
2954630 3331177
1194080 6307957
6943165 1682963
9029388 4670506
577260 88091
2499545 2184293
7759001 8903352
7296310 2338351
565294 6604251
4848444 1987494
3465733 7315459
1141109 9914834
5584281 9210566
6156192 5995084
9985073 719899
6517451 6820793
2203736 192158
2784171 5179739
7180625 6517247
7315065 1043887
7569992 1431110
9102400 4805131
5548755 5458445
8399523 6095568
760070 4329600
6728761 5710862
4519357 5294015
1819196 3738628
5720 501624
2795792 1023050
2407385 6739260
5797823 908819
6391627 4149123
1532602 2768487
4742559 3567152
1870468 1633407
420409 7418986
9504633 9215125
8804794 9242101
5790318 5894494
7610688 8027230
6012715 6977122
6260592 4252797
4753412 6043599
3967901 2838243
8736675 5252997
6832218 8639164
54667 1736067
7526094 1094256
2194887 6165370
238194 4442099
6319039 90162
2159700 6994903
7040019 3355883
138907 9653520
644226 8178470
2402611 8579819
2408055 3134276
9753515 6194140
1714405 5576153
7997294 9054634
6483726 1568651
7621660 1625033
6262742 8678794
8938174 5363355
2065728 5532608
2912643 7080232
489618 4315855
519361 322085
140798 7959976
1785215 1864021
97304 3794886
1658072 7722144
9152469 9894717
3806052 3125243
4368795 2010046
2884915 6046374
4081176 7180825
7891107 1639680
3755546 6046948
9700663 7626945
6850414 3965194
1420858 3834093
9546156 6752687
98024 8797372
6152138 7706156
6093690 4445329
8039935 7421115
4746518 3405959
6834691 1774320
4412775 8087406
6904588 5993801
7197567 6726015
6884451 2680067
7907093 539842
8696838 1636369
754379 3209776
9352835 4906973
931457 440739
489055 9393216
7059053 2778715
4823702 5063804
8186788 3641844
1252532 7869842
2470384 9046903
8848905 7600233
5013078 6141815
3150891 8194509
1807548 9245580
3204840 9204025
6873239 3597058
5348085 9846227
6286307 6773418
9444291 6636155
742680 7547968
1324191 1199736
4269599 2783158
7792815 2698221
4981981 7734976
1573122 9961066
904780 9599294
6239716 7304450
1336698 8994672
530785 1757047
7518687 4643307
5836312 9323249
8439229 8007710
7844280 983487
2695872 6566961
7327800 3864275
7372755 4097302
8453293 6229558
5790185 4431712
5035036 7043261
8051264 4981892
6603985 5054981
8472487 1282428
5034750 5508534
8770408 8335796
4150766 9838641
4523273 6355225
4213737 4407232
4220959 3597978
1278942 685697
2250600 3035962
6567675 7329181
8163774 9981238
9749900 6162395
9648351 4510086
6952603 3150825
8931964 2049670
8202410 1252430
8823610 3992504
332904 3216858
6655943 9496882
4670828 6063578
942820 5018088
8374309 5954051
807411 9724717
1623908 6420181
9225638 8131410
4187235 770555
4178134 4854121
420838 3265375
6107498 9872947
6788829 9240315
1452187 7612816
3356235 2831008
7658128 5565960
4091897 1528750
2403002 9829763
212781 4976426
5909073 3373385
6669324 7096067
1020487 8624738
2437956 906948
624670 8136973
8821940 8352591
4234566 129536
8014546 6891572
2502616 9446297
3875792 9603783
3666079 8521247
9361687 2216424
6540599 1565444
3592055 3412597
5541438 9880804
5101461 487845
927543 5591777
3272463 7541665
6212121 342826
90829 3367265
2594144 1377885
7669441 7729064
3588645 7694136
8521651 733349
2552436 9141837
8508272 8715385
2341810 4335046
2329963 8094666
2679299 4278631
865902 3921837
9492091 890296
7206792 6105623
3600465 4875909
6232410 9378510
4519180 5790309
5822461 9882071
5060660 8020931
8685674 8859849
3219906 496105
7933389 42024
7265389 6387891
2977842 8847675
6064447 1739977
397104 1707179
2855255 8998310
2492526 3156668
2763866 1435397
2731663 5275272
3565552 1312631
5763698 5640139
771803 7425500
5132800 3905240
2547839 863895
9499637 9519202
7324486 6297908
3893514 3031508
9718565 7871988
3901599 7404436
165560 1338063
8199230 906507
2126460 8827005
8160928 3145231
9203978 7149846
8291194 6234320
749059 9227978
6550915 4302630
6544312 4684348
1807848 5997768
5621054 6094016
8074186 4765993
9870374 8488369
1509501 3594304
5485189 3787177
6341364 4732676
5270933 1766737
866556 6241960
4354947 9904663
1610970 41765
7281462 8646622
2906045 3549287
4101560 1800336
6483941 6448097
330607 7664568
5241729 133696
1548907 7047908
7958599 9130770
2045756 9766837
9366915 3648562
2168258 3922175
9921296 2109403
2540161 9686383
3452871 6998010
2136771 7300930
4056097 6329916
8438244 7328039
9278108 8931346
1742608 3370861
6492548 4378530
6595162 4749865
4723080 364187
4883641 1547385
4240058 4896423
1921329 7829173
6701262 8443420
575813 1324248
7619246 8641826
4161099 1464746
2837003 3557210
9883148 6487477
500858 4020863
5528444 8271230
9899073 7972956
726423 150183
398735 136895
9022536 5138908
2155622 1889233
6936378 5975724
9013771 2168879
9831075 5091103
6168543 1318883
2436799 8696114
7405216 9253491
7301726 77972
7423512 6598429
160246 8125333
1618109 6278793
1978700 2037199
6742971 7180637
7985475 2440795
2450397 6748609
1454607 1740862
3493420 9011252
8671723 3360699
2263319 7027498
6285048 9767159
6083671 2477240
2279041 700668
7134597 785460
9617718 4406606
2764604 7028274
5001604 4230630
5082441 9246836
3700741 1076536
1065004 6197068
2401003 1928032
6692918 3823068
5163985 9033763
2154678 5009495
951087 2968758
9165979 2913733
8281103 7201909
5737191 2794822
8482843 3975826
9031222 2151163
940428 6572548
2601058 6459676
6633296 223611
5354068 243619
9715098 7153584
8273651 8155073
3031789 5705891
4651234 7767734
465202 4710049
9779972 5098412
6792229 2763559
7204162 29503
219104 8465733
1642442 6532135
3271042 2304388
6876543 6664354
3581685 8399408
8943883 3360650
9843759 4461833
3058094 4426890
6283582 1030516
5159311 7849527
2925243 271555
9027586 9012094
9398719 7658707
1672097 2914799
1726653 9337690
1514131 4299742
1107341 5135996
3772583 2560124
8147352 9143930
4365882 8499880
7385128 8712096
3424348 6549847
6757677 8338800
8439115 6654230
5182543 5973019
9022366 221102
1827833 3942153
817240 9684086
8216491 3348877
9083737 616969
8091491 8509278
3155986 6764623
3867399 7536829
802483 1211415
7996785 9531590
9512723 1983713
5576632 7926531
68647 2171854
77673 8655127
4206592 8227487
6756039 4403785
6927327 4516316
3035214 1661304
9373092 2088048
4535334 731105
8145427 4938948
4182514 5050153
2324828 9901318
3506243 89629
7257437 920203
102467 2134400
4950903 1970174
2398258 2787719
4222099 516342
1177583 1220657
2142612 5820892
423275 3432439
2674071 833865
7139370 4608808
6687290 9383991
2158903 8277916
7950863 9187154
4783629 8067829
1504682 3146319
4458854 9447827
9290996 244395
4596842 1175940
9512764 539350
6349397 3791353
9173004 3329026
8220238 6106388
2129759 6608130
6638778 9918337
6728388 5882132
2493027 7485743
4122872 5591088
5114025 6469718
5213067 9364461
72943 3180757
3618337 2597885
3761502 8577572
6586431 2045210
9010873 5482284
8414955 9535829
4055024 5739644
3655223 5481345
3182091 9801620
1897199 6047520
1593250 7574082
6543116 8584723
4361771 9337465
5314880 6887574
1709053 8411120
7725911 968280
3555336 2478917
7130537 7471071
6648514 6298678
6603223 7432335
9471195 4723823
2403771 2709554
9615713 1303580
3506090 2460904
3670957 5299024
6964540 9014497
5517049 215735
6865340 6264753
3086852 4954294
8624179 9071378
6333932 4533642
278007 9002546
6675879 1348084
5654690 6590644
3215842 7569715
1749419 3932396
3367812 6515434
1595316 9744827
4714418 3191660
5457059 2950790
9556889 7410060
2624838 3594204
5671065 8370101
7998665 8903548
1156137 4321253
3907176 661193
5578983 8269419
3208606 249757
7947973 1917238
3852969 8003187
4601935 129918
594952 8296600
8240158 2344791
7082250 1007470
1787983 8664719
7974744 3999880
4538765 7433580
2884681 3144392
3611282 9751784
2851091 6117151
1614067 5092916
5891684 3439973
6829486 6470180
5994472 237351
5342991 9301302
2958561 7759437
1631363 6538994
1745713 1804781
8517146 4506417
2191656 7859430
932856 7528474
6673044 3338364
5847211 730853
1356819 4968412
6372606 6889867
7584166 7241188
8960738 16867
3695985 7253595
5292130 7414024
5127560 7933560
2608567 4360329
7039283 6638679
1907180 6646804
630901 8984349
4832254 8308880
1155271 243975
3642454 379519
221157 683485
9575379 7358186
8984990 1008277
670009 9289083
2439263 5880508
8440570 7970941
5597671 6017544
4591487 1908511
3260961 5626600
7399556 8014562
213402 8530465
9907629 2699217
6923939 9704661
1199702 4882115
1487560 4746392
7347079 5078746
9329396 3739921
9904914 6179448
1664375 1706334
4323984 5408896
9718716 9646866
3379834 3100166
7827025 9118844
7174111 170889
9479401 5840435
8385005 4537302
8499461 7747938
8899892 8367977
49274 3021710
5508296 4784854
7409190 2697123
1568523 9086287
4339736 9345176
9910994 263398
803599 5579639
5405199 3815847
9386181 7488414
6354024 2763391
7145233 672808
4822957 4428401
5858323 6742460
6442704 6737952
1812606 3136707
7596155 8641992
8953657 3877984
3883738 6247655
1840181 5831452
5374817 2439077
1267924 840823
4618045 2083233
7704339 9737710
6353408 3452465
1240102 8312833
4846064 3059766
4543541 4062705
8270318 1752977
2594953 6236417
3009333 9566371
8624987 4832355
1456954 3685098
3165045 6510284
7542582 1073520
7872526 9481212
177964 7391569
1558323 696719
4538353 859618
2060828 7256220
5765368 9310734
343049 8121701
9623115 8518603
2975526 1840026
8091714 1145050
5720730 77697
9625467 8029186
4760800 7195956
3519866 1818063
4921848 1652820
3954234 9756892
8431367 6260403
7273531 9097548
6282854 8188795
110598 6505310
930375 6315607
3537119 849397
3308738 4120575
4406022 2917972
3877064 3692038
2590908 4985648
8039614 2451267
2533802 3553120
2221399 4093739
7545712 2651181
9665161 7819263
3946776 3257434
3228623 2795119
3288689 672717
9245302 392207
8725889 6893899
2066448 6524010
3643369 9117773
6661232 6306221
6233412 7019533
8313668 6804000
3243824 6217743
3010192 4495846
8230874 8772698
9056145 682449
770971 6406803
3182720 6036106
4706328 2209300
5700302 5012354
3504191 9178059
1741280 3273398
1737149 3087346
3557401 6041494
5390832 2253616
6859103 7398704
1335785 7063947
1000096 7802352
7293972 5917623
999400 6581003
7835177 5407250
5808938 4868625
9830168 7378171
5537875 8670769
4114869 9316755
1268829 1619257
1769641 4551963
529401 4423850
9222579 7054529
7692811 9956034
1942609 791695
7653931 5006728
9751447 6880357
2859794 2081313
252956 6243812
3753961 8366873
7683762 1151822
6431754 958315
8427378 5575879
2547855 6332445
2660593 8044360
7124830 4326539
2462411 5773254
8508653 103279
4581111 5637528
6436540 913799
3541633 6043429
2441617 3611483
7974340 8163810
672892 7031641
8411913 1350853
3358237 7921495
8853809 5227192
7811011 1386687
787169 7136601
875142 2578045
1712639 827294
9027683 4397069
3189547 1975758
700264 9717189
9898546 5054172
4892963 4294376
2267100 4643661
6932657 6905556
3642072 8416871
8054552 4615008
8155780 5968494
1727378 9179321
958183 6770945
531165 2175823
6727187 6747678
25179 9751178
9352856 9906379
504475 1283316
7067343 4478920
7777310 2143869
956157 1120687
4223016 5086211
6023023 9450331
7547237 632348
9092297 3490729
2804906 7738535
8593528 2659420
8653782 509249
2554587 5439306
7595558 2228441
2849737 8593389
4909410 875853
9690984 6163046
264570 8647329
3792836 2112745
5881784 6094355
75711 8161375
3507264 949581
3912633 9143942
6200810 7955031
3198745 8346571
4850833 4145983
2183766 6487758
582169 9239224
1138428 1419016
5406501 8171900
9391499 5442375
5248594 7668532
6559700 6403872
1519451 1937774
8366179 3645857
971944 2377223
9332320 6895645
633073 2139115
4159419 184163
8843859 9335235
5764214 550936
2237307 1744977
2836802 8262506
8270985 8911369
9648042 2917693
1319068 4673501
6771716 6839991
5268405 1610514
4638081 9556060
907198 1886660
2855207 1344693
2681109 9595216
1693405 9182833
5642007 2292148
2121900 8787614
6810418 5928609
5983943 3224862
2085972 9295432
9045754 315948
9520927 8583799
6402940 4117545
2937035 643734
1191847 966489
2447499 8277501
3572463 887991
5391920 7326089
9765835 3944833
1845604 7339661
2553653 6959172
8826351 9213891
7366460 3308413
6715615 694125
6268282 2831290
5807852 9994235
6439898 7808333
8005082 2171314
3686163 6653278
9804688 8382792
6068663 7650468
3718810 1753071
7562842 687573
6663677 4775238
4734082 2416802
1441521 9818351
8726801 2288865
1483428 2140584
8406169 1951912
6700030 3308587
5882115 4380493
3437083 3306977
2127354 6821888
1875142 4455253
2343065 8353258
1274040 6989050
2418180 9111822
3962032 5860530
4828402 3285414
7069710 6265921
8920958 3531664
8963346 2580019
2531624 6592924
4131069 7661479
1466482 1017045
2348668 1593795
7846782 9089901
9545937 8906091
5311628 3335865
1584020 7887758
4076811 3568935
6677898 9986780
2238372 7396660
7079136 3811931
7597876 9934517
571887 4369929
4398802 2833301
9883034 6218642
8909293 2189101
2308168 6560971
291502 2714244
1441753 9236426
7116807 2258946
1735425 7246464
1413220 9996531
9260181 7488444
7519053 8364937
4765214 5731576
1435340 7364405
2174400 4927346
5600061 5739807
3993516 3557900
1180140 9494163
6604071 7402599
2478089 7105438
8198643 385681
4848987 4244662
8808691 4367436
8645653 8970456
8381920 161749
6514217 735918
1177273 1516153
3350864 1840790
7539029 8866925
7387457 6601555
7044646 7436021
7588154 5460556
5529683 3842084
123164 5651501
2335241 416995
5600210 5170428
5984726 6467194
8203837 6559660
276220 7559664
1260550 8286133
6936047 8635673
8718667 5985806
537388 9317952
7099658 5356337
8367375 2159651
9620045 262469
5553714 5924381
8408795 63199
2743514 7149304
4207241 1535149
9140455 1737868
907815 3415286
6039775 2035978
9684420 9876950
1099943 8742405
714140 3097812
5511628 4830076
1740394 2414433
9332721 2978418
1406269 9423719
8007038 9527308
2091193 6719299
1833890 2642147
1378958 6867736
5415035 1636509
340188 6577377
3598175 8743742
1422992 2814374
1655448 6588697
2903253 8976048
5442935 9733293
7683643 2493690
9286372 8692330
5937901 5024202
9745100 5680724
7373849 8677522
4153771 552379
7062024 2560624
2281936 3628495
8205990 566470
7844440 4447202
2652410 1868859
2893918 4954300
4727525 7578377
2180392 3326421
3698790 7282524
6888438 5732268
1037381 9952054
5250984 3482468
6191689 3839218
5603136 6054668
5248924 58456
1079542 9833688
5724153 5110384
6010132 3513492
5672084 210611
5271568 5472097
7871854 5247346
9601456 5081214
6105443 8838150
8361987 7323743
8170643 5414087
2728164 6414002
2116306 6168363
5595003 632056
9751663 598066
1908054 8935089
9233936 3698100
2749358 5713328
9507311 3166037
3742721 9818999
3209824 151520
5973507 1694247
3256053 5962347
9923181 8043614
1856341 2922671
6870736 6020745
2714058 9331328
9455817 7750193
4466317 9897250
3075586 4569730
7849503 6930830
4337326 442175
4620483 8281653
6826957 3377140
2746698 2950070
2406551 7800724
9019331 9178324
5683864 1930318
1937430 7714343
4240262 3607713
3998662 8782949
4093337 7115285
901702 8340488
5762349 3947341
7815761 5822359
7916336 2579016
6799065 1486809
4478783 8383548
7644975 7198572
4045938 6960079
4332663 3399405
8180934 1975595
6636566 1012185
5107574 6981869
2748119 6502478
4774627 5778350
9615914 6129037
2317328 6865386
6814246 8859168
9714442 7301313
759371 4284704
1051754 2233817
2358127 9703037
4248142 328645
313422 7768115
8925927 1130249
284496 2128740
6239551 6647681
5516647 4790358
5116139 7323973
2757338 6741279
6290698 2825816
2085844 5543348
7755387 790794
3601442 3829968
8719294 5929317
1963397 8505692
8739343 1330662
6787993 5358982
296489 9330921
9155466 8360456
4478027 1635143
9489792 283105
4705291 5822156
5257969 418302
159326 1479606
9255225 3286617
6056357 9516263
7148367 8583124
5876699 279518
6059492 2867736
2719056 4889449
1575003 528193
8022378 1298712
9860321 3891765
7996085 1122227
5377857 8934260
4633356 3073858
2607851 8097609
6000060 7893989
6881411 7000734
109420 291488
6578491 8236082
3025258 772466
9907884 9197537
9116344 6334832
9509472 6627556
4731954 9718385
8409648 4037664
2332354 2775372
5084399 1849517
9818353 313450
5089561 3667977
9058605 6970408
2174332 4722221
3923031 7132276
8147369 4921275
2032790 8793509
6243640 1956985
8980620 8979304
247032 1678843
651062 4155588
6368388 762242
1096900 3128872
5743649 5853441
1386589 2548182
3813719 69079
5428460 9083443
4366938 450823
173622 7895003
6150301 7051422
1748030 8345918
2910036 8095816
5727215 867628
1656880 8813267
7673392 4239179
2392481 9186106
3181844 3588171
8744147 7533468
1202384 7080273
7963641 1218561
8327745 5313486
6538524 6244391
2165488 6837308
3516360 3764186
7838528 9928817
8539354 9455359
8085217 1142589
7586150 9175528
9641100 6199727
7722101 3592309
1335890 1092629
9279209 8218563
9016414 8770464
1605632 863268
6966946 3655764
7842949 4664582
4526255 8248054
5715996 5726484
2177282 5783459
6172703 8384592
9208315 3325369
1078651 6096915
2632572 1768924
3287774 8698485
6205143 7488898
4422848 6438059
3412973 614626
8863463 8627067
9905448 5045126
9560226 7462579
1957183 1141081
9066555 294606
7656807 330444
3590068 2419519
7195584 3085261
5773810 2934354
8931297 5869197
1357030 823913
2438574 6400245
9064723 7769523
4822433 8290266
6110347 5311814
232534 4942339
2693201 6578411
2483188 8795248
7517385 7065483
6145114 5685337
8021278 2152362
6521632 9543836
9515773 1714304
4749859 5962125
8962873 9114128
2495433 5107262
6278196 1453853
6968304 8421022
1008636 1756211
3278514 4738779
3899250 9071372
1603703 1407510
3180815 646772
2889202 2190668
6918621 2410635
9624530 4382637
3378709 8733930
6654717 7462589
3072144 1522147
7156762 1021523
4127060 7607376
6553494 4528323
8245361 560369
3087328 5909737
811263 7070033
3493556 3674771
4184654 6513436
5426660 8710085
9579081 7552712
1503673 2769506
1843210 1034702
6933405 3564515
2741217 6660517
2545806 2871194
881687 1183434
3136355 6279027
4870181 3588881
239691 9827445
3618413 3590125
356181 4865346
1928877 2587773
6633355 8622080
6479212 1405815
3573128 2918406
13329 3957758
5873538 8460912
2983767 8833000
4678144 578845
5467544 1865703
5219722 4157739
9197578 8073929
345519 435617
4041748 5733543
1704941 2773919
1330133 1911495
3516965 4577026
4873122 7888745
7829640 6743497
158910 8332864
7371435 3510991
9910024 8949498
9753732 6579051
4040353 6731760
1613709 7095576
2252770 1497487
183639 8154836
811846 1800388
8052684 4746068
5000120 5245570
7332377 615296
8079010 968041
5576962 6955992
2018651 1336937
8634531 5697696
2857427 5812840
8051810 4564628
4891517 346740
5234348 2265456
3400436 307527
3175988 5176909
3332804 5268010
1567969 609142
606521 5880327
4186868 4074550
5513778 8206513
6380545 4507359
4511696 9721283
8925950 9649427
980031 2401511
3538943 8934220
3356527 5306647
9710986 7540889
5801536 3876186
7567197 9927047
2902532 1666995
8151404 185935
40996 8261607
764761 2419759
159868 7395493
2470161 6859597
63760 387509
9809959 6844449
9220070 2963675
4397310 6178419
7145859 7559296
7753639 4948701
7909804 9948612
3142420 5619433
4447282 2347902
140774 3641943
7358788 2131844
3485718 7457555
2336766 5462812
281795 2612531
388200 6076487
9020339 9123690
6346207 313247
8487163 5236873
6985956 7795323
9753052 8535297
6433022 304139
6347196 8310958
7999503 1945059
5651637 6050708
4836750 8397577
3473976 4010759
419448 5651241
4533127 6153554
5419234 3809025
4751813 8091807
7154456 8236779
6652759 3556086
8454911 1178341
646150 188611
9524884 7746274
4607075 6358843
913893 18284
2535095 8090947
3886185 8744218
7246505 9609848
247102 2827424
5589843 7431357
9378869 3677443
310792 9830571
5690871 5337628
5143633 9390995
542420 52049
9908590 2599042
3599067 8406732
7989330 180372
5278941 2635644
7114425 6553401
753879 9310476
2183281 1785204
4862643 711244
7900323 4665360
5943640 8988630
6470860 9234125
7592372 4577500
4624504 246263
5768262 6733392
8362667 42763
3116173 5579537
4934710 7258166
3884737 7296608
1115904 1242513
6403162 7724158
6154644 6181238
2706450 848965
8657059 2593296
6409809 9263391
6583513 9161649
4415030 2585879
9926386 6872253
4718682 3655370
1165714 3240287
8409960 3264274
6084805 7311672
9075112 1431895
5522370 3289252
2580348 8970258
7877046 4731832
2329809 4387394
8127133 4749842
8665242 8116701
59566 3565772
4949092 40819
7838289 7911277
6599855 9075809
1991217 9521619
7687056 5460004
8373036 2914538
4902060 8709570
7523633 7063817
7774753 6053668
9458691 6093705
98470 7025988
8939696 4250183
6716760 6221829
8577272 7981448
7375909 9720933
3593969 4961755
6998798 2231039
2579457 8584167
6812893 9996333
1665166 1045738
6735806 9135562
1912436 6545568
7059386 521122
4008204 4584645
938747 6640776
7689395 7804631
822669 1141064
3135958 6554018
3920592 4077691
4652085 8518986
2598434 2375101
9257615 503239
3369094 6159245
8923609 3476420
8433273 5540752
2333696 6355285
2100478 4743419
9270657 8839281
5226023 9959905
7199610 4240203
4139157 1055608
7565126 4426622
1401446 1176817
4061739 5060662
1130595 3015222
8529370 3580377
5120580 2784760
1385953 7082006
9264219 1756726
3819927 1725315
9532146 362206
3127139 1906805
5723898 4477911
7966272 2255230
6109569 238572
7416295 8204454
1701284 4822181
2529786 1934423
1944030 4676072
409918 1813669
6241966 3237905
2668551 4500134
6960221 8123632
1270029 5883032
2708502 8572462
6111163 355156
4443937 194953
2658624 9229453
3223688 1128356
7473505 4008009
2408413 1241986
3473061 227950
1968955 2785410
1574411 2160149
6096955 4524643
8593016 9737219
1971468 3974055
7183490 4640963
6594071 5570139
7395033 2734168
2599807 7005282
854253 3160307
4832285 6539871
2989994 7906045
8428241 2608393
9608092 3269100
5392346 8072966
9557900 2972668
335081 6805630
1114895 9532210
3612778 9753084
1566155 1881095
6705382 4087187
1927747 7396690
526593 1014205
2265121 8523717
1694836 9781445
9954238 9834531
3866881 1688187
396182 5995054
4240296 5090023
2284834 8919269
5467710 7966946
3990594 4971714
6819307 5754399
1283636 9161812
5860546 1860787
4107172 9923748
7442598 2397164
5450392 6030042
9465811 3065480
8942006 5048933
6510602 6656504
2127968 2164623
11237 719070
5639082 2717687
303292 7406174
1400564 519785
6866898 8390205
9833698 8026425
2430969 6710435
1401530 6824689
5963828 9436853
9831472 9822585
8790378 8900503
4728076 7922545
6285478 8245478
8614262 3396918
9253274 4696324
8337957 8900109
7990525 1633248
2305018 5753800
1358444 365068
2940981 6430142
87566 1991426
976560 1854290
8066879 5074163
8854613 1298338
7703593 4855756
7166307 4175006
5057751 2968955
5385804 31740
2232804 9350132
1793728 8480694
2734767 290752
6143131 7875226
8758322 3141342
7758761 3233492
1299542 427365
4384284 4211619
7343181 3263442
8661560 5322444
4200176 7467922
3701899 9323643
4416925 3285290
2480813 6281788
3571001 3734725
6141893 2178627
3870165 1939192
6597493 4050843
1057627 1177545
9411679 7289833
9080890 6934781
4401522 2165072
5337884 3380756
1374448 4096956
6368846 1145156
3790544 7500374
5010483 1683796
2316908 4448133
8371717 2555621
4517630 141896
4740551 26942
7684076 6419572
4564420 2576445
9675202 4647722
6938991 5990096
9815324 8165091
1417055 5712603
5309938 4403269
9650235 6324095
9338766 4370501
7601823 7319048
961099 2920586
1381592 4620950
3466927 2045428
2251206 5395355
8968427 2291862
497877 4519756
6180949 1417979
1466505 8485628
5274745 6902787
1409117 1819455
1233228 2184093
2989943 9614649
1960356 4222638
9009538 9394075
9114455 8402148
7403844 615420
7620452 9323167
3388606 7751190
2519504 4427334
7047982 387749
4127131 6014710
548432 821869
4843087 9220048
18549 5054968
6034800 6354428
6529510 794627
8845237 5948142
1494117 5775821
369259 3180544
7427652 9348222
9326509 2675186
736122 3141484
487463 3369375
1068797 3416517
8949438 3237699
4329581 4505261
810864 2031494
7468266 493750
4214913 7237923
9295832 3232376
537454 4766294
2127913 9209496
4753191 1152219
5519825 5325982
372722 9899058
7750850 807257
9016934 4982829
3725057 7427757
1465930 4616727
