200
3 1
50 50
3 2
0 50 50
3 3
25 25 25 25
8 1
41 59
7 3
37 30 7 26
3 3
16 12 18 54
9 2
9 43 48
9 3
3 40 42 15
9 1
29 71
9 2
40 42 18
5 1
76 24
5 1
39 61
9 2
23 38 39
10 4
18 15 34 2 31
7 2
23 28 49
9 4
15 13 25 19 28
7 1
64 36
6 1
50 50
9 1
4 96
4 1
64 36
9 2
24 45 31
9 2
3 61 36
9 1
65 35
8 4
6 1 32 28 33
7 1
59 41
9 2
32 8 60
10 2
6 91 3
10 4
12 10 29 33 16
8 3
20 30 21 29
10 1
26 74
8 4
24 38 6 23 9
5 3
1 31 67 1
6 4
24 29 39 4 4
4 4
28 23 15 23 11
8 3
10 41 24 25
7 3
36 26 20 18
3 4
26 26 18 3 27
6 3
33 11 32 24
7 4
29 14 21 9 27
6 2
42 53 5
10 2
33 54 13
6 4
20 30 3 29 18
6 3
26 44 17 13
10 2
32 29 39
10 1
41 59
9 2
18 1 81
8 4
22 14 26 28 10
3 4
3 14 71 8 4
10 4
29 20 28 5 18
8 4
27 20 19 4 30
3 4
22 26 14 19 19
6 3
32 35 13 20
9 3
24 24 1 51
8 3
6 44 23 27
4 4
3 25 15 17 40
9 4
27 28 25 5 15
5 4
29 32 13 4 22
10 2
55 5 40
7 1
42 58
4 2
36 21 43
7 1
46 54
10 4
17 25 10 27 21
10 1
92 8
7 4
20 20 22 15 23
9 2
51 15 34
7 3
29 45 1 25
10 2
4 53 43
5 4
9 47 14 12 18
7 4
32 13 27 11 17
9 2
15 4 81
10 4
9 17 16 39 19
8 2
30 13 57
7 1
62 38
7 4
38 12 9 30 11
3 4
35 30 6 20 9
10 3
28 11 1 60
9 1
59 41
8 2
93 7 0
8 1
55 45
7 2
32 45 23
6 4
13 23 12 49 3
9 3
30 48 6 16
3 3
29 16 49 6
4 3
16 26 34 24
5 4
16 25 6 21 32
10 1
67 33
6 1
68 32
9 2
56 31 13
4 2
66 18 16
9 2
26 11 63
10 3
22 34 34 10
10 4
31 23 33 10 3
7 2
48 37 15
6 2
60 38 2
9 1
11 89
10 2
21 0 79
5 4
28 8 33 26 5
9 1
50 50
7 3
29 38 12 21
5 1
5 95
4 4
24 35 4 6 31
8 1
88 12
9 1
62 38
9 1
96 4
3 1
43 57
7 1
74 26
5 2
19 39 42
10 1
82 18
10 4
42 19 9 20 10
6 1
38 62
3 3
9 59 15 17
7 1
0 100
7 3
3 34 27 36
4 1
49 51
6 2
36 12 52
9 1
93 7
7 2
35 40 25
7 2
76 21 3
5 1
72 28
3 2
16 32 52
8 2
36 40 24
5 4
22 12 10 28 28
10 2
39 2 59
6 1
50 50
9 2
46 21 33
10 4
27 4 30 9 30
7 4
19 20 37 13 11
8 3
29 2 27 42
4 1
62 38
4 1
77 23
8 2
40 40 20
10 3
7 49 40 4
9 4
8 26 11 27 28
5 4
9 19 27 30 15
9 2
38 53 9
7 4
24 22 31 22 1
8 3
23 25 27 25
9 2
28 44 28
9 2
11 49 40
10 2
72 15 13
7 3
30 41 12 17
4 4
36 23 3 10 28
3 4
23 3 30 31 13
10 2
36 61 3
10 1
20 80
3 4
19 18 18 24 21
7 4
34 24 15 15 12
7 1
27 73
5 3
23 38 39 0
5 1
42 58
9 3
30 28 26 16
7 3
5 15 40 40
10 1
16 84
7 2
37 42 21
8 4
14 12 5 39 30
10 1
21 79
9 1
37 63
10 4
29 28 2 40 1
3 4
18 20 21 21 20
5 3
37 4 2 57
4 1
37 63
4 1
39 61
5 2
28 32 40
6 4
24 17 24 25 10
6 4
5 20 17 39 19
7 1
45 55
10 1
72 28
9 4
31 20 12 7 30
8 2
18 23 59
8 3
17 56 22 5
9 1
52 48
6 3
42 35 2 21
9 4
9 21 8 38 24
8 3
31 15 18 36
6 3
10 44 39 7
8 2
1 52 47
8 4
25 4 25 19 27
7 3
14 3 43 40
10 1
84 16
10 1
68 32
20 3
16 26 22 36
17 3
2 31 14 53
18 3
51 32 7 10
18 4
9 49 30 7 5
20 4
3 21 10 34 32
18 1
99 1
14 3
30 34 6 30
20 3
15 48 26 11
19 1
54 46
14 3
4 65 8 23
19 3
43 32 19 6
18 4
12 27 5 54 2
20 2
22 40 38
20 3
9 12 79 0
19 1
48 52
20 4
25 19 16 10 30
18 3
20 33 25 22
20 1
85 15
39 4
33 15 15 8 29
40 4
22 36 8 31 3
