20
46 152 255 -3
84 54 -216 126
-153 -2 268 47
309 84 -168 69
-16 -305 -124 -191
-319 263 49 -28
149 -158 -104 87
-201 -301 231 140
-271 137 -86 205
-278 268 307 127
-18 -63 -51 83
129 125 -319 -311
18 -252 -257 -16
-54 170 133 233
-44 146 -5 -61
115 58 77 -110
-120 182 68 255
-136 260 123 161
0 181 -208 254
-244 49 3 -159
115
1
2
3
4
5
6
7
8
9
10
11
12
13
14
15
16
17
18
19
20
32
35
15
8
91
78
77
64
58
73
75
45
59
93
89
26
37
33
49
11
76
55
54
65
28
42
84
17
56
34
63
68
66
60
51
31
41
95
10
67
1
16
18
5
38
14
92
9
27
6
22
87
47
80
52
7
57
48
20
46
44
62
61
24
4
53
3
23
81
74
71
85
39
79
69
13
43
86
88
12
40
94
21
36
25
70
19
83
50
29
72
82
2
30
90
