50
-56 150 103 131
-63 98 233 177
223 -106 -194 207
255 -179 -255 -266
53 210 320 -182
-383 -41 348 209
-125 -244 132 279
98 231 -54 -83
-104 -185 -327 -98
31 -313 131 102
382 268 374 -120
-397 -63 -219 164
240 102 -269 207
268 336 -399 -314
186 237 -119 355
-390 86 -119 -106
-136 59 -299 154
102 -109 -78 210
65 -63 22 -24
-165 -264 -39 -157
-213 334 -184 -133
-221 328 129 -272
-362 241 -210 -62
320 191 -178 -294
218 397 -397 -213
-180 -269 -27 17
297 -103 162 63
379 -13 -131 -185
-191 -104 -54 -142
-295 214 -23 197
16 -254 -304 292
122 -143 -377 -202
307 313 -325 -248
-130 -268 -156 -362
123 -315 99 194
-216 142 -95 173
352 344 -167 -353
369 -174 -362 349
389 320 251 299
-103 391 -95 5
-171 -269 26 -163
260 105 -299 -134
244 188 342 68
150 177 316 -233
-322 -125 -37 97
-300 -119 -286 46
136 267 -105 -229
-84 -115 -193 246
224 -121 -118 -264
-165 384 144 -303
632
1
2
3
4
5
6
7
8
9
10
11
12
13
14
15
16
17
18
19
20
386
95
212
487
20
329
265
600
43
302
570
514
402
463
116
419
347
314
391
369
192
205
588
378
165
484
349
194
573
1
354
218
189
174
332
526
390
30
283
497
425
201
176
597
420
217
452
520
3
560
11
70
58
489
311
433
127
269
541
397
91
387
505
264
490
509
22
587
305
320
53
352
436
376
195
115
228
577
383
214
160
344
580
502
211
336
481
492
410
503
345
343
478
236
459
256
83
408
19
295
434
151
150
173
99
16
202
274
400
582
315
47
27
335
562
120
85
394
583
451
606
417
210
565
365
334
396
346
93
80
102
610
372
423
527
377
435
275
504
604
86
84
289
280
483
414
418
203
454
508
533
148
495
438
523
442
263
272
223
467
322
555
260
162
273
117
338
564
40
28
482
539
521
591
66
407
424
480
554
216
166
45
26
109
255
167
450
46
515
522
24
2
432
161
149
179
281
524
491
519
368
206
601
13
144
288
538
271
448
395
108
304
457
15
233
31
374
138
439
392
469
516
8
197
247
78
470
455
370
185
389
548
437
284
341
90
7
485
462
59
140
38
92
385
119
73
82
287
551
476
557
518
460
270
37
231
132
35
331
381
443
125
540
412
157
101
141
4
110
6
440
291
468
308
607
456
52
12
375
112
77
253
130
363
230
257
25
366
447
254
9
67
301
399
371
276
178
200
296
567
358
427
23
472
18
63
81
575
237
246
252
530
507
97
532
49
319
449
493
571
191
193
355
453
589
330
593
126
313
242
599
181
163
496
323
471
55
71
337
428
278
559
398
169
187
556
175
168
139
494
41
239
186
147
32
136
611
226
235
106
321
513
123
196
609
431
103
76
62
69
360
429
430
33
445
444
89
114
100
550
316
42
159
578
536
57
477
51
21
143
362
234
277
131
224
258
488
68
393
209
603
339
579
262
406
303
207
498
367
596
558
595
156
94
307
294
306
50
219
475
137
153
261
404
135
145
384
215
441
17
409
364
543
318
474
290
566
563
486
380
142
405
576
537
232
171
34
531
592
511
351
464
61
342
568
612
479
512
244
300
586
561
359
529
421
64
581
286
416
5
177
180
357
379
266
96
248
227
164
10
552
107
309
292
204
553
598
465
213
585
124
75
105
14
602
121
146
122
285
54
525
190
245
458
129
104
549
501
44
373
594
466
534
170
111
413
221
88
60
268
415
426
608
155
154
411
535
590
299
403
241
182
500
56
208
528
39
198
29
327
506
267
298
312
517
446
348
574
569
333
324
98
282
113
251
240
325
361
183
229
353
220
87
350
36
152
74
259
572
328
172
382
356
473
310
279
188
547
546
243
317
340
499
545
79
128
48
249
605
544
401
250
225
542
222
510
158
238
293
184
584
72
199
388
297
326
461
65
133
422
134
118
