100
54 351 -181 -15
93 -6 -245 -221
-147 229 141 -169
-389 209 -396 185
109 247 293 -235
255 -218 -107 -241
-285 85 -374 -316
257 -68 362 -233
-387 -293 249 188
2 320 373 194
-125 325 180 133
-233 89 63 85
-337 286 332 122
268 -88 218 200
-87 387 64 -286
159 214 308 -125
-310 -314 227 350
-149 108 240 -120
-52 -296 -398 -9
391 113 -17 -360
224 -177 -377 347
-58 165 227 30
342 57 147 -34
319 -181 -220 -65
-288 394 149 253
-198 166 -272 -148
-280 -173 -351 -344
154 -15 201 39
-38 -333 -256 344
74 270 181 -269
54 59 -372 -259
167 -252 -323 -355
-165 392 89 103
157 45 137 233
324 -189 84 306
-3 252 127 140
387 -22 -118 391
22 347 147 -77
25 84 94 -156
315 -110 58 182
-254 -20 368 -142
-237 -94 153 226
-88 73 294 378
21 169 -196 -311
159 240 -394 164
-234 361 -209 96
-236 168 -82 -171
35 -35 -302 302
-356 115 -355 -104
91 38 93 -117
-398 -169 127 -197
-350 -41 -326 -84
-77 -300 -11 -334
248 316 -337 -191
124 228 113 323
-68 -230 101 -114
-396 -28 -48 -279
195 312 -221 177
-120 -333 -65 -303
370 -391 -229 111
-191 274 68 -47
-313 -21 -13 254
-337 60 358 332
-134 260 -87 -334
21 212 -111 -333
306 306 229 -383
297 377 280 292
255 73 -161 361
57 51 -112 -98
76 79 153 121
-54 388 -322 28
-31 365 -357 250
-376 -298 -377 60
32 -259 3 194
275 -191 83 -185
380 278 -29 -171
131 377 208 348
-148 275 191 -310
-196 71 252 -23
-79 227 -252 -3
356 129 -347 -365
119 94 20 28
337 -334 -180 108
19 -222 -352 211
184 315 -123 -248
-326 376 -268 -240
230 246 -174 6
-287 18 -394 -360
41 -216 -395 246
337 330 -229 317
-72 310 168 91
53 -288 -89 372
-181 314 295 -308
151 -238 -368 12
-141 -397 -41 -96
23 314 -139 -291
393 -383 24 -42
-134 321 -82 150
-315 -130 -87 343
-85 -388 235 122
2495
1
2
3
4
5
6
7
8
9
10
11
12
13
14
15
16
17
18
19
20
1614
357
848
388
1632
1113
2458
620
2125
1516
1151
1130
2161
337
555
1879
258
1823
1532
879
657
1022
1582
1391
218
1251
1396
637
211
2058
677
1567
795
697
581
95
779
1250
1095
1292
2123
664
1287
548
1668
387
188
508
2285
995
558
480
1393
505
46
345
364
2299
335
1461
670
1636
1728
2270
1548
1690
1752
94
590
1362
1494
729
1336
1456
809
1856
641
352
2319
1796
2448
1169
1413
1798
45
1522
622
272
767
787
1235
2400
1618
2422
1785
2057
2354
1303
597
2226
1184
170
1860
80
1830
2041
123
363
2370
2436
569
1122
2005
2196
2291
873
1156
904
389
529
2304
1342
889
1810
497
194
604
424
1135
683
1215
2007
602
1009
2333
911
1046
22
603
2442
1227
557
783
1238
401
1652
1645
1658
665
177
720
1947
2
2134
2026
1719
1378
512
1117
1057
811
1145
1088
297
831
420
1083
2418
398
599
445
928
862
311
951
1928
1595
1648
386
144
253
2313
370
722
1837
1492
2047
975
128
1977
2147
640
992
328
537
1938
348
547
355
2017
1743
888
100
1987
250
354
2247
1832
956
2301
536
71
2035
1309
976
1213
2345
551
808
875
1232
2420
1190
1338
2293
1496
2106
2046
877
1028
1617
2088
166
2072
1875
735
2456
1590
1189
1926
643
1480
1079
52
712
803
1012
2030
384
905
235
2146
1115
856
1225
1895
1881
1847
67
2358
1761
2049
1027
2430
857
2357
2475
1844
325
1703
574
1784
1858
780
481
1224
1377
20
1861
490
522
1963
2066
1539
423
300
129
1450
1482
1418
1651
1740
533
2120
1789
383
2141
1097
249
321
2245
702
1751
2222
686
1129
2039
179
2214
2424
912
2083
504
25
645
1209
265
1136
1489
1428
212
2197
2251
1283
1036
1825
1210
947
47
251
1045
2383
417
2399
2395
1750
1013
1318
1043
2200
1976
412
1704
704
561
1261
814
1
49
1198
2373
2008
256
1575
818
1084
1141
1242
2452
1032
623
181
1278
2102
113
1374
883
775
467
441
1236
1643
1569
1790
1271
1878
2278
180
1673
2194
1266
1279
1331
2341
172
1936
1441
2217
929
2396
1142
396
1818
152
2464
2096
2342
2444
1685
881
1398
2405
871
1714
1280
802
1475
12
828
833
2318
2268
1988
635
283
736
2346
829
1839
2356
948
1995
1755
1349
784
2310
1736
1560
517
1665
1087
796
2470
838
164
1888
1699
472
2272
72
1998
2255
849
273
1069
1816
1241
952
579
915
1376
2021
1308
2423
2288
10
336
2438
76
890
2093
1258
210
1906
2104
1933
2435
2279
727
88
661
2263
1613
1109
410
2190
2031
1657
726
230
1098
713
1243
350
692
2145
2365
142
184
2218
614
1650
1304
1838
2406
2297
1930
716
592
1587
2243
1678
464
1794
1732
2277
1533
1146
1672
1438
1263
1024
1350
2063
199
1155
2298
668
1205
1408
290
725
1075
239
1581
193
1490
1323
981
182
2117
1062
432
1667
2461
1786
2455
262
36
744
1387
106
291
2353
1669
972
402
1916
1343
1058
416
2320
1808
2344
2230
1712
35
2220
1149
866
1819
1293
1023
6
931
2380
1653
1718
296
1679
520
841
538
1631
1596
893
1425
899
1917
1071
209
1410
589
649
2126
317
781
169
942
2450
1300
1048
1809
2156
1547
1701
246
1659
115
475
1114
2121
450
839
1060
1290
1920
2186
1952
1558
1430
924
1369
2290
1535
1288
1766
160
1059
1386
74
980
609
359
159
107
594
672
1216
516
454
1019
1611
1654
1478
1782
223
2449
1753
1630
476
1674
745
479
1760
872
846
1683
1773
1774
1310
523
2165
1634
462
1644
876
2086
1588
2153
642
1423
634
1731
202
201
457
688
2330
18
64
397
1033
2116
2079
1935
2376
1974
568
1177
16
902
1501
2311
1208
753
489
2237
1132
2062
1937
1931
723
1960
1037
2392
756
1211
1949
1484
1416
2312
146
1623
1959
591
380
933
1054
86
2434
1589
409
1894
1384
1747
2184
631
2091
1439
800
234
1939
1328
1549
639
114
759
1116
414
2198
1663
1421
1543
2421
1010
2221
644
757
1333
341
271
483
2410
1717
913
2375
2289
1866
1993
232
2267
2045
1820
542
858
2286
519
1827
737
825
607
117
2269
426
1049
1447
349
461
2179
2167
1994
1187
1649
173
1891
789
1491
2394
1296
1092
143
2457
1056
1268
1599
2465
2068
906
1689
699
1964
1161
1942
1842
1289
116
1821
1724
790
1230
1329
190
175
1510
1769
1255
37
540
869
552
385
2327
754
2090
130
1780
448
1357
606
1883
1511
807
855
1499
1020
2250
1739
1112
1570
2385
2195
962
680
1212
527
1270
1545
545
1748
610
1179
44
1372
2224
2033
13
1124
418
293
2219
491
8
1339
2207
2166
1356
1099
1015
1725
1537
162
1313
907
395
2132
1664
1390
575
442
2178
1945
2036
1730
2056
932
332
1583
2235
2012
2150
2144
84
559
2317
1692
2029
1746
2000
1412
1233
1897
1884
1253
1504
186
785
127
1788
1173
595
1849
2084
1853
361
1865
2002
2022
991
1696
955
1096
2302
681
1546
1813
440
2044
2048
2055
1983
1108
2015
525
2092
577
2428
1068
587
1195
1727
1555
226
2131
1775
405
659
1797
428
1694
721
1602
694
1148
746
578
451
1470
495
524
469
257
2189
2340
531
2082
2265
2294
1887
421
1419
53
612
2174
2089
830
1305
1131
2101
964
1340
1518
2142
2261
949
452
2427
1700
1578
1038
1203
2038
1793
646
633
2260
216
1445
2129
792
24
2111
322
206
2364
485
1722
2182
2051
2108
40
886
229
750
2234
378
1240
2040
110
985
650
1282
1070
63
1918
2407
1768
1158
1444
204
147
1815
1137
73
1975
2076
2077
1970
817
1585
1738
1531
507
2119
766
2025
2389
2393
1319
2431
2443
1676
636
1705
1051
1519
456
1102
740
2361
1101
1586
1001
515
1828
752
1000
1383
2378
2099
2386
732
1706
1604
823
1031
436
2043
2059
66
2164
760
62
1471
243
1593
2177
960
1874
805
59
2023
237
2241
761
1603
427
1770
570
706
1536
1106
1708
2173
1892
2152
880
2466
1171
1812
2097
1134
1291
1721
1528
1239
308
968
1527
1476
1846
2433
1276
1014
2095
373
1201
804
1767
2213
675
1458
954
360
1795
1299
1805
356
1666
1089
140
43
1118
1077
2170
1600
111
2113
2208
755
313
1297
112
14
1523
2061
1219
267
864
708
2019
611
1512
1520
2305
1932
847
2273
1029
1857
1814
430
1656
269
1744
1389
171
946
2027
224
994
922
1817
1870
2069
1477
2074
2163
1684
1055
435
1206
943
266
2453
1120
502
1086
447
494
798
2408
151
134
156
163
1621
1953
1414
1104
698
2274
2065
433
2227
1440
1469
593
376
1286
1100
1969
1921
777
1924
629
2266
77
1622
2403
621
1919
2148
1204
1159
1346
2078
832
1606
2415
1053
2053
2381
1610
238
280
518
1359
1559
2168
403
566
1185
959
854
513
119
281
2085
1855
145
1474
693
996
1044
288
2201
2307
1872
2336
2181
1541
1574
763
1502
1627
600
870
669
1530
2259
482
1900
2254
1640
1432
1017
2236
2315
1702
470
1093
1990
1344
684
1982
2151
377
1422
863
1436
131
192
2283
859
2309
2402
615
914
459
85
1200
231
244
2231
1312
109
1841
343
1181
2246
1576
2140
1734
1417
2240
2176
2110
1467
1957
135
1197
1607
2324
544
31
1066
1267
797
365
1851
2232
1869
286
2100
139
434
821
1110
1072
963
999
844
1521
742
728
1758
48
2143
1973
39
449
1207
1140
108
655
925
834
2275
840
619
1345
346
2016
1455
1347
2004
782
207
1726
2010
567
167
56
255
2300
903
501
910
678
2334
422
1956
1757
1074
1002
1228
921
1174
7
1713
786
653
685
157
314
137
1147
709
252
1765
799
711
1779
989
1580
1144
1126
1913
2411
1005
1259
1449
58
1584
1348
1850
2295
2175
1781
1505
1772
28
582
2326
1090
197
1978
437
596
120
2073
1125
2412
1943
1180
2105
2281
836
138
444
1311
605
2316
242
153
1691
277
1608
2473
2215
1540
2271
1670
1591
2157
466
1885
1806
1298
263
1465
2159
411
1256
1902
486
2437
1552
1771
953
647
301
1859
1050
1165
900
1193
580
1254
32
1799
307
2292
674
312
2098
1260
315
289
1433
2162
2060
1034
2172
1966
2262
339
998
1633
806
1420
2192
2071
885
560
1078
526
2212
122
1508
2183
103
1081
305
1394
2064
2314
2426
168
91
819
1222
920
1807
2282
2244
1984
1688
2329
1152
1302
2472
294
1094
1307
950
101
1191
1923
1153
353
392
2417
1399
221
2185
102
236
292
1269
852
896
367
1164
1281
1675
730
724
1486
549
926
1592
1351
690
413
233
1231
2391
1016
1802
918
2011
2348
1170
1628
1745
2467
1922
1262
1317
2139
247
55
1572
762
3
1961
1787
1442
460
1686
1388
2135
1404
1493
1355
1707
2233
2377
2303
2052
270
284
1168
1629
1601
584
1252
347
96
2337
455
1681
901
813
375
715
528
19
1196
1991
320
2398
2155
1202
203
1729
2355
1264
261
514
2122
2087
1487
2133
509
2171
104
627
2013
794
1026
1443
1454
583
213
1573
287
1764
1625
2124
1515
2409
2211
970
1192
1488
132
1366
2351
2441
1473
1295
971
2103
484
843
1315
488
778
1915
1867
374
1314
827
897
2462
2446
492
845
50
816
275
978
227
2425
429
1008
986
1662
660
493
2374
993
1777
1616
1972
1647
1557
788
1641
415
2006
125
1835
393
2463
2382
539
121
1429
1143
1127
1361
1324
42
983
27
279
369
562
1840
534
368
1076
468
894
1163
2115
503
1905
1759
576
264
2276
81
1914
38
1710
1561
1612
1909
15
240
268
366
2130
2469
625
957
1638
1381
700
1301
1218
2308
717
1639
2323
1716
2384
2367
118
521
1958
1139
1882
2107
1904
1175
945
1360
351
1620
916
2372
1529
919
1877
1733
1400
648
2432
2429
696
425
2202
2387
1962
1862
826
984
2369
2258
2363
1448
771
1698
443
198
2343
1326
938
541
1237
2037
259
372
1091
2349
326
895
1306
82
302
695
391
1273
2447
1868
1946
309
1330
1735
382
626
1803
1373
1863
842
1380
927
1562
1150
707
75
1080
1322
2371
2440
1824
133
34
274
2228
474
2206
1375
776
499
65
1506
149
772
973
1517
1811
1833
187
731
1544
439
1199
1401
2321
1568
1337
2397
1763
1067
1371
2454
30
616
500
909
1424
1852
1834
2229
2366
1194
1778
487
774
1133
691
941
165
1364
1047
2080
977
1365
1274
652
215
1327
820
965
1542
556
2347
550
1221
1409
1509
1246
1836
408
1534
1695
1896
565
70
1889
1554
1105
2332
1925
1354
585
1563
1565
1103
1999
1661
1483
195
1073
1831
1965
1566
1635
1172
57
2114
2256
1463
1229
1166
394
2154
1119
1898
917
718
2127
1247
1637
1275
334
1876
1577
185
1257
2223
1226
1392
217
1041
2253
124
1128
225
553
2138
11
689
673
2239
1864
934
1341
2416
1776
714
2284
990
2034
1459
1514
2460
979
431
1912
687
2368
1997
865
254
1453
2242
2158
304
1265
1353
1680
2003
769
935
1183
705
2054
701
930
1272
1615
1157
1320
733
5
663
810
1451
61
1715
1907
1379
1941
400
747
1363
1167
651
1553
260
2075
824
1434
546
1986
1186
329
1934
1901
572
1642
379
1843
69
703
33
2160
530
2205
174
89
330
1526
344
1003
331
2362
2203
1845
1513
891
2188
887
333
2335
967
1382
2401
822
982
1223
1111
191
867
148
2070
749
861
734
1783
2390
2350
654
853
1406
1968
741
155
1403
1427
908
323
1609
2468
1497
496
974
676
98
1594
1826
936
87
748
1472
478
2191
987
1893
1325
1435
773
1466
1762
1485
898
1277
1829
178
1500
327
666
196
1693
1550
1042
2014
477
214
93
1370
2001
1682
586
1160
671
453
662
161
1321
608
679
613
1188
1335
1754
1479
2180
1597
1162
617
837
2050
768
2419
719
1457
1395
1871
241
1334
2252
1955
765
1426
1556
1903
1234
471
850
2471
1085
324
2020
1367
743
92
9
969
316
601
2328
1646
1507
1452
1021
2360
1154
1358
738
1064
2359
2094
2249
399
1244
1004
1481
1035
338
2296
208
2439
835
1886
851
1890
158
1107
1981
2128
2306
1025
1971
340
381
303
465
310
1791
739
2280
1176
1407
1063
2352
1011
656
1446
358
632
2331
2238
1822
228
1940
458
588
1284
2322
1006
1873
219
2028
1462
2414
598
2024
17
1437
2257
99
1741
1908
318
1989
812
532
554
136
764
2187
939
276
2216
1801
285
68
1245
1927
2404
573
1660
868
1899
1605
319
2204
1525
682
1397
997
407
189
1804
1431
54
222
1720
571
1061
299
23
2137
801
1911
1503
1368
1018
2474
2459
1737
473
793
1951
1524
1411
1564
1294
1217
2018
2248
78
2009
2112
892
438
2264
2287
1248
815
97
245
1405
2136
1551
176
923
1711
638
1950
1742
2210
1792
511
1944
628
1415
1992
4
630
710
1182
183
205
1285
937
1579
1121
751
2081
1723
83
1040
278
1619
2451
535
298
2169
860
404
1671
1571
1030
658
1880
1854
2325
1316
1655
1082
1138
510
1800
79
1910
1538
1996
29
1402
1624
220
667
758
1065
1332
126
543
1967
1929
41
1385
2149
1495
406
1709
154
21
1848
1214
1677
1980
419
2413
1220
1352
882
2199
362
884
1460
2379
944
1468
624
141
1039
1598
564
463
878
2339
1178
1007
1985
1954
1249
958
2109
51
371
874
1626
2193
2032
295
791
2209
1498
60
1464
563
342
2067
498
26
961
306
2225
1979
282
446
940
390
2388
1687
90
1948
2118
1756
1052
200
1697
1749
618
105
1123
2042
770
506
966
988
248
2338
150
2445
