542
938 -299 940 -294
380 -916 382 -915
-807 -530 -796 -545
-793 549 -796 545
86 -994 98 -993
-633 -732 -621 -743
-938 299 -940 294
119 991 109 992
-683 680 -693 669
783 -562 793 -549
633 -732 646 -720
993 -84 994 -75
193 980 188 981
-987 127 -989 114
859 453 854 461
736 620 730 627
827 502 820 512
-672 692 -683 680
921 338 915 351
-859 -453 -854 -461
815 519 807 530
908 -366 915 -351
-261 963 -274 959
-983 -149 -980 -163
59 -996 73 -995
974 189 970 204
-310 -946 -302 -949
367 922 356 927
765 585 761 590
415 897 406 902
-367 922 -380 916
382 -915 395 -908
854 461 847 472
532 -819 541 -812
957 248 952 262
-504 -840 -497 -845
519 829 515 832
-776 -571 -765 -585
-886 407 -892 396
978 172 975 185
940 294 938 299
251 966 244 968
945 -281 948 -273
702 -659 710 -650
59 996 44 997
-406 -902 -395 -908
957 -248 958 -245
881 -416 886 -407
962 232 958 245
434 -886 439 -883
995 -65 996 -54
-730 -627 -717 -642
986 -133 987 -127
915 -351 921 -338
998 29 997 42
-546 808 -557 799
945 281 940 294
-28 -998 -11 -999
-717 642 -730 627
98 993 86 994
541 812 532 819
983 149 980 163
-434 -886 -422 -893
660 -705 672 -692
996 -54 997 -42
847 472 838 486
-836 -489 -827 -502
646 -720 647 -719
-783 -562 -776 -571
-992 -92 -990 -107
600 -762 610 -753
-532 -819 -519 -829
-646 -720 -633 -732
474 -861 487 -852
820 -512 827 -502
460 -870 471 -863
838 486 836 489
-859 453 -867 440
958 245 957 248
-965 222 -967 215
-356 -927 -347 -931
515 832 504 840
-347 931 -356 927
989 -114 990 -107
870 435 867 440
532 819 519 829
776 571 765 585
-576 -783 -563 -794
633 732 621 743
-460 -870 -452 -875
710 650 702 659
347 931 340 934
-207 -977 -193 -980
647 -719 660 -705
672 -692 683 -680
-847 472 -854 461
926 327 921 338
-504 840 -515 832
-395 908 -406 902
244 968 233 971
-886 -407 -881 -416
930 -318 933 -311
-752 -601 -747 -607
877 -423 881 -416
216 975 207 977
128 -990 136 -989
710 -650 717 -642
761 590 752 601
109 -992 119 -991
-930 -318 -926 -327
933 -311 938 -299
-999 15 -1000 0
460 870 452 875
820 512 815 519
907 -368 908 -366
-610 -753 -600 -762
-761 -590 -752 -601
-693 -669 -683 -680
989 114 987 127
-998 29 -999 15
356 -927 367 -922
-422 -893 -415 -897
-815 519 -820 512
647 719 646 720
-274 -959 -261 -963
-452 -875 -439 -883
-277 958 -291 953
591 -770 600 -762
-975 -185 -974 -189
952 262 948 273
-119 -991 -109 -992
752 601 747 607
-415 897 -422 893
-73 995 -86 994
-340 -934 -328 -939
-993 -84 -992 -92
-892 -396 -886 -407
340 -934 347 -931
422 -893 434 -886
877 423 870 435
994 -75 995 -65
244 -968 251 -966
261 963 251 966
-274 959 -277 958
-59 996 -73 995
563 -794 576 -783
356 927 347 931
-621 743 -633 732
-736 -620 -730 -627
-957 -248 -952 -262
881 416 877 423
158 -986 171 -984
-44 -997 -28 -998
970 -204 974 -189
119 -991 128 -990
-600 762 -610 753
958 -245 962 -232
-487 -852 -474 -861
-978 -172 -975 -185
-28 998 -44 997
-940 -294 -938 -299
807 530 796 545
-646 720 -647 719
-44 997 -59 996
886 -407 892 -396
439 883 434 886
-907 368 -908 366
-994 75 -995 65
702 659 693 669
261 -963 274 -959
693 -669 702 -659
761 -590 765 -585
-986 -133 -984 -144
998 -29 999 -15
994 75 993 84
395 -908 406 -902
474 861 471 863
515 -832 519 -829
-907 -368 -899 -383
-987 -127 -986 -133
-854 461 -859 453
-820 -512 -815 -519
439 -883 452 -875
-908 -366 -907 -368
-752 601 -761 590
395 908 382 915
-497 -845 -487 -852
-422 893 -434 886
683 -680 693 -669
-783 562 -793 549
933 311 930 318
28 -998 44 -997
940 -294 945 -281
380 916 367 922
-151 -987 -136 -989
-926 327 -930 318
-836 489 -838 486
-765 -585 -761 -590
-73 -995 -59 -996
948 273 945 281
-86 994 -98 993
188 981 177 983
-583 777 -591 770
975 185 974 189
-302 949 -310 946
-980 163 -983 149
-995 65 -996 54
-838 -486 -836 -489
717 642 710 650
583 777 576 783
997 42 996 54
838 -486 847 -472
-921 -338 -915 -351
504 -840 515 -832
899 -383 907 -368
-583 -777 -576 -783
274 -959 277 -958
965 222 962 232
-986 133 -987 127
-541 812 -546 808
899 383 892 396
151 987 136 989
-660 705 -672 692
-984 -144 -983 -149
-406 902 -415 897
-151 987 -158 986
487 852 474 861
274 959 261 963
-993 84 -994 75
11 -999 28 -998
-761 590 -765 585
-158 986 -171 984
-945 281 -948 273
-171 984 -177 983
-515 -832 -504 -840
-532 819 -541 812
-970 204 -974 189
921 -338 926 -327
-128 990 -136 989
693 669 683 680
-820 512 -827 502
-996 54 -997 42
-990 -107 -989 -114
310 946 302 949
965 -222 967 -215
-380 -916 -367 -922
-958 245 -962 232
-683 -680 -672 -692
-997 -42 -996 -54
-957 248 -958 245
-796 -545 -793 -549
44 -997 59 -996
926 -327 930 -318
-128 -990 -119 -991
-1000 0 -999 -15
136 989 128 990
793 -549 796 -545
504 840 497 845
-892 396 -899 383
-563 794 -576 783
987 127 986 133
-109 992 -119 991
-965 -222 -962 -232
993 84 992 92
610 753 600 762
717 -642 730 -627
-541 -812 -532 -819
-188 981 -193 980
302 949 291 953
980 -163 983 -149
-975 185 -978 172
-990 107 -992 92
783 562 776 571
-382 -915 -380 -916
44 997 28 998
962 -232 965 -222
158 986 151 987
-633 732 -646 720
646 720 633 732
997 -42 998 -29
-519 -829 -515 -832
277 958 274 959
-984 144 -986 133
487 -852 497 -845
406 -902 415 -897
-967 -215 -965 -222
-930 318 -933 311
621 743 610 753
73 995 59 996
563 794 557 799
-557 799 -563 794
-216 -975 -207 -977
452 -875 460 -870
-938 -299 -933 -311
422 893 415 897
915 351 908 366
-171 -984 -158 -986
340 934 328 939
-945 -281 -940 -294
-188 -981 -177 -983
-899 383 -907 368
277 -958 291 -953
382 915 380 916
557 799 546 808
177 -983 188 -981
-948 -273 -945 -281
73 -995 86 -994
836 -489 838 -486
28 998 11 999
-996 -54 -995 -65
-452 875 -460 870
736 -620 747 -607
970 204 967 215
-983 149 -984 144
621 -743 633 -732
-867 440 -870 435
-702 659 -710 650
546 -808 557 -799
-302 -949 -291 -953
793 549 783 562
807 -530 815 -519
-471 -863 -460 -870
827 -502 836 -489
747 607 736 620
-881 416 -886 407
-921 338 -926 327
-229 972 -233 971
-978 172 -980 163
497 845 487 852
583 -777 591 -770
-487 852 -497 845
291 -953 302 -949
-177 983 -188 981
251 -966 261 -963
136 -989 151 -987
-395 -908 -382 -915
870 -435 877 -423
-710 -650 -702 -659
-995 -65 -994 -75
177 983 171 984
980 163 978 172
323 -941 328 -939
854 -461 859 -453
-776 571 -783 562
-323 941 -328 939
557 -799 563 -794
-158 -986 -151 -987
-277 -958 -274 -959
-747 607 -752 601
-796 545 -807 530
-847 -472 -838 -486
128 990 119 991
-600 -762 -591 -770
-793 -549 -783 -562
796 545 793 549
-177 -983 -171 -984
-591 770 -600 762
-439 883 -452 875
-997 42 -998 29
983 -149 984 -144
986 133 984 144
-915 351 -921 338
847 -472 854 -461
-730 627 -736 620
-251 -966 -244 -968
992 -92 993 -84
660 705 647 719
406 902 395 908
-474 -861 -471 -863
-340 934 -347 931
546 808 541 812
-193 980 -207 977
519 -829 532 -819
-999 -15 -998 -29
730 -627 736 -620
867 -440 870 -435
591 770 583 777
796 -545 807 -530
86 994 73 995
188 -981 193 -980
-244 -968 -233 -971
-380 916 -382 915
541 -812 546 -808
207 977 193 980
-994 -75 -993 -84
-827 -502 -820 -512
-367 -922 -356 -927
471 863 460 870
-962 -232 -958 -245
-970 -204 -967 -215
-867 -440 -859 -453
975 -185 978 -172
-519 829 -532 819
-952 -262 -948 -273
-291 -953 -277 -958
452 875 439 883
765 -585 776 -571
815 -519 820 -512
302 -949 310 -946
-647 719 -660 705
367 -922 380 -916
497 -845 504 -840
-702 -659 -693 -669
-854 -461 -847 -472
-11 999 -28 998
984 -144 986 -133
-434 886 -439 883
-948 273 -952 262
908 366 907 368
747 -607 752 -601
-233 -971 -229 -972
-621 -743 -610 -753
328 -939 340 -934
171 -984 177 -983
-557 -799 -546 -808
1000 0 999 15
-908 366 -915 351
984 144 983 149
207 -977 216 -975
-870 -435 -867 -440
859 -453 867 -440
-323 -941 -310 -946
-838 486 -847 472
-497 845 -504 840
-233 971 -244 968
576 -783 583 -777
-347 -931 -340 -934
-11 -999 11 -999
974 -189 975 -185
323 941 310 946
216 -975 229 -972
-958 -245 -957 -248
-610 753 -621 743
-193 -980 -188 -981
-439 -883 -434 -886
-926 -327 -921 -338
-474 861 -487 852
-815 -519 -807 -530
-136 989 -151 987
-870 435 -877 423
-710 650 -717 642
-962 232 -965 222
-827 502 -836 489
892 -396 899 -383
347 -931 356 -927
-98 -993 -86 -994
415 -897 422 -893
291 953 277 958
-563 -794 -557 -799
907 368 899 383
987 -127 989 -114
-940 294 -945 281
-877 423 -881 416
-967 215 -970 204
867 440 859 453
-229 -972 -216 -975
978 -172 980 -163
600 762 591 770
930 318 926 327
98 -993 109 -992
610 -753 621 -743
-251 966 -261 963
995 65 994 75
-382 915 -395 908
109 992 98 993
151 -987 158 -986
-415 -897 -406 -902
-693 669 -702 659
-216 975 -229 972
-310 946 -323 941
-974 -189 -970 -204
-717 -642 -710 -650
-86 -994 -73 -995
-109 -992 -98 -993
730 627 717 642
-647 -719 -646 -720
938 299 933 311
952 -262 957 -248
310 -946 323 -941
-576 783 -583 777
-471 863 -474 861
-952 262 -957 248
576 783 563 794
-98 993 -109 992
-261 -963 -251 -966
171 984 158 986
967 215 965 222
996 54 995 65
-747 -607 -736 -620
-881 -416 -877 -423
-998 -29 -997 -42
434 886 422 893
672 692 660 705
-807 530 -815 519
-291 953 -302 949
-933 311 -938 299
999 15 998 29
-877 -423 -870 -435
992 92 990 107
-515 832 -519 829
-765 585 -776 571
990 -107 992 -92
11 999 -11 999
-915 -351 -908 -366
-989 -114 -987 -127
-736 620 -747 607
-207 977 -216 975
967 -215 970 -204
-672 -692 -660 -705
-119 991 -128 990
-136 -989 -128 -990
193 -980 207 -977
683 680 672 692
-460 870 -471 863
-59 -996 -44 -997
-328 939 -340 934
328 939 323 941
-660 -705 -647 -719
-546 -808 -541 -812
-591 -770 -583 -777
-933 -311 -930 -318
836 489 827 502
-899 -383 -892 -396
776 -571 783 -562
229 972 216 975
229 -972 233 -971
233 971 229 972
-980 -163 -978 -172
999 -15 1000 0
-244 968 -251 966
990 107 989 114
-989 114 -990 107
892 396 886 407
752 -601 761 -590
886 407 881 416
-974 189 -975 185
-356 927 -367 922
-992 92 -993 84
-328 -939 -323 -941
948 -273 952 -262
233 -971 244 -968
471 -863 474 -861
10000
1
2
3
4
5
6
7
8
9
10
11
12
13
14
15
16
17
18
19
20
22717
28352
52093
59664
77148
9947
43840
63261
67815
91219
1962
5459
64300
51715
25482
72707
6446
43521
49722
35299
34218
83375
39285
59096
10728
12417
9341
26489
63880
4324
76934
36174
71610
12890
96718
25260
67095
10503
43188
64387
64360
14791
25034
25325
51443
11467
78207
18313
9285
83042
58724
97026
74921
53507
26163
25194
55785
24197
27288
43434
31944
26301
1206
4160
39904
63957
25584
88520
44910
49125
33654
38971
41102
30997
26139
39816
34943
27191
52326
21684
95311
83018
62363
10449
81401
25941
42578
27247
75289
56479
69810
85097
51728
4080
22932
43292
1424
48581
3687
18799
73941
22954
23571
41369
11431
5062
80315
45066
77649
22628
27098
11908
74979
51787
50686
15361
53114
21604
91769
31296
82228
3145
73235
5531
48058
48001
57220
53339
75841
95846
68708
79551
34250
7348
77118
37019
25595
415
44569
22528
97675
96265
15083
39364
15250
27454
78163
49221
95653
11506
92662
65612
73739
67636
59190
2412
65653
29046
4334
3228
44767
69282
23953
26394
46264
48104
23363
3661
86188
29893
36084
37827
76629
45552
967
62657
4081
7109
33827
70523
45944
46389
36201
56875
86094
89129
80161
41817
62599
6830
9031
63416
41398
68512
15096
145
18508
89597
30432
81913
51836
42335
7966
3636
88593
64877
4233
63374
32713
955
53375
3157
8656
57139
49991
54786
11819
15578
36160
54479
67410
49624
92788
54438
28171
44053
55019
93035
80528
12328
56885
70355
15362
89413
8681
3188
37686
94254
8341
85036
2884
37165
53411
66997
5214
50076
27751
96214
14696
20928
81285
87508
79309
68432
47620
37323
5259
19141
71601
71359
12434
16614
78370
49597
61927
59507
82150
77749
27843
49168
19509
44288
95583
25932
14734
61635
80946
37993
48263
54603
14555
41120
27434
44651
48653
36785
30160
42772
96934
18839
11062
73537
40406
23567
10909
35061
48041
53795
75042
94494
18772
75720
27989
94344
43968
507
54308
93194
72418
70836
28432
56624
37653
76307
83496
77840
32697
47882
71924
11193
4800
71866
73526
55329
2537
25917
62526
60524
27611
54210
10473
921
36055
47008
82278
53557
18678
8894
57548
35373
33086
16643
13647
26376
53623
8477
3685
68149
47248
60999
7095
42380
6600
679
89847
43485
52160
62169
68426
88960
85569
65057
54156
94332
48933
30145
34225
57272
18591
66036
64286
34622
33843
84904
5984
52029
68041
3905
78712
55049
51184
86371
73179
40989
96133
30778
35153
31073
6048
55955
74220
725
66444
12682
18000
36548
11443
25518
44034
10095
69972
76135
74507
9594
62881
54852
59442
42899
7917
58145
57039
47276
22521
95027
28012
23891
62269
42248
67578
36925
42272
33231
94938
275
69032
48692
50715
91467
45116
29085
29998
55822
5786
84511
62974
91626
83706
21215
6825
11470
87067
44009
15759
65875
68099
84245
97695
59358
24867
60805
81672
1865
9284
45157
11198
10550
76004
40691
47559
24612
41300
92637
44262
77877
75543
28282
67803
68922
19100
96079
70079
88507
47553
70267
50717
13790
53324
69003
24033
60265
68533
97075
89264
16619
36231
9203
64378
77674
56063
91739
4792
1272
72721
36903
14000
39650
76145
45235
52511
15061
35028
71438
21919
54837
41436
53262
58977
23111
61509
6191
74426
72715
35543
73640
56730
13457
66157
10942
35389
9965
73713
50185
37569
27804
2509
28166
66579
22683
65123
41566
1593
31676
36220
1262
80741
3730
56019
1571
90065
42263
42213
80783
35140
26153
43142
37668
76305
33990
87844
52049
78584
61027
66929
11818
39089
19513
53148
32463
95040
77235
29678
87841
69717
58802
80320
12237
76262
21268
25492
20651
61795
9860
32601
56550
77380
89940
94153
76359
48795
47767
32402
76865
45569
93310
28503
60086
67287
57607
4735
93123
10472
10518
88208
44696
16263
45903
69421
63723
29031
70195
56438
24401
70093
37020
63299
37417
17471
81150
36960
39503
81488
87491
94625
72531
25170
69897
92985
5303
64872
23216
67401
67923
505
2638
91120
54687
96161
5659
63838
40205
13277
8939
7238
24232
43085
24002
33882
61263
21089
63045
64710
68578
92302
11948
92658
45869
5661
65780
1288
50811
25512
21080
75020
93212
34960
34749
3808
75820
64069
58474
71247
30108
53251
19468
72981
45756
53112
94975
4745
84513
51688
17467
79223
21323
95208
77352
8986
8408
73657
40608
86045
41280
87410
45406
28849
88038
40259
59238
15145
67666
87716
11188
94675
46273
5971
38294
13017
39222
74995
67709
18415
12962
76478
74158
5284
42675
85908
92560
30514
27871
5818
80769
78149
90026
8844
58632
76858
62631
95231
51561
69746
66960
92779
4629
81733
80914
78954
23180
71214
48776
52153
71966
65961
30676
84383
22849
81385
60196
75212
27642
75155
1575
8513
51911
14825
50217
11575
67943
54586
44305
40933
33339
21848
33646
27103
44627
55507
76385
19474
51619
29061
26026
21335
33550
80396
4923
16593
3885
28710
17429
7901
35316
30101
12936
16710
10899
13129
21158
31383
65507
46542
27786
63636
93201
76373
49010
16841
83094
89486
94514
88028
18881
48881
73498
36321
93265
48453
8062
6911
17336
53555
38999
46772
8884
90216
8033
58371
46966
56537
53524
3763
36312
31399
17206
19634
96948
26408
36935
52313
12058
50157
3069
47806
39117
23497
65463
96322
23598
48356
17779
3987
72918
95350
85612
29489
20975
70872
97268
70778
29838
79024
14500
20823
4007
18075
53752
30537
69842
79887
82803
91827
13132
41612
19235
21852
66832
20828
36533
52638
24482
93939
29692
83138
18638
24229
43614
77351
2498
6092
18821
51469
26786
44147
78983
32029
62963
18232
25429
75141
79922
27078
66340
77640
18988
20824
80477
25467
18708
2366
31592
69361
5114
69138
50010
80123
32104
18162
84590
28517
93615
8791
30137
16686
92016
19274
58787
18788
29981
27483
6148
74211
75144
87276
88932
97555
72780
86994
29551
22271
74071
45894
39682
16912
80815
3074
18068
57583
81948
3681
25244
63914
55815
70238
84905
92133
31634
72835
45849
5078
42289
43530
69568
90318
74679
88927
94837
30090
62483
68526
36268
70017
7092
29427
52158
38328
84722
56415
24333
97845
66095
37374
26696
45430
12810
13674
48626
64398
6559
55838
14425
49980
75550
65424
84878
63765
83167
16958
39299
53046
71411
3611
91091
27892
24322
90050
46834
89983
30561
93022
68134
27174
60115
61248
92422
71554
35016
20312
23498
87241
57686
34979
18192
12222
60675
13945
14602
26994
4360
33049
15746
38113
7083
51395
15835
36116
25720
19262
40874
86204
26113
63736
19898
32046
36677
60906
19428
58151
28131
60716
21784
7369
47716
7052
5096
91922
28000
15573
31084
62534
31005
61354
1842
84344
74547
42656
35469
31913
56485
44352
53282
70607
72089
23899
79222
31279
30252
17530
88726
48341
87303
65144
46334
12418
30296
62838
67154
74895
70444
59363
36224
55543
34282
14547
12029
82451
93606
21137
92611
28617
48911
85198
620
27891
60919
19510
9795
15229
83684
57955
27702
48426
91066
88241
77223
544
59215
31170
35030
90541
64307
77785
38799
73920
26651
89642
58604
42429
60270
25382
54253
84096
42019
62709
26921
91115
65011
93522
63665
30178
24030
48734
80448
23558
68256
24765
54998
16842
1214
62900
43982
52177
96025
74756
48524
43016
70419
78100
6782
13492
61376
88973
76406
73821
16843
11893
80403
10684
3059
31091
12270
55010
72619
26668
97720
50801
85943
92187
86726
90403
38263
33769
77857
94317
4860
85159
80314
37515
55077
95796
46663
15754
21751
93525
63671
68078
350
16532
64896
2432
65357
6006
28098
42609
84118
6278
4010
97496
78351
79979
1912
59438
41584
36305
799
51192
16650
78516
26337
5014
29909
237
59757
46957
72478
60150
77562
48262
58895
35404
32088
58300
30650
58177
23695
75672
59722
77432
87186
63108
82362
46161
25693
25169
60342
11179
54774
50229
48607
7539
8010
60202
67464
96323
89788
77222
55536
8299
38025
56764
15220
95918
72837
66073
6415
22627
85967
29310
49054
84949
72886
43385
1684
22071
42231
27158
24490
4545
37665
86122
91127
81663
13639
40879
91492
84002
79735
40527
50299
96709
49890
49595
41841
34920
36666
3245
67091
32941
10291
71367
94584
65282
38743
90328
88319
86055
65047
85723
19031
78074
48861
52367
56528
28071
39697
86613
77438
59383
86513
67560
4598
19115
89276
42053
77354
73892
10495
39890
65982
22984
15335
32968
91221
75365
14438
90608
97876
44519
34878
58885
49530
74251
70498
46929
97883
75340
63748
37747
19431
44432
69715
82108
91259
17338
35095
10426
55846
26237
93137
77786
47936
80324
52164
44712
6412
17091
75258
80306
82526
68011
57318
67136
20147
12914
36473
90176
14238
3972
24102
20393
53497
93974
44646
82622
4427
341
22275
61404
64568
709
49895
34825
92168
6129
15121
80826
21542
95816
2036
2338
89817
33330
88157
60838
94866
82834
69668
39086
22060
68006
77121
12691
10577
4296
10975
84223
16972
52797
81013
67841
91548
17213
60485
42241
21998
56968
27399
40052
51266
91274
9963
28284
76258
18227
1172
24665
11163
79603
26076
57587
80437
52119
68306
18479
79069
21286
58132
70199
50132
79247
97194
76732
51353
61305
72808
11451
42990
40995
25795
58223
4685
66277
28671
85439
38069
86215
4783
83082
66041
54698
66951
92863
80336
44674
6100
57111
42485
30631
10013
15143
13683
12315
13498
48314
63539
90030
23905
63244
4552
77274
78364
65353
81048
74598
70853
84561
94399
71951
73338
57525
46864
30188
57881
15548
76612
81968
69119
63362
62219
18448
79432
75122
59399
43251
78380
38105
30745
37316
17074
4017
62487
72035
74973
41030
51182
98006
84974
53315
38012
45418
31569
92562
6654
2363
55884
82465
16037
43118
51883
45316
70380
31898
69506
36842
55310
94358
34571
15698
9181
7245
78011
54471
64942
44002
33614
55775
36118
24026
73569
31881
17866
25023
56491
76284
17216
50598
51093
33999
45681
21984
71280
77490
83939
52536
92477
93476
32195
43674
20153
16918
91458
23035
54301
40813
48638
81544
71679
37646
70913
92716
26581
77528
15818
96945
78046
13577
20265
17747
81601
71346
87480
17070
60757
5223
79400
52138
77174
80358
39871
40376
46879
54563
24109
5512
68561
50956
35262
26267
50843
13172
65694
7080
27543
80483
87473
77884
84522
24840
37008
6350
38789
66905
9035
49763
89571
87344
15165
49999
49812
88001
27756
28428
57216
95189
30282
42647
68410
60449
74440
69990
53408
8742
58661
3656
40351
6592
30362
67754
3488
92724
10962
1640
56915
72662
12358
79729
4255
27361
33063
71608
88146
19112
27560
47298
5420
56974
77312
46430
16334
93905
48142
21495
38433
64335
1190
41149
39216
35164
48970
51489
88277
21397
16637
96509
38495
84714
5135
64009
64395
84163
8965
63876
58461
76791
60839
80047
88478
58590
17072
54112
27460
43371
78812
95165
12341
53558
4857
8732
50429
14921
23490
52636
8346
49612
6822
26181
43601
31809
14823
33830
49776
36276
24407
68100
66904
85426
93030
62207
40309
32386
61885
23837
45077
41459
59479
39903
10240
34049
38759
14089
67631
85534
2138
94215
43763
91843
665
24128
90903
95493
2150
55096
88821
3194
4617
45801
25991
89000
29171
73315
69097
26504
70427
43546
32108
3999
21439
23033
21030
47994
20704
92099
48326
36065
47679
14441
33802
38857
24733
69275
6797
60769
73497
32192
2520
82408
67373
67345
86021
94002
69651
36558
27013
79340
78267
35351
16040
41884
15447
15331
14222
23078
55451
61542
9884
45948
21374
97513
55602
58646
71950
95418
60969
46976
57032
8529
10897
8772
70317
4624
43059
73816
37463
78294
75146
88093
73635
9094
13734
17459
58200
81843
67015
87911
21944
88154
21746
10651
32267
77192
7373
59974
89567
71926
51944
74395
20014
24777
72366
34224
42063
1524
94800
28418
72120
56068
75479
19456
35423
6384
14030
67267
78300
45674
44396
21414
11520
75804
33041
43727
78605
438
88392
17473
68737
12748
45438
75434
11003
29370
96475
13176
69394
54096
57709
43805
17441
78769
48605
57080
10780
36031
89229
38985
81750
97183
72558
68773
41148
53652
56588
48011
68527
65888
23806
85618
56877
35538
24360
66910
87175
82983
42555
92862
77427
76424
2488
93513
83841
57802
74042
46937
95864
64811
4202
34560
3513
12997
10951
96568
55371
20713
6915
6919
62539
18935
37871
30302
86244
37195
78949
71639
73483
16447
44830
71982
8402
20746
40721
64342
3663
51928
94150
15144
46287
83518
67379
46390
52792
24015
35534
36246
707
18750
46983
64831
43603
22892
53136
77873
50051
49086
73468
13319
67708
85124
13957
55369
92518
47151
69711
28725
59265
42034
40197
88376
88120
37864
50611
26827
21135
9854
15774
48722
85632
38423
2977
72839
97805
83989
9188
78164
47897
60467
48456
28575
2091
86800
77628
779
36642
49463
64083
60966
95536
53627
54959
54949
30408
28184
46454
35505
16136
92721
91951
78779
29796
31857
57431
19643
37512
7558
64573
23997
4972
78692
29257
44134
37491
11426
934
11008
47107
28694
70456
18607
45211
78306
3751
77372
38654
72331
64504
72335
89742
94277
29403
61268
4517
79839
80211
91552
95420
15016
67072
39856
38877
57687
21165
79492
81894
535
39553
13603
27779
89669
35884
93674
58216
31461
20973
55275
47611
36691
76847
26368
17795
51683
62357
65352
52759
16996
7248
67637
25814
55904
88529
52414
59405
86171
20215
5138
68437
62359
80991
42898
5467
46891
72882
75593
77220
93350
57775
55682
82311
9607
88401
71945
43502
59730
9819
78177
63252
51364
85416
41332
49622
30853
92791
1264
9870
2403
32034
41355
30095
86227
84614
93041
28002
71911
38767
60061
88162
63653
1407
55079
97228
33536
97055
43495
89278
54744
6792
21472
52249
92944
67941
56530
9925
57402
41946
57386
8216
59015
43652
46532
85180
18435
24377
72216
14650
87540
35887
95080
63301
45717
36503
19635
41208
23518
21865
48868
51138
65952
7593
12445
36528
80804
78270
12239
69335
24996
47362
45388
28364
26234
61631
50855
75847
57708
5225
72834
47735
75731
44219
87053
92798
71965
92582
47979
20882
74769
19019
13515
58816
33910
94722
85915
79367
28952
82426
42758
19098
23624
73141
8468
34489
64781
81472
22594
81081
59425
30510
35184
62537
71689
5908
3023
35402
38009
89564
93543
53318
75545
87131
11994
91774
36809
76686
44729
54686
79731
73099
43316
42141
3607
83215
76216
25144
93355
96739
50327
44022
70810
7254
32014
73300
55400
62706
24459
13962
57396
97731
38427
65843
81829
66373
6660
65442
14709
37990
5728
49413
48879
35044
86033
10667
85035
95800
61575
29491
93603
25112
59321
41856
45646
60723
42587
48824
76922
59748
45049
91039
10162
63613
24327
60592
11630
28231
47157
40940
4806
5158
20063
95190
81861
52702
64114
63188
40019
61697
31796
77627
32781
58264
62643
62520
50186
9828
5344
64331
37627
90644
93197
17043
33779
70119
52796
34382
36394
33150
17839
68982
68681
13325
54723
9033
28685
18169
28639
74020
7615
86548
72794
64993
61382
28130
89321
14875
94545
69620
13516
74889
40616
7299
42917
7862
52967
42320
13487
53298
23250
74761
96974
3585
63365
25969
11160
57023
90705
64423
69203
24989
24042
62617
25973
66402
45784
71953
81427
12706
60351
23375
75433
97279
49057
90479
57469
29494
87937
85402
70805
68842
41783
34739
39152
8865
88725
89747
25507
92778
66782
53515
35708
45925
58241
1596
23645
18411
29970
50451
97920
94013
80632
60796
496
67879
61483
23593
2868
20864
43052
69131
32767
11307
49254
13879
71230
4127
32978
25621
32926
42350
9625
89855
28384
70166
46021
47423
56319
57735
19085
68161
10549
15501
15038
42548
23181
27745
1360
81998
96501
86162
22108
1791
51336
97776
29591
792
33200
56012
2002
40066
73905
34315
71174
90164
18672
36191
12433
49343
54815
97027
49882
83390
77754
27627
41564
18857
4559
70951
17318
27512
50795
69977
14937
35460
64931
14612
47232
58110
42840
54292
8964
56985
46450
3055
38753
11171
73554
47668
58998
53567
14860
14383
47459
38540
11069
22263
21981
36414
96253
74751
21033
82967
28930
86620
29780
56525
73175
72933
35755
85715
39318
22584
95265
52515
48268
18822
57223
69609
4400
79040
55131
32251
404
56788
39542
60155
14158
52655
90847
3806
22048
90876
12186
27997
8353
34226
91609
47894
54743
61410
72408
11964
1508
4001
74845
38731
12077
58601
79398
33109
79049
38242
77461
47738
40498
32033
44621
67179
18630
38848
73879
61763
40452
78493
27986
68498
80790
86329
21321
10623
26291
14258
51331
2579
31298
87359
3964
86702
77125
8789
76409
25494
35041
61129
56268
5041
40573
30246
74816
10848
64756
74068
10125
8015
71144
73002
22784
85236
14674
28942
14260
5157
64524
37448
79126
91205
95354
12098
61605
29087
60273
86900
92114
97515
38525
41222
20794
50286
62731
96903
73084
16570
22955
26770
81158
66239
78224
60551
65215
53381
52781
67348
54673
79795
85193
89249
5327
83609
83081
92970
14993
45898
37604
7782
45349
6582
21228
30220
56221
1972
80467
28309
15337
77170
1848
34512
81774
52835
55873
62514
50423
91558
57769
39983
86965
60188
58382
97721
79118
68739
37012
98090
64308
87548
6461
6008
46628
70703
65890
26332
29155
46905
90338
13422
32132
44613
78167
76873
53943
92755
40829
85359
37582
14293
14681
46744
64913
89001
37519
39874
46198
59347
74706
92219
10081
29836
7780
18327
53775
86147
19983
30106
80159
71990
23355
82731
56236
92451
31755
92617
25866
52329
72181
42737
16485
97195
45132
65607
60962
5817
26359
54782
27148
70553
47331
27441
32527
18932
13655
84554
10478
74136
77918
84058
8684
47050
9778
92692
32091
32626
75995
4849
75624
64372
2452
92810
94989
82155
35083
80253
51081
59894
74983
50257
61708
28198
43489
58404
30139
12210
62946
34984
325
25422
76546
20976
70546
28021
57480
85335
36737
83780
94929
35466
49872
54702
27746
38996
42509
52534
77777
50021
16895
43666
84301
32182
24619
88263
23000
52356
46598
69792
96158
63590
47907
4954
73038
26503
56159
19027
29210
11614
97603
78774
20697
3601
62321
41850
37973
40397
30541
91155
25736
77824
5370
29010
38907
18907
82135
45284
97491
1806
16719
24415
72009
86583
53640
12654
32311
14053
63315
68093
92394
9313
85144
11851
30894
24388
20303
29695
71815
91997
66991
46048
30729
71749
7035
30721
46319
46865
39548
40956
9255
70949
43742
17308
62604
92294
43424
54110
59500
25408
47942
85308
69903
90357
61722
76869
253
10230
36047
24852
55270
89127
88555
17819
42259
62554
72974
70310
71383
10995
47809
91414
22544
36299
87926
95224
97685
88859
42661
38291
31505
37045
65781
58799
35768
55680
50144
46220
36735
75148
26723
57910
94757
66890
78259
85443
76426
47378
89967
23934
45401
16042
92368
42709
40650
66512
9653
19726
26208
1473
58527
44140
71499
96562
43863
47373
58492
46858
22133
38075
38250
32017
30640
75513
13803
35533
1528
85213
94500
64776
7243
96393
13556
61934
38969
63235
14692
4734
57611
62446
46481
13494
51811
3352
95794
24231
58932
79122
69745
46183
25690
89314
28986
96304
48107
42943
9415
58406
49898
96730
59872
67384
96915
49715
55100
53143
6681
91301
82687
48191
4654
66715
46230
90434
6225
18846
46804
69586
89705
18418
82204
16020
92265
52776
91346
77814
15974
58415
76983
43967
45266
23510
61668
6701
61486
62248
58314
55833
30714
20339
69063
94838
62862
90735
19791
91926
20572
38997
89603
62611
88275
1955
22477
69983
16232
43932
72963
62931
43631
47155
63695
24523
22280
42373
90647
29254
86072
37351
70550
11955
24304
97806
57421
92106
28404
65212
22189
52306
60050
14087
42928
21697
28522
74967
81758
25750
34698
95730
27482
71638
52615
46241
55441
96449
8448
66863
6678
94029
58023
38796
34200
13133
6130
73048
21898
40281
19782
24689
41050
43558
97019
84442
4665
16930
48735
3243
40869
18262
9768
91677
57195
24877
78103
20980
56712
91909
49601
26328
35685
17638
54429
49465
75191
81444
6016
73632
10524
16346
17569
29618
40319
22778
97042
34897
50923
86586
27132
42061
70213
20113
57050
86606
60176
326
24541
1328
79571
55183
74206
52652
20005
82264
57680
84124
57248
88940
37817
65994
47441
28621
6167
1357
5312
14125
94147
27622
43762
3989
67971
25751
93332
80631
43176
66074
92030
36083
11088
43082
22533
47404
26721
30140
41701
69917
43312
33568
21530
46512
75899
88293
17358
71655
59001
26073
77491
85238
57798
46129
41132
45627
39159
29459
48642
16528
8886
6173
47652
71762
85301
11177
66643
16760
53926
73734
71808
76879
13271
63771
68553
90907
23433
26399
12996
46645
47089
43507
23821
57383
47676
58962
31501
71670
91892
68604
34876
15597
4135
6027
13275
28112
85993
23277
93654
56380
14896
3379
93684
3809
32560
79331
13705
42954
19749
66616
34375
18155
62222
83320
63524
36943
87944
94471
63515
59212
90668
7062
76334
60457
88801
19160
71793
88769
39729
71390
79612
17610
86695
73493
9445
36854
34610
44476
85909
1521
57608
96508
40418
53115
96754
31531
65935
97596
37084
70958
51125
21053
38765
44571
38490
51197
36850
78525
30695
68082
75969
71807
88269
31320
80939
93726
31502
27187
85325
32073
69776
90404
92429
45337
12509
91870
21193
66574
6889
53452
61531
22921
18451
37825
84429
86645
40592
50137
56445
2881
73832
20617
27164
66305
40038
44240
17889
6079
9832
90266
76894
86957
96294
90849
8828
20047
19802
9690
15966
36253
74359
11727
97412
90974
25020
83661
64997
75063
26966
78830
55842
8254
70716
85976
42805
54163
44710
75502
95056
62022
11399
76762
3837
5009
92356
74177
12733
87583
21808
44180
96941
95526
54871
44046
59535
55059
92821
4821
24909
5325
80442
72253
53455
14705
97854
64371
45860
42237
38838
79011
61102
23440
74457
88621
32094
57119
17008
60694
8252
82403
52859
81236
91917
58309
12877
61567
65399
17119
37471
21882
63371
51792
73093
43099
53049
62567
53826
22620
7389
13826
45996
77123
81070
9186
79924
82285
30592
97768
76714
59836
35859
28795
70934
95660
43907
89584
61568
41589
33528
6380
48025
25768
33101
65836
78426
64630
53864
72703
27944
30851
36422
79550
81366
31408
27762
79861
61016
8516
7249
12061
71682
10043
58308
75654
37405
13416
23431
64736
23537
80155
80742
54971
33739
25938
19197
46767
62109
51419
15848
8187
233
16112
9280
58366
92737
66612
52631
41826
7259
77297
32410
46107
49579
51052
79515
79329
45370
63831
1150
72759
88644
77315
39685
32722
69321
21996
16587
74197
82001
25123
25252
23538
48336
64647
53565
77874
94441
41106
35928
28794
83913
58289
88879
92927
32686
17410
51399
88863
79260
77775
13548
80225
23105
38489
90415
70463
53977
48829
68673
82490
53776
14586
61678
22920
61025
78572
85088
26390
40145
95180
2773
68652
54427
90199
69893
84943
91718
2542
47261
45296
38645
29211
10546
54598
66633
18927
9378
93647
86865
97914
53911
32508
59117
60240
95905
89030
27063
19788
12152
37853
15753
91808
28272
39113
78439
21620
10708
77225
60164
60404
73807
30356
85250
88757
94292
44642
21209
15904
56744
16304
53243
27966
48150
55445
96675
84770
13692
50408
38516
68509
3491
97660
38586
92571
74028
37252
86438
29452
40926
192
16527
29057
73811
89614
25582
47335
37707
3303
8389
39238
47062
57858
29399
29975
25697
58348
50594
44418
74002
18691
48236
81560
92382
25864
75770
30126
8784
31324
30604
89612
10658
2388
62594
43939
61090
29807
68198
45885
85317
17197
33786
64562
35198
75637
86497
42346
85150
43729
85199
6829
69447
34824
73049
47455
10671
71993
22359
66569
2521
94824
15744
36214
22075
34711
47600
78384
63318
97097
89420
50247
29674
50402
87949
1590
54534
82265
52682
90118
70555
28646
81167
87558
89957
82977
60113
30551
73625
72850
43349
15870
55102
77028
8507
3077
2454
9620
38251
52996
5260
15749
78447
4662
35303
77750
12008
70899
76914
16292
80491
6596
80010
81447
15042
91528
57502
90398
43147
53523
5339
90160
81182
18017
32235
19913
43760
16515
28565
70000
46701
72039
63084
47728
45817
77968
86135
79008
15942
36245
73508
33076
68092
9506
38846
14962
42113
69714
27710
6958
15619
89875
77702
58413
47231
19773
63075
59764
54535
11989
9649
56818
18701
246
96576
45068
71634
13972
7287
40839
33165
70029
71787
67360
3709
15963
24977
88525
69261
62021
2239
7214
88830
59131
91748
9997
61855
76167
17952
85941
39085
9650
74663
15828
94066
11358
7737
62159
70172
79941
80182
36269
16917
48222
52646
20681
37749
55869
66769
37421
42925
2955
82136
34090
17522
39605
76143
45982
33529
90734
12020
16670
15732
52974
14747
76926
18282
43575
68758
34144
46748
94606
84231
25207
73012
65650
55874
95859
93732
92048
58025
27297
56317
87464
14200
59639
54379
80096
74924
78361
51270
63239
44139
64943
9288
25444
15540
41390
46528
60943
34591
9526
13030
8208
70585
84312
30723
6775
32172
95050
43511
2694
15324
13260
27417
88549
77159
59124
21634
41367
58510
68458
42618
96789
21478
4719
13201
82000
43443
31525
14926
4026
19407
88562
14997
30567
81246
42365
82165
37549
69436
70735
46612
14025
63254
8288
37738
93049
35324
11925
33006
36497
15240
44167
43479
76204
69895
12671
67653
69797
78655
17599
13782
59342
54801
4599
49956
39341
39056
63869
93649
75796
33127
75815
66023
25040
17936
94647
41456
8403
81219
27313
53238
24263
45000
86689
34086
80969
4914
74690
49232
85019
40667
94897
85933
59379
13663
26806
59222
45365
39041
37852
89827
36169
83863
3789
72114
34833
327
25873
95674
41322
12543
51237
4429
78050
2720
79555
12493
71764
59574
4811
24413
22684
91550
34990
36685
95324
27828
70227
35715
78642
17263
4022
72054
36115
30051
17475
36302
60316
86408
663
74606
4895
7703
60517
3319
1777
19419
71408
9995
41905
65999
8764
36286
64399
35963
58233
49711
48998
39998
65584
18634
40776
61747
53616
25744
17325
27346
37573
66160
31849
32640
7283
8644
12426
66325
87106
17207
92669
52690
85695
79038
12801
72731
6239
54945
19405
22977
54833
78961
39759
56846
10127
52384
566
78945
65375
27436
67459
51171
34699
61562
4876
27147
51927
78941
53187
73396
75673
34441
25716
36393
52630
8587
45947
62584
40003
58297
65280
87990
94636
42055
2630
22554
85432
6754
19417
45691
78635
26848
11312
39707
34957
14877
52772
32826
86935
40901
69406
47447
61345
92441
74615
58392
45630
31431
60386
57166
95842
30197
27348
68466
52667
96528
18704
93494
94193
21287
89580
36212
31690
37048
59484
14942
1455
8060
69567
57508
19981
2060
97083
57957
24767
78875
12512
96797
61131
24952
8541
36859
17066
69800
9966
43317
69794
92574
77175
2659
46507
41685
95951
1601
16580
45353
37009
60520
66443
80375
67532
68485
32060
97969
25242
67092
33985
87254
43196
90707
11413
10413
49255
75788
77597
23378
76464
3317
12248
6062
6033
40504
61231
52864
12911
61781
79005
45995
1410
64317
67563
15954
61170
17268
22115
57399
46433
69220
9089
27278
65331
80222
41670
94092
95390
73952
4979
4722
11890
96921
35973
42399
80987
60145
79014
71008
76820
47293
6835
71518
209
78870
57906
72935
29612
24338
64730
42443
59165
22964
70067
38054
15688
18960
48620
34981
61254
32340
87618
90031
40013
96531
77460
89621
28410
66307
353
35646
63989
74605
16997
37586
75297
78743
63395
18931
4666
52552
4586
8196
61897
92553
61266
13595
61485
31253
84855
23345
23945
47369
17928
66085
59330
14598
34680
9332
82991
84162
73966
49827
22836
32921
15979
22088
97190
44272
50072
91511
517
94565
50966
93071
80924
51089
21654
48821
68225
39071
7424
58316
36440
91844
25620
30219
61602
35750
36749
52185
28159
35079
32829
54000
26361
30212
19256
82251
36458
92096
5115
1233
44848
15866
27345
26888
1079
74210
40201
73128
81935
15166
66550
55669
82303
60565
12713
48316
66275
21668
9422
94413
46159
89067
26400
23678
72934
49442
52215
46840
11103
47424
9328
34179
77146
97612
71933
16553
45510
51636
2391
19910
93221
50907
7778
37723
68297
49484
84990
4439
21934
94890
75095
3080
26421
74776
97560
40735
37479
2505
17876
64418
57448
42904
19844
6748
54180
75789
10051
86761
96368
26926
16255
1372
73850
21388
80627
92990
76412
91546
55957
44870
38015
83026
86840
46047
24594
94445
10547
30024
38142
15696
77556
32224
4092
13044
63729
6957
72261
70066
97659
24331
13076
59004
35660
49765
16865
4885
88928
96607
24821
84674
62726
67438
72006
66628
58257
73495
47201
52151
11149
89305
34651
5535
48014
54682
64664
96879
21447
25273
54672
14618
82741
88902
55852
32285
96374
27686
84888
94280
26094
6603
41298
6823
27988
63514
82971
4474
85577
19325
44495
47189
88526
97380
2090
83501
48514
54001
3257
40223
65235
91967
73424
20333
35594
40344
83934
21001
20291
59272
34706
42081
31516
51488
84818
45385
66076
93141
86616
75508
19966
97445
4874
2969
77757
7440
5353
29770
37055
91610
33382
21717
71983
89312
82173
64784
52939
26722
60595
67559
43761
10833
21560
46015
41304
38272
1776
78667
21937
17480
70208
80418
46643
69073
80937
55662
20656
2804
94161
86981
46468
26255
30102
60870
48650
92576
26505
53711
50330
32896
4612
19971
33538
83061
1948
11019
54186
84226
56897
78959
93929
52506
70290
71724
45247
77476
43543
4584
73156
65822
31006
40191
4154
68135
73347
23238
57905
92408
59232
96341
24505
5678
58732
66743
22455
85313
69253
61230
73444
90076
21264
44532
1792
1620
45744
48766
86676
51334
76622
68480
35178
81551
72058
9164
60683
18675
77974
39219
53038
82245
13571
4168
94685
17128
18853
56337
69470
33414
39396
75301
7695
22244
70529
16373
20716
20846
175
72890
66354
27839
13159
91502
28505
58568
96249
73738
87670
24236
46202
23556
26630
45389
77977
52606
60612
20478
44105
38694
16647
19650
89718
61462
22852
43787
91362
42275
41414
70741
83106
30233
38333
89447
91613
91595
40429
82205
91489
77764
14327
12989
59333
89588
6162
18190
75975
30014
52494
83141
67314
22417
4170
95684
51102
73963
15989
85543
64916
8881
70577
46489
56059
61965
49000
80107
94686
57967
9585
59187
23206
31679
63103
14465
73837
54584
74384
12944
3413
51413
30500
77477
16847
8260
36036
1996
48197
44522
6330
84676
36326
11406
14490
95487
2006
74673
30208
71704
88196
43113
94562
27332
2063
19614
8016
12639
32048
46469
48961
47451
75974
53884
16874
40545
22430
41699
94048
71513
23871
12921
72175
24458
8586
14744
81789
76154
67101
47044
97072
45397
61262
28025
88892
54991
30196
24493
36179
80820
77810
62509
27114
30274
73413
2196
64466
67760
85125
74025
63746
88022
46104
67862
27359
4750
36959
46148
57211
57433
71729
29997
62264
9335
32093
95827
2240
22895
24172
29014
94349
52583
59698
68598
25396
56122
94564
56366
4542
17167
3857
54749
59400
48399
13314
23712
68791
52528
80890
13394
26781
68898
34764
73089
49560
8270
6607
48516
54460
50215
32619
7770
89290
84205
49467
95710
77044
30785
15429
66661
71614
33505
89220
78434
76363
38214
49897
84367
66466
96314
52829
14517
68114
35877
11280
65772
56011
66824
25838
67019
1769
67457
14693
91724
76623
49128
89513
55448
6922
80670
84919
51394
75542
59619
93985
35113
78376
5362
62613
53995
72416
49350
93735
18484
19345
65135
91482
55217
74253
59065
52459
16165
46948
42502
28330
24591
13146
15692
57324
82551
43583
68170
85142
80887
55824
65488
46353
68148
1666
96389
664
92805
91813
40185
77709
46141
73525
52019
66424
82779
9458
86346
56552
65956
64092
86628
45499
42484
16369
31360
5683
28866
26264
74940
78166
15386
22855
83317
60587
88497
19958
8654
728
36142
46349
51214
81080
61590
79762
6816
89112
30583
4880
62756
13327
50781
59579
13273
51538
19203
44051
16332
23189
27886
66499
80116
87611
30409
9225
19893
5407
26795
91306
54581
32534
4244
30816
6109
64640
77323
77141
54767
22221
1089
87673
41902
67670
5322
85734
65689
51998
67081
23529
67654
4136
3475
51500
2267
13819
88021
13992
721
15940
78632
86996
97529
61726
91933
5576
12824
39448
89451
18225
93589
888
43616
44492
87337
60153
58095
90187
43486
38587
4910
68382
68500
72499
97241
30558
33365
22147
23526
87155
24637
2993
87469
78994
33226
95355
6988
1484
4426
85030
58134
93155
32877
34566
48429
35141
67352
93472
88396
79405
64477
63210
65963
1024
92113
52349
58958
57290
7633
63100
89042
47411
366
24120
56847
3184
96605
56112
76585
73349
60801
93490
42332
70911
69419
88186
72079
61318
51823
97961
1058
86335
85123
79160
50718
3356
62313
91384
38481
81493
78194
46448
75660
30854
48461
6729
31643
71865
36223
75236
34080
25570
32413
77327
3991
86098
71703
69199
69378
70170
58304
21207
62197
26529
24759
7677
88540
69632
32022
55154
71286
16488
23172
66583
37697
6287
77250
79857
34521
91434
78389
41209
53467
42041
33899
89904
71643
70183
3614
14636
80923
22557
37082
88771
62713
47996
86846
49968
48562
50118
25133
31863
78878
2920
16283
12067
71058
64672
38622
8300
35284
84799
38202
47376
33921
84101
29958
58179
61924
11201
17943
3773
38589
78025
83119
39173
41447
23623
60305
43438
9606
54679
91832
1917
78465
45508
23713
23013
87616
61601
2892
73219
52333
70424
36668
150
56651
97563
3359
85579
42316
7347
47618
67596
33761
27274
22311
81955
48908
829
79715
53654
44747
40884
78464
34038
60341
5954
92738
18137
81654
69239
88923
12592
11812
84718
66212
67612
80639
52725
71171
67124
75352
47457
62192
68623
86490
22462
32503
31672
93607
40165
41998
26547
56543
75669
23989
53672
11509
23528
29772
36767
5518
93415
599
21179
28158
12040
20986
83420
30895
68195
86805
58874
38504
62234
95358
17022
4416
22332
81999
91405
3117
9454
70193
43547
72419
57546
92952
88399
30842
37051
13628
30479
81400
18577
30952
66367
29380
62220
95397
79199
44247
63848
18944
7697
84662
95504
58917
7941
22057
86591
23974
70789
14958
24945
73775
69738
64581
33828
67678
42091
65077
63550
90119
12607
26228
92375
17240
73199
92023
62072
66603
18862
82505
46474
48508
79889
2283
56352
241
82234
58955
78456
92855
54389
44836
71173
97588
76079
27668
95924
38024
71758
36783
89857
35042
33865
41471
86119
32246
49665
20511
75571
76104
96565
7846
82157
35796
55638
68888
91218
61928
18124
21900
22587
30364
96518
84451
81294
84113
78096
49013
91657
24465
63209
31441
75127
50987
42939
89593
20370
3126
84671
50749
47049
11493
93290
26644
77946
31080
9174
84716
20472
27017
20621
82274
12813
39370
42504
5717
9867
37063
25257
66477
10373
32535
29158
32570
76401
12800
84072
82326
27616
419
31378
44990
28592
66606
37899
3275
16765
60820
64330
78198
83132
50013
90064
21548
13164
47568
61002
66405
19883
74627
87675
26664
10476
38994
91576
1738
4117
39472
11298
53322
2242
19
36017
38839
60333
96826
37828
30436
50766
65257
58278
50863
74589
89406
51622
41650
33979
23694
62278
29654
55894
68333
43779
78660
82258
70822
95480
70724
5857
93457
67477
51363
16128
50393
92339
21926
59917
42887
38472
74444
22608
27938
3653
12461
68438
27802
40548
18443
44271
33579
26485
3939
83613
12876
68903
32152
9232
3538
36589
5714
40536
87596
60668
47655
11990
17689
2174
37090
10710
37596
75423
74607
53510
28826
77176
89217
74574
75152
74086
42832
62950
47290
36523
49928
40383
16922
77688
64352
19284
81850
97613
12243
67534
44542
3758
23260
34141
13153
6695
74732
12249
46068
77856
79562
10002
88649
91842
59386
91034
10514
95766
59975
44658
25905
1403
39569
36437
35776
83194
51126
89460
52588
94561
54796
11713
22682
45850
66557
91730
29268
85055
34274
15218
10998
63941
47253
89252
90522
59446
94776
14217
93483
22456
76844
96996
12087
47983
54613
69070
66537
68705
73050
89610
76255
15319
7841
12927
88994
17757
76364
13708
6098
94338
17220
57444
71199
26881
79537
15791
96320
58854
4235
92108
75934
29405
77291
66026
71084
54478
36439
24671
50951
93347
44756
14980
68642
94677
22804
1442
11072
65623
78770
28911
33997
21619
90629
53404
20133
80668
14421
12756
90414
49707
53133
15920
40377
34233
93389
32390
54597
2672
37813
584
20545
19321
47377
16977
75471
65605
50852
13911
90485
60438
66741
45270
16850
20878
78083
26568
38562
37820
31844
63786
80366
59893
72153
33275
41865
48337
5998
33003
16032
45998
42599
79379
990
51903
5424
18485
93806
91836
57827
38120
18744
32617
70596
76175
17827
64867
23562
5209
59524
89534
83039
63472
84278
64456
45026
86782
28169
64498
47074
42820
1554
13920
73157
85997
37829
32400
27609
89474
18305
42102
44482
78844
60620
1308
3853
86348
29952
68062
70201
69528
53171
78355
14481
97480
97396
68
91111
23919
96928
19230
58160
95288
51545
17250
85818
68302
21026
2080
23830
15290
73325
55276
51064
34584
38718
31388
45587
44466
9478
52756
7075
43399
96394
28771
16395
62732
20955
4956
11437
39599
94051
35779
69100
39029
8348
90422
33866
17134
20241
48632
31319
34573
18077
27433
72311
53725
97803
63183
39019
6357
46922
57632
59188
43992
40256
10015
94305
64351
24822
70541
75452
68271
46769
10984
27049
50509
60436
88666
17283
61146
64763
70263
28347
9838
93193
96960
19479
85485
36660
54181
2734
12307
93537
54212
72294
71228
53414
72304
59582
67168
88333
69488
88887
27711
37067
27965
96031
6651
21616
76646
46869
25501
5507
67420
94713
38486
17460
11212
33183
538
81451
17270
93073
52623
81566
14919
72995
68456
38424
63468
39330
79333
89184
37639
76067
62547
84397
86126
29151
76741
38887
79062
25495
50647
79265
69996
58995
67518
71413
75457
27192
42513
73153
53811
39746
76002
34765
72643
64642
20112
91779
67096
25964
49437
32399
3520
77768
31475
73076
80978
44554
74328
57720
72763
51079
53942
45330
39362
90399
13726
95474
39934
47927
1497
57951
2927
92515
1485
2547
75277
35786
77901
81408
50181
1630
44073
4581
2095
54878
49419
82728
57545
79182
12109
82138
70493
14274
77189
27558
29231
62205
15502
78897
53648
7125
57018
25026
61956
64369
36221
2975
78079
12958
61962
66409
52994
59071
84206
13211
98042
26321
26501
18787
36587
55558
41835
72661
55686
75198
35898
54391
34753
1020
32331
2852
16426
62450
95053
43131
75026
66963
2980
46292
62034
67283
72251
35322
15676
86317
27418
61905
44048
29059
92467
83361
75192
94452
90341
5298
44085
88414
83756
84016
97710
9827
42433
12818
35457
79642
48260
39146
86633
62835
75210
3097
36495
68463
87822
47364
62589
53175
23168
4896
31227
66637
43285
4630
12475
73264
82233
21512
1094
92433
42029
83030
38981
16787
39954
80633
66540
89959
57865
54516
41512
25915
67120
39102
76728
29604
6858
75515
46653
86892
23425
91605
96666
5730
63638
30115
25213
47439
74049
94553
53236
10662
82096
94333
89919
52866
17352
45169
91717
680
78699
59477
76539
5174
95655
66396
14006
2361
78576
55759
2691
15776
36408
85328
65631
49260
94465
47874
8515
43945
91517
40468
72428
19623
21152
70636
67252
17322
19103
37032
64146
10887
67926
89188
87190
30428
51205
23733
63519
66810
76818
8079
40268
47456
30563
56353
81118
26656
76840
2622
90532
29003
28532
16479
88957
21106
1445
39421
67617
73654
65884
45638
63396
22200
83943
77035
2623
71403
11535
87514
86334
26999
50574
70069
11317
42759
30616
75208
17157
28406
87496
95862
4294
12991
68515
48631
69186
41636
16277
23098
35037
25496
50607
40476
60843
20060
86551
72021
87025
24743
77718
61766
22838
58092
42405
41324
11122
11776
80090
36010
97998
65578
68665
61326
60591
39160
11835
73470
2019
7831
18422
2200
65733
48482
1763
55272
59966
93443
19613
19185
50829
17326
11128
71497
66985
75460
13371
91351
49462
28289
25852
9647
58654
77644
82230
25378
18528
54222
27280
37238
27629
32666
38834
19998
59548
18780
26167
3564
62449
40333
77147
35903
92516
15241
33821
80898
23550
10565
87144
46392
82436
23393
64912
41984
79308
86990
67684
88728
38798
7693
63872
46734
64140
22615
33764
63085
17244
65003
50773
92697
83944
59933
6475
1540
48719
67008
20324
41015
58648
41766
48473
55413
43900
80168
80392
36820
53095
97767
15873
95443
34973
57309
43257
9016
90248
44145
29273
18086
68521
90023
25951
43595
48465
69743
83870
48440
21516
97002
14591
31233
32752
13265
7763
78385
84580
64707
77269
21371
56113
27490
87062
83705
68457
41199
64463
72830
49614
72053
32702
50637
85329
1221
36885
34664
63465
10419
19296
70308
64441
35549
31243
81634
46206
86397
69105
65793
21
84556
56774
17330
61681
78979
91494
80287
3478
31406
26923
44558
10646
77563
14773
22027
91596
10326
86379
82344
4971
81148
39240
26768
57208
20396
27976
79037
17796
6449
39049
26063
81369
42488
69050
46291
30433
26739
68136
87701
55406
32975
52926
12085
1460
44242
57454
16022
86400
74416
94600
17724
2590
1341
7381
89572
11273
88997
15374
19110
84161
56776
81346
9669
85169
70844
22344
666
97600
53203
94849
85630
54742
21974
63401
33348
46002
8262
86905
38507
41732
983
55342
11283
80061
51863
49144
20964
70666
17667
73242
65800
64373
9347
67129
26419
76485
89409
92857
77717
74217
44166
13831
24146
30142
7578
62980
52129
58189
86545
4157
20883
25965
64417
33857
82707
56903
93311
10855
43536
70439
68580
78734
65644
46208
73999
25197
54454
68990
26762
71357
22125
78595
31077
25488
81679
22940
22753
25085
32275
53030
97284
53207
41702
90424
65129
36462
80703
29430
36257
21500
40828
919
46664
97923
25527
1479
31038
68102
7852
72281
84507
46339
97337
16361
67010
81688
67582
72224
26004
81146
64965
217
3910
32225
57650
42060
28641
68575
33407
95746
72158
24399
69883
78285
71381
5689
10109
60455
12940
62787
2463
67059
34895
38889
92895
95643
81851
39572
82377
87685
27817
68212
61847
8168
68711
50246
23112
90886
35307
4169
58685
34275
55595
64430
5782
52562
35002
23462
29851
93384
70064
85863
2602
96242
72437
87564
58950
38943
30269
10836
55279
88474
91661
18440
53709
5834
41976
36152
41753
95996
9522
13095
16294
81837
37928
91575
35057
56966
65506
19472
54481
33684
83255
54167
80543
28077
40983
27654
73418
19369
13034
94645
66296
77530
64749
64370
94019
73795
75067
27656
35535
18317
46128
54352
65761
59637
2470
77515
48625
58720
6113
34605
15024
40627
68669
83453
56870
67066
39505
92214
2116
65991
38524
71628
79540
11266
75596
69164
82641
76320
22209
38613
88445
63554
80934
75287
45484
36961
1888
27984
68529
5863
63382
93514
71443
57282
20495
18337
10900
34744
7108
42793
49315
49138
90921
49397
93501
881
15853
18018
80850
87941
52410
20606
59855
65842
91941
78197
57135
84585
47064
89544
62003
64525
29761
73680
91566
27014
37234
18495
88705
18087
10678
27682
79058
25668
97421
93031
2925
88153
16101
28914
67486
20449
8043
8771
81967
21242
58664
36162
34228
18462
16058
25420
38332
83252
40234
82636
93631
20662
61371
93186
45402
25096
25809
4527
24798
60633
82953
12416
66774
16501
94425
92601
91141
71
61273
57463
47662
37598
57224
64798
14927
54880
34011
84473
98038
22396
7146
58834
89625
346
84192
68799
6281
7050
83689
16171
47039
67230
4388
46539
22298
63498
87444
90809
54963
10846
45002
48812
65755
11302
57276
55623
24485
86524
15045
39717
94446
62400
9830
72831
3955
84876
97573
66953
60540
61300
6605
98048
95785
82201
40095
25082
76253
59298
56546
68413
93931
89991
55212
43814
65728
84892
23572
94509
57235
56810
18817
35734
47429
33650
28925
42896
43682
14984
50892
31648
54851
90513
17044
40009
44598
61113
56194
5959
47145
24744
17700
28855
2887
9333
78085
67264
81503
48017
81718
97076
20774
65829
58617
48655
81792
4142
13550
8952
76605
6747
91143
57702
24742
6876
6664
61256
94397
50240
44114
11626
18903
5505
76704
96417
37556
64105
19215
21270
13302
18268
17890
70770
90704
61850
80071
63102
55314
34779
66318
39638
70269
72018
47982
67543
46823
70656
83716
74436
16609
23875
81666
97582
20391
15012
3172
27677
21302
39291
94501
49341
84362
60253
71708
53859
9175
85067
13042
30378
56185
68479
878
42738
31706
3942
4395
16549
17688
53895
86749
59034
52853
16067
28536
2722
87426
38578
91937
60139
78861
17026
52948
25391
81702
28321
37037
51901
43931
64322
40911
17622
53348
25198
85304
78323
5358
67335
25221
81970
2112
79570
45008
92172
35568
97359
78118
92973
89176
30813
95854
38793
7792
83052
90367
92691
32076
1875
57323
5559
19148
69968
38145
11300
51112
3426
74383
32681
14505
59638
2057
71779
54769
91005
61044
22730
50375
15288
72157
22865
88158
13392
74594
8250
29965
44100
56404
79232
33919
20341
77306
96762
25753
4325
82671
46310
23941
7041
22390
85361
35310
43374
88610
105
87693
23893
66718
67759
27752
96351
29319
57056
76659
63708
63995
43299
84925
52595
20771
15155
2201
35104
77371
90593
33316
2529
10348
18601
62412
61657
63404
79161
91600
16070
47527
24340
6352
24824
41890
90225
8897
81729
65395
77662
11686
65169
88812
22698
49026
1845
5382
57586
59550
74371
48686
70994
69167
13286
67040
50750
18202
79133
41041
91751
80792
1758
59925
96753
51887
40547
47140
41314
58046
55930
34008
82616
87597
71799
2401
49313
52146
18995
90995
40955
94829
76028
87054
13059
63874
27671
1751
35442
8850
89200
32837
55624
48433
48567
69875
18408
41289
88302
56371
40925
19684
57405
78534
59355
89906
78475
63
8025
96975
29592
92014
63745
64226
14667
71531
30751
73907
30859
73307
82902
61861
10465
4987
30027
38815
58707
51529
24375
29290
24814
67392
22537
1366
39912
83840
68832
46511
50413
43871
89829
42480
50694
96152
87336
33542
82639
74807
52893
93797
44206
43329
48284
76181
60437
31508
68918
82524
20200
92485
28883
19637
18113
61822
68715
50029
55779
43168
23579
88875
18252
2880
7820
67556
65972
78406
33088
26230
10243
26743
35495
36455
88983
5831
54700
87338
2581
24124
30454
1162
14330
59761
48978
70604
32798
20336
81893
94802
63580
94533
17835
17305
20211
59113
61289
50167
44059
9144
36937
65658
65456
72318
29789
35234
26024
96434
17354
18005
64284
37041
39835
6338
86911
61077
90708
87063
53151
16114
41995
47458
9045
57536
4944
62609
18229
38452
59657
25798
24054
11251
2849
62102
18123
48306
68554
46755
11808
36342
38016
26774
19934
72032
29317
77012
10236
9818
69958
30495
71082
38401
73316
58204
24404
42101
93269
34326
21759
38511
62057
55174
81288
71147
28554
15842
17696
69570
73725
63627
10108
4217
44636
15280
90943
92397
9063
5117
71544
19072
87653
79142
17563
85700
25640
42470
95639
71919
41891
75910
2447
4605
33220
19113
66337
29105
90993
35293
91386
46742
32597
48695
17223
26462
73672
73294
9710
7034
71249
56323
37791
33454
55475
66335
7071
97643
82621
21480
79123
23889
33470
84599
29728
94421
6507
70013
69013
42988
81992
64701
30862
92080
20032
31390
58425
22472
58565
12496
66001
20616
572
79055
23071
89440
23885
44065
2580
61532
75957
62968
16766
33923
92176
91991
94589
52299
9916
22368
90436
29449
65813
63241
59366
94997
53976
29034
11354
146
65554
29813
91536
86489
92964
594
39465
38579
65562
2221
70488
91328
46189
8788
40015
53863
88724
8248
22912
96912
97367
92942
17018
87420
24471
65917
76510
85366
54209
61058
51041
88805
45325
53551
1270
1232
80231
68923
8786
72278
76867
2506
94156
70558
94913
9796
64380
73482
93660
83506
30395
77965
12217
86099
51798
68160
64301
43097
34094
82460
37585
69550
76948
50529
84184
17641
36970
53305
90336
65136
13379
9205
78349
74639
71573
91614
65001
91551
11113
49009
43384
9210
56895
91041
35311
7738
39722
96005
24365
63178
91814
16197
33193
82938
94965
51876
7845
79909
47190
65983
68028
94209
57692
62961
25446
32632
62876
26741
29577
28141
35592
86927
48710
15802
76029
18896
74209
48685
70249
54766
65341
38320
90976
65190
48155
69274
91278
33312
26794
75261
26178
71900
26147
55810
64402
64752
34113
22819
69522
12999
23809
78253
3311
11761
90964
41518
86582
84360
32720
75722
45367
66773
65319
72786
80675
43883
16133
43780
92094
85617
44426
98050
43035
89037
97153
26461
45453
97820
93968
79322
51709
8111
60369
13864
775
96330
30654
81078
42121
29793
90035
40750
74972
59449
5281
4805
33851
6535
51915
87442
71765
49769
48141
80726
4265
17903
53005
83968
33593
50471
4366
39924
38253
7829
91723
52084
46901
83060
65028
70874
60874
64925
34782
57190
76538
8358
69344
2910
93938
2458
78701
20268
20564
45398
1016
92736
96830
14180
72980
89682
10083
96552
83229
14279
10963
64187
66562
62916
93435
1196
77142
90081
23163
40798
94544
62625
33784
9206
38367
93640
35342
68688
9346
55942
19929
33229
34168
19677
64426
47479
54106
73234
88979
55808
53808
24842
66924
37649
55120
10685
11142
52657
8167
38230
93581
77169
50632
30425
51818
64309
26069
49416
34426
25075
34016
43777
80362
81251
77484
75738
618
44611
8528
61739
691
36566
43339
65228
97114
53423
71806
20087
75018
8139
69546
32586
95946
26819
56098
10124
83432
88501
53097
53868
17281
29680
68431
71203
40441
58032
81550
53134
21169
87028
1648
67445
38139
23621
18204
21416
49799
82994
21312
30283
90944
21009
8490
75324
40848
9583
35720
22673
24576
52051
22458
70798
91963
62339
51369
86730
28359
18830
79617
16735
25159
73398
33574
29426
36102
87876
50965
48950
56481
93264
48972
75125
85849
53530
19055
43236
56943
12523
49683
7107
49314
16942
37262
36129
33448
11858
74823
75091
33805
91396
45390
58923
76130
49982
76601
4161
14078
34593
24434
97064
50048
36891
14312
49754
59048
94094
9772
77164
48347
41500
7017
16063
91068
92651
24910
10208
73852
52427
69179
25544
60096
37039
80030
97052
16053
86929
80390
9935
19316
57655
22143
63484
80026
24861
26972
31557
78690
46296
60116
72436
39192
47382
75546
27739
32994
76295
90261
32062
78371
89489
9069
66471
68703
61705
51660
94398
22002
36521
2791
40320
78127
43211
83160
82033
6531
39524
65509
74810
49146
94717
36510
45767
97410
41545
16938
42621
29012
78547
73747
20500
3295
72891
33627
65948
75494
37663
53229
95829
2943
18502
15315
57533
34631
5289
85803
80217
25484
32075
50486
74540
5103
31511
79252
21643
80562
79766
51606
895
54090
40169
46211
83140
60787
71671
78948
7584
18852
332
97544
85289
87180
13467
96138
61196
51648
10007
56401
18796
39144
73530
4834
49332
89323
927
88770
36981
73252
61517
53301
50097
18558
15985
26477
65197
62656
72243
50038
68231
36110
18207
7617
52823
23667
68567
56573
66398
21225
18221
9145
31044
3161
67142
77583
71368
25324
61124
56128
46080
55038
86944
31915
56271
1979
84026
42682
88371
29134
7554
53569
61396
34614
42800
1543
47595
82778
27447
91358
73535
6799
25696
32056
54436
10641
84159
80608
3545
56970
69518
27858
67500
1106
152
42018
71191
61564
67909
63829
21824
56868
74264
2835
47833
29629
47736
81108
6583
97262
86682
3604
15120
41798
52351
95573
53123
52127
68564
92271
72115
13384
37112
86447
75169
93890
44954
35168
26272
86871
37358
26344
44354
58340
93928
74699
59184
72180
86822
85436
18372
86533
1330
47669
2295
85766
77193
75408
69672
12350
56204
89921
71048
1320
93883
94071
8585
42125
60964
66674
3512
87184
86210
85098
10869
60654
6514
90649
6263
36673
23280
73059
55067
24624
62045
68906
86121
59687
92259
43565
97655
76128
46780
74038
4522
27472
16223
91217
25985
67600
67047
47531
45015
92226
7499
58176
83692
63000
78766
67645
29215
94005
27791
39670
26115
72031
15810
56209
83073
78834
68502
86074
58208
60849
67337
84389
60041
80218
24107
37659
95512
8887
40587
35328
76733
94716
61435
96345
90197
43525
80322
5033
29435
90812
37632
41598
91689
73647
24618
47549
37395
48913
68760
49582
59644
95413
20890
67822
83584
2570
86635
78413
11052
80431
56654
74933
46388
51156
9324
57065
52041
74971
24735
79409
74272
85610
13804
85762
72178
58071
71747
69015
11002
82216
13776
85665
77601
77696
5589
68347
89566
88047
60370
58877
13372
90579
55560
31713
75305
4105
2360
75290
95527
3280
13564
59901
283
92208
72186
64737
49334
97913
62174
38151
74818
20321
13179
56052
2909
75159
20130
64346
89516
88992
48388
82321
42716
7096
33002
29444
29627
25295
94343
79538
22968
44349
72904
54834
68180
86388
44369
22659
4873
76745
11567
64195
49985
71716
80282
640
17938
33281
21765
86619
49621
14778
20887
73651
19008
50368
59228
42181
23155
50173
95857
16804
53676
47015
41523
95369
59055
52830
72342
91093
51371
72098
62885
45434
14994
46444
13318
47482
1481
7550
27534
47952
52726
75052
6419
61811
3637
16706
67271
33591
24432
52973
80795
88051
79749
19975
72424
57981
87257
8362
48721
15782
7937
21814
19785
94197
76683
89231
97470
82003
96694
20673
73339
60890
49404
79003
57790
6400
33709
13614
59533
79863
81508
12348
26257
37141
33721
53167
26761
20264
75619
51848
23482
41306
24825
7262
85539
30938
72526
87201
74318
42409
46965
54720
85262
85585
71265
7303
95335
40753
97531
42636
61437
42325
58423
31584
77551
97863
71901
68351
17136
77890
63267
93006
10082
22082
18056
38498
23038
89382
29743
70257
85795
28362
57451
6022
65289
39203
83289
20737
81782
49119
52314
48472
97223
57711
52302
54931
75440
72778
54208
88054
42227
79682
39865
13813
63081
36753
59281
97216
80348
42440
73800
31010
48012
51292
88926
43944
82299
45945
33056
83130
51026
45181
62233
76353
37022
76234
27289
91884
72284
67845
86276
54220
24461
93372
52488
24876
64269
42112
87879
42510
65379
71792
4460
26199
30533
10367
42655
27065
26327
15687
95547
80805
23978
75102
19251
95633
28892
43868
23413
79767
32481
2822
93557
14716
31933
44028
11096
54036
90563
87475
24099
25498
64362
31875
38705
73710
24871
15805
5380
65699
61071
31995
70212
23721
66687
19125
96557
88759
27903
48574
20374
79722
18614
40595
72943
65880
85218
51573
82815
81823
17752
57131
80857
995
45626
31731
90587
39652
40605
49001
42812
39268
15436
59255
6787
90445
9790
41415
1633
43976
38588
2027
5878
78661
18201
28329
97321
60229
95146
7513
31012
11189
22080
91106
50914
46844
59158
97146
29992
22566
84998
97252
78918
26068
79313
220
48765
83
5241
18898
1363
35480
50988
26141
67806
76660
3998
88515
44887
26432
40348
12971
27980
37908
9325
61050
22364
30047
4536
67672
20949
68336
85231
30002
25575
18329
92853
32366
29985
95427
73676
40920
1257
50445
17166
92076
55612
77292
89350
16002
54461
11771
91820
79183
19440
11979
34290
80117
5093
60978
71213
4566
21435
75694
60518
83806
78252
47286
23710
4292
78417
96399
73985
61943
13641
44528
13194
90836
5553
53694
887
33128
53254
49929
90813
91379
81671
36923
70307
55149
6119
14972
47111
36227
7002
47593
57012
85053
66869
63137
63886
31959
80139
17057
38446
18062
23970
56997
97526
89636
74428
47555
83782
56170
7571
22771
31627
13842
60353
39084
6860
91480
21299
21546
90703
58280
71059
74553
61972
85331
14191
65487
61168
60410
46688
48768
3508
91529
76023
77162
82142
88824
77347
24770
51784
39112
75395
60711
36616
36975
92227
47721
19421
36092
25366
77869
35172
15270
63659
73107
3518
16894
92456
62136
77316
1062
28842
55141
67194
28557
74805
38431
82148
22995
97266
37623
66857
71974
35564
27213
53317
50154
32325
48938
81015
71476
79989
28200
37046
63021
23981
4921
39892
21150
45311
77641
79789
62152
6614
6277
40312
85938
228
21330
32893
57777
96803
27493
35137
30769
39083
81870
22152
53556
10689
74291
13578
41893
32456
29775
23599
4625
96519
85421
85068
88338
7321
18619
67907
41070
55772
6123
68836
43986
33308
57995
72819
55555
52092
60992
87348
73009
96619
25686
38611
87818
47453
13039
27890
61640
97158
69319
46832
1755
68659
11456
71766
64064
25581
92781
17715
16897
90739
56311
87576
29589
67181
75629
67176
75274
27127
68305
6361
80713
33175
69143
45846
54335
49415
48525
81546
37047
64102
84953
12854
39566
84086
1899
66853
72922
81455
106
15282
53233
64124
30344
85923
47477
71154
69240
86918
95919
4782
80567
66738
38030
14432
78179
98051
25500
90134
46719
19246
34386
93737
48007
11730
3129
1053
63474
52787
71037
20343
59720
55324
52698
2108
94106
46058
71774
15727
6750
94208
12712
71482
66057
21678
46610
14743
87002
86997
4582
37250
22346
56577
20436
72137
93820
80065
59951
30015
1364
61628
67591
96306
93223
38512
34746
69176
28527
97736
14310
96035
32419
37875
86225
91930
7663
80280
19873
24423
10220
65618
31471
29679
55229
17291
67917
71640
55825
38558
83479
57191
97005
82998
3066
46498
31071
96176
92141
61677
9051
40500
2827
22436
76932
49422
54838
20911
93833
29081
69293
13570
26088
14842
24600
96198
15256
89469
60432
87819
58491
17576
79361
46914
2621
48471
36113
45826
45024
88514
52931
49886
72473
92775
94114
18597
71078
32241
72277
32274
59296
10965
84485
68525
54012
90220
53334
8574
68021
76774
27374
92129
65990
1728
59916
85864
63933
8760
97312
44334
93863
70160
56117
83080
3734
96056
80960
68728
65244
6329
18655
47939
64797
52393
67202
30727
38615
38517
15444
53140
28605
55636
30452
94978
24851
46079
66044
83318
1773
86568
5411
60522
82370
45532
88884
86889
62883
46217
7172
10420
5544
26010
19060
85979
31075
28473
92523
9242
33425
19493
69877
23443
20297
23124
987
70571
10521
1970
55831
90129
38042
53368
40374
41156
90369
57781
51111
66749
92817
53169
7604
59992
73361
22636
65693
18751
85736
24286
39884
77619
6510
16502
96134
38049
56829
51711
50912
85892
58434
39132
7317
12272
41881
86089
68202
40952
6840
8523
92696
70196
57072
78242
19815
73708
63903
29672
21229
77863
26689
58964
79774
34237
3651
38826
39610
20690
70988
77575
33468
80556
43675
51499
61184
39279
78144
60148
61954
4755
70218
13601
57622
47993
92197
80931
12012
80590
22994
82892
40946
78767
67656
9355
23446
52951
18496
85946
68890
14372
62476
61560
12615
69585
87114
43396
94415
39337
27842
54681
86712
7219
85740
25800
43286
69986
45878
39265
90388
80515
49564
56913
69026
27369
74480
80338
33686
29022
42040
72312
11502
57578
71328
44253
71106
32388
9494
5918
74821
37514
70176
27818
61875
87060
32914
10943
87887
31180
28664
42236
6501
53624
60624
40554
88975
46029
44388
81936
76456
9855
40304
34866
83125
7612
31858
54855
13539
21350
89600
65480
18706
74644
14637
39783
62801
25485
2921
18386
11526
97467
45224
48312
90561
15651
40069
57978
8568
30147
67804
26596
30312
24028
74826
9001
48696
80079
8069
66098
97318
19581
44927
50924
53646
37346
79627
71783
88220
11581
20319
28774
31934
56308
77199
37487
38303
64718
60922
17718
4693
80909
26571
29378
80119
40171
44041
5444
95023
97697
86588
41908
14995
90041
30156
45866
12503
9491
36547
90418
76441
64001
2516
38341
63924
39135
83110
40803
44319
37537
46157
47895
30766
24702
91324
29327
63679
81425
53342
69370
36175
48449
95064
77231
81853
22747
35377
71274
66315
73163
68053
29831
85345
79836
15140
89016
60556
45004
5992
42189
6983
71341
24440
16620
47650
70487
2365
23884
87994
7616
1843
67001
79506
15252
3622
10031
18568
44248
52818
29150
92907
79939
2
2367
95520
57689
31618
15962
53166
76522
21606
16790
57670
79191
43847
94076
75868
95670
32315
58827
26412
85770
75670
48430
41491
55622
63509
5534
11556
56216
6206
16740
75991
71159
63667
52758
43450
15126
222
42255
50786
85062
60659
87559
2068
70732
79602
9596
66141
49604
35142
29821
12490
41821
22511
93994
94021
38569
26979
78900
73843
56396
92396
64729
86671
56169
57196
54821
66523
20598
7310
60737
32188
30008
41086
86345
19093
80775
81289
70832
86332
63945
8857
79212
78556
43922
6001
89868
74200
93142
79983
74991
87078
43529
69081
50620
56562
75193
50919
87032
900
88467
20174
82433
72136
90700
17349
190
94674
63002
12446
93836
46347
91054
76360
61225
60900
97397
47821
66982
96066
20819
11769
95516
77657
74047
69336
96256
61881
33431
50926
54986
26373
55423
53274
35649
18794
57809
93877
76377
81694
61893
45350
53810
77876
30603
71270
70623
78927
94024
88129
79480
8616
45635
22886
23361
59723
61182
40398
93919
46369
4108
54887
96437
70635
54537
51995
28456
96451
24237
63568
32425
11742
96888
32521
2951
43857
17923
63666
83227
72979
9166
86051
3302
87831
96295
23508
30316
50155
26535
55589
34418
79188
17407
58125
68460
54729
43621
41374
82478
41271
42642
50548
55883
20944
10238
81068
54487
87752
70900
48315
68904
13959
47677
81916
52377
77043
92267
61998
75911
54507
12145
45332
6378
36774
22560
89228
90459
42646
68946
69793
57806
70598
84912
22001
85584
4727
52449
82417
77770
28968
13510
47854
53128
42957
86891
96652
53770
45568
81565
15833
75576
21050
43217
48204
37771
31095
94944
40251
6474
20816
6882
3820
10020
8798
18394
75079
36535
1586
71825
8766
23892
96892
81062
77547
3766
33639
1670
4993
75602
48864
37612
45818
65543
84805
2922
53201
40914
8014
6296
97665
1439
97855
56360
89777
33704
90329
22190
22243
14589
74402
14954
68747
71520
9928
92734
27620
38967
30057
49170
95595
19206
54115
37622
39502
86108
81478
41746
55194
26354
88095
54791
33440
29887
85306
80784
34481
81361
20981
85153
58581
97986
23065
35756
41925
31500
15615
96949
12381
88468
73318
76146
97377
72041
42859
76382
26118
59433
92991
28947
79435
43605
27016
21905
11244
94466
84479
80254
77036
45187
21627
84669
40297
92666
38642
67493
42779
10627
43178
81723
86373
90650
68974
74748
97650
3573
62104
46350
22135
9538
12159
42732
84363
17537
31037
64869
53847
38344
84180
66082
60831
43364
8046
85307
23685
73590
14131
51457
55363
81007
86259
21497
12867
8437
80869
46987
66814
12026
17647
11822
77663
17974
78173
16300
77703
23877
56822
5522
90390
40097
86585
49250
82040
17399
30276
17716
86971
2876
93690
59885
7880
56854
36550
96622
19084
52423
22681
16772
47973
38361
84562
92764
57372
91629
989
16556
36315
34294
8611
4627
69905
61459
30350
64940
33811
42685
3596
91103
27832
52529
52322
54967
68387
42249
29916
45546
10068
72956
14524
81809
29397
59527
49663
46023
5392
18001
6538
37240
67900
8816
47740
60152
3610
96473
92789
34599
95750
41223
60994
30744
56930
97436
45908
49351
1096
26611
9561
90049
5366
9389
85911
76118
33737
7540
11093
22497
77978
79902
55393
95889
51420
24976
22701
10642
21521
94937
38573
81214
78390
69098
70033
14245
57205
20821
88630
39922
27947
41642
18527
43654
23810
43031
80346
18890
35218
50998
18745
43958
28782
75490
14998
12731
17683
65264
40419
48855
45383
84082
10032
47580
6996
53033
78348
91378
90868
82328
44274
71000
27573
87251
9303
80360
55733
76169
53260
87777
34491
31962
78222
35210
52235
90062
26349
31543
77684
79384
31704
20518
27868
66589
6658
72516
43781
46788
84090
38345
97549
97516
94950
83719
19658
92156
74925
58901
67635
30793
15927
81213
35420
74917
52291
95225
18064
86686
67605
58356
13690
66254
51008
26476
81142
28612
42978
32925
54809
65251
77215
75383
50909
62063
41370
29307
60424
54504
53416
65005
61074
69530
65870
32679
11669
