300
0 -1000000
0 1000000
500 -1000000
500 1000000
1000 -1000000
1000 1000000
1500 -1000000
1500 1000000
2000 -1000000
2000 1000000
2500 -1000000
2500 1000000
3000 -1000000
3000 1000000
3500 -1000000
3500 1000000
4000 -1000000
4000 1000000
4500 -1000000
4500 1000000
5000 -1000000
5000 1000000
5500 -1000000
5500 1000000
6000 -1000000
6000 1000000
6500 -1000000
6500 1000000
7000 -1000000
7000 1000000
7500 -1000000
7500 1000000
8000 -1000000
8000 1000000
8500 -1000000
8500 1000000
9000 -1000000
9000 1000000
9500 -1000000
9500 1000000
10000 -1000000
10000 1000000
10500 -1000000
10500 1000000
11000 -1000000
11000 1000000
11500 -1000000
11500 1000000
12000 -1000000
12000 1000000
12500 -1000000
12500 1000000
13000 -1000000
13000 1000000
13500 -1000000
13500 1000000
14000 -1000000
14000 1000000
14500 -1000000
14500 1000000
15000 -1000000
15000 1000000
15500 -1000000
15500 1000000
16000 -1000000
16000 1000000
16500 -1000000
16500 1000000
17000 -1000000
17000 1000000
17500 -1000000
17500 1000000
18000 -1000000
18000 1000000
18500 -1000000
18500 1000000
19000 -1000000
19000 1000000
19500 -1000000
19500 1000000
20000 -1000000
20000 1000000
20500 -1000000
20500 1000000
21000 -1000000
21000 1000000
21500 -1000000
21500 1000000
22000 -1000000
22000 1000000
22500 -1000000
22500 1000000
23000 -1000000
23000 1000000
23500 -1000000
23500 1000000
24000 -1000000
24000 1000000
24500 -1000000
24500 1000000
25000 -1000000
25000 1000000
25500 -1000000
25500 1000000
26000 -1000000
26000 1000000
26500 -1000000
26500 1000000
27000 -1000000
27000 1000000
27500 -1000000
27500 1000000
28000 -1000000
28000 1000000
28500 -1000000
28500 1000000
29000 -1000000
29000 1000000
29500 -1000000
29500 1000000
30000 -1000000
30000 1000000
30500 -1000000
30500 1000000
31000 -1000000
31000 1000000
31500 -1000000
31500 1000000
32000 -1000000
32000 1000000
32500 -1000000
32500 1000000
33000 -1000000
33000 1000000
33500 -1000000
33500 1000000
34000 -1000000
34000 1000000
34500 -1000000
34500 1000000
35000 -1000000
35000 1000000
35500 -1000000
35500 1000000
36000 -1000000
36000 1000000
36500 -1000000
36500 1000000
37000 -1000000
37000 1000000
37500 -1000000
37500 1000000
38000 -1000000
38000 1000000
38500 -1000000
38500 1000000
39000 -1000000
39000 1000000
39500 -1000000
39500 1000000
40000 -1000000
40000 1000000
40500 -1000000
40500 1000000
41000 -1000000
41000 1000000
41500 -1000000
41500 1000000
42000 -1000000
42000 1000000
42500 -1000000
42500 1000000
43000 -1000000
43000 1000000
43500 -1000000
43500 1000000
44000 -1000000
44000 1000000
44500 -1000000
44500 1000000
45000 -1000000
45000 1000000
45500 -1000000
45500 1000000
46000 -1000000
46000 1000000
46500 -1000000
46500 1000000
47000 -1000000
47000 1000000
47500 -1000000
47500 1000000
48000 -1000000
48000 1000000
48500 -1000000
48500 1000000
49000 -1000000
49000 1000000
49500 -1000000
49500 1000000
50000 -1000000
50000 1000000
50500 -1000000
50500 1000000
51000 -1000000
51000 1000000
51500 -1000000
51500 1000000
52000 -1000000
52000 1000000
52500 -1000000
52500 1000000
53000 -1000000
53000 1000000
53500 -1000000
53500 1000000
54000 -1000000
54000 1000000
54500 -1000000
54500 1000000
55000 -1000000
55000 1000000
55500 -1000000
55500 1000000
56000 -1000000
56000 1000000
56500 -1000000
56500 1000000
57000 -1000000
57000 1000000
57500 -1000000
57500 1000000
58000 -1000000
58000 1000000
58500 -1000000
58500 1000000
59000 -1000000
59000 1000000
59500 -1000000
59500 1000000
60000 -1000000
60000 1000000
60500 -1000000
60500 1000000
61000 -1000000
61000 1000000
61500 -1000000
61500 1000000
62000 -1000000
62000 1000000
62500 -1000000
62500 1000000
63000 -1000000
63000 1000000
63500 -1000000
63500 1000000
64000 -1000000
64000 1000000
64500 -1000000
64500 1000000
65000 -1000000
65000 1000000
65500 -1000000
65500 1000000
66000 -1000000
66000 1000000
66500 -1000000
66500 1000000
67000 -1000000
67000 1000000
67500 -1000000
67500 1000000
68000 -1000000
68000 1000000
68500 -1000000
68500 1000000
69000 -1000000
69000 1000000
69500 -1000000
69500 1000000
70000 -1000000
70000 1000000
70500 -1000000
70500 1000000
71000 -1000000
71000 1000000
71500 -1000000
71500 1000000
72000 -1000000
72000 1000000
72500 -1000000
72500 1000000
73000 -1000000
73000 1000000
73500 -1000000
73500 1000000
74000 -1000000
74000 1000000
74500 -1000000
74500 1000000
