120
-961768 -49506
659285 50646
-923611 -360591
374858 912753
59746 -21340
-663861 584077
-107178 -936826
924133 32220
-953310 -925790
-732917 81486
665949 -967338
806988 898449
-354768 -451698
513904 255338
26859 -229048
-6869 202133
-676792 -291951
-443313 464952
-612016 -422489
333226 98558
990733 -672126
-866167 891917
-521287 -419486
-364828 451532
-11868 -81069
-197450 306870
-22743 -381773
126779 64135
355113 -791391
783778 47812
-125379 -215315
266021 414351
-116779 -907032
313164 839721
265402 -806798
-418742 264348
176229 -760127
221852 719945
-70346 -578658
-602505 565369
-100247 -993662
428266 740850
736973 -751404
-209988 379781
891435 -951723
-469570 349663
588986 -711519
690507 35348
543044 -455813
823807 149714
128358 -878156
-402925 60432
86619 -839839
-273413 600258
-148263 -862829
763607 904724
847226 -633898
820431 299719
719808 -194048
-918085 663386
-432775 -427895
442936 246512
-690968 -886855
886035 949071
879899 -193790
-139975 926943
-595574 -34811
583627 37105
24284 -647612
696324 311396
-280222 -818813
582794 270346
423479 -45462
864873 216760
189642 -626213
80671 783957
-62563 -285710
-123492 600672
-982801 -760614
-896393 423244
-416406 -977194
-229365 798657
802602 -59985
30724 680242
-580059 -294737
760312 126576
901346 -799687
-665876 260460
934601 -591381
-81550 480397
727493 -947709
-49697 687441
-779403 -563324
-214252 43482
-706670 -691073
-42551 148522
897992 -718624
47038 539096
-521350 -142330
677362 986999
505549 -737491
592330 739890
-842199 -48875
489308 225085
-739484 -302041
-45649 371245
-988743 -762565
67994 58696
594546 -573359
-811981 370625
811172 -964063
-624544 424187
330715 -376871
-184485 671666
-925030 -629697
-487874 518522
-904193 -818636
-494602 290959
-483613 -395091
222452 326381
