300
0 0
0 1000
1000 75000
75000 0
1000 0
0 2000
2000 75000
75000 1000
2000 0
0 3000
3000 75000
75000 2000
3000 0
0 4000
4000 75000
75000 3000
4000 0
0 5000
5000 75000
75000 4000
5000 0
0 6000
6000 75000
75000 5000
6000 0
0 7000
7000 75000
75000 6000
7000 0
0 8000
8000 75000
75000 7000
8000 0
0 9000
9000 75000
75000 8000
9000 0
0 10000
10000 75000
75000 9000
10000 0
0 11000
11000 75000
75000 10000
11000 0
0 12000
12000 75000
75000 11000
12000 0
0 13000
13000 75000
75000 12000
13000 0
0 14000
14000 75000
75000 13000
14000 0
0 15000
15000 75000
75000 14000
15000 0
0 16000
16000 75000
75000 15000
16000 0
0 17000
17000 75000
75000 16000
17000 0
0 18000
18000 75000
75000 17000
18000 0
0 19000
19000 75000
75000 18000
19000 0
0 20000
20000 75000
75000 19000
20000 0
0 21000
21000 75000
75000 20000
21000 0
0 22000
22000 75000
75000 21000
22000 0
0 23000
23000 75000
75000 22000
23000 0
0 24000
24000 75000
75000 23000
24000 0
0 25000
25000 75000
75000 24000
25000 0
0 26000
26000 75000
75000 25000
26000 0
0 27000
27000 75000
75000 26000
27000 0
0 28000
28000 75000
75000 27000
28000 0
0 29000
29000 75000
75000 28000
29000 0
0 30000
30000 75000
75000 29000
30000 0
0 31000
31000 75000
75000 30000
31000 0
0 32000
32000 75000
75000 31000
32000 0
0 33000
33000 75000
75000 32000
33000 0
0 34000
34000 75000
75000 33000
34000 0
0 35000
35000 75000
75000 34000
35000 0
0 36000
36000 75000
75000 35000
36000 0
0 37000
37000 75000
75000 36000
37000 0
0 38000
38000 75000
75000 37000
38000 0
0 39000
39000 75000
75000 38000
39000 0
0 40000
40000 75000
75000 39000
40000 0
0 41000
41000 75000
75000 40000
41000 0
0 42000
42000 75000
75000 41000
42000 0
0 43000
43000 75000
75000 42000
43000 0
0 44000
44000 75000
75000 43000
44000 0
0 45000
45000 75000
75000 44000
45000 0
0 46000
46000 75000
75000 45000
46000 0
0 47000
47000 75000
75000 46000
47000 0
0 48000
48000 75000
75000 47000
48000 0
0 49000
49000 75000
75000 48000
49000 0
0 50000
50000 75000
75000 49000
50000 0
0 51000
51000 75000
75000 50000
51000 0
0 52000
52000 75000
75000 51000
52000 0
0 53000
53000 75000
75000 52000
53000 0
0 54000
54000 75000
75000 53000
54000 0
0 55000
55000 75000
75000 54000
55000 0
0 56000
56000 75000
75000 55000
56000 0
0 57000
57000 75000
75000 56000
57000 0
0 58000
58000 75000
75000 57000
58000 0
0 59000
59000 75000
75000 58000
59000 0
0 60000
60000 75000
75000 59000
60000 0
0 61000
61000 75000
75000 60000
61000 0
0 62000
62000 75000
75000 61000
62000 0
0 63000
63000 75000
75000 62000
63000 0
0 64000
64000 75000
75000 63000
64000 0
0 65000
65000 75000
75000 64000
65000 0
0 66000
66000 75000
75000 65000
66000 0
0 67000
67000 75000
75000 66000
67000 0
0 68000
68000 75000
75000 67000
68000 0
0 69000
69000 75000
75000 68000
69000 0
0 70000
70000 75000
75000 69000
70000 0
0 71000
71000 75000
75000 70000
71000 0
0 72000
72000 75000
75000 71000
72000 0
0 73000
73000 75000
75000 72000
73000 0
0 74000
74000 75000
75000 73000
74000 0
0 75000
75000 75000
75000 74000
