256
0 0
0 1000
0 2000
0 3000
0 4000
0 5000
0 6000
0 7000
0 8000
0 9000
0 10000
0 11000
0 12000
0 13000
0 14000
0 15000
1000 0
1000 1000
1000 2000
1000 3000
1000 4000
1000 5000
1000 6000
1000 7000
1000 8000
1000 9000
1000 10000
1000 11000
1000 12000
1000 13000
1000 14000
1000 15000
2000 0
2000 1000
2000 2000
2000 3000
2000 4000
2000 5000
2000 6000
2000 7000
2000 8000
2000 9000
2000 10000
2000 11000
2000 12000
2000 13000
2000 14000
2000 15000
3000 0
3000 1000
3000 2000
3000 3000
3000 4000
3000 5000
3000 6000
3000 7000
3000 8000
3000 9000
3000 10000
3000 11000
3000 12000
3000 13000
3000 14000
3000 15000
4000 0
4000 1000
4000 2000
4000 3000
4000 4000
4000 5000
4000 6000
4000 7000
4000 8000
4000 9000
4000 10000
4000 11000
4000 12000
4000 13000
4000 14000
4000 15000
5000 0
5000 1000
5000 2000
5000 3000
5000 4000
5000 5000
5000 6000
5000 7000
5000 8000
5000 9000
5000 10000
5000 11000
5000 12000
5000 13000
5000 14000
5000 15000
6000 0
6000 1000
6000 2000
6000 3000
6000 4000
6000 5000
6000 6000
6000 7000
6000 8000
6000 9000
6000 10000
6000 11000
6000 12000
6000 13000
6000 14000
6000 15000
7000 0
7000 1000
7000 2000
7000 3000
7000 4000
7000 5000
7000 6000
7000 7000
7000 8000
7000 9000
7000 10000
7000 11000
7000 12000
7000 13000
7000 14000
7000 15000
8000 0
8000 1000
8000 2000
8000 3000
8000 4000
8000 5000
8000 6000
8000 7000
8000 8000
8000 9000
8000 10000
8000 11000
8000 12000
8000 13000
8000 14000
8000 15000
9000 0
9000 1000
9000 2000
9000 3000
9000 4000
9000 5000
9000 6000
9000 7000
9000 8000
9000 9000
9000 10000
9000 11000
9000 12000
9000 13000
9000 14000
9000 15000
10000 0
10000 1000
10000 2000
10000 3000
10000 4000
10000 5000
10000 6000
10000 7000
10000 8000
10000 9000
10000 10000
10000 11000
10000 12000
10000 13000
10000 14000
10000 15000
11000 0
11000 1000
11000 2000
11000 3000
11000 4000
11000 5000
11000 6000
11000 7000
11000 8000
11000 9000
11000 10000
11000 11000
11000 12000
11000 13000
11000 14000
11000 15000
12000 0
12000 1000
12000 2000
12000 3000
12000 4000
12000 5000
12000 6000
12000 7000
12000 8000
12000 9000
12000 10000
12000 11000
12000 12000
12000 13000
12000 14000
12000 15000
13000 0
13000 1000
13000 2000
13000 3000
13000 4000
13000 5000
13000 6000
13000 7000
13000 8000
13000 9000
13000 10000
13000 11000
13000 12000
13000 13000
13000 14000
13000 15000
14000 0
14000 1000
14000 2000
14000 3000
14000 4000
14000 5000
14000 6000
14000 7000
14000 8000
14000 9000
14000 10000
14000 11000
14000 12000
14000 13000
14000 14000
14000 15000
15000 0
15000 1000
15000 2000
15000 3000
15000 4000
15000 5000
15000 6000
15000 7000
15000 8000
15000 9000
15000 10000
15000 11000
15000 12000
15000 13000
15000 14000
15000 15000
