200
139969 99145 136156
331777 5702 302571
746497 44053 651907
995329 13808 295323
1769473 401552 1011511
5038849 3282308 2609631
11337409 1798717 3183139
28311553 2379918 26632990
71663617 46284108 25622758
113246209 52534760 56466271
258280327 101538008 58801840
1088391169 83052639 232624758
3221225473 2449061641 1174808110
6879707137 4063008326 818812349
18345885697 4031677724 9066416502
77309411329 35170862394 72410840368
251048476873 149540876846 36172929053
1253826625537 1232852127657 819717565126
2348273369089 1709431048297 814611482867
4518872583697 4058896077627 213453843441
6597069766657 2010509267808 2562005077284
22568879259649 21204542936132 16442397421600
33853318889473 16126010027048 16398697573350
56358560858113 18788696056373 55115916111314
85691213438977 31393202727298 2960704914246
142657607172097 93950014107742 78026160007723
411782264189299 379926204148859 16565039582637
578415690713089 249263443894015 51025213156455
1899956092796929 899947144481597 745272704017038
3249918613389313 3022055077843757 3141773165626187
4113178245070849 1602841615222279 787093093287609
12173449145352193 4934441457599863 4176326985805571
30399297484750849 23120257785996576 14182986827241037
51298814505517057 35950108319455583 19086983924537249
59296646043258913 26775455717910378 33510112884263567
92442129447518209 63581340157186863 67212470833606184
136796838681378817 70164455219868818 120905519606326612
59296646043258913 10734603822030497 43846793238386136
61628086298345473 33953561280967188 41390785187922925
73040694872113153 63455267736274384 43986994100211991
136796838681378817 68728806124176835 46659365494759368
281110025686560769 148755911871216481 32387523524955850
58498535041007617 12613639554266593 1014227729776396
115422332637413377 16249600047761733 26235386673549551
115422332637413377 3451982392065218 57173841631840564
666334875701477377 190381782129287987 95388253040306605
61628086298345473 56484510756241013 40469853677127018
58498535041007617 3979140457831594 21864380726147570
61628086298345473 1789294157306438 61168182367158701
59296646043258913 9844719663067362 31388733469376640
281110025686560769 14371453245877397 225657312826337357
281110025686560769 182791868740289124 266470245885806654
666334875701477377 585041872926004971 642220639805968659
281110025686560769 3841615189107692 90824410778147655
115422332637413377 107120100725417490 113064661044444959
58498535041007617 11259302780647606 50437042540852492
61628086298345473 15389343547429141 38215853565868908
58498535041007617 52381444024045086 9613450410717701
136796838681378817 72514343151881654 59132663174616808
92442129447518209 25230850810416374 32754543584590168
666334875701477377 379565249390851562 169171513597747445
136796838681378817 73998467855290640 83005512355141695
61628086298345473 17151889607769066 44335691911141680
97387593162817537 26800626905331520 42179383812322933
59296646043258913 9417417460843164 40443827821235846
61628086298345473 10815729297741617 22119559547123473
666334875701477377 280821633989248232 124280856920648312
92442129447518209 56885510550542478 14527510842952848
666334875701477377 474245026782925440 416567363914487141
59296646043258913 4434607299427156 42031536515027069
666334875701477377 430865479991005969 87745312796377970
666334875701477377 198545180473270892 434874855712588319
115422332637413377 74271612836667026 51509439288547300
59296646043258913 32878622723207153 28869678917794804
58498535041007617 22446178361821907 25913653182816331
115422332637413377 73087791175337591 70907076109671719
115422332637413377 41657177530682596 96547463675913343
73040694872113153 43936106366960673 70503135180799944
92442129447518209 88899732732920940 11435853803848912
281110025686560769 279697862372761077 164643760384096264
136796838681378817 10922854280610521 7390964446242998
61628086298345473 437509961724471 1342583863501806
115422332637413377 4068148075631183 15703820574947207
136796838681378817 3109135697316533 103224346584120774
281110025686560769 125128407993294116 215487480036912775
97387593162817537 2269371076928780 51013512628045175
58498535041007617 37206041116223529 25171353675898784
61628086298345473 9143826670981771 34620562695255706
92442129447518209 48967644033859002 88852263696466977
97387593162817537 88130810162765473 41598303751320360
666334875701477377 211878241939134536 226655334879858470
58498535041007617 20496616136591300 52954804404062386
281110025686560769 66735437855041593 137273344501868356
281110025686560769 164885180907994205 76162846905235508
115422332637413377 7077893074316488 115418708856110105
97387593162817537 44694139633366731 87829867084463747
59296646043258913 21990043439062773 9176040368799135
73040694872113153 17195233817292991 65288726162568785
136796838681378817 24188363681052610 102859985379421168
73040694872113153 23385082002131141 59580658122134143
666334875701477377 178383165327108531 634155437576408543
136796838681378817 55380081054444952 46170990603205729
92442129447518209 6393452593660974 27998852224824154
92442129447518209 11655414489482001 53949940924008142
97387593162817537 40420880975532849 18364608686069882
73040694872113153 72395953688697644 62976160015784190
281110025686560769 232428568070133876 258412982888998829
58498535041007617 16340474972370400 46209226018816112
92442129447518209 66969462363258544 73368644138270762
115422332637413377 67666722751582625 68514320693563199
97387593162817537 68229877625990275 15827017375993480
115422332637413377 78040983403260440 41424452377871094
97387593162817537 23991738056217753 89402613830715426
97387593162817537 3868420015966165 46168239139427830
281110025686560769 271254779118235588 275251240746380772
61628086298345473 61579663045820325 416750176628626
73040694872113153 25294802915756536 54380558519453813
59296646043258913 7468125759184854 20084973407266795
281110025686560769 37604670663344412 200593184599361523
59296646043258913 47222217251894770 55709563447314720
92442129447518209 70396184754820431 15170543840538934
92442129447518209 24196171200273623 6259048683385908
61628086298345473 4418456482834400 231747317603776
115422332637413377 65426890062525826 56530789041596707
73040694872113153 71499175933222396 64534617504157855
92442129447518209 71787220935261974 86218148937130595
61628086298345473 923527192967771 47276196315041490
73040694872113153 42989602682124235 44532480433680246
281110025686560769 99486947775773150 12597333673403264
59296646043258913 6152591650096530 57092655606076272
58498535041007617 43929684104850994 57947579223988334
136796838681378817 95458584388224384 104749761216070267
58498535041007617 19364252946936726 57543749585163485
115422332637413377 34716626900542677 25067998442683744
136796838681378817 2500877718485650 2996859330537520
115422332637413377 6695453098168934 2952100584460993
281110025686560769 193685522674441981 220777463229489406
281110025686560769 9543897311276347 278773219957811398
92442129447518209 6919820990041411 43898724338393886
59296646043258913 59210904329754196 25748195367801078
58498535041007617 15031814778481442 24505351861921400
136796838681378817 51412498410869972 20220783313879398
136796838681378817 96373527579315010 77631512774815571
58498535041007617 23621220907846210 36531292144498412
58498535041007617 27117341478736207 10217950003142446
73040694872113153 25544178888121523 43407924025073369
666334875701477377 558347805644322684 43747662565933602
58498535041007617 37220397340011107 32090027156947362
58498535041007617 27191103694894733 36444655706092617
136796838681378817 44364689380114 880696440746867
136796838681378817 104506817691055843 115208681040265017
281110025686560769 215926110502873283 220864959461386662
58498535041007617 45992904726161595 8889227355334129
92442129447518209 49932769966182014 29706564668020463
92442129447518209 44279855798870436 86951204771633565
136796838681378817 120454027163858927 77650135799907149
73040694872113153 56105802580893882 21200291543763500
92442129447518209 3162685221489308 77135260409897922
59296646043258913 18893919345424318 27236354852132430
59296646043258913 49390643459119691 35431856822726958
59296646043258913 18128301377708069 14961014855548657
666334875701477377 528319414378208767 462469951319290108
281110025686560769 221310969441410798 82324636042546895
58498535041007617 30319710746472945 7562122507923423
136796838681378817 132378190735526824 24455212031467520
58498535041007617 34862009431311450 37741909828679934
115422332637413377 83437316754013504 66661555873556335
136796838681378817 73400055663885202 24036425352173251
58498535041007617 54883742160500624 42274010778526054
97387593162817537 72746867941582915 61858540425580243
97387593162817537 34942241927173904 43898936247656974
73040694872113153 11902243665521358 44805014900353338
666334875701477377 301503971871852623 341822403074589150
59296646043258913 11845083563236796 30621374236965665
136796838681378817 21800579665448906 44617974415111612
281110025686560769 115556525592757751 142338588856750748
73040694872113153 31770760885163144 50029630274231816
666334875701477377 596855785633230141 357506545774701338
115422332637413377 49452399983530386 46267275372908212
115422332637413377 6916957652409984 55404862204380270
136796838681378817 95802931353666809 77212813371229882
92442129447518209 76491039327880396 8561086439480116
136796838681378817 99548148092418579 15429802930983969
97387593162817537 18203849895837702 51022231078556037
97387593162817537 12143122544380596 43633800352817795
281110025686560769 98495320154331497 29319655372241834
58498535041007617 32481761066218875 10205824655011516
281110025686560769 164614396154134555 143309398550546805
97387593162817537 7325904649986216 21875657782238135
73040694872113153 47095507765656471 10546303907079392
115422332637413377 64513205127440999 53827108692173615
92442129447518209 20509689191923319 91190012721403324
136796838681378817 64683845685157640 101418645480890682
115422332637413377 106532242781980944 114378541970125589
59296646043258913 37346892103039970 23593991171107924
58498535041007617 21284368279724728 53441393354478267
59296646043258913 27044749485327045 12486808850654521
666334875701477377 509272780203096049 295185833905789469
281110025686560769 11474501822087140 259836191303644865
58498535041007617 38315951392697818 10251684760366116
