25 300 10
2 1 99999998
3 1 99999999
3 2 100000000
4 1 99999998
4 2 100000000
4 3 100000000
5 1 99999999
5 2 99999999
5 3 100000000
5 4 100000000
6 1 100000000
6 2 99999998
6 3 99999999
6 4 100000000
6 5 99999999
7 1 99999999
7 2 100000000
7 3 99999999
7 4 99999998
7 5 99999998
7 6 99999999
8 1 99999998
8 2 100000000
8 3 100000000
8 4 100000000
8 5 99999998
8 6 100000000
8 7 100000000
9 1 99999998
9 2 100000000
9 3 100000000
9 4 99999999
9 5 99999998
9 6 100000000
9 7 99999998
9 8 99999998
10 1 100000000
10 2 99999999
10 3 99999999
10 4 100000000
10 5 100000000
10 6 99999999
10 7 99999999
10 8 99999998
10 9 99999999
11 1 99999999
11 2 100000000
11 3 99999999
11 4 100000000
11 5 99999998
11 6 99999999
11 7 99999998
11 8 99999999
11 9 99999998
11 10 99999999
12 1 99999999
12 2 99999999
12 3 100000000
12 4 99999999
12 5 99999998
12 6 99999998
12 7 99999999
12 8 99999999
12 9 99999998
12 10 99999998
12 11 100000000
13 1 99999999
13 2 99999998
13 3 100000000
13 4 100000000
13 5 100000000
13 6 99999999
13 7 100000000
13 8 99999998
13 9 99999998
13 10 99999998
13 11 99999999
13 12 100000000
14 1 99999998
14 2 99999998
14 3 99999999
14 4 99999998
14 5 99999998
14 6 99999998
14 7 99999999
14 8 99999999
14 9 99999998
14 10 99999998
14 11 99999998
14 12 99999999
14 13 99999999
15 1 99999998
15 2 99999998
15 3 100000000
15 4 99999999
15 5 100000000
15 6 99999999
15 7 100000000
15 8 99999999
15 9 99999999
15 10 99999999
15 11 99999999
15 12 100000000
15 13 100000000
15 14 99999998
16 1 99999998
16 2 100000000
16 3 99999999
16 4 100000000
16 5 99999998
16 6 99999999
16 7 99999998
16 8 99999998
16 9 99999999
16 10 99999999
16 11 99999998
16 12 100000000
16 13 99999998
16 14 100000000
16 15 99999999
17 1 100000000
17 2 99999999
17 3 99999998
17 4 99999999
17 5 100000000
17 6 99999998
17 7 100000000
17 8 100000000
17 9 99999999
17 10 100000000
17 11 99999998
17 12 99999999
17 13 99999998
17 14 99999999
17 15 99999999
17 16 100000000
18 1 100000000
18 2 100000000
18 3 99999998
18 4 99999999
18 5 100000000
18 6 99999999
18 7 100000000
18 8 100000000
18 9 100000000
18 10 99999998
18 11 99999999
18 12 99999999
18 13 99999998
18 14 100000000
18 15 99999998
18 16 99999998
18 17 99999999
19 1 99999998
19 2 99999999
19 3 99999998
19 4 100000000
19 5 99999998
19 6 100000000
19 7 99999999
19 8 100000000
19 9 99999999
19 10 100000000
19 11 99999999
19 12 99999999
19 13 99999998
19 14 100000000
19 15 100000000
19 16 99999999
19 17 99999998
19 18 100000000
20 1 99999998
20 2 100000000
20 3 99999998
20 4 99999998
20 5 99999998
20 6 99999999
20 7 99999999
20 8 99999999
20 9 99999998
20 10 100000000
20 11 99999999
20 12 99999998
20 13 99999998
20 14 99999999
20 15 100000000
20 16 100000000
20 17 100000000
20 18 99999999
20 19 99999999
21 1 100000000
21 2 99999998
21 3 99999999
21 4 99999998
21 5 99999998
21 6 99999999
21 7 99999998
21 8 99999998
21 9 100000000
21 10 99999998
21 11 99999999
21 12 99999999
21 13 99999998
21 14 99999999
21 15 99999999
21 16 100000000
21 17 99999999
21 18 100000000
21 19 99999998
21 20 99999998
22 1 99999999
22 2 99999998
22 3 99999998
22 4 99999999
22 5 99999998
22 6 99999998
22 7 100000000
22 8 99999998
22 9 99999999
22 10 99999999
22 11 100000000
22 12 99999998
22 13 100000000
22 14 99999999
22 15 100000000
22 16 99999998
22 17 99999998
22 18 99999999
22 19 99999999
22 20 99999999
22 21 100000000
23 1 99999998
23 2 99999999
23 3 100000000
23 4 99999998
23 5 99999998
23 6 100000000
23 7 99999998
23 8 99999998
23 9 99999998
23 10 99999999
23 11 99999999
23 12 99999998
23 13 99999998
23 14 99999999
23 15 100000000
23 16 99999998
23 17 100000000
23 18 99999998
23 19 100000000
23 20 99999998
23 21 99999999
23 22 99999998
24 1 100000000
24 2 99999999
24 3 99999998
24 4 100000000
24 5 100000000
24 6 99999998
24 7 99999998
24 8 100000000
24 9 99999999
24 10 99999999
24 11 99999998
24 12 99999999
24 13 99999998
24 14 100000000
24 15 100000000
24 16 99999999
24 17 100000000
24 18 100000000
24 19 99999998
24 20 100000000
24 21 99999998
24 22 99999999
24 23 99999999
25 1 99999998
25 2 100000000
25 3 99999999
25 4 99999999
25 5 100000000
25 6 99999998
25 7 100000000
25 8 99999998
25 9 100000000
25 10 99999998
25 11 99999999
25 12 100000000
25 13 99999999
25 14 99999999
25 15 99999998
25 16 100000000
25 17 100000000
25 18 99999998
25 19 99999998
25 20 99999999
25 21 99999998
25 22 99999999
25 23 99999999
25 24 99999998
