200 300 10
130 111 85037457
28 14 41307685
114 18 29828752
167 29 99167142
74 42 80502852
48 35 98499069
80 45 15762815
126 52 14385391
198 163 78854226
183 163 90996473
189 55 5272301
53 47 69895104
150 120 49727262
65 47 15324391
137 111 85223993
175 172 88328915
68 16 82783554
106 79 92608976
191 124 16629727
152 131 18272733
138 86 23496290
185 159 75222665
173 126 63361679
194 70 27827943
151 83 17740724
197 40 80247710
168 152 53294645
174 169 19523272
188 137 59842836
199 194 38568751
63 46 14992436
152 29 92722561
142 3 18727487
198 55 70774655
190 51 24024909
112 70 45292662
150 119 47501369
65 19 42680634
130 123 31330988
102 19 97610262
191 4 53083302
125 83 14968253
102 79 81750992
88 74 48641988
65 34 70669757
134 52 89983589
92 25 19351881
88 52 10545645
100 31 57087349
117 94 11570017
45 12 6436264
152 139 85164372
65 21 49130149
120 29 35449432
180 58 71966832
117 48 96561522
199 120 13736149
139 106 16302590
136 92 90897527
199 118 82990512
151 84 24983218
159 4 99184078
77 11 80154143
158 142 77232572
154 140 43740124
134 39 96674712
146 28 51333963
122 56 91978660
132 130 70992821
187 141 94066296
156 50 92707217
96 54 28795543
195 50 67768467
128 72 86692791
111 44 82804640
96 42 72163701
138 128 81639930
133 60 76716793
175 159 24441437
148 40 48745142
140 65 37151587
120 73 82273572
101 70 52588941
173 171 38096913
76 56 68257072
99 49 90601892
124 4 14303876
96 28 69941817
60 34 98687838
19 13 89741159
198 19 63665165
199 184 35938314
109 98 1170846
150 6 92240923
183 51 64961731
131 59 46146336
130 5 82588637
128 103 37560162
113 45 44971426
174 76 84853036
133 38 72331027
147 53 98522548
27 6 3452508
152 143 63470715
127 37 47590565
129 62 5177428
174 82 51794163
126 31 55617253
175 88 98222910
99 58 56636300
184 177 65460276
41 29 27254332
174 146 57672375
160 93 461956
106 73 53451598
91 86 98504297
75 14 68558993
121 14 26428578
171 79 4377506
166 65 59329493
125 57 58869050
158 42 18191186
151 115 81412565
104 12 12698745
191 99 72368179
163 58 89040099
186 123 91208983
175 19 21961632
179 117 47065645
199 8 70945053
197 195 68074518
122 57 11513337
135 92 8066712
100 49 88160670
137 98 49060041
150 53 49827526
159 112 23509507
119 86 1919350
187 75 53484539
54 34 3797198
132 83 80100574
161 18 25347620
129 32 14073527
162 154 87877900
173 149 34883701
137 49 17071637
142 93 72161164
186 17 55658246
140 5 28877844
128 69 44767304
194 89 34618422
90 17 66015939
62 16 45625260
87 47 1731519
97 44 32674772
181 110 28075011
153 104 1381881
181 51 56456634
104 48 48613373
180 88 63013103
169 135 22942522
99 39 93131112
62 35 19446545
160 38 62342210
191 89 46057327
196 152 22461938
26 16 18781811
84 49 3585877
177 161 91639144
186 134 60218178
163 16 59254363
170 142 48570169
130 115 20105842
158 37 77277262
102 88 86787080
58 33 42139156
55 51 94843918
152 92 86638220
129 125 26907153
149 28 27114682
180 30 75319062
181 130 38339725
165 1 95644559
82 21 83742874
104 62 75952707
157 124 24445142
36 1 9922178
113 1 9572496
199 167 51875218
148 17 59434402
68 58 54292449
86 83 33279478
167 12 45514731
164 38 11491375
61 20 54042745
181 56 31670842
109 51 37701652
70 15 24677848
49 32 43797292
195 171 38488463
157 46 32703699
133 93 841700
153 79 73692965
125 42 81939580
191 120 48169818
60 12 24499519
87 50 72827783
144 119 23113191
88 87 20821277
107 94 61243298
111 46 33105505
172 154 8074383
173 141 93980814
113 13 51756539
186 4 66569496
143 134 86376657
155 126 97413817
175 15 64089050
103 74 51476705
151 40 32385935
180 8 57378395
117 93 5251346
63 32 44319493
173 21 29747919
16 15 79252516
174 99 33261543
166 7 80909964
101 31 90874662
147 59 73999361
107 101 74821651
122 73 59312967
165 89 31599316
116 114 8389549
180 152 9883315
133 28 42813117
199 146 57415590
135 35 31182785
166 21 70722381
117 70 67150400
126 87 46550704
27 24 36350328
127 94 46357225
14 12 69851259
199 124 13135996
109 38 22654222
164 57 45431370
179 95 8368541
149 123 32344533
198 83 57863549
198 52 88555368
69 18 95408345
191 177 3131585
194 64 47961385
78 57 3226515
70 35 97491860
72 23 97560957
69 35 13348343
181 84 95101986
86 42 83619332
148 103 45460646
38 31 56591232
97 53 90505017
113 61 5234471
70 48 95018354
160 137 17046036
154 45 65198800
179 138 29070732
178 67 25896593
130 117 77955647
200 110 4553071
95 93 64362326
121 103 49805794
136 78 15565349
122 93 70432064
46 18 91709200
199 145 52651673
179 3 98515953
143 112 3095745
149 80 54355737
104 45 56417196
190 165 42041349
62 21 73744275
158 47 13297743
159 140 83460225
113 91 70520944
109 53 43109303
174 161 61584712
157 63 45795209
77 76 33935038
144 7 98612400
50 21 55427440
164 53 45582010
24 5 98407436
116 3 3911234
92 32 42485441
113 64 68984402
164 82 68664138
109 104 11685314
147 23 78922335
17 10 84849365
