100 300 7
10 7 68467775
11 2 21893912
14 4 12122101
16 9 33653222
17 4 56066750
17 15 94814173
18 1 53244933
19 5 670776
19 7 97599908
20 16 59054777
23 10 89458105
23 11 53445048
24 6 15937235
24 7 92951635
24 20 80999317
25 7 10925107
25 22 39096640
26 13 68835822
26 20 26409823
26 23 46515942
27 17 48064099
28 19 98723887
30 19 73513112
30 23 7341839
31 25 62411923
31 27 51437643
32 1 16660945
33 17 90279769
34 1 96619351
34 25 64295417
34 33 94823916
35 20 52141275
35 24 25819265
35 28 92400662
36 1 72125223
36 2 63211676
36 4 99285285
36 11 22260224
36 28 49961522
36 34 42034791
37 1 23239465
37 26 18644599
37 34 94018770
38 14 74237353
38 15 39182880
39 11 5545395
39 16 65492016
39 30 9134643
40 6 60397774
40 20 63395534
41 14 96472676
41 32 6373312
42 9 64757354
42 18 88451838
42 23 56819739
43 1 17675642
43 7 35075329
44 36 9277536
44 38 77474464
45 28 48123363
45 34 34058728
46 4 86133537
46 9 64843296
47 1 49053475
47 24 65353864
48 6 20647741
48 11 86201343
48 22 71930952
48 46 61503132
49 1 12845650
50 4 46579397
50 6 52308028
50 11 45040657
50 32 71378271
50 34 4325700
51 1 25814825
51 2 64426161
51 44 61612135
52 4 84194386
52 42 93404302
52 47 8564287
53 15 64799332
53 33 28864435
53 52 91311884
54 11 74769130
54 31 51612782
54 34 13579128
55 6 28394291
55 20 34870589
56 9 11516578
56 36 13105015
56 52 59180363
57 32 83408231
58 18 82496734
58 27 96715890
58 37 98327111
59 10 1769391
59 22 49194809
59 32 73126220
59 57 93571262
60 2 11810591
60 10 13864622
60 15 96544491
61 9 51590170
61 15 15519693
61 31 60893547
62 22 31389983
62 61 80721451
63 13 35784860
64 39 10329674
65 39 288532
66 20 32124692
66 27 13673288
67 13 864004
67 31 17036341
68 1 59720273
68 8 63819655
68 28 11079350
68 37 11338747
68 45 69474209
68 48 4174395
69 12 31872054
69 20 66625309
69 28 39073088
69 50 93502185
70 17 12164452
70 33 56828353
71 4 86872398
71 15 84113787
71 31 4955743
71 37 2457938
71 39 3277423
71 41 87642740
71 53 14477187
71 65 17070154
72 18 23344283
72 30 91830037
72 31 79635162
73 66 38846108
73 69 38471941
74 12 6718730
74 29 53001939
74 64 24708233
75 7 33000165
75 42 61884088
75 44 28844397
75 57 17756136
75 67 5688590
76 28 49197701
76 42 47250355
76 64 73406384
77 15 23621019
77 62 29350295
77 68 98483862
78 9 39874280
78 23 32082752
78 34 77263271
78 46 48478431
79 4 31247112
79 39 57082955
79 53 12581378
79 64 87507192
79 68 48150075
79 75 66229175
80 16 14040208
80 35 47203964
80 36 16628413
80 58 310226
81 14 12855492
81 30 65431129
82 34 40283981
82 35 60482550
82 46 49091528
82 48 48537632
82 63 27935907
82 69 494760
83 2 59970401
83 24 20057643
83 30 77960478
83 31 285378
83 52 33639098
83 70 25827666
83 78 84292442
84 20 2591084
84 31 43984599
84 63 73848307
84 70 43527331
84 77 51585957
85 9 94076866
85 27 26582712
85 41 63859023
85 43 23807678
85 50 42362416
86 24 98205092
86 26 93575630
86 42 99932962
86 49 5858266
86 53 97898630
87 12 43893559
87 19 46724325
87 24 66376746
87 27 62963425
87 38 34941840
88 7 70888772
88 32 52866406
88 75 96647308
88 80 58070839
89 5 55776395
89 20 83265599
89 21 50791545
89 25 4967328
89 69 12609305
90 1 11804080
90 5 52992348
90 26 52214754
90 44 24069098
90 48 97003234
90 55 79477594
90 78 59946702
90 86 4859238
91 23 19867803
91 28 80195020
91 31 59471782
91 34 89010341
91 58 55187942
91 71 36905846
91 80 76126097
91 84 31420761
91 88 77507027
92 2 45651183
92 5 46395292
92 28 7952437
92 43 73330839
92 45 50613300
92 48 64986100
92 78 30454290
92 79 15567559
92 80 84624134
92 83 4989557
93 5 22271023
93 16 95401565
93 24 3612451
93 35 85340703
93 58 91530434
93 67 90132446
93 81 26185102
93 91 41645534
94 24 20416711
94 31 3396267
94 40 51728164
94 43 63205226
94 54 12470803
94 74 55325246
94 93 57354073
95 22 51867604
95 37 29672823
95 42 25651517
95 85 22284284
95 89 53656864
96 23 18726737
96 32 16806637
96 34 86385879
96 37 9872498
96 39 60501521
96 42 9613196
96 60 49725554
96 78 33717196
96 82 70603858
96 90 16606265
97 29 64459296
97 35 89998878
97 43 18696855
97 53 40056775
97 60 39516636
98 13 63488672
98 14 59922512
98 19 36329969
98 31 7331165
98 39 40149724
98 63 7872639
98 71 26212560
98 77 3803811
98 88 57735380
98 93 49670346
98 97 39135231
99 5 34203003
99 11 22791483
99 23 51394655
99 28 48133456
99 48 27586111
99 66 51545118
99 71 10282569
99 76 67339421
99 78 16425857
99 91 21928652
100 8 21866503
100 26 54568758
100 39 53343895
100 57 7062377
100 70 13165377
