55 300 10
1 2 48522766
1 51 62977988
1 52 64489024
1 53 38243119
1 54 55962435
1 55 30419735
2 3 59963013
2 51 785656
2 52 54964271
2 53 88275782
2 54 95429001
2 55 34742982
3 4 31924850
3 51 85227711
3 52 29854061
3 53 1359408
3 54 39808625
3 55 40539620
4 5 44971442
4 51 89484982
4 52 19052276
4 53 99779372
4 54 80813560
4 55 41622026
5 6 2977184
5 51 29574967
5 52 80905310
5 53 34025001
5 54 2734456
5 55 20664138
6 7 81342401
6 51 89579458
6 52 84685481
6 53 3673453
6 54 62374868
6 55 61309092
7 8 80354478
7 51 84120794
7 52 94427828
7 53 39758734
7 54 30109803
7 55 41579336
8 9 48557638
8 51 34659722
8 52 56409196
8 53 11534731
8 54 46678315
8 55 66342857
9 10 56790645
9 51 69356102
9 52 86305000
9 53 23121119
9 54 75516862
9 55 39328747
10 11 77679250
10 51 5906467
10 52 37956612
10 53 11221287
10 54 829700
10 55 70245891
11 12 50072349
11 51 31514375
11 52 65751454
11 53 20737902
11 54 41456396
11 55 40834145
12 13 42467551
12 51 61858578
12 52 60880834
12 53 8822394
12 54 22046077
12 55 93856474
13 14 64727016
13 51 97694730
13 52 1753928
13 53 59744689
13 54 65972299
13 55 1877428
14 15 63763920
14 51 93818169
14 52 16500729
14 53 60970606
14 54 82279134
14 55 10489610
15 16 67005839
15 51 87823996
15 52 3054027
15 53 19320520
15 54 94902710
15 55 31173620
16 17 54521469
16 51 49559752
16 52 4432770
16 53 72372822
16 54 5771214
16 55 88498645
17 18 87263894
17 51 53688559
17 52 81042567
17 53 42865728
17 54 64085848
17 55 68601690
18 19 89725648
18 51 91357482
18 52 87966727
18 53 9515029
18 54 30576281
18 55 42946679
19 20 13543149
19 51 94969169
19 52 12499409
19 53 72711477
19 54 16309447
19 55 32632771
20 21 1226608
20 51 52923974
20 52 83964065
20 53 6254027
20 54 15247188
20 55 99037371
21 22 92180776
21 51 6472138
21 52 52705187
21 53 20559464
21 54 85678155
21 55 93070977
22 23 34289332
22 51 32164621
22 52 23910455
22 53 78129673
22 54 1495184
22 55 32067133
23 24 70518439
23 51 32808513
23 52 15581675
23 53 13963088
23 54 86020542
23 55 19761893
24 25 35916568
24 51 52121019
24 52 54625555
24 53 5178716
24 54 54356193
24 55 62338351
25 26 98012751
25 51 62599604
25 52 61841294
25 53 34880034
25 54 5239277
25 55 7933218
26 27 4070534
26 51 94905280
26 52 26602286
26 53 57389293
26 54 89545016
26 55 34274733
27 28 67490638
27 51 51569244
27 52 13863481
27 53 28980873
27 54 15259190
27 55 55827003
28 29 84899634
28 51 14528119
28 52 38086176
28 53 15553005
28 54 61173242
28 55 58249595
29 30 18950300
29 51 53646521
29 52 31881939
29 53 16895490
29 54 17613698
29 55 54176462
30 31 58095458
30 51 67292154
30 52 30182319
30 53 53088788
30 54 24776735
30 55 48629026
31 32 89581156
31 51 66582061
31 52 23373383
31 53 54763064
31 54 28012211
31 55 88348218
32 33 57256083
32 51 2947651
32 52 65527479
32 53 40890527
32 54 76834831
32 55 39588554
33 34 16610310
33 51 10227754
33 52 40932074
33 53 98938891
33 54 66972536
33 55 32423018
34 35 71721200
34 51 86487869
34 52 63377302
34 53 28071544
34 54 79118594
34 55 59323339
35 36 67436636
35 51 17922357
35 52 65809301
35 53 74275472
35 54 10674910
35 55 84889745
36 37 89759905
36 51 14405503
36 52 97170525
36 53 88613362
36 54 42045862
36 55 7800762
37 38 62058260
37 51 10805144
37 52 66637516
37 53 97694508
37 54 7040982
37 55 68901211
38 39 44940918
38 51 71354768
38 52 23013857
38 53 13399464
38 54 95422565
38 55 48903450
39 40 54008145
39 51 38001651
39 52 52502667
39 53 8694588
39 54 29926145
39 55 25614391
40 41 60950543
40 51 28168785
40 52 96417963
40 53 1754980
40 54 84697546
40 55 28347
41 42 29748658
41 51 44715540
41 52 53039945
41 53 81446316
41 54 83632454
41 55 27295902
42 43 7446127
42 51 36143005
42 52 85928048
42 53 3077112
42 54 51839640
42 55 83892871
43 44 7738935
43 51 19771226
43 52 89406146
43 53 71878194
43 54 92855674
43 55 29873949
44 45 27762982
44 51 67592761
44 52 84293054
44 53 72355896
44 54 88960272
44 55 85696451
45 46 97278646
45 51 99637964
45 52 35933997
45 53 68955289
45 54 3790300
45 55 82569964
46 47 82220945
46 51 68544626
46 52 29348581
46 53 63287268
46 54 77916972
46 55 64581012
47 48 46886476
47 51 18349278
47 52 95855108
47 53 61838075
47 54 96456128
47 55 23188204
48 49 14598587
48 51 25450728
48 52 3014803
48 53 12338493
48 54 50172805
48 55 98037051
49 50 38488395
49 51 87704094
49 52 86299659
49 53 13032303
49 54 20850139
49 55 5109564
50 1 24943712
50 51 82263549
50 52 92454395
50 53 92694568
50 54 15775724
50 55 96736315
