42 298 9
1 18 90848
1 19 41014
1 20 19928
1 21 97523
1 22 19035
1 23 14584
1 24 18060
1 25 70194
1 26 98809
1 27 98828
1 28 79943
1 29 45265
1 30 45141
1 31 91910
1 32 64743
1 33 84132
1 34 58287
2 18 27076
2 19 21091
2 20 58321
2 21 74457
2 22 77896
2 23 43418
2 24 64026
2 25 17042
2 26 41480
2 27 51036
2 28 71562
2 29 34550
2 30 87172
2 31 13435
2 32 75005
2 33 24465
2 34 38252
3 18 56335
3 19 88643
3 20 53476
3 21 68702
3 22 61141
3 23 83093
3 24 84553
3 25 71627
3 26 57240
3 27 25326
3 28 15434
3 29 44323
3 30 60236
3 31 24636
3 32 52954
3 33 10178
3 34 47243
4 18 46372
4 19 78144
4 20 28566
4 21 68207
4 22 45829
4 23 86373
4 24 48059
4 25 84986
4 26 40858
4 27 85033
4 28 32066
4 29 97815
4 30 82463
4 31 91663
4 32 44118
4 33 24211
4 34 19502
5 18 99566
5 19 71121
5 20 61419
5 21 30060
5 22 87319
5 23 46251
5 24 76952
5 25 50180
5 26 28409
5 27 95529
5 28 57375
5 29 18720
5 30 16159
5 31 52399
5 32 82005
5 33 52215
5 34 37243
6 18 65817
6 19 19026
6 20 23724
6 21 51490
6 22 76553
6 23 86738
6 24 94927
6 25 88065
6 26 14038
6 27 71729
6 28 92343
6 29 26570
6 30 38803
6 31 76807
6 32 45322
6 33 22911
6 34 69824
7 18 90230
7 19 82896
7 20 44345
7 21 50669
7 22 91176
7 23 52244
7 24 94714
7 25 97832
7 26 19453
7 27 76966
7 28 24169
7 29 41078
7 30 70365
7 31 36360
7 32 82166
7 33 26793
7 34 70783
8 18 46515
8 19 37770
8 20 56070
8 21 59711
8 22 14704
8 23 52350
8 24 39680
8 25 75949
8 26 77513
8 27 20094
8 28 61548
8 29 39477
8 30 13714
8 31 12762
8 32 42965
8 33 81219
8 34 67252
9 18 73321
9 19 86248
9 20 37351
9 21 38333
9 22 55257
9 23 71282
9 24 12806
9 25 57192
9 26 58645
9 27 64153
9 28 51014
9 29 70730
9 30 36870
9 31 52657
9 32 41414
9 33 14145
9 34 59304
10 18 22746
10 19 75614
10 20 47210
10 21 94472
10 22 56757
10 23 47558
10 24 39344
10 25 20339
10 26 62582
10 27 71967
10 28 15841
10 29 98953
10 30 52384
10 31 44338
10 32 99282
10 33 46585
10 34 30767
11 18 50791
11 19 76588
11 20 63045
11 21 32189
11 22 60752
11 23 53720
11 24 64224
11 25 73428
11 26 25715
11 27 59313
11 28 11798
11 29 78441
11 30 82465
11 31 92468
11 32 83313
11 33 10153
11 34 40717
12 18 21026
12 19 96099
12 20 76679
12 21 71337
12 22 91220
12 23 17290
12 24 79724
12 25 38951
12 26 65571
12 27 95012
12 28 11003
12 29 30158
12 30 44689
12 31 84847
12 32 20150
12 33 62915
12 34 29751
13 18 27231
13 19 30610
13 20 46913
13 21 24099
13 22 82954
13 23 11267
13 24 77490
13 25 93672
13 26 81702
13 27 98512
13 28 19505
13 29 53033
13 30 95803
13 31 50359
13 32 94834
13 33 68983
13 34 63247
14 18 41794
14 19 62966
14 20 57499
14 21 42496
14 22 87072
14 23 79679
14 24 61476
14 25 17265
14 26 91508
14 27 55577
14 28 37301
14 29 64772
14 30 40364
14 31 44471
14 32 18518
14 33 40802
14 34 20360
15 18 58029
15 19 24690
15 20 67784
15 21 35584
15 22 19801
15 23 27843
15 24 11593
15 25 30549
15 26 26830
15 27 42979
15 28 94682
15 29 54179
15 30 62697
15 31 72290
15 32 83627
15 33 71232
15 34 23963
16 18 99447
16 19 11768
16 20 32380
16 21 62543
16 22 61687
16 23 37498
16 24 32781
16 25 11805
16 26 56992
16 27 79842
16 28 93360
16 29 11250
16 30 49700
16 31 27334
16 32 86493
16 33 53568
16 34 53198
17 18 57332
17 19 83273
17 20 67938
17 21 25964
17 22 29137
17 23 79621
17 24 23271
17 25 74033
17 26 81777
17 27 51075
17 28 88633
17 29 19235
17 30 71333
17 31 16867
17 32 46766
17 33 57631
17 34 43104
35 36 1
36 37 1
37 38 1
38 39 1
39 40 1
40 41 1
41 42 1
15 35 1
42 15 1
