715
715741451 -688998495
397852990 404689407
889111330 -820939020
216601583 -708373187
-671377658 280067971
61940897 72994953
192853078 -894111063
-740084723 -814996961
467490192 -344889180
551071259 -6487777
561294637 499533673
-941310767 -875796643
325018808 -889693406
-758432089 931499626
-337666458 -311014228
109217986 511240255
-178682062 568260128
263163309 500071184
-554840729 -800868611
836078813 726515390
483087269 223659518
-219980112 407845684
-93166760 152448775
79669884 -680174959
-772254460 -940557890
-638226369 521958103
-735773880 339088055
462594005 280927202
672548162 871680168
489688269 104804471
-927990876 525059670
46266656 -128094374
824420982 111844010
56088533 473679103
3906479 -836538476
237244058 862013886
-135484324 222228855
-343377160 148787635
675634226 -743842451
-48028270 -962508110
613450696 -668244910
-156502457 480715057
548660676 915741323
914118345 236371272
-688693021 -854021178
-299538479 -882605212
-348224997 8689380
277938244 -815509275
905430096 452321809
513604987 -878221714
952674720 169215045
-63659798 807341382
-862741888 -240510162
-745119921 -764643243
-413401563 378763451
-374879354 384683759
248724710 798812030
153675782 -575960454
-87039969 -633928516
-883044940 599259705
880449683 -540694154
-658071553 -752518881
992125328 -789456305
654181 169458817
-8617764 -996379455
373520706 -530624838
254672371 -742811389
-779106468 -186185855
-958839837 434949180
-220002427 -207035737
-421667344 -502251278
47937965 -223336245
-198000 409532823
-670801553 193232835
838545833 188266702
834404267 -999124318
779576202 -416296681
571914367 -97226481
947455318 623320374
-822055581 -563661203
-981588503 499242672
-106583860 -141563449
-77656596 -3565637
-41278218 56996940
196549246 -146843577
-371642242 -343335026
-46813791 -621326701
-978772869 753271335
546157005 -724674347
923270076 878730511
-763053649 -658788025
-446748235 -622378094
752421529 536593311
-889197543 875112925
794033604 340829631
-177388891 -476607332
-677852519 -594658197
57472469 794185902
-4849921 -931561522
-274237763 -811612120
-74395037 437244586
-615637219 559596886
-227982240 425965988
-581379281 494471863
531698296 -37747398
-872915293 -860808431
-273028336 -995528185
-832697890 405725582
628338107 8316905
-856036165 915715098
-99944430 533388579
340064458 883889206
622750460 853290934
786949646 -688763973
-894684285 559073085
-963463823 90813306
927675648 -378708056
903913104 -326093141
-267883716 -374402847
-141632708 -352132403
-587939588 815225390
702240010 -99426674
960499465 627027457
994855407 279903551
-838206870 -951174443
-388070490 -83369241
-454772414 715006186
106153865 802512000
-900967405 82589563
5390971 -674937634
-232569483 -215125417
-241706532 682735871
-847634906 -487659361
729902269 622512580
860609352 -924192021
684513792 -254773352
-232434109 -104492662
-934056028 851407134
-123555837 626581282
-944259618 754569036
576509283 -412774690
-493125292 -734472741
-622800053 947537169
-916305267 -478573383
988435037 -786244726
58554477 -464357636
948468532 -198262912
-550695190 99483942
-823831202 821830424
31966357 -790499765
607312299 -937720188
-200181758 -527529807
95352724 -347484421
506658085 563924273
-774699072 205867353
658649901 -428664446
-647757027 567267580
-237833034 63258287
-805256685 -889078887
-439586031 252153802
-161577972 972804766
958797674 -683089923
-194344543 769197500
975603514 556727787
467268956 -332430102
228708486 824915822
-782052498 -412120535
-994875314 42386546
930609067 -276774093
-623916106 629637636
202036851 748667679
-978013586 710360689
-216327334 -76973946
-470829913 204644000
-562620077 -418655846
396315906 242683685
569265559 228296355
664526889 -960955795
143823591 -35337176
524670157 -942496157
335909776 -913485228
697603799 -482572514
800624882 -880747083
17257685 266556238
947347402 5268127
-311398633 102421742
38659628 663931855
-88756233 540955235
672359233 696965327
-369429543 242113341
-999843366 903531977
-614972526 502324656
702908701 658369827
-318791261 66527682
106466574 -401365750
35267392 -965857643
598398466 -359744918
574546620 -53271726
-274954790 -670829660
327483429 726515959
16440867 -112302386
641303910 -74478894
148332882 -821522200
-937648370 670562552
944235714 -744800269
881106619 -710240337
705210220 -867624851
-612003604 673763709
769734859 906314745
-226887446 768236372
-78473726 -15893601
622914272 516026303
955119441 809369706
-635182877 -654752405
-839167577 906847959
-435112786 -902182884
141046413 495600403
143339381 577816799
352413237 861775455
140638882 -516731850
-143192947 -237216070
343056934 422384867
855267398 -26083742
-664448397 -65118916
-783728943 442345060
-480034408 -577866931
-266511360 713203917
409616733 -261888145
741393591 -753270815
645879679 -69130606
687183146 390849068
-954976530 830539433
-223659768 255426646
-867253010 46291450
-807503731 243044440
551996987 -783738121
-582398917 -322125482
-666360286 -254458485
212586661 632573753
-182948941 594689733
-112168683 998582429
380538462 -408404041
-417765951 932860978
-990215245 290583298
308040567 -862705199
84841208 478126834
-646329830 787569004
122181703 38552222
-765304257 -226002686
-256157349 -894377438
18869611 -384899054
-188605680 822482342
349501963 623734555
-872216474 -416935290
855005640 -41684264
851218616 9016259
-709758689 -207748796
100982956 894189014
353925481 -258354245
-643111216 -847641639
422950399 -255427260
360593501 -280974530
282840371 101029366
-59805762 927562951
-479451220 -976451632
251104719 -183270311
-449641124 -31958011
16958006 857712218
-191828967 635560470
-282427956 -776598139
640534206 -661002751
184409441 552796383
-798074790 -705131762
954029252 173849450
-355193760 90700783
-674376325 317268388
803236646 342675366
-154828352 727714281
-973645716 747045383
-698845224 11790100
978360007 -217461585
-808782466 113809424
-903952775 -3855498
105558019 -262692511
-132721927 -44732907
-255441782 -532455955
-841354163 -656413256
325493450 -972913335
-741853713 -311696078
-726504482 -140997417
143042493 174042484
-750598435 685084966
-74390165 945693892
339669881 -518365149
903765229 -884614611
-668346992 -783700071
-178105298 908683793
366431897 -120589104
-419356123 100702889
699878909 237554513
-742373287 738708282
-854465323 633505866
-704975305 -623059869
-142255903 362223151
457816265 -943309740
-216536028 484187543
580966970 -73187286
-723540789 -343906621
186009268 758632291
344699184 478309677
-685792967 695470110
-185878282 -425074671
579085024 359085816
-946417806 742730345
-660719399 -251878261
971416249 906438785
-446178745 651863048
578083147 -379047789
114754967 -603760598
818611567 493997943
-109112442 205510030
-563807747 -119057384
993720651 388950323
97495112 56919670
467243305 -190530118
119671563 -844257467
-5355038 -783283757
634591046 -448134885
-233987036 237465112
-346154985 -317398557
769701074 413953012
-335562415 -142974382
874666956 -75378130
639879475 243552606
769647991 -114223763
-820043217 -623200061
883786572 -921144736
229101073 -162084700
-108890808 423488084
98330167 -934578302
-454104679 -853252433
-26053294 -550079349
657693217 306617198
585474128 451391726
758266413 -714450877
-643842399 -363653798
-473187374 841047428
-539667816 -214837416
264098218 344772696
-57870175 520069295
-604470453 177253914
-153790337 856916380
-646694776 -313289664
-449266914 -269522049
226772630 -411201917
-559923381 -595540889
-309672144 735834466
922588435 -125889855
174740310 -952133309
113563768 -33517627
392330186 571010659
831226150 -339918962
-875129112 323190155
747787467 -627646614
497771155 522690211
-871773312 93792342
677384981 -57728846
-156712344 403566661
-700384728 317227274
250001952 -879391889
-645717472 897983106
-447229616 91222249
53526116 -595549883
-48915763 -693118393
-52756546 -838341966
-418754358 795453825
-291504517 816794978
814626312 670935653
183746058 442619336
-182063932 -420765078
-658086082 -51516349
-49408909 -506637469
180756647 -563313924
-787466646 94738826
642392253 -698339952
260573057 -690336312
-174887760 275043962
-830475134 140744308
-923730230 -476146377
-331904214 -208994023
309807925 715238873
21391765 39536549
-638986089 751344203
380647227 251339903
-69559353 -915774205
-664604188 646756497
-174943582 579238233
246144556 -665603591
923000847 -811843784
-84934700 -428386541
118803639 673188357
-991233767 442652707
-626675880 153218006
675772128 -907232827
-593232829 -832539542
611661815 -676358271
-71129789 939890690
925557121 -476278554
-36382569 -389712809
-348380331 554816088
-322871902 482852972
-517168852 -651014679
-856254359 -742354162
-758186575 -945657018
-175029967 -742629953
518743111 265251215
603571614 -349143886
-95540925 -392649379
-682672827 391059300
484497849 858516295
127321930 465926167
713542078 528799307
-307842464 -11462080
242799089 -214365422
877436370 -923995336
113380754 -708952750
528712018 969302670
-481082375 -307895476
-84695484 -205800805
-923087169 -228242816
-209086612 396009284
121612946 -313825506
-804552288 444632082
278073140 343583150
276001070 -808618108
-140329431 -788651556
190143376 -208185629
-988755485 -851207952
576618499 440245982
-117581110 -717201503
-884549837 -911749428
-260298850 -250593645
-978098334 -452886219
-887829397 -34268886
163221320 -311890404
127742749 339402237
856148124 106746622
-455033237 708902250
490851726 -36055165
956533967 631327859
-83040449 -612421765
734942880 -145306993
933238079 -54131386
-952461472 -787934608
-4668578 -957293308
706804217 -8639089
518445475 -397659717
282953810 -245097931
144838157 -68265865
440281401 -282191257
458239400 -720201502
-362419677 -171666206
771319506 684399603
447659331 798278817
-154754370 -579640486
474212025 449875736
-761419509 -317201672
-25634006 -369053447
426203333 -299446457
890187622 -446339642
10875744 -512491784
713924525 963185080
553479811 -923251156
598725937 649093867
-295155656 298335918
-305930813 680413695
412227925 -589727496
-92530492 -345238697
348421619 590617818
866921910 501523526
788057703 949197890
-40779129 178309435
-757136110 -590195528
-898322567 882574810
-607819309 -257527373
-204245361 -808554395
661651718 -289586685
106414063 -62530769
107024422 29517769
-296935262 358317012
155979471 -124547357
-577086177 261224618
-228351179 402623004
-488907557 -206169782
-960054269 831969477
115080063 660822273
243828810 -591757804
-469412206 -847266222
642580167 -874077070
-780012258 -880620310
-619029379 -72862496
817238022 640372428
95934153 867948025
-836902308 -171715811
181415434 284969297
11244468 -356470988
402079856 11100411
35749077 -758954639
89820623 370664303
-773491001 -820822753
-774333005 -943305862
-625015047 994775394
315763158 607483021
-502131632 -765164576
-638340077 119043716
876605677 -658911465
18358549 453043116
226533160 772643307
504331321 -770922571
-496225753 688363955
876996879 914864053
282321063 -556726776
407695088 -563710430
368899096 849408394
-3680902 -733648925
-491540049 699658224
985112490 116197621
-769040784 -412309446
-940304919 -138358451
556745090 875855465
526664730 -597135753
-697569878 485119136
-280815370 -46448962
-902922492 -253475970
-854188131 520848473
-296432223 709793741
487988661 914423096
591417390 565525645
90186990 -334596412
-692036296 -295424593
62045413 -142719920
-386350723 -658554291
202215342 207070564
676368163 -38253787
774540922 -239885708
-221652582 -22625143
-890855995 -216265549
-562159399 288823276
456515090 71988147
155508722 609627111
-178322510 673316267
993502398 -71140063
-526497918 499814313
-24556976 -159725405
652153842 -712770864
561666279 -179577686
-934726177 -665602027
-667660563 74528084
303159641 -136196175
-825451657 511517103
-985293283 -344954469
-56779430 691097351
-153735660 376566104
-35698426 -257319923
-830492408 84893406
-140335013 -695135889
-203992764 -525199473
491994323 -731534249
-950249274 627260701
-694884528 -968380688
-184581550 289394304
-137509943 425899306
647854489 980915710
-825662194 -573074188
-168365843 -864306758
980696255 -890472999
129220591 -639709671
-246787320 -680228245
-428691319 -395796319
-975799576 932858059
232598840 37154578
-299139008 -967330598
331910446 326571781
-222869801 537373468
517899612 927273734
-921440532 -939667541
848424371 -278339213
-690473614 -525237630
-569092354 -891349923
906734216 137991454
-20186974 -143937827
26234161 -568635338
103945210 -356428298
244067308 703178252
-713730905 -922544741
-599725875 -677206564
804700183 -980810530
328339421 328976260
-205566143 794237689
-314539700 526872520
85552714 -426406957
-80061112 -996722607
-404687388 242111969
413919634 -444998608
-720631444 -132442358
-948993136 504734286
-747505610 313231951
-277468911 -22442457
133408540 -197131533
-274974124 -418584900
-785707251 508206283
-298638367 977509509
-950113654 303184961
386905900 678306512
232442155 807127373
-29400697 479656908
532340121 -958349602
345116411 -781089785
314481609 934560503
748568274 452122642
384180005 -743461944
-79960128 -777137608
853462818 435520192
861565586 570852101
-999601412 543665633
-619022440 -781522602
688446156 558406241
869913083 712598214
-434538392 198413766
-118715874 240757577
601281402 -832623483
344627651 -585567729
-250809796 549842561
873787486 128197396
-318675518 -642101075
-694134454 12942881
449318850 -340199048
563369916 -152437940
681427878 477112377
-426317288 139029168
501539644 -344563242
760353587 993646924
977765896 839902084
669601925 -271838367
231244063 -461528217
999875172 -356434970
-761391643 210095270
698847297 -909862613
391476494 263693477
-809109282 448806909
351237727 932355967
-964213699 714794418
-295074881 -742516917
407341977 -352700138
436886053 776957564
-220914990 452218167
-716128354 -332457401
-729238816 -474855689
-533059420 281769628
301187097 -104778490
716058288 757361887
829444013 -434859188
-941740884 -476010364
446406886 -387442315
452679341 -52063848
987522249 686154606
-308520827 -21399485
63359560 -793404013
-51348060 443075808
245273409 153978323
389368044 -492699740
-266329104 933829978
-463902567 -465309354
926553913 861554765
-571242306 39116927
-151467938 -858254621
-760355345 -793263117
648411649 -62846843
-241460596 -344594216
-756477888 806293852
498546143 -716435577
129186232 -754135999
-653917628 -810210186
-632534871 -705722919
-30495806 -982253679
517693603 -653012811
252692022 -81324772
-760354175 -251263282
273641693 -910296680
-751334522 528037634
-812519215 428561062
-889090519 851182883
839379377 -194604443
71061290 -494803553
987988614 736723420
-886650186 331053009
-84682540 -946895505
217460621 -603355682
810068087 725382867
266424989 -823157726
252388333 724309422
-44993832 -773445633
456382452 -436157073
933541110 425669187
-496077863 -876315397
923297884 -843341259
214694119 278105606
-200299367 -349906531
846489301 551032707
398958723 -563489123
-24982611 -857143869
-974192962 -580023870
-829493569 -533680451
-664682476 477439704
-32825855 370330647
