1000
-1 -11
-15 -10
-6 -12
-15 5
-18 6
0 -5
-15 -12
-5 14
-5 7
-14 -10
-9 14
8 -20
2 -5
1 9
14 -6
-10 -17
0 -3
-18 -18
0 3
-11 15
-5 -14
9 18
6 4
-8 -3
-1 -18
8 -8
18 20
-20 9
-11 6
-1 14
-7 -7
18 9
-7 -12
5 11
-13 14
10 12
5 -4
16 -17
2 6
8 6
-7 0
-17 3
9 9
-14 -12
-2 7
-19 11
-7 -18
-11 4
-6 -16
16 3
12 9
10 -9
-8 15
9 -16
19 -12
-1 -12
7 -14
14 8
-10 -15
15 -1
17 -16
-19 -3
4 2
-5 18
2 -17
-8 -6
-18 -20
-8 -19
6 -15
8 4
3 -11
-4 13
13 5
13 -19
-15 -18
19 3
14 17
-2 8
5 2
-15 -4
-10 8
18 2
14 19
6 -18
19 19
-13 10
7 -3
7 13
-8 14
-17 -16
8 8
1 3
18 -8
-19 -7
0 12
14 1
18 -9
-10 17
14 9
-18 5
12 -3
15 9
-4 6
-5 16
-14 15
13 -14
18 -2
1 -10
-9 -14
0 13
14 -2
-16 10
-4 14
17 -4
20 -15
16 -12
-10 -16
-7 6
5 7
-12 -3
18 5
8 -5
17 -3
-8 12
14 -11
8 -19
-12 11
0 15
-17 -2
-3 -19
17 -15
5 -3
11 -17
10 -15
-11 -7
-4 15
7 -11
-15 13
-19 20
19 11
-19 -13
18 4
-17 5
-2 -13
11 -5
11 19
15 13
9 12
7 19
-13 15
2 20
-8 3
-20 -20
-16 -11
17 8
15 -4
18 -5
-16 2
-9 -13
17 0
17 5
-17 -15
19 -16
-20 2
10 19
17 -9
-7 4
10 -8
-20 -14
-3 -11
14 -9
-6 0
-4 10
-1 -19
8 -3
12 10
-15 1
16 -2
20 -4
-3 10
-19 7
16 -8
-18 20
-18 11
20 19
-20 16
7 10
14 -17
-15 3
3 -17
12 -19
14 -1
2 -13
-15 -20
-18 18
14 -4
-8 16
8 0
-2 -6
-5 -3
15 -17
14 -19
17 16
-10 19
17 -5
16 -14
-10 -5
-8 -14
10 8
-6 -11
16 4
-4 -13
15 10
-9 20
10 -2
11 4
19 14
-9 -11
-12 -11
-9 5
10 -7
11 7
-15 4
10 5
12 16
-7 8
5 16
17 -8
-13 11
-2 -17
-12 15
-3 9
-6 -15
-18 8
3 -4
-15 -3
-16 -6
-16 11
18 -16
17 13
17 -13
-11 11
-9 0
2 -8
2 9
7 5
-11 12
0 -17
1 -6
-17 -13
7 -10
3 0
1 -19
-6 -2
-3 -1
17 -17
-15 11
20 -20
-1 6
4 14
-7 -17
14 0
-20 -1
-10 10
18 3
3 12
-5 -11
-8 -7
6 -14
-18 -7
1 12
-10 -9
-2 9
-20 8
1 1
-20 5
19 1
-6 -3
-5 12
-6 6
8 1
12 5
13 8
-10 0
12 -4
4 -6
16 -9
-18 -1
0 11
-5 -16
-19 -2
-2 13
12 8
-5 15
15 -14
0 -1
10 -10
-1 8
-18 12
-7 5
-13 16
0 10
-12 5
-7 -13
-11 -11
0 5
-14 9
-15 8
5 18
0 7
1 -16
20 16
13 -11
-8 -10
-18 9
-4 7
-13 2
12 0
-17 -20
12 -15
16 -15
-14 -2
-14 -18
-7 -1
-17 -7
10 11
-18 -15
0 -13
15 -5
-8 -17
19 -6
-9 10
5 13
-18 16
4 12
20 18
13 -5
-8 -5
18 18
-7 14
11 -12
-20 15
-9 16
20 -2
-7 -8
13 15
6 -7
-2 -16
7 8
-7 -11
9 11
17 -7
0 -7
11 -7
-16 -2
5 -8
13 -4
0 -20
-5 -20
-10 18
-15 17
20 -16
18 -17
19 8
20 20
3 -1
-20 6
16 -19
-14 6
-5 13
13 4
-16 15
-3 5
7 -17
-15 2
-1 13
4 -13
9 16
-7 1
7 17
4 6
-4 -5
-5 -15
-9 17
-10 -20
-6 8
-16 -19
-17 14
6 6
-19 -11
8 11
-12 -17
10 14
-20 -18
-12 2
-12 0
5 -10
15 -20
-17 1
6 13
-12 3
14 11
13 1
20 8
-18 19
-19 -12
-7 -5
11 -6
-6 -1
-15 -13
-2 -14
-3 3
6 20
15 -11
-10 11
-14 -8
-11 19
10 18
-12 -2
-4 5
9 2
-19 -10
13 0
0 -8
-19 0
2 -18
-9 -8
-18 13
3 18
-1 1
-2 -2
-6 -18
7 1
15 11
6 14
-3 11
0 -14
2 -11
15 -18
-1 17
1 8
-20 14
6 -6
-5 -7
3 11
-19 -14
13 -1
8 -6
-19 -4
-2 15
-18 -13
12 14
-9 19
5 0
-7 3
-1 -5
-11 -18
-19 -5
-12 -6
16 -11
8 18
1 -1
16 -7
15 1
-9 -9
11 3
11 2
-13 7
-4 8
-6 -13
-14 3
-6 -8
0 0
9 0
18 -12
-9 9
0 18
4 19
0 4
8 -9
-4 12
-6 -10
-13 18
-2 11
10 -16
3 6
-5 -9
-14 5
7 6
7 -8
18 -14
-13 -4
20 -1
20 5
13 11
19 13
-2 4
-1 11
8 -12
13 12
8 -7
0 -9
16 15
13 -7
14 7
-16 -9
-9 -2
-15 15
20 12
-7 -9
18 -15
-10 -13
6 19
14 15
-3 -9
-2 -18
-4 -12
-9 -3
-1 16
-13 -14
14 -18
-14 -4
-10 -2
-16 -5
6 7
1 15
-1 0
9 -5
13 -15
-17 20
-5 -13
-6 9
9 -1
-11 2
-17 -11
-4 18
9 -6
9 10
19 -7
-11 -9
-4 4
-15 -6
-13 -17
13 3
-4 -7
-19 -18
6 -13
9 13
-1 -16
16 -6
-8 -9
20 14
-3 20
0 14
-9 -1
-12 6
11 -1
19 -2
8 16
15 17
1 2
14 13
-6 19
0 -2
8 -11
19 12
6 -8
2 -14
-18 -5
-18 -10
15 -12
-3 -20
-12 1
-4 -2
-20 -15
-18 17
5 17
11 -4
12 -10
20 3
-1 -14
14 -12
15 -10
16 13
2 -6
11 18
2 -7
3 1
17 -12
5 -6
16 -16
8 3
19 -1
7 -15
-17 12
-9 -7
-9 -5
-14 10
9 4
-7 19
-14 18
-7 -2
-9 -19
8 -13
10 16
-17 8
-11 -13
-6 18
-15 19
-3 -15
5 5
-19 13
-6 10
-11 18
-9 12
-14 -11
-20 0
-18 2
15 -3
13 19
16 -20
-15 0
-11 7
11 20
9 19
-20 13
-3 7
-2 -15
12 -6
2 -20
11 -16
2 8
-3 12
0 8
15 14
-19 12
5 20
-12 -5
18 -11
-11 -20
10 15
19 -11
-16 -10
13 6
3 -6
-12 4
-6 20
-20 -11
-20 18
-4 -6
-4 -17
-16 0
-3 -16
4 -20
-12 10
12 -2
14 12
-8 -16
-12 -14
-12 -8
20 -5
2 0
-4 -14
-8 10
-16 1
10 -18
-4 19
-9 11
-4 -1
10 17
12 -14
-19 -6
-13 -9
-10 5
-15 18
20 -19
-10 1
16 9
3 -12
-14 13
-15 6
4 15
-5 3
-14 -14
-10 6
-10 -18
-7 -15
2 -3
-14 -1
2 10
15 19
-11 -16
-3 -6
17 -10
-12 -15
-20 11
-14 16
18 -4
9 -11
1 -8
-4 -11
-18 10
-2 -5
2 7
20 0
-5 20
-19 10
9 8
-6 -6
-1 20
-18 1
10 -17
-12 13
10 10
-9 -12
-12 -19
-5 0
-4 11
-8 -13
-10 -11
11 8
17 19
-4 -8
14 -15
-7 -3
11 6
-14 -5
-2 1
20 -11
7 -16
-16 8
-16 -1
18 11
5 12
-18 14
13 -16
13 13
-17 -10
-12 20
8 2
-2 14
8 -1
4 1
-12 -10
2 12
9 -18
-17 -17
-3 -4
-17 18
2 4
20 4
5 19
-1 -20
8 -17
11 11
18 15
5 8
11 -9
-7 13
-17 2
20 -17
-5 4
5 -15
-15 -19
-20 -13
3 19
17 6
0 1
-2 19
-9 1
6 -1
14 4
-16 -18
-9 -15
16 12
9 -4
-14 19
-1 -8
4 3
3 -18
-13 9
-18 -17
3 -5
3 -9
7 -5
15 -16
8 -15
1 -9
-16 -12
-1 4
-6 1
1 -3
-15 -8
-13 12
-5 6
-3 16
5 -17
6 -12
-9 15
-20 -19
2 14
-1 10
-13 -7
-14 14
-11 -17
2 -19
16 -1
3 20
7 9
4 13
0 17
-13 8
-13 20
6 -10
19 5
-14 1
8 -16
-6 -9
2 16
6 -20
16 -3
-18 -19
17 -14
-14 2
6 10
-4 -18
3 7
6 17
16 10
4 -17
8 -14
0 20
-10 -3
3 2
2 15
-13 -12
18 12
-2 6
4 -9
-16 16
19 20
-7 20
3 17
14 -14
19 -3
9 -10
13 10
20 -8
-1 -15
6 3
20 -7
3 -2
-4 9
-2 -1
10 -11
17 20
18 0
5 3
-18 7
16 1
-17 16
-10 -1
-13 4
-10 -14
-10 -6
4 -7
14 -5
0 9
11 0
-3 19
-6 17
2 13
-10 -10
19 -8
14 20
-1 5
-6 -4
-20 12
-1 12
-2 -8
-8 7
-14 8
-20 17
-1 3
-3 13
17 15
19 -5
-16 7
-11 14
-20 10
17 -11
4 5
-16 18
16 17
-7 9
11 17
19 2
-13 -2
4 -10
19 6
-10 -8
17 -6
-20 -16
-4 -9
10 1
19 -18
-14 -16
6 -19
11 13
-19 -1
17 4
-2 10
10 2
-3 -10
-14 -3
6 -17
-17 -8
-17 9
11 12
5 -19
-1 15
4 20
-1 7
4 -16
-6 5
-1 -6
-10 7
5 -9
13 -20
-11 10
-11 9
-20 7
-10 4
11 -18
16 -10
-15 -5
15 12
14 18
-17 -9
-16 -7
6 12
4 -4
-10 -4
4 8
16 -18
16 7
8 17
-3 17
9 -9
12 -1
15 -7
12 2
-20 -5
-2 -12
20 1
3 5
-16 3
8 20
-17 0
-14 -13
11 -13
-12 12
16 20
-2 5
-5 -6
8 19
-17 -1
-5 10
1 19
16 8
-5 17
-2 17
-6 14
17 9
1 4
-6 -5
-19 19
9 15
4 -1
-3 0
17 -1
10 -6
-11 -1
15 6
7 3
-8 1
-13 -3
-11 3
9 -3
4 0
10 13
-15 -2
-6 7
-4 0
-5 5
-4 -16
10 -12
9 -17
14 -16
5 15
