527
162785788 134341996
546437478 345520864
-80458128 -110149077
-54403661 -998367460
-302763462 -564511089
238468691 231983809
-324590626 -222717700
929298382 -533264658
541084921 -965187497
-249064287 663308969
817394428 -971522455
-766877206 109294012
135344025 -449842875
141621764 248063928
-348136733 117999930
138717558 -600196244
216725107 151818486
-683103093 -79647185
-412451617 -18717340
329190341 897793999
935261677 -153212542
-330828547 898596413
21931232 867183576
420178622 -510431442
97693169 727886443
-973977439 332411962
-849091746 -75196690
814325754 969377057
-334311248 -698709171
-771421944 476874845
-129436110 -269201096
895204882 381756388
-353907937 848513937
-414760776 988850383
-571712145 -573220941
144421794 -538734451
590394402 606763527
298104669 935292407
88629364 791206306
-151123717 -66333858
-997948369 785512986
60041830 751982493
461015950 957032654
-656547959 229332556
642231301 657435306
391341471 -636351156
880605268 -941129215
600413797 669145176
-444130666 -791049406
-463703314 -435477500
-76059278 1764425
-32791414 144246085
-625240803 -673836349
-279854812 -707406144
-982692286 668271363
448644338 614899803
-324954943 -821491550
711585894 -484122485
113780076 311616311
-938132057 52795182
-639707523 -423425110
-580928725 -294062152
-382591517 731362237
50242490 -503824915
445348193 -947557113
521558742 -14765928
-189739172 311232999
463570041 -750365428
351275821 -862926981
243531183 777368239
-498672685 -219107597
-217759463 21860285
189096626 488677280
777544689 205972626
973338612 439657200
-900407304 298004047
-743123503 -115659204
404227844 -869062953
178628976 191805908
74893592 -332624537
-177122763 -974797536
-323610870 555607019
208991413 415525856
-759205952 429802902
-264150720 -682705240
364130748 831625905
-652077489 -473243532
158325692 -487582276
982896766 -63115122
75175873 694322738
94104663 800244182
-212164299 48925998
618361764 -238040743
306586280 134311150
169794345 614428345
277473136 -321764629
-270657830 -402381418
508535231 -687961663
523719450 847534826
184758010 -368564932
-506500648 -527838502
-678806482 -552409981
280977805 155044578
464507220 911981789
-53529045 178441933
-731752965 -250058314
433129877 -865716056
922814623 -322328523
-275822307 -285840206
-223176285 -418826164
694726535 -793136393
-283321401 846468331
975541588 832529874
-810965953 954467553
432181353 -840877249
-268761897 235316365
-924780165 983627460
946303361 -96433754
177351996 -747122533
762495865 707122449
960592525 -388459325
379121959 815650175
-86220467 999005731
526645393 -959024317
630182239 -453791252
795522830 -816372945
-676130417 800542822
-231097838 -377217538
198983836 702011809
-618271633 228371869
-161337595 -752272144
-132699169 837273768
-678598321 -226416721
-448682982 -917088579
276648366 -897990600
-765337798 -607244716
202469320 -770807414
974690545 711437759
-129072526 426036496
-129538071 -954049344
979049640 -531385393
-667915467 -373587120
279967082 -796916661
622129671 292604016
878374477 362743460
609784512 310030223
-518567509 928253761
914493728 873016329
740786569 -204200132
896911203 145101157
-432610667 108457462
-581662656 -572112995
342419616 -541491002
-422910118 70657380
-626815558 -164268181
-281747746 -154962788
-129821054 650947724
828932998 300342129
-8986100 801785132
-521195882 -46297347
-835903010 655420908
-443939129 66242824
384223046 637926857
-713269532 703257463
-881655365 -550749766
328105736 -603927194
326229000 -40522952
272042949 -856487544
-621573126 -950095542
-577794217 -94361188
-23010030 -311318107
610268435 69796769
-872813790 932481074
290145872 615643243
-699391033 -88082112
-971269318 -750797363
960850474 957632315
964127466 -771664599
798801051 549279011
700413341 -410302804
-870176120 501394334
-535566053 788684387
-604866596 -55973718
-57955010 -311508791
678183941 -331144769
359377521 -165051110
330641507 -831480900
-934350439 386004639
-971450833 -357097287
538625147 -311587858
630645548 350688892
-951212716 195912823
-159494244 -514542990
540739968 -573738197
564639309 654265810
-903894622 186945968
-19359283 313650701
156367049 -864055415
878802317 4601579
958908153 -9467170
-703903767 740385724
806233885 -93901329
-164892331 281980960
200666481 -352851859
265455604 163557003
285831316 566023807
-228240505 -80236591
185984705 171502756
191857856 458061682
623772130 365126975
255327181 -957732759
-639733902 -713358148
-528178963 -664855988
841835403 16967486
69766630 458424309
-433289410 709975592
256812807 890552604
663400863 -814554099
-295839321 262485615
-983542853 484728906
-290812207 -480020606
337363140 -514208276
697573685 -546662794
-251320309 794411293
459229269 -343497013
557045009 -245865438
518070644 699005726
509778143 26494457
406960791 221278232
-716104023 73214955
69501924 36091033
-583137951 653606169
378693803 465506615
185088262 612335911
-957600964 393717730
41907016 -208683570
365865011 -346384186
-739045985 -99791036
650217146 -749605072
925085830 -574021891
-279708025 -63564811
-479942549 -690638731
-804503562 -311921038
430502861 -740353189
605244058 500967312
64145598 -759982244
956006200 -554650896
716929795 -521238350
942466963 -71412480
22244951 -141098511
-671588132 766152460
-636732137 362244285
-999155674 -837785801
-848763975 764183616
-977662519 293933151
100973092 -934643359
549246175 659095971
-203212956 -565770522
-747049449 -150657237
-317355281 843077726
455142393 -722816500
743508629 -131937994
352628911 653456634
670180638 -153968628
-463587284 -537995017
29605403 933290643
75511861 623435191
-123775913 -90637094
310132408 803954072
106278561 -295581799
799490702 -281636756
722571958 659913529
376623437 -8018916
-333475207 -56488273
-218929958 -226295792
-361866733 710578493
-623709152 -968872448
268396845 810515929
498931814 -74479944
578268138 -654982319
634983970 694836769
530308502 -859174765
-352227594 697676575
-978902827 -748029262
82644349 -589315209
426371810 -927838983
-939880265 229762627
534957562 349219549
61394069 76360354
-129764828 -976950910
858253775 349645925
537017777 -565951612
-296019531 136688811
504362447 196170000
-48052110 497545470
-509978408 -1632393
138435701 653630846
724683789 -106201348
417112479 298599460
678038996 -527450240
-79355900 -807726924
903626563 501273006
-909535952 -101833499
-565775211 154366960
125878793 -43455919
221669419 126516285
511645752 -718304666
-307350991 -591430069
-24280313 -448286945
-651562652 -884013664
404497046 -304109823
-274789551 796788192
-889239522 -902626611
502779716 831585086
204927618 960186314
-204162729 334961458
632690084 360430741
115612865 125998636
807116904 -465934702
798881111 628212341
-459578990 23375894
575660081 181966783
-57348975 -228505485
-652907082 -688422905
544827632 -308307296
113260694 -183642750
-469129608 -44214551
-425067006 582911493
648649526 636978653
-741325257 637861017
-377305547 -400242382
-268757954 -66543559
876357941 285761149
903863032 776991851
422982547 -650642386
-315746233 565383505
-336346970 714354381
476809373 347416602
365016316 -239812966
732794417 -580200171
231852500 375585091
585282680 -545733902
-373886603 -769414956
588806004 323556406
475174663 -375985201
-839887523 -272623484
769029299 -962774283
52187221 111329321
-429876400 -464612928
-923257970 -528721305
731470373 318072044
-615820394 -923854978
-927010983 660694725
-634270758 542333199
-523488007 617358533
-939938377 303224499
596099793 682961301
187095016 735444553
-580019590 704137198
-891483333 5652613
-687821874 560867056
558786589 -854633755
-68091051 -879208052
343164480 -970902770
321437428 542030421
686472981 72600119
-848856367 552713298
21486358 461708702
-144444475 -656878486
-402515536 58678410
-549366171 130615926
854483923 133470774
-850789823 222111432
-385304566 538133207
416606507 586436375
322834967 -758929951
624355046 -15319868
-893370679 761194246
173997865 -549322064
-472396393 -783950961
-835380633 -549099789
-936796160 703131066
-623484751 -101105140
-91461434 -568672899
-811021926 847424524
747115880 280361177
-123585060 747059924
-560576964 379861573
-657161994 784736743
735019378 412725126
107660838 955578181
851631254 550733593
-286041862 -822286459
-550327315 963936360
-685223832 -93667310
-92869022 -267266645
-483414850 799342130
-770000728 106465908
955700480 -334328935
-344601322 -441600364
291355216 -140113801
-465854316 -197295097
-18870954 -259117036
468919561 607581778
-427538611 181006014
-605121724 290006325
407396429 393942041
-386468585 931779213
84895556 949134210
212780840 -605172489
906193438 -320308866
-769322672 -917490884
-138913777 -34037918
-534766488 -810889667
576740948 -816875555
-314368510 -447297074
-914785247 592225634
732341740 -616850976
-903467913 -36687454
-135763790 -234744224
-187435362 -497741922
-750666087 775027734
-680187019 513617097
-14845540 -665503546
177891700 -704732527
-280899554 -395680136
-52593816 688352386
477662742 -762605317
701107609 46750991
516195611 521155364
-119337030 -665869166
177665501 229534537
-3822449 350835349
-331236645 -207181517
-1572166 -55123690
-865031646 582078842
985463060 999023350
-243699898 826887051
196461434 575412182
-550624262 143759433
-360027706 -881448351
-696837649 -589519476
-553633842 228893536
17735496 928853040
-869922216 -743752484
734634523 819862744
-109362919 869227678
57488790 -558789303
390934505 757778244
-359487074 270176109
227510386 -452619970
-673849512 -208871206
-48263796 -517104290
-607373434 -913646808
-967963497 31694810
-255369066 -579037405
-515437343 575558652
549445189 -944293213
147824448 707548664
-111849639 194352471
-963992240 -642839885
-646694902 -392593291
328341619 427466712
-974463772 -540561869
54731091 992017202
-502375357 412103738
-890396375 -503549079
159332060 467462547
858211631 410896075
846828778 450194747
939594208 743112214
-691248945 507579472
-477951591 743399992
131626217 407351097
516495386 -918834346
211183730 -44570975
681673499 -965807204
922793376 -611920805
381474046 421990208
-452749360 -962760807
-733458829 469074932
176741658 592776283
832623920 841332784
-412692378 -958845187
874645169 326356650
-90401519 831374137
-254628908 537346499
-830176954 397050537
169908114 873622932
749808628 29252197
141939755 -669447565
704542937 327597008
-643568291 -488629101
680692260 -366436758
200174201 -21282545
-334799333 21874716
-639400446 -126173632
209387003 944546304
-826718672 638683452
-747883570 97520766
317883956 194311872
-165148573 605490850
-709505867 767167651
-56161883 -64583372
803970681 -336288126
604675521 -721000858
-494924019 -59559967
955903006 504084391
548771187 11056384
-354971197 -949484964
195881320 597791261
875111772 202706200
149575248 -432423208
-939002717 -427163700
506951747 806033200
-599600110 955597351
-675226060 -965654301
903785732 18838006
116812028 -938897278
-627366925 -221669304
614290850 -28843252
-630814838 286531373
-907974758 328545843
989145353 -134169601
-427921573 -10451579
-528358706 804443156
983961308 -423946451
