996
472321101 699173643
57469169 199982872
445128634 -66068766
982633508 -216365812
178139752 -426114879
-257449962 -92503720
624200416 -108787281
-867061260 921769497
-136950010 587313213
-152017694 860344356
-453106990 -518667033
-649954928 -921876013
-248712056 857806653
208953292 -324614450
312699575 896161237
26800963 325595573
-923145570 -793696742
-39828405 -186158875
-75751500 -200872343
-544107598 -294485262
335684018 -202328070
177052992 591928144
94851709 551343921
-384196316 -749904078
945086536 -110133510
475994039 -820033620
-214128388 -541770127
850052743 278745130
-425659034 -611981697
217858500 -652152100
819027302 -549543627
-877219174 -637191864
-11695248 -219046272
-614570820 438033395
703915383 269325416
-208990058 -244926622
403522896 -739703559
-24103263 863159366
-560864796 -66036494
-168491056 -194911120
578534660 -756089100
551318500 828621264
-531685486 188021525
-666524520 423337973
776508720 338226603
642987275 217299773
-283806256 -998272407
921682937 682686406
265589692 641765345
-185300141 -522699229
442019786 529640542
974600364 418621274
-427008273 294694035
962201939 745442045
847075915 -488715806
-348957853 127252248
741936094 -927506832
783833885 685036024
-479297230 593001346
48269646 163773351
871287650 165482333
108190331 -917182059
-380295646 -286877329
-151211413 -944972779
256453902 -841908250
403419065 -365060441
826851082 -185658877
-457735426 748345776
57145129 260119906
408635525 140739773
160098593 241674551
177649067 986014025
-308895039 112305353
-561462249 -552899956
-473667897 672373387
396751083 -170883697
342393344 -402314048
30029957 -374250371
-882744645 -27429626
789143220 889852011
518177613 -255459249
-523346110 890367127
611384901 769740382
802029692 246167641
814683612 -575029600
-234335520 17385268
736444541 -962784998
375857355 -767378141
394931106 -959499554
808800287 627736470
12203972 -309610060
-199425933 411166032
488144553 -579264879
551490943 382738920
-372045953 -174381437
868493930 -888182139
-177235944 577937570
-356450399 -764921241
-220959935 33822164
130391313 -646566810
611789768 -310989694
69035224 -739956240
-787932635 -681549946
853023335 -929390861
624099978 982854119
-425469095 -714413355
903760909 -797846366
701806395 720340775
-650465957 365630716
-133146460 868011512
237844637 36601594
699721842 971339450
-228123045 318813145
373393307 850755253
-775392868 -158039432
-970821465 -139109070
8542925 -507906347
696031907 454158946
-430064543 -643805810
409684673 -820000025
234583744 719715217
849045224 501566621
137321699 810865703
510236425 288773612
102825098 697564988
21301083 -311015513
831236485 -459739248
-363502518 427538801
423739714 355496125
-503321395 854634152
332391652 578036162
-690565438 -404283809
224107527 -895445773
-351106075 -241351384
826749641 -637858223
-675702566 -135335761
659101940 -889050631
-455462834 -813129618
-334865528 -548182278
-142955241 343512243
-631432197 313645441
515294212 -877344696
115910806 -718445411
-917939753 718181558
434572199 133192544
-644215540 -937123450
-444592995 -988207825
-506059937 -434216532
623090089 -472528803
923873875 637816220
-338132854 -752369523
-15410711 -192497894
-549481743 727654891
-473029267 982964212
446227198 -462223272
77124724 -362017006
964813326 116193662
46429619 628197356
-844173104 552804379
583118501 127517725
932690306 171439805
-689784336 -151647848
-757944185 387880011
-806471482 469046187
-746789410 114304174
806018674 190843289
-605095734 504671816
403764910 972226487
481748991 810708316
419819130 -703737862
-894889360 -95133571
-185878453 -951634874
-700052122 -829701499
-974394189 -616973370
-820000520 621021033
-170954034 462492923
-418783672 362883222
687926441 678936805
-216618300 844045453
-311098111 520943046
46803674 -19792544
463959142 274644873
301598513 -93789386
-433837079 305377992
18176572 -828296194
468433150 -343780106
135048005 -76758615
970299543 717882167
861076418 782619230
685613859 938188681
-559681910 152302297
-936056723 -919322518
-39778363 53359742
477345700 890710660
-855325362 739966737
669550596 479120246
-343538385 -646841490
-790141308 919222554
-833536335 295198376
560487045 270449429
17297125 -24849765
498839250 730713187
398318781 367773163
798417662 969149088
233210886 -834421488
-414035571 -144251057
269219806 303512305
550432325 -383452426
-903446002 436471264
247924674 -714994826
91871988 713476976
-982116469 -126640555
158469415 245735708
-642831257 -978947492
869231959 -767368348
261029303 777607661
983892744 -636381659
-73827473 -996407627
-471457575 -73368149
-684087591 -343380410
523117681 -38358858
-990156264 -281666572
328560880 -56455501
682816035 -368731613
319469028 -497064641
326013963 -65978107
-499694480 269750648
391818103 -398888199
506208894 -15049183
254260630 -467220719
294855606 -816612518
-747935994 -986811158
-718546713 522641321
-880716458 -542897173
-502187452 116629490
73792306 -325354706
-374578007 -650114336
-981686923 -432424861
-953452574 96198865
778364868 -345232486
-183515256 133736060
-168978254 -904946673
-230006928 -892475763
-888151858 -912314503
345877043 306619338
821016777 -392610611
-70327529 -899773302
-658444527 470709052
810584562 691370180
-867580345 -456283367
-132018353 94057466
52315279 886515361
-274668624 67219468
55409233 484599994
-109576566 20352861
-232952302 703279741
658406616 -68619279
388931414 -502945555
-998384632 166928027
-19754367 -235638901
700531447 340264278
-253153217 703947213
619284609 -424280565
828080015 690808776
-894936039 -950500132
-213224984 -404913495
-359093269 220557791
151077324 -175354608
264468254 -736869248
-291375402 -342375326
706533497 -991584402
-958860913 505041666
139675853 601855930
131917135 -753978643
954090513 -493556582
981467740 -539343035
-550095005 -144220381
-627870741 -592787165
-593682439 -18393689
130500355 -492268252
-860263319 804239107
-247500974 282643302
780391485 765555544
234326208 501504388
739906458 628670062
460636914 -967766083
103616437 87588783
-477498724 -809096222
859436478 160077512
517585418 337684493
30089463 -143171838
983473113 8519936
205931793 -903343069
-616653653 -369316950
361206881 -396496980
756155426 -234529242
349090091 -900718997
-600062037 431535700
300734273 -737633153
-408606772 585960676
-880438790 586327215
-21745562 -104133754
-453198202 -367601224
-668449347 36655343
746049410 -845447572
993593335 835402387
183233993 979560878
-840679285 -883239943
-568253760 -788839514
-884816799 -777172494
149459964 132174401
-787452942 801852384
987466774 836824513
-995945026 643114580
-123340456 886468837
757094474 -140366929
-227634663 -895722114
394614193 273882053
79643674 -72402909
288558236 728349035
38004406 47851837
-957263471 20870966
491730399 -776366482
-47811182 184805062
991590631 -69988926
-125801985 261215735
-787706441 81328721
745682189 -640868020
205087276 330295781
736800942 517846759
-418705595 717005708
-599529499 268950628
515830897 -792522247
509436058 -932843342
30402338 -45379944
91108512 -460028375
-310262646 -606215672
-403895344 157931334
141908876 102949262
-804866888 -400228050
-555033980 -714097618
-320293852 -612746808
239714796 394442668
-813660339 315587267
994322011 -768757411
979108784 716801798
-780089684 514759619
977058188 46483297
181158713 220991978
-275479199 -232893363
-631356857 -749360789
-272061286 -287188136
893928000 -282184969
-776005681 -595838390
389173817 -740532696
722037950 786347250
222143240 -604332146
787680091 942298931
-148546876 479725133
389184902 -993274274
691597299 -296206878
293834824 -310961272
558876401 486364685
-215300968 -360553185
-255879991 966128710
-154756060 -48332209
-408770305 -893818870
52327569 -973917677
956477324 -840074388
314838312 730425809
94126098 996371410
-556901993 -972946486
-483712626 772312220
574147903 179187591
-377989957 606908404
736794191 520438940
-361128647 -622396470
-690943137 558495762
-257248301 650203378
355016979 829864792
-630445294 -538051218
85084834 -998742631
173081007 186630388
-468125055 180498371
380397851 -523431010
801824314 864467944
-642953187 -65089557
588683872 -253475286
495147588 -443797802
969162011 -746118991
393924830 -664814917
-378042 -550686336
-438381778 -838908343
-483617047 739529962
319404754 415670922
456402973 322943637
29456512 241673454
981290382 633226583
665765477 861748611
-888564812 808266119
159045827 606704080
-586399239 37356470
457878399 610704346
-673922941 445165854
185737368 -893096488
306297331 32854639
102596573 -932451440
-702483488 658200407
-27878928 909550559
-364516100 95412460
-532127696 -773421354
603257190 434938260
-605663840 7334407
-613985 -513714084
232150008 227482286
-209411002 -630432744
55011764 279644291
-945025489 624198801
562595747 -724790699
-993717139 -726085009
-528978616 249673592
-748972371 -481604144
16145473 685970684
415456439 -417896499
-979676448 861868690
-832867837 -309401857
275763318 237032386
-156367423 -996327108
-673825472 885028214
257308201 578092640
-900866627 -689572669
-824751718 -479945239
704015794 -65972595
-217855921 -449269925
686456459 -247022415
-967921347 -693598246
852540842 -971430050
-287066910 205617735
795641349 -647433377
-278683286 428822842
482888886 970544026
998621906 340900673
965077669 45496995
755453468 -598406391
-105479297 -252470142
888073997 583578711
130251097 -493156201
542650023 830484267
176641295 -888550847
-68184414 -103993280
-558886397 -236402536
308541583 533955953
644861111 205504222
-985791931 -860382002
-436181814 924379441
-44212313 -838172072
-999961791 730948610
-772820030 -86043601
300227005 -179997912
-796767129 79123644
737155994 -580362933
893702674 267394479
-187571213 711554221
-873523196 861457034
-781555096 -433062948
-634342641 -861961643
954190702 -203979546
555836127 -569980696
-591778142 332078172
-615965885 -745577623
-91682129 -929959163
670292295 572703969
-324021169 500696194
-837651537 -77573855
-289462309 51353171
-302991701 -629158007
323542435 44075368
-446193218 -862833458
-392137112 716486658
-675524235 -194363391
654504134 577065014
186384111 -741782310
210726805 444059703
418995646 932224547
638840354 635488005
405147556 -48520397
210501778 -917819613
-98953822 -866912606
-897203372 284520426
244850674 -383516996
-874428256 -172853357
-675343176 -82281365
690190872 -788279866
982972437 -256910910
307349094 171687679
-968024655 502579190
37301149 313519512
-391131904 -370019032
-100873212 173313452
-1699454 82271899
545342387 980365298
-756511391 -375837541
-680556307 231057196
612623603 261997055
-277016607 403459693
895481211 -88368947
-364203905 33303092
-26382329 201456564
-816938524 758997596
559406407 145537525
767824909 340959592
-569797511 970381897
934025638 -37792673
-340981062 249856722
-458715215 22540093
135513737 812265430
-684955392 -85430207
-489748398 847244018
869256934 -960613138
671561822 869330176
514653983 596162271
727473409 286099718
-21734873 -90631443
-828888466 714373049
248556443 -835640311
793302393 -793151522
-976035312 -489824655
864837761 262188103
873899627 -614184541
760051357 -679691986
293658817 -675496327
-264217380 158239753
-879088194 421645256
924139937 -289280313
-233478565 -941309004
-341961624 -683748031
-917701741 736282115
-918302656 -684086421
741720482 797603984
346265866 991504489
713427085 970483288
-210885558 -469784869
864497437 -672935944
373649410 -404951130
986749093 865752656
128120295 16826373
700325817 542891471
242480692 -735593126
-927760625 869963871
167143775 171969131
949723215 371383534
-934630366 661234538
-272544550 395070382
-453470623 892387506
375451727 43017250
105022803 626541525
-452697188 -704657581
100629176 -884167336
128783323 -38728424
29255140 510669619
-801420843 811408205
-832375020 -361574086
-357852042 59067825
310621732 -462826063
313649472 518035292
599842574 831606346
-237500900 -879143335
-682257317 271094554
-558721192 269426893
395851364 356244399
-753709307 865141558
-222754269 2137832
-889794139 -132285471
201128894 99535208
622268304 658168267
-808337727 414715900
670635040 10086139
848968348 355458678
582512775 -651631251
-899739036 -998415671
81297544 -896136607
-222167720 -66204930
190384833 665771273
-801733882 411344123
-365280510 -894901985
-665104237 -586466538
577323506 760243930
-97421684 204518240
842061182 27607482
151009960 -348624660
-858686163 -774777381
-367604207 -377247361
-946251725 -394408188
606298949 -94924019
-785851534 740718163
-323799678 330150544
307630179 -274962312
-759761545 -651532073
750289576 249497996
-634875670 181147506
-558258206 -77105352
-282248827 -687701805
-791760011 -325770586
558535262 -192917750
907792799 -501853583
-149770278 810144384
283974184 -281643712
-542851569 -482289514
-52184863 -342220516
-732342665 623625204
-677131836 -229045171
-125947033 -898646085
382977052 -2098684
-485388678 950060113
790992718 -729745300
318178226 153504248
155803286 585722642
-914599654 890628037
170727783 42497067
-210252955 -14073850
-900298364 -445714586
159113557 -11631338
-392751528 372785385
100097615 964319542
-904476097 132362726
426861776 809406865
555142203 -986024018
-684307317 -250659221
278940047 360988140
-770267319 -966977260
591537992 -223197638
548525159 -339652125
-919447139 -559549314
-744948014 -65016394
-745689304 879323689
860117272 -249807473
597884574 725781114
933644493 -522705379
512595495 -142704272
719557650 -803812275
899507289 -757501522
373232197 -905123081
184332411 736881329
-31181186 387787416
-949236341 -861015089
825606077 72541114
-85418193 -819196893
329567575 -777578166
338051860 677465310
640339341 219646271
-673732222 -961292556
-710838743 59503090
-243270706 253825944
184263265 791398739
-83936667 -902727331
-776176877 -882244336
207174686 935793362
347857411 -981379063
-60220948 960535266
-444207609 432902853
-159011386 -27097546
530813368 812187706
531807794 864981209
504480567 62206488
744393317 -306153186
207675121 383971602
-774208187 989543132
-721416512 383633243
773531488 63896885
-897615529 896201752
369873881 555210171
405011984 -107568048
758670890 -5503729
644209496 797709139
-287508922 710235717
-587378664 700830881
328601896 -859565453
61147081 79945190
-448052722 -676717433
-264288853 939988640
-742698719 -915271383
860696187 175975707
-859837206 -923042591
-716994708 445916573
-569021834 -992562980
136436332 976729293
977410 -557915048
-673187400 -871764540
570003367 -503993361
860605205 -661815492
915610461 -969296484
589264946 -867760162
-750133523 900061455
-166246146 695155859
-507353757 -356850866
216868209 106665934
-177347110 502505281
-798847860 -562201957
-453402509 -621438177
662994429 350488655
-185508610 185370554
-183256008 -928486108
733506454 -802751617
-742150469 -352925658
27601828 -380633597
238310995 -40029914
956970891 -985886527
631743350 107162118
-8689721 900106260
-584423268 994636290
371240662 178342945
196364416 -952074817
-494908938 -338866339
823505682 -566556001
845839025 698148330
-296867692 332242664
122063541 530603225
75074781 890897937
-721749059 896113136
-270377485 635446135
726740823 -263277770
-900639061 768149261
462379665 88690754
925507694 -11637359
215828327 -851628587
-906125931 -556345729
843991328 -358991237
780588253 788221006
-488937867 89765223
411612578 -338522247
908810869 343661894
704927322 -746266853
-230850027 863338912
823047298 -120792476
924791878 32894471
102733500 -455522284
748265698 985865867
-161580527 113839448
73427625 800739790
755944409 16931566
423544986 -640695158
-328115146 797695472
-597591629 -621669516
-983555874 -670060448
-62312688 -616349765
-511694859 -763541326
-372807162 -191477902
850458553 519857077
-605371147 393946632
54363966 96774119
141772685 -476809528
-785253535 232165295
-845605613 -577533602
-632932269 -859489329
248328364 359207861
411964566 45980626
463293631 659600771
836592823 971434115
597457809 429432481
-4011855 662342602
188283226 -87103191
-403418158 -753159053
-418442352 720257785
589019060 829288693
-677776496 -840654648
657601063 627098414
279096871 923393682
366151273 -286366593
608712250 -236991842
86359799 671150799
-745384297 910519969
167264328 832237230
-982664052 -21498128
675671247 959775813
-445120773 782282432
-870584680 957281987
510450674 -176674946
535499161 864934662
-439611750 409182812
-421301023 920216709
525925948 508215028
817768958 -276165401
470054111 -696220646
162016316 156720847
133758778 -585565884
-73144963 110623608
533399843 287023748
-407382977 826125203
244831930 -89124713
148279980 311230650
-639479256 470134112
67408689 -719555817
-470152281 -24360030
-508060322 -952091408
495876722 -78494795
205868628 588157133
990479461 -261878664
881218965 -92181591
-698590101 506503406
-486660149 406111635
-804722999 -712013341
227903057 627294936
-89608330 -188689719
-538427447 -226513432
498199971 -608941408
-266849874 -26931279
899285007 -28074153
-300332243 987631066
-133072438 330296970
-877755908 -174379817
-527250623 -753674094
-782326618 -666565941
-580677006 13946587
-610496802 -136953768
647450726 647585965
-272925354 -667662740
217058061 -325031174
350645314 150739069
-878150729 883177373
-881226470 552001067
-356970297 -953387022
72042354 -892813204
612461418 -335183395
946879541 -79115272
551072942 -332795759
970183268 52935796
-205812982 946348152
-504666954 162645001
692898750 714395217
459180678 -667546226
-140103821 -535407723
552589324 -613786790
983353012 940116113
-931231809 965180927
-341645252 197570119
-17893464 943488100
-410757879 817951896
-513372645 -197990487
462351802 -951967279
886153058 -491591624
893062699 -530616899
-347759215 307346901
-260877745 89452483
-110811094 498517651
175599404 947500085
47784068 196123435
684516608 -151590264
-707580777 988103690
-971131726 -285718034
-555422758 622226796
-146293552 -92561954
318078258 299810029
-425027097 665112180
386605950 20941929
777717398 -197233139
632397136 88278108
879841471 -994975402
596260453 -693395880
-962909511 -611601229
-428673612 56722669
907754199 -353237270
426458089 -758467232
-583580550 -388460994
827926007 529472075
-347383806 338649975
893009351 627288084
-647940371 971386789
-451044334 883133920
-27452147 -936287885
836615128 657147935
-505966406 -631788015
-851580035 461078741
760924131 -984019097
346355004 715674046
672130422 980903766
19358207 246311676
714023948 92455505
303592492 -12117774
961726258 213283976
407371945 -896441921
-895540697 473383986
-218000166 -393828240
859176128 -614005211
821728639 -968265
-87845116 -535852669
621410231 432982054
-369704797 -187843939
961283711 815974569
813570325 449814616
137648446 -775195964
-812389906 162825001
631337955 662263271
-927982389 -444749721
-12780236 164577204
-253760284 -4029774
621910589 -30010207
490125974 122210533
351604385 773413269
-526699153 818786721
738616307 794752037
-356206978 -441978206
-519568066 -159771616
503315118 -378488931
-783414414 -482131037
-431278892 157732969
-644220831 -689933877
997723790 883423597
-14623481 -132443642
21461468 -81379499
-70706417 -999290745
116040038 -348120876
-385081334 757469882
69332842 141067408
351344787 542645675
-578425375 -285212481
-199275261 957711966
987986150 828825817
-465284922 -271483685
-85838938 482014632
-741523669 426146792
109507430 -129452832
342302380 337175815
-3985634 335939824
590411844 419553296
-26029873 -313923877
677142393 -781185572
583891049 -923308702
766062144 92020983
472376073 344765492
7188802 295751337
380015792 433981449
30512008 -156766676
876831877 -890505021
473863259 -431725754
271694073 93196056
-908345874 -539065902
897925014 326785119
-141448797 -606945405
352768241 585506854
-782360382 -693993864
-173401213 -276312561
737815041 -955427647
-848640626 -586685402
-858357923 439259921
157342178 203573538
581924227 -41911930
577353414 399088478
-192626963 -419741513
820582491 -423117083
909099502 140089907
55890979 -384141397
-180891472 -756936865
-942923314 -159455711
-551079830 -826300312
-182455761 -282407702
861595693 20957304
-226741670 459031390
421437152 804607291
463413174 -528135178
120395627 333885023
-163292512 954251560
-93759313 373516068
-412143825 -827661617
550398972 -361484840
-965020926 964161548
306834901 -841520656
-506248357 63463230
-858472594 -524654599
477925024 -275162638
795244181 -170251292
-409519288 935116220
-95991870 -310934448
-169986212 763624461
839774708 491737959
870974489 215132931
-100415314 759750493
807288787 -509194698
-752231750 348331302
94962689 -598031353
-385636045 74310203
-942805977 798702088
894232038 -831999710
-190809542 -11679385
500118375 805610589
-251197003 -890993515
922752270 633404219
-898448013 -495409608
774409341 -331853833
579502300 -200409760
-194301226 825358948
-37405882 -312330510
-446210647 -415332669
295240812 -834602835
72359958 606805287
6525692 484347370
-641354564 -119693047
