2500
97 801514295
98 801514295
99 801514295
100 801514295
97 935702001
98 935702001
99 935702001
100 935702001
97 802826713
98 802826713
99 802826713
100 802826713
97 873942249
98 873942249
99 873942249
100 873942249
97 919196737
98 919196737
99 919196737
100 919196737
97 921134451
98 921134451
99 921134451
100 921134451
97 983498775
98 983498775
99 983498775
100 983498775
97 809781703
98 809781703
99 809781703
100 809781703
97 871532581
98 871532581
99 871532581
100 871532581
97 852479145
98 852479145
99 852479145
100 852479145
97 946076329
98 946076329
99 946076329
100 946076329
97 801194013
98 801194013
99 801194013
100 801194013
97 807231089
98 807231089
99 807231089
100 807231089
97 852102873
98 852102873
99 852102873
100 852102873
97 984579221
98 984579221
99 984579221
100 984579221
97 836683045
98 836683045
99 836683045
100 836683045
97 940855597
98 940855597
99 940855597
100 940855597
97 874431057
98 874431057
99 874431057
100 874431057
97 950032867
98 950032867
99 950032867
100 950032867
97 937088581
98 937088581
99 937088581
100 937088581
97 966894267
98 966894267
99 966894267
100 966894267
97 900180453
98 900180453
99 900180453
100 900180453
97 964853745
98 964853745
99 964853745
100 964853745
97 833504503
98 833504503
99 833504503
100 833504503
97 988083209
98 988083209
99 988083209
100 988083209
97 812442537
98 812442537
99 812442537
100 812442537
97 939818269
98 939818269
99 939818269
100 939818269
97 915311567
98 915311567
99 915311567
100 915311567
97 969941487
98 969941487
99 969941487
100 969941487
97 842835125
98 842835125
99 842835125
100 842835125
97 874758121
98 874758121
99 874758121
100 874758121
97 881747961
98 881747961
99 881747961
100 881747961
97 817341057
98 817341057
99 817341057
100 817341057
97 961671361
98 961671361
99 961671361
100 961671361
97 872582145
98 872582145
99 872582145
100 872582145
97 906704061
98 906704061
99 906704061
100 906704061
97 813847621
98 813847621
99 813847621
100 813847621
97 948159001
98 948159001
99 948159001
100 948159001
97 933403213
98 933403213
99 933403213
100 933403213
97 973092729
98 973092729
99 973092729
100 973092729
97 895553735
98 895553735
99 895553735
100 895553735
97 961144273
98 961144273
99 961144273
100 961144273
97 844142081
98 844142081
99 844142081
100 844142081
97 873258433
98 873258433
99 873258433
100 873258433
97 932993497
98 932993497
99 932993497
100 932993497
97 899292833
98 899292833
99 899292833
100 899292833
97 957680397
98 957680397
99 957680397
100 957680397
97 838511813
98 838511813
99 838511813
100 838511813
97 867115353
98 867115353
99 867115353
100 867115353
97 958537179
98 958537179
99 958537179
100 958537179
97 900757591
98 900757591
99 900757591
100 900757591
97 875166925
98 875166925
99 875166925
100 875166925
97 850901441
98 850901441
99 850901441
100 850901441
97 864461925
98 864461925
99 864461925
100 864461925
97 818063557
98 818063557
99 818063557
100 818063557
97 888657291
98 888657291
99 888657291
100 888657291
97 826989057
98 826989057
99 826989057
100 826989057
97 873095661
98 873095661
99 873095661
100 873095661
97 833996443
98 833996443
99 833996443
100 833996443
97 968323329
98 968323329
99 968323329
100 968323329
97 837547881
98 837547881
99 837547881
100 837547881
97 941448793
98 941448793
99 941448793
100 941448793
97 907332571
98 907332571
99 907332571
100 907332571
97 936805941
98 936805941
99 936805941
100 936805941
97 897163225
98 897163225
99 897163225
100 897163225
97 862905001
98 862905001
99 862905001
100 862905001
97 936052569
98 936052569
99 936052569
100 936052569
97 895806761
98 895806761
99 895806761
100 895806761
97 878302875
98 878302875
99 878302875
100 878302875
97 808290719
98 808290719
99 808290719
100 808290719
97 979840319
98 979840319
99 979840319
100 979840319
97 976318799
98 976318799
99 976318799
100 976318799
97 866290011
98 866290011
99 866290011
100 866290011
97 828590845
98 828590845
99 828590845
100 828590845
97 900439897
98 900439897
99 900439897
100 900439897
97 920406425
98 920406425
99 920406425
100 920406425
97 916806361
98 916806361
99 916806361
100 916806361
97 957468769
98 957468769
99 957468769
100 957468769
97 858663801
98 858663801
99 858663801
100 858663801
97 862102221
98 862102221
99 862102221
100 862102221
97 821420381
98 821420381
99 821420381
100 821420381
97 934628177
98 934628177
99 934628177
100 934628177
97 879391369
98 879391369
99 879391369
100 879391369
97 823022791
98 823022791
99 823022791
100 823022791
97 975417401
98 975417401
99 975417401
100 975417401
97 834666553
98 834666553
99 834666553
100 834666553
97 806602961
98 806602961
99 806602961
100 806602961
97 820801033
98 820801033
99 820801033
100 820801033
97 868892505
98 868892505
99 868892505
100 868892505
97 963102625
98 963102625
99 963102625
100 963102625
97 878404509
98 878404509
99 878404509
100 878404509
97 800211895
98 800211895
99 800211895
100 800211895
97 876132169
98 876132169
99 876132169
100 876132169
97 852274401
98 852274401
99 852274401
100 852274401
97 816930619
98 816930619
99 816930619
100 816930619
97 911042209
98 911042209
99 911042209
100 911042209
97 908321969
98 908321969
99 908321969
100 908321969
97 886221495
98 886221495
99 886221495
100 886221495
97 989378541
98 989378541
99 989378541
100 989378541
97 834085765
98 834085765
99 834085765
100 834085765
91 3
91 9
91 27
91 81
91 243
91 729
91 2187
91 6561
91 19683
91 59049
91 177147
91 531441
91 1594323
91 4782969
91 14348907
91 43046721
91 129140163
91 387420489
92 3
92 9
92 27
92 81
92 243
92 729
92 2187
92 6561
92 19683
92 59049
92 177147
92 531441
92 1594323
92 4782969
92 14348907
92 43046721
92 129140163
92 387420489
93 3
93 9
93 27
93 81
93 243
93 729
93 2187
93 6561
93 19683
93 59049
93 177147
93 531441
93 1594323
93 4782969
93 14348907
93 43046721
93 129140163
93 387420489
94 3
94 9
94 27
94 81
94 243
94 729
94 2187
94 6561
94 19683
94 59049
94 177147
94 531441
94 1594323
94 4782969
94 14348907
94 43046721
94 129140163
94 387420489
95 3
95 9
95 27
95 81
95 243
95 729
95 2187
95 6561
95 19683
95 59049
95 177147
95 531441
95 1594323
95 4782969
95 14348907
95 43046721
95 129140163
95 387420489
96 3
96 9
96 27
96 81
96 243
96 729
96 2187
96 6561
96 19683
96 59049
96 177147
96 531441
96 1594323
96 4782969
96 14348907
96 43046721
96 129140163
96 387420489
97 3
97 9
97 27
97 81
97 243
97 729
97 2187
97 6561
97 19683
97 59049
97 177147
97 531441
97 1594323
97 4782969
97 14348907
97 43046721
97 129140163
97 387420489
98 3
98 9
98 27
98 81
98 243
98 729
98 2187
98 6561
98 19683
98 59049
98 177147
98 531441
98 1594323
98 4782969
98 14348907
98 43046721
98 129140163
98 387420489
99 3
99 9
99 27
99 81
99 243
99 729
99 2187
99 6561
99 19683
99 59049
99 177147
99 531441
99 1594323
99 4782969
99 14348907
99 43046721
99 129140163
99 387420489
100 3
100 9
100 27
100 81
100 243
100 729
100 2187
100 6561
100 19683
100 59049
100 177147
100 531441
100 1594323
100 4782969
100 14348907
100 43046721
100 129140163
100 387420489
91 5
91 25
91 125
91 625
91 3125
91 15625
91 78125
91 390625
91 1953125
91 9765625
91 48828125
91 244140625
92 5
92 25
92 125
92 625
92 3125
92 15625
92 78125
92 390625
92 1953125
92 9765625
92 48828125
92 244140625
93 5
93 25
93 125
93 625
93 3125
93 15625
93 78125
93 390625
93 1953125
93 9765625
93 48828125
93 244140625
94 5
94 25
94 125
94 625
94 3125
94 15625
94 78125
94 390625
94 1953125
94 9765625
94 48828125
94 244140625
95 5
95 25
95 125
95 625
95 3125
95 15625
95 78125
95 390625
95 1953125
95 9765625
95 48828125
95 244140625
96 5
96 25
96 125
96 625
96 3125
96 15625
96 78125
96 390625
96 1953125
96 9765625
96 48828125
96 244140625
97 5
97 25
97 125
97 625
97 3125
97 15625
97 78125
97 390625
97 1953125
97 9765625
97 48828125
97 244140625
98 5
98 25
98 125
98 625
98 3125
98 15625
98 78125
98 390625
98 1953125
98 9765625
98 48828125
98 244140625
99 5
99 25
99 125
99 625
99 3125
99 15625
99 78125
99 390625
99 1953125
99 9765625
99 48828125
99 244140625
100 5
100 25
100 125
100 625
100 3125
100 15625
100 78125
100 390625
100 1953125
100 9765625
100 48828125
100 244140625
3 17
3 289
3 4913
3 83521
3 1419857
3 24137569
3 410338673
4 17
4 289
4 4913
4 83521
4 1419857
4 24137569
4 410338673
5 17
5 289
5 4913
5 83521
5 1419857
5 24137569
5 410338673
6 17
6 289
6 4913
6 83521
6 1419857
6 24137569
6 410338673
7 17
7 289
7 4913
7 83521
7 1419857
7 24137569
7 410338673
8 17
8 289
8 4913
8 83521
8 1419857
8 24137569
8 410338673
9 17
9 289
9 4913
9 83521
9 1419857
9 24137569
9 410338673
10 17
10 289
10 4913
10 83521
10 1419857
10 24137569
10 410338673
11 17
11 289
11 4913
11 83521
11 1419857
11 24137569
11 410338673
12 17
12 289
12 4913
12 83521
12 1419857
12 24137569
12 410338673
13 17
13 289
13 4913
13 83521
13 1419857
13 24137569
13 410338673
14 17
14 289
14 4913
14 83521
14 1419857
14 24137569
14 410338673
15 17
15 289
15 4913
15 83521
15 1419857
15 24137569
15 410338673
16 17
16 289
16 4913
16 83521
16 1419857
16 24137569
16 410338673
17 17
17 289
17 4913
17 83521
17 1419857
17 24137569
17 410338673
18 17
18 289
18 4913
18 83521
18 1419857
18 24137569
18 410338673
19 17
19 289
19 4913
19 83521
19 1419857
19 24137569
19 410338673
20 17
20 289
20 4913
20 83521
20 1419857
20 24137569
20 410338673
21 17
21 289
21 4913
21 83521
21 1419857
21 24137569
21 410338673
22 17
22 289
22 4913
22 83521
22 1419857
22 24137569
22 410338673
23 17
23 289
23 4913
23 83521
23 1419857
23 24137569
23 410338673
24 17
24 289
24 4913
24 83521
24 1419857
24 24137569
24 410338673
25 17
25 289
25 4913
25 83521
25 1419857
25 24137569
25 410338673
26 17
26 289
26 4913
26 83521
26 1419857
26 24137569
26 410338673
27 17
27 289
27 4913
27 83521
27 1419857
27 24137569
27 410338673
28 17
28 289
28 4913
28 83521
28 1419857
28 24137569
28 410338673
29 17
29 289
29 4913
29 83521
29 1419857
29 24137569
29 410338673
30 17
30 289
30 4913
30 83521
30 1419857
30 24137569
30 410338673
31 17
31 289
31 4913
31 83521
31 1419857
31 24137569
31 410338673
32 17
32 289
32 4913
32 83521
32 1419857
32 24137569
32 410338673
33 17
33 289
33 4913
33 83521
33 1419857
33 24137569
33 410338673
34 17
34 289
34 4913
34 83521
34 1419857
34 24137569
34 410338673
35 17
35 289
35 4913
35 83521
35 1419857
35 24137569
35 410338673
36 17
36 289
36 4913
36 83521
36 1419857
36 24137569
36 410338673
37 17
37 289
37 4913
37 83521
37 1419857
37 24137569
37 410338673
38 17
38 289
38 4913
38 83521
38 1419857
38 24137569
38 410338673
39 17
39 289
39 4913
39 83521
39 1419857
39 24137569
39 410338673
40 17
40 289
40 4913
40 83521
40 1419857
40 24137569
40 410338673
41 17
41 289
41 4913
41 83521
41 1419857
41 24137569
41 410338673
42 17
42 289
42 4913
42 83521
42 1419857
42 24137569
42 410338673
43 17
43 289
43 4913
43 83521
43 1419857
43 24137569
43 410338673
44 17
44 289
44 4913
44 83521
44 1419857
44 24137569
44 410338673
45 17
45 289
45 4913
45 83521
45 1419857
45 24137569
45 410338673
46 17
46 289
46 4913
46 83521
46 1419857
46 24137569
46 410338673
47 17
47 289
47 4913
47 83521
47 1419857
47 24137569
47 410338673
48 17
48 289
48 4913
48 83521
48 1419857
48 24137569
48 410338673
49 17
49 289
49 4913
49 83521
49 1419857
49 24137569
49 410338673
50 17
50 289
50 4913
50 83521
50 1419857
50 24137569
50 410338673
51 17
51 289
51 4913
51 83521
51 1419857
51 24137569
51 410338673
52 17
52 289
52 4913
52 83521
52 1419857
52 24137569
52 410338673
53 17
53 289
53 4913
53 83521
53 1419857
53 24137569
53 410338673
54 17
54 289
54 4913
54 83521
54 1419857
54 24137569
54 410338673
55 17
55 289
55 4913
55 83521
55 1419857
55 24137569
55 410338673
56 17
56 289
56 4913
56 83521
56 1419857
56 24137569
56 410338673
57 17
57 289
57 4913
57 83521
57 1419857
57 24137569
57 410338673
58 17
58 289
58 4913
58 83521
58 1419857
58 24137569
58 410338673
59 17
59 289
59 4913
59 83521
59 1419857
59 24137569
59 410338673
60 17
60 289
60 4913
60 83521
60 1419857
60 24137569
60 410338673
61 17
61 289
61 4913
61 83521
61 1419857
61 24137569
61 410338673
62 17
62 289
62 4913
62 83521
62 1419857
62 24137569
62 410338673
63 17
63 289
63 4913
63 83521
63 1419857
63 24137569
63 410338673
64 17
64 289
64 4913
64 83521
64 1419857
64 24137569
64 410338673
65 17
65 289
65 4913
65 83521
65 1419857
65 24137569
65 410338673
66 17
66 289
66 4913
66 83521
66 1419857
66 24137569
66 410338673
67 17
67 289
67 4913
67 83521
67 1419857
67 24137569
67 410338673
68 17
68 289
68 4913
68 83521
68 1419857
68 24137569
68 410338673
69 17
69 289
69 4913
69 83521
69 1419857
69 24137569
69 410338673
70 17
70 289
70 4913
70 83521
70 1419857
70 24137569
70 410338673
71 17
71 289
71 4913
71 83521
71 1419857
71 24137569
71 410338673
72 17
72 289
72 4913
72 83521
72 1419857
72 24137569
72 410338673
73 17
73 289
73 4913
73 83521
73 1419857
73 24137569
73 410338673
74 17
74 289
74 4913
74 83521
74 1419857
74 24137569
74 410338673
75 17
75 289
75 4913
75 83521
75 1419857
75 24137569
75 410338673
76 17
76 289
76 4913
76 83521
76 1419857
76 24137569
76 410338673
77 17
77 289
77 4913
77 83521
77 1419857
77 24137569
77 410338673
78 17
78 289
78 4913
78 83521
78 1419857
78 24137569
78 410338673
79 17
79 289
79 4913
79 83521
79 1419857
79 24137569
79 410338673
80 17
80 289
80 4913
80 83521
80 1419857
80 24137569
80 410338673
81 17
81 289
81 4913
81 83521
81 1419857
81 24137569
81 410338673
82 17
82 289
82 4913
82 83521
82 1419857
82 24137569
82 410338673
83 17
83 289
83 4913
83 83521
83 1419857
83 24137569
83 410338673
84 17
84 289
84 4913
84 83521
84 1419857
84 24137569
84 410338673
85 17
85 289
85 4913
85 83521
85 1419857
85 24137569
85 410338673
86 17
86 289
86 4913
86 83521
86 1419857
86 24137569
86 410338673
87 17
87 289
87 4913
87 83521
87 1419857
87 24137569
87 410338673
88 17
88 289
88 4913
88 83521
88 1419857
88 24137569
88 410338673
89 17
89 289
89 4913
89 83521
89 1419857
89 24137569
89 410338673
90 17
90 289
90 4913
90 83521
90 1419857
90 24137569
90 410338673
91 17
91 289
91 4913
91 83521
91 1419857
91 24137569
91 410338673
92 17
92 289
92 4913
92 83521
92 1419857
92 24137569
92 410338673
93 17
93 289
93 4913
93 83521
93 1419857
93 24137569
93 410338673
94 17
94 289
94 4913
94 83521
94 1419857
94 24137569
94 410338673
95 17
95 289
95 4913
95 83521
95 1419857
95 24137569
95 410338673
96 17
96 289
96 4913
96 83521
96 1419857
96 24137569
96 410338673
97 17
97 289
97 4913
97 83521
97 1419857
97 24137569
97 410338673
98 17
98 289
98 4913
98 83521
98 1419857
98 24137569
98 410338673
99 17
99 289
99 4913
99 83521
99 1419857
99 24137569
99 410338673
100 17
100 289
100 4913
100 83521
100 1419857
100 24137569
100 410338673
3 19
3 361
3 6859
3 130321
3 2476099
3 47045881
3 893871739
4 19
4 361
4 6859
4 130321
4 2476099
4 47045881
4 893871739
5 19
5 361
5 6859
5 130321
5 2476099
5 47045881
5 893871739
6 19
6 361
6 6859
6 130321
6 2476099
6 47045881
6 893871739
7 19
7 361
7 6859
7 130321
7 2476099
7 47045881
7 893871739
8 19
8 361
8 6859
8 130321
8 2476099
8 47045881
8 893871739
9 19
9 361
9 6859
9 130321
9 2476099
9 47045881
9 893871739
10 19
10 361
10 6859
10 130321
10 2476099
10 47045881
10 893871739
11 19
11 361
11 6859
11 130321
11 2476099
11 47045881
11 893871739
12 19
12 361
12 6859
12 130321
12 2476099
12 47045881
12 893871739
13 19
13 361
13 6859
13 130321
13 2476099
13 47045881
13 893871739
14 19
14 361
14 6859
14 130321
14 2476099
14 47045881
14 893871739
15 19
15 361
15 6859
15 130321
15 2476099
15 47045881
15 893871739
16 19
16 361
16 6859
16 130321
16 2476099
16 47045881
16 893871739
17 19
17 361
17 6859
17 130321
17 2476099
17 47045881
17 893871739
18 19
18 361
18 6859
18 130321
18 2476099
18 47045881
18 893871739
19 19
19 361
19 6859
19 130321
19 2476099
19 47045881
19 893871739
20 19
20 361
20 6859
20 130321
20 2476099
20 47045881
20 893871739
21 19
21 361
21 6859
21 130321
21 2476099
21 47045881
21 893871739
22 19
22 361
22 6859
22 130321
22 2476099
22 47045881
22 893871739
23 19
23 361
23 6859
23 130321
23 2476099
23 47045881
23 893871739
24 19
24 361
24 6859
24 130321
24 2476099
24 47045881
24 893871739
25 19
25 361
25 6859
25 130321
25 2476099
25 47045881
25 893871739
26 19
26 361
26 6859
26 130321
26 2476099
26 47045881
26 893871739
27 19
27 361
27 6859
27 130321
27 2476099
27 47045881
27 893871739
28 19
28 361
28 6859
28 130321
28 2476099
28 47045881
28 893871739
29 19
29 361
29 6859
29 130321
29 2476099
29 47045881
29 893871739
30 19
30 361
30 6859
30 130321
30 2476099
30 47045881
30 893871739
31 19
31 361
31 6859
31 130321
31 2476099
31 47045881
31 893871739
32 19
32 361
32 6859
32 130321
32 2476099
32 47045881
32 893871739
33 19
33 361
33 6859
33 130321
33 2476099
33 47045881
33 893871739
34 19
34 361
34 6859
34 130321
34 2476099
34 47045881
34 893871739
35 19
35 361
35 6859
35 130321
35 2476099
35 47045881
35 893871739
36 19
36 361
36 6859
36 130321
36 2476099
36 47045881
36 893871739
37 19
37 361
37 6859
37 130321
37 2476099
37 47045881
37 893871739
38 19
38 361
38 6859
38 130321
38 2476099
38 47045881
38 893871739
39 19
39 361
39 6859
39 130321
39 2476099
39 47045881
39 893871739
40 19
40 361
40 6859
40 130321
40 2476099
40 47045881
40 893871739
41 19
41 361
41 6859
41 130321
41 2476099
41 47045881
41 893871739
42 19
42 361
42 6859
42 130321
42 2476099
42 47045881
42 893871739
43 19
43 361
43 6859
43 130321
43 2476099
43 47045881
43 893871739
44 19
44 361
44 6859
44 130321
44 2476099
44 47045881
44 893871739
45 19
45 361
45 6859
45 130321
45 2476099
45 47045881
45 893871739
46 19
46 361
46 6859
46 130321
46 2476099
46 47045881
46 893871739
47 19
47 361
47 6859
47 130321
47 2476099
47 47045881
47 893871739
48 19
48 361
48 6859
48 130321
48 2476099
48 47045881
48 893871739
49 19
49 361
49 6859
49 130321
49 2476099
49 47045881
49 893871739
50 19
50 361
50 6859
50 130321
50 2476099
50 47045881
50 893871739
51 19
51 361
51 6859
51 130321
51 2476099
51 47045881
51 893871739
52 19
52 361
52 6859
52 130321
52 2476099
52 47045881
52 893871739
53 19
53 361
53 6859
53 130321
53 2476099
53 47045881
53 893871739
54 19
54 361
54 6859
54 130321
54 2476099
54 47045881
54 893871739
55 19
55 361
55 6859
55 130321
55 2476099
55 47045881
55 893871739
56 19
56 361
56 6859
56 130321
56 2476099
56 47045881
56 893871739
57 19
57 361
57 6859
57 130321
57 2476099
57 47045881
57 893871739
58 19
58 361
58 6859
58 130321
58 2476099
58 47045881
58 893871739
59 19
59 361
59 6859
59 130321
59 2476099
59 47045881
59 893871739
60 19
60 361
60 6859
60 130321
60 2476099
60 47045881
60 893871739
61 19
61 361
61 6859
61 130321
61 2476099
61 47045881
61 893871739
62 19
62 361
62 6859
62 130321
62 2476099
62 47045881
62 893871739
63 19
63 361
63 6859
63 130321
63 2476099
63 47045881
63 893871739
64 19
64 361
64 6859
64 130321
64 2476099
64 47045881
64 893871739
65 19
65 361
65 6859
65 130321
65 2476099
65 47045881
65 893871739
66 19
66 361
66 6859
66 130321
66 2476099
66 47045881
66 893871739
67 19
67 361
67 6859
67 130321
67 2476099
67 47045881
67 893871739
68 19
68 361
68 6859
68 130321
68 2476099
68 47045881
68 893871739
69 19
69 361
69 6859
69 130321
69 2476099
69 47045881
69 893871739
70 19
70 361
70 6859
70 130321
70 2476099
70 47045881
70 893871739
71 19
71 361
71 6859
71 130321
71 2476099
71 47045881
71 893871739
72 19
72 361
72 6859
72 130321
72 2476099
72 47045881
72 893871739
73 19
73 361
73 6859
73 130321
73 2476099
73 47045881
73 893871739
74 19
74 361
74 6859
74 130321
74 2476099
74 47045881
74 893871739
75 19
75 361
75 6859
75 130321
75 2476099
75 47045881
75 893871739
76 19
76 361
76 6859
76 130321
76 2476099
76 47045881
76 893871739
77 19
77 361
77 6859
77 130321
77 2476099
77 47045881
77 893871739
78 19
78 361
78 6859
78 130321
78 2476099
78 47045881
78 893871739
79 19
79 361
79 6859
79 130321
79 2476099
79 47045881
79 893871739
80 19
80 361
80 6859
80 130321
80 2476099
80 47045881
80 893871739
81 19
81 361
81 6859
81 130321
81 2476099
81 47045881
81 893871739
82 19
82 361
82 6859
82 130321
82 2476099
82 47045881
82 893871739
83 19
83 361
83 6859
83 130321
83 2476099
83 47045881
83 893871739
84 19
84 361
84 6859
84 130321
84 2476099
84 47045881
84 893871739
85 19
85 361
85 6859
85 130321
85 2476099
85 47045881
85 893871739
86 19
86 361
86 6859
86 130321
86 2476099
86 47045881
86 893871739
87 19
87 361
87 6859
87 130321
87 2476099
87 47045881
87 893871739
88 19
88 361
88 6859
88 130321
88 2476099
88 47045881
88 893871739
89 19
89 361
89 6859
89 130321
89 2476099
89 47045881
89 893871739
90 19
90 361
90 6859
90 130321
90 2476099
90 47045881
90 893871739
91 19
91 361
91 6859
91 130321
91 2476099
91 47045881
91 893871739
92 19
92 361
92 6859
92 130321
92 2476099
92 47045881
92 893871739
93 19
93 361
93 6859
93 130321
93 2476099
93 47045881
93 893871739
94 19
94 361
94 6859
94 130321
94 2476099
94 47045881
94 893871739
95 19
95 361
95 6859
95 130321
95 2476099
95 47045881
95 893871739
96 19
96 361
96 6859
96 130321
96 2476099
96 47045881
96 893871739
97 19
97 361
97 6859
97 130321
97 2476099
97 47045881
97 893871739
98 19
98 361
98 6859
98 130321
98 2476099
98 47045881
98 893871739
99 19
99 361
99 6859
99 130321
99 2476099
99 47045881
99 893871739
100 19
100 361
100 6859
100 130321
100 2476099
100 47045881
100 893871739
4 288417921
10 216258801
58 438827377
24 137027585
65 977552603
71 130899151
58 875582779
22 557141885
3 3
100 999999999
3 598679019
25 521280827
91 875809273
45 291985605
63 472020813
20 907051441
49 373002445
89 973549921
45 193987705
87 73345751
80 960531697
47 400296477
35 373803343
18 202578265
63 247548351
33 13052001
34 959814419
89 262364779
68 164295693
4 497423741
43 798635685
44 608246849
56 110806069
42 251656209
19 229452201
72 113658533
94 573478481
31 163015309
70 404468035
29 418142847
12 692806885
16 8953271
66 154973953
36 797427233
12 932291353
42 294666073
7 105780639
54 250705611
33 39600513
74 239423257
100 924936937
55 3986529
71 288325277
8 226381501
4 252105009
4 390268377
8 47415393
15 195959011
57 74384725
95 60782049
72 355747981
44 73964501
20 82223993
53 517975833
71 477082895
45 423719279
73 290659643
31 9407369
45 86762941
55 445615103
3 250260347
80 5937465
50 782928585
72 700948593
64 254101851
98 2411729
75 817440609
63 320806641
72 883997961
67 14491511
16 973521921
64 182853501
45 73810661
67 119080751
21 983085305
41 780513773
75 77731287
7 57952705
52 129651201
58 119643121
95 306065381
32 578907505
90 326076625
16 269343705
70 206269999
71 134541751
46 623411089
5 206535449
28 183830505
34 663184751
91 102457041
83 204479561
6 394545763
70 910425121
99 901051425
10 206007881
45 854632201
76 666487449
38 298562679
27 335574925
52 493990641
73 66169033
46 589554975
19 648617761
60 62773041
75 786020289
98 392931265
51 545302311
77 75498433
50 227763565
38 110910999
62 335863425
24 257188609
79 557029971
24 169243083
60 117169977
53 719684631
11 213133313
91 728336409
64 133524633
62 4524027
74 460021633
72 57522349
95 309324589
8 865870651
90 115118541
61 971112941
34 829884601
36 553586587
95 86872317
71 40561537
32 146870353
8 8647801
82 986992051
13 632954565
10 334830945
89 43726257
34 187005041
94 514565793
25 30371689
87 808444911
20 61639041
72 744395461
44 787237101
50 720450829
87 496342705
44 196061457
62 615481569
86 182068951
31 351328249
10 510961833
74 382083295
64 737756241
71 250384555
30 142626959
83 289280449
71 84153061
69 228924537
82 582290857
81 299852179
71 21348327
28 26966557
95 218917239
15 621385777
76 317501167
43 587487553
67 250789751
72 6921733
31 305558497
29 106147889
82 477221751
99 655448377
8 260033957
72 902079633
26 861924601
31 578445321
98 197043273
73 362324449
55 779886927
54 101739843
39 755941071
80 1206409
66 12289969
96 186018735
54 14866857
75 38984961
56 105318265
17 19521481
14 550450981
45 40492233
31 749642811
85 213744061
56 575319793
71 133842715
18 244886209
62 526209737
32 855927751
36 428250609
65 341854921
21 289294951
73 369379617
85 596684313
10 583194633
44 229804625
72 996981091
65 858843553
45 98972929
89 476276737
3 56950651
56 650482861
26 131266015
73 64977001
79 471318325
66 576176065
95 322912093
67 542368205
42 4219777
53 103783043
64 403235201
13 718757689
43 515049911
77 87510857
50 801995837
36 421487145
11 837584245
67 74796093
12 150225965
74 859883905
62 316831671
82 656875137
54 339092949
6 151086473
28 403330021
63 249184377
42 19673791
86 439812507
61 410747401
3 490244311
58 286497901
4 769698113
57 62860181
35 213133233
53 547458131
76 60830171
61 195089109
7 869501929
69 498311715
15 408676781
60 1196329
99 356803201
76 82841981
94 518303423
88 919683121
52 302452409
37 17193565
90 281909761
25 653288167
61 419607313
24 148365061
57 416777233
53 610314495
73 15238481
46 343352605
89 196686471
69 23090505
32 80093381
6 264627973
21 104398873
60 141505335
35 125703361
9 218975913
39 523381941
11 61452417
64 7295169
46 140712545
31 261643125
29 415558961
75 377973703
13 475354629
89 147764365
69 316329105
78 292326953
71 479553009
8 627278653
39 252494173
99 855326401
29 763406497
67 14992561
94 80172301
64 821830785
61 27799433
36 299503361
42 22273301
36 536497601
65 762257629
90 32749201
20 41404185
21 469614889
23 338074045
30 739127251
58 14834251
49 332702761
26 370174897
55 864500729
8 11529541
76 812681101
94 430661341
71 46869373
48 469064209
41 260417719
28 66818371
11 85703903
51 510623521
93 273211771
41 52846393
63 470611153
77 94634857
41 98051013
64 126595903
6 93703471
84 245996721
93 8427071
91 309682477
5 818645401
98 298466995
32 120196993
19 367564617
25 594262441
5 542717781
35 212370325
14 10075473
93 842112021
53 6609457
70 334677469
20 501294691
14 438744601
78 3741349
35 547160017
5 115425889
90 215522641
49 405050515
75 306890289
10 11390621
55 305408401
100 770911209
17 892883089
20 183597887
59 139380913
68 685718809
51 650675937
11 2428405
45 347896501
15 255250045
96 175436725
98 408498849
42 501162937
73 454749405
96 376791129
86 251592033
60 136629961
57 281797983
50 398267701
43 99850301
26 32546337
94 37407331
82 701186819
17 68397569
97 416468485
84 715220581
19 39673369
31 39474103
88 68021011
82 56043469
51 623273113
89 31686581
93 25519917
62 508440761
23 47217241
65 262795105
62 145150309
72 543946741
22 421193501
99 58523769
18 707439257
34 790395885
34 408314751
43 21713077
33 694439681
13 733348073
29 23478021
97 999999999
97 999999997
97 999999995
97 999999993
97 999999991
97 999999989
97 999999987
98 999999999
98 999999997
98 999999995
98 999999993
98 999999991
98 999999989
98 999999987
99 999999999
99 999999997
99 999999995
99 999999993
99 999999991
99 999999989
99 999999987
100 999999999
100 999999997
100 999999995
100 999999993
100 999999991
100 999999989
100 999999987
