370
0 0
0 1
0 4
0 5
1 3
1 4
1 5
2 1
2 2
2 5
3 0
3 3
3 4
3 5
4 0
4 1
4 2
4 3
4 4
4 5
5 1
5 2
5 3
5 4
6 1
6 2
6 3
6 4
7 0
7 1
7 3
7 4
7 5
8 1
8 2
8 3
8 4
8 5
9 0
9 3
9 4
9 5
10 0
10 1
10 4
11 0
11 3
11 4
12 1
12 2
12 3
12 4
13 1
13 2
13 5
14 1
14 3
15 1
15 2
15 3
15 5
16 0
16 5
17 0
17 1
17 2
17 3
17 4
18 2
18 4
18 5
19 0
19 2
19 3
19 4
20 3
21 0
21 1
21 2
21 3
22 0
22 2
22 5
23 2
23 3
23 5
24 0
24 1
24 2
24 3
24 5
25 0
25 1
25 2
25 3
25 4
25 5
26 3
26 5
27 0
27 1
27 2
27 3
27 4
28 0
28 2
28 5
29 0
29 1
29 2
29 3
30 0
30 3
30 5
31 4
32 0
32 3
32 4
33 0
33 1
33 2
33 3
33 4
34 0
34 1
34 2
34 3
35 0
35 1
35 2
35 3
35 4
36 0
36 1
36 2
36 3
36 4
36 5
37 0
37 2
37 5
38 0
38 1
38 2
38 3
38 5
39 2
39 4
40 1
40 4
41 0
41 1
41 3
41 5
42 0
42 1
42 3
42 4
43 0
43 2
43 3
43 4
44 2
44 5
45 2
45 4
46 0
46 1
46 2
46 3
46 4
47 1
47 2
47 3
48 1
48 2
48 3
48 5
49 1
49 2
49 3
49 4
49 5
50 0
50 2
50 3
50 4
51 0
51 3
51 5
52 2
52 4
52 5
53 2
53 3
53 4
55 0
55 3
55 5
56 0
56 2
56 3
56 4
57 3
57 4
57 5
58 0
58 1
58 2
58 3
59 0
59 1
59 2
59 4
60 4
61 1
61 2
61 3
61 4
61 5
62 2
62 4
63 0
63 1
63 2
63 4
63 5
64 0
64 3
64 5
65 0
65 2
65 3
65 4
66 1
66 2
66 3
67 2
67 3
67 4
68 0
68 1
68 2
69 0
69 1
69 3
70 0
70 5
71 0
71 2
71 5
72 0
72 1
72 2
72 3
72 4
72 5
73 0
73 2
73 4
74 0
74 1
74 2
74 3
74 4
74 5
75 1
75 2
75 4
75 5
76 0
76 1
76 2
76 3
76 5
77 1
77 2
78 2
78 4
78 5
79 0
79 1
79 3
79 4
79 5
80 0
80 1
80 2
80 3
80 4
81 0
81 1
81 2
81 3
81 4
81 5
82 0
82 1
82 2
82 3
82 4
83 0
83 2
83 3
83 5
84 0
84 1
84 3
84 4
84 5
85 0
85 1
85 2
85 4
85 5
86 0
86 1
86 3
86 4
86 5
87 0
87 1
87 3
87 4
88 0
88 1
88 3
88 4
88 5
89 1
89 2
90 2
90 3
90 4
90 5
91 2
91 3
91 4
91 5
92 0
92 1
92 2
92 3
92 5
93 0
93 2
93 3
93 5
94 1
94 3
95 0
95 5
96 1
96 2
96 4
96 5
97 0
97 2
97 3
97 4
98 1
98 2
98 3
98 4
98 5
99 1
99 2
99 3
99 4
99 5
