297
0 0
0 1
0 3
1 0
1 1
1 2
1 5
2 3
2 4
3 0
3 1
3 2
3 5
4 3
5 0
5 2
5 4
5 5
6 1
6 3
6 5
7 0
7 3
7 4
7 5
8 2
9 0
9 1
9 3
10 0
10 1
10 3
10 4
11 1
11 2
11 3
11 4
12 1
12 3
12 4
12 5
13 0
13 3
13 5
14 3
15 1
15 3
15 4
16 4
16 5
17 1
17 2
17 3
17 4
18 0
18 3
18 4
19 1
19 2
19 3
19 4
20 1
20 3
20 4
21 0
21 2
21 3
21 5
22 1
22 2
22 4
22 5
23 0
23 1
23 2
23 3
24 0
24 1
24 2
24 4
25 1
25 2
25 3
25 5
26 3
26 5
27 2
27 3
27 4
28 0
28 1
28 2
28 5
29 1
29 2
29 3
30 0
30 1
30 2
31 0
31 1
32 1
32 3
32 4
33 0
33 1
33 2
33 5
34 1
34 2
34 5
35 3
35 4
35 5
36 2
36 3
36 5
38 0
38 1
38 3
39 3
39 5
40 1
40 3
40 4
40 5
41 3
42 1
42 2
42 4
42 5
43 1
43 2
43 3
43 4
44 1
44 3
44 4
44 5
45 1
45 4
45 5
46 0
46 4
46 5
47 1
47 2
47 4
47 5
48 1
48 2
48 4
48 5
49 0
49 1
49 2
49 3
49 4
50 1
50 2
50 3
50 4
50 5
51 3
51 4
51 5
52 1
52 5
53 1
53 3
53 4
54 0
54 1
54 2
54 3
54 5
55 2
55 5
56 2
56 4
56 5
57 0
57 3
57 4
58 2
58 4
58 5
59 1
59 4
60 3
61 1
61 3
61 4
61 5
62 2
63 0
63 1
63 5
64 5
65 1
66 1
67 0
67 1
67 4
68 1
68 2
68 3
69 0
69 1
69 4
70 0
70 1
70 4
70 5
71 1
71 2
71 3
71 4
71 5
72 0
72 2
72 3
72 4
73 0
73 1
73 5
74 1
74 2
74 3
75 1
75 3
75 5
76 2
76 3
76 5
77 0
77 2
77 4
77 5
79 1
80 0
80 1
80 2
81 0
81 2
82 1
82 2
83 3
83 4
84 1
84 2
84 4
85 1
85 2
85 3
85 4
86 2
86 3
87 2
87 3
87 5
88 1
88 2
88 4
88 5
89 2
89 5
90 0
90 1
90 2
90 3
90 4
91 0
91 1
91 2
91 4
91 5
92 3
92 4
93 0
93 3
94 0
94 1
94 2
94 5
95 3
95 4
96 1
97 1
97 2
97 5
98 2
98 4
98 5
99 0
99 2
99 5
