64
723660 733605
277382 -812794
463061 -805219
634897 -745177
733292 -595835
-775702 -809321
-175854 754705
598106 919215
879271 -889089
710294 581626
-426883 710702
353113 564173
-558641 834095
897588 -513155
292294 -642779
853810 721010
6420 -790923
-869467 -691710
292519 -886383
384857 -663238
297704 868679
-848638 -673339
303976 -607199
-198926 -729415
673954 -616676
-194968 676719
-288871 701672
729656 -952739
360170 610718
661167 991953
-6890 525467
742912 -795939
453993 709424
-103526 884681
-929311 -668363
836547 585161
885057 607190
169532 -912853
123724 -742514
-95157 -592778
595007 895792
472693 -993575
-908994 -894222
484362 -767344
166144 546992
-537328 -969848
301959 -587057
500393 -629052
688362 -652190
-373214 -608616
-790693 -993414
318438 935619
398583 743514
612016 742206
-516618 610582
282363 -578363
-28814 589391
-49780 706685
262001 -706360
-966158 919602
-216279 622606
934825 -881732
-874481 854077
-58592 -937415
