80
-195384 -224902
-393826 902639
-829208 -670214
592022 162574
-986149 -934570
79364 676001
-505700 767128
-714391 567754
180265 -353457
-124284 -413915
405620 846989
-693837 84035
357365 547005
-30263 821851
796601 -713137
-998170 -865060
430605 412530
-343984 -245132
-52906 259100
-842378 389862
498815 -412165
-905121 281211
703618 67484
702504 384627
-353735 936157
-773664 -177423
324013 643204
452279 102774
-517379 921907
373925 712859
152308 468986
875384 -470721
632959 -651944
961534 -172889
13838 -261320
-661151 817893
484791 943333
970992 -934859
-430896 -67704
701570 -220092
-862843 -606958
-45334 996169
-311970 630516
-494495 -163689
891632 -470518
-178952 -167614
965864 134670
352555 459121
710785 -735172
833404 -57376
907865 -149397
576326 339814
460304 -881795
406357 -726728
-971642 118973
-649121 507640
112765 -545692
-276279 616008
208563 200223
-874689 140361
-901495 389438
-639080 -968071
653590 476442
-428129 -971698
346984 -815205
-974015 666604
954415 -485072
811978 744027
773362 858991
754092 -346243
762594 443491
24607 544063
-340281 985200
-821944 596172
885043 -101773
-412267 344084
939712 -561613
449177 -601112
973506 311674
62155 706261
