300
0 1000000
20942 999780
41875 999122
62790 998026
83677 996492
104528 994521
125333 992114
146083 989272
166768 985996
187381 982287
207911 978147
228350 973578
248689 968583
268919 963162
289031 957319
309016 951056
328866 944376
348572 937281
368124 929776
387515 921863
406736 913545
425779 904827
444635 895711
463296 886203
481753 876306
499999 866025
518027 855364
535826 844327
553391 832921
570713 821149
587785 809016
604599 796529
621147 783693
637423 770513
653420 756995
669130 743144
684547 728968
699663 714472
714472 699663
728968 684547
743144 669130
756995 653420
770513 637423
783693 621147
796529 604599
809016 587785
821149 570713
832921 553391
844327 535826
855364 518027
866025 500000
876306 481753
886203 463296
895711 444635
904827 425779
913545 406736
921863 387515
929776 368124
937281 348572
944376 328866
951056 309016
957319 289031
963162 268919
968583 248689
973578 228350
978147 207911
982287 187381
985996 166768
989272 146083
992114 125333
994521 104528
996492 83677
998026 62790
999122 41875
999780 20942
1000000 0
999780 -20942
999122 -41875
998026 -62790
996492 -83677
994521 -104528
992114 -125333
989272 -146083
985996 -166768
982287 -187381
978147 -207911
973578 -228350
968583 -248689
963162 -268919
957319 -289031
951056 -309016
944376 -328866
937281 -348572
929776 -368124
921863 -387515
913545 -406736
904827 -425779
895711 -444635
886203 -463296
876306 -481753
866025 -499999
855364 -518027
844327 -535826
832921 -553391
821149 -570713
809016 -587785
796529 -604599
783693 -621147
770513 -637423
756995 -653420
743144 -669130
728968 -684547
714472 -699663
699663 -714472
684547 -728968
669130 -743144
653420 -756995
637423 -770513
621147 -783693
604599 -796529
587785 -809016
570713 -821149
553391 -832921
535826 -844327
518027 -855364
500000 -866025
481753 -876306
463296 -886203
444635 -895711
425779 -904827
406736 -913545
387515 -921863
368124 -929776
348572 -937281
328866 -944376
309016 -951056
289031 -957319
268919 -963162
248689 -968583
228350 -973578
207911 -978147
187381 -982287
166768 -985996
146083 -989272
125333 -992114
104528 -994521
83677 -996492
62790 -998026
41875 -999122
20942 -999780
0 -1000000
-20942 -999780
-41875 -999122
-62790 -998026
-83677 -996492
-104528 -994521
-125333 -992114
-146083 -989272
-166768 -985996
-187381 -982287
-207911 -978147
-228350 -973578
-248689 -968583
-268919 -963162
-289031 -957319
-309016 -951056
-328866 -944376
-348572 -937281
-368124 -929776
-387515 -921863
-406736 -913545
-425779 -904827
-444635 -895711
-463296 -886203
-481753 -876306
-499999 -866025
-518027 -855364
-535826 -844327
-553391 -832921
-570713 -821149
-587785 -809016
-604599 -796529
-621147 -783693
-637423 -770513
-653420 -756995
-669130 -743144
-684547 -728968
-699663 -714472
-714472 -699663
-728968 -684547
-743144 -669130
-756995 -653420
-770513 -637423
-783693 -621147
-796529 -604599
-809016 -587785
-821149 -570713
-832921 -553391
-844327 -535826
-855364 -518027
-866025 -500000
-876306 -481753
-886203 -463296
-895711 -444635
-904827 -425779
-913545 -406736
-921863 -387515
-929776 -368124
-937281 -348572
-944376 -328866
-951056 -309016
-957319 -289031
-963162 -268919
-968583 -248689
-973578 -228350
-978147 -207911
-982287 -187381
-985996 -166768
-989272 -146083
-992114 -125333
-994521 -104528
-996492 -83677
-998026 -62790
-999122 -41875
-999780 -20942
-1000000 0
-999780 20942
-999122 41875
-998026 62790
-996492 83677
-994521 104528
-992114 125333
-989272 146083
-985996 166768
-982287 187381
-978147 207911
-973578 228350
-968583 248689
-963162 268919
-957319 289031
-951056 309016
-944376 328866
-937281 348572
-929776 368124
-921863 387515
-913545 406736
-904827 425779
-895711 444635
-886203 463296
-876306 481753
-866025 499999
-855364 518027
-844327 535826
-832921 553391
-821149 570713
-809016 587785
-796529 604599
-783693 621147
-770513 637423
-756995 653420
-743144 669130
-728968 684547
-714472 699663
-699663 714472
-684547 728968
-669130 743144
-653420 756995
-637423 770513
-621147 783693
-604599 796529
-587785 809016
-570713 821149
-553391 832921
-535826 844327
-518027 855364
-500000 866025
-481753 876306
-463296 886203
-444635 895711
-425779 904827
-406736 913545
-387515 921863
-368124 929776
-348572 937281
-328866 944376
-309016 951056
-289031 957319
-268919 963162
-248689 968583
-228350 973578
-207911 978147
-187381 982287
-166768 985996
-146083 989272
-125333 992114
-104528 994521
-83677 996492
-62790 998026
-41875 999122
-20942 999780
