300
0 0
0 1000000
21012 999779
42015 999116
63000 998013
83957 996469
104876 994485
125750 992061
146568 989200
167321 985902
188000 982168
208596 978001
229100 973402
249503 968373
269796 962917
289970 957035
310016 950731
329924 944007
349687 936866
369296 929311
388742 921346
408016 912974
427109 904199
446014 895025
464723 885456
483226 875495
501515 865148
519583 854419
537422 843313
555024 831834
572380 819988
589484 807780
606327 795215
622902 782299
639203 769037
655221 755436
670950 741502
686383 727240
701512 712656
716332 697759
730835 682553
745016 667045
758868 651243
772385 635154
785560 618784
798389 602141
810865 585232
822983 568064
834738 550646
846124 532984
857137 515088
867771 496963
878022 478620
887885 460065
897356 441306
906431 422353
915105 403214
923376 383896
931238 364409
938690 344761
945727 324960
952346 305017
958545 284938
964321 264734
969671 244413
974592 223984
979084 203456
983143 182838
986767 162139
989956 141369
992708 120536
995022 99650
996896 78720
998330 57756
999323 36766
999875 15759
999986 -5253
999655 -26264
998882 -47263
997668 -68242
996014 -89190
993920 -110099
991387 -130960
988416 -151762
985009 -172498
981167 -193157
976892 -213731
972185 -234211
967049 -254587
961486 -274851
955499 -294994
949089 -315006
942260 -334879
935016 -354604
927358 -374173
919291 -393577
910818 -412806
901943 -431854
892670 -450710
883002 -469368
872944 -487818
862501 -506053
851677 -524065
840478 -541845
828906 -559386
816969 -576680
804672 -593719
792018 -610496
779015 -627004
765669 -643234
751984 -659181
737967 -674836
723624 -690194
708961 -705246
693986 -719988
678704 -734411
663122 -748510
647248 -762279
631087 -775711
614649 -788800
597938 -801541
580964 -813929
563733 -825956
546253 -837619
528532 -848913
510578 -859831
492398 -870370
474000 -880524
455394 -890289
436586 -899662
417585 -908637
398401 -917211
379040 -925380
359512 -933140
339825 -940488
319988 -947421
300009 -953936
279899 -960029
259664 -965698
239315 -970941
218860 -975756
198309 -980139
177670 -984089
156953 -987606
136166 -990685
115319 -993328
94422 -995532
73482 -997296
52510 -998620
31515 -999503
10506 -999944
-10506 -999944
-31515 -999503
-52510 -998620
-73482 -997296
-94422 -995532
-115319 -993328
-136166 -990685
-156953 -987606
-177670 -984089
-198309 -980139
-218860 -975756
-239315 -970941
-259664 -965698
-279899 -960029
-300009 -953936
-319988 -947421
-339825 -940488
-359512 -933140
-379040 -925380
-398401 -917211
-417585 -908637
-436586 -899662
-455394 -890289
-474000 -880524
-492398 -870370
-510578 -859831
-528532 -848913
-546253 -837619
-563733 -825956
-580964 -813929
-597938 -801541
-614649 -788800
-631087 -775711
-647248 -762279
-663122 -748510
-678704 -734411
-693986 -719988
-708961 -705246
-723624 -690194
-737967 -674836
-751984 -659181
-765669 -643234
-779015 -627004
-792018 -610496
-804672 -593719
-816969 -576680
-828906 -559386
-840478 -541845
-851677 -524065
-862501 -506053
-872944 -487818
-883002 -469368
-892670 -450710
-901943 -431854
-910818 -412806
-919291 -393577
-927358 -374173
-935016 -354604
-942260 -334879
-949089 -315006
-955499 -294994
-961486 -274851
-967049 -254587
-972185 -234211
-976892 -213731
-981167 -193157
-985009 -172498
-988416 -151762
-991387 -130960
-993920 -110099
-996014 -89190
-997668 -68242
-998882 -47263
-999655 -26264
-999986 -5253
-999875 15759
-999323 36766
-998330 57756
-996896 78720
-995022 99650
-992708 120536
-989956 141369
-986767 162139
-983143 182838
-979084 203456
-974592 223984
-969671 244413
-964321 264734
-958545 284938
-952346 305017
-945727 324960
-938690 344761
-931238 364409
-923376 383896
-915105 403214
-906431 422353
-897356 441306
-887885 460065
-878022 478620
-867771 496963
-857137 515088
-846124 532984
-834738 550646
-822983 568064
-810865 585232
-798389 602141
-785560 618784
-772385 635154
-758868 651243
-745016 667045
-730835 682553
-716332 697759
-701512 712656
-686383 727240
-670950 741502
-655221 755436
-639203 769037
-622902 782299
-606327 795215
-589484 807780
-572380 819988
-555024 831834
-537422 843313
-519583 854419
-501515 865148
-483226 875495
-464723 885456
-446014 895025
-427109 904199
-408016 912974
-388742 921346
-369296 929311
-349687 936866
-329924 944007
-310016 950731
-289970 957035
-269796 962917
-249503 968373
-229100 973402
-208596 978001
-188000 982168
-167321 985902
-146568 989200
-125750 992061
-104876 994485
-83957 996469
-63000 998013
-42015 999116
-21012 999779
