298
-234739 106705
-159732 856098
110629 876744
66641 -615292
-473387 -820316
-883028 -70042
834212 -241815
901597 867924
765744 308496
-974056 106030
-918131 -471920
376626 304319
-914393 -739655
-847639 340115
-65930 -728923
-776285 838986
-798078 349423
205990 711587
181924 558320
-503325 -442605
-101098 -641706
-581417 -762343
658076 47533
-135843 -666249
-404409 -66117
212412 -849423
-990447 429624
311136 937416
-242759 989577
52809 -15845
233914 -749684
-752666 674095
95778 -226301
-820884 211996
-70287 172280
256325 811930
-145971 410264
-596958 -289339
-101650 -400354
-932601 419748
217284 -300821
825439 -996523
-7487 872029
-805398 554710
297264 -418452
15273 -680925
542680 -97461
-621365 -945651
630035 -219578
-804875 328545
-923516 -498921
662795 -886142
994579 -216525
-786781 -617736
-7609 -745533
952601 -995548
474416 243513
784745 812154
115699 -376157
708114 -430162
437804 -296679
498093 -65931
410407 -470225
127523 260774
-556255 -859111
948599 -840552
-241347 37886
482148 -830221
-255186 733135
98320 694332
-823246 -628273
479216 -40424
-702329 585813
156662 169296
831651 -852133
-234083 518470
828794 -505720
200800 -759901
528835 507023
107805 -830210
-652566 200211
563786 276942
-152951 392886
152745 -907619
-858459 714950
10518 320711
565896 -11736
290848 167069
524561 809361
230533 676127
-53895 64633
630910 -534546
765572 86954
420601 -545951
-711051 -820200
-169180 -607020
-450700 392759
-395848 -637799
630278 447549
-834579 -324403
257960 419413
337672 41913
-517491 58476
-876143 386765
-191937 940654
753765 302397
874597 811228
-306896 -694267
367261 -368735
-698046 -416504
281421 663458
124029 607613
-966193 261217
-946562 170904
-383349 277930
-954112 -299119
-554285 764819
-664604 -972365
492375 804430
-551880 -684537
-117405 -562035
884907 -288609
-532113 670360
-815209 -766463
-440460 -226581
-138299 -815175
-370331 -872338
-361629 747627
-638702 937272
-283341 912251
983495 981989
129974 -680178
984270 -916044
626555 819371
685223 -673334
656618 463055
144584 -848579
937203 -296076
896499 -99054
-182594 591453
-754837 454720
-609166 -175962
-58172 -740954
-821640 971660
-925326 -707481
-398567 24364
50418 360442
480301 953758
186176 421605
-359328 964090
-704957 748765
-300969 522031
-86663 -590282
-486306 116491
425025 -229451
-440690 -873081
-10468 521611
-745363 226829
727041 -955805
-179092 768684
669871 842470
-278187 728239
715251 -882596
-97500 617569
-709817 939015
-248242 218357
620779 38278
-820134 -299922
225689 -948000
857597 -635691
490499 537179
-410589 -85443
-568518 -531992
899816 -750104
-367144 -75195
20836 697243
-232635 530714
139274 -790265
-357532 -864322
189272 -168807
901649 -213501
699698 -686962
200754 -424027
842230 512220
-319255 700850
-409904 -241166
-183637 -154524
140294 767984
663629 699221
-895495 -652176
-647356 346284
35487 -775780
901656 944750
-809833 229340
-74777 -33984
62863 678141
936478 -268370
871631 -773869
-26546 -696262
701358 686204
-353229 139891
333435 693681
85492 -136176
-10843 -796255
-86625 81303
789115 946803
633196 -987312
722814 605789
-273827 633107
239029 273241
187203 839130
-289791 -464271
118932 338130
414922 -681930
-322527 190261
-503312 773208
554596 -64997
-154987 -139474
-43592 93102
-757761 469477
-662860 -749281
-885401 663432
424459 -409222
357237 -153047
-734728 727588
905013 -189792
202893 -96732
782568 -666810
128635 357856
551989 577763
-202966 -428735
-266552 856231
875503 -724525
940227 283916
152007 658068
-102030 988423
-76986 66393
178384 -194566
226778 -895139
-133921 371113
-718921 817562
135102 -461548
-574906 333983
-886911 -913161
439486 167146
-928943 931147
-424848 -197720
-63977 -22576
-455558 532024
-700763 743972
-464642 -901603
-368146 -304559
-374829 -95632
876769 123070
330983 86199
457748 -83756
771036 -105745
202548 -936018
-322066 -585128
770984 -677218
-644653 -965009
-532643 948136
54222 -422681
343631 -416689
931649 78019
-919173 -94446
786920 -760813
661839 -73954
-828073 -246530
154748 882460
107421 353577
282262 104151
-649744 -235016
138851 827183
214040 -512497
-532667 56123
-875087 -496700
616278 232840
-929692 172365
-738966 997417
-331446 -101230
-838525 -152728
31949 -627608
103082 -420285
-154288 847535
474707 -36842
-337090 -671247
317800 599062
-908710 371535
-598429 246629
778018 613402
501768 669704
26216 397445
285053 -368497
-361893 721013
957249 187672
347558 -475784
311811 592629
