300
3149 -429685
-872102 -540033
-409276 294986
849209 -443526
-451182 -800154
-810321 -860674
638715 -14171
755044 201568
-368559 -84655
46231 -237552
569256 255529
375113 686995
732529 -219041
-275266 -785655
-508912 -579054
34273 -751837
-866092 586
42730 728473
583849 -690019
-643719 59459
-156216 -954689
25713 371962
-874505 -382906
626487 823635
-988249 963900
453179 -90097
834516 983601
898158 -879248
180777 -733794
744133 -581684
-562816 348647
932163 -159903
304361 -245118
998405 -759915
-867324 55073
-816866 -873601
-34836 424526
148635 163882
-628932 -692358
-336969 -22696
666943 764839
-301253 -331184
147546 -238509
-992477 964731
268025 603905
53689 309623
45763 387030
332927 -950919
-82251 248079
424779 305587
-179860 14318
391443 809478
638881 -20222
317377 -44493
983264 682456
-163881 403317
711300 -676795
-654298 -642624
674149 288380
900558 424060
-284705 703845
428686 -333420
194048 966514
-300380 22870
-834347 -751556
-210892 -609044
-118403 188071
92442 788310
305523 341031
-23556 497733
5879 512240
-433610 -66927
420567 -690897
-780185 394307
-663284 840228
751079 -897551
242026 -260944
33384 834176
331583 -501044
-431019 -383179
904020 285631
183636 -967757
208926 -834050
-893320 -302925
-54992 260420
-438189 289417
468692 372346
-737795 -603876
-32648 -362705
66353 406751
440167 450
812357 726341
-956100 -801549
-517677 -406851
-452705 -690828
990547 702344
-804397 28187
-360410 -216704
591080 -830441
-782890 417939
-512705 993252
645994 -342282
-167342 -40553
299519 254100
-125769 264291
326188 -15031
2731 758597
-387135 263412
-728738 979660
-628318 -268766
315565 468626
636269 -226701
-940611 -60879
-689665 228754
-485069 906772
-119557 -560255
-634794 876965
200166 -75011
-148174 -463783
-520194 -284128
424931 -730379
818398 47336
-420484 685631
-870335 175466
-886415 -176628
988437 66468
264254 -496919
-417750 -190637
566426 321131
992797 464120
-3898 -667643
-708947 114797
-807859 510842
310123 -382041
77634 440683
845588 142788
-929150 -274441
-134125 -200339
-248109 -82986
757430 -374222
-322838 885653
-374278 -33928
786236 -368972
573782 517190
283770 -934814
-697877 -683825
15168 -687597
620355 667018
-645943 -573484
-959381 -926536
-214926 -215500
975965 -72884
-992167 -222712
-589700 45446
-576420 -615893
114509 -758253
582575 290308
-760961 -111831
-265523 -935351
699154 -493359
744685 885003
596203 439593
179925 191824
3689 -156779
-989776 759249
447765 -672151
970076 -127840
-957957 -149753
-318297 -43410
477648 134063
340650 -362154
-152956 480527
547681 -80152
-758895 -801643
-459148 -128495
80483 14233
158172 -523756
-165088 -888673
49857 -44135
677735 -345698
-753076 117644
-750640 -156748
812726 -551814
136811 962088
-791929 488088
-930910 760602
37942 -794187
109813 293692
-22644 460052
-426279 907821
302847 876166
-536645 -680635
-177905 -375243
-108283 -669355
591717 -933026
407595 -630795
-123540 -502842
-782805 267574
-22074 -43106
335281 -82630
624296 -471391
-179069 -374792
843464 463331
-231542 -236378
-854784 -18551
300408 533575
-550665 -33332
998617 540647
14737 -149237
-494410 -865011
820368 845351
824529 -825906
-220113 -117083
128742 317468
145448 -745361
-458465 -162687
-568656 -919017
-219273 -416944
830866 -534034
228442 264730
511728 -418447
-40977 512914
-341020 -633416
-111405 -958972
-895846 382529
-873153 -753306
586759 611544
-982724 -500567
-127692 292555
-961619 -343578
678707 436985
-839084 -676293
-373756 23985
-948211 380676
319952 968748
981546 374426
972559 -273990
-533358 400547
-350614 -254124
-493135 -102076
155673 -159014
-953922 937674
270374 294521
676944 41813
514540 389218
-801390 -553382
-286202 650731
-456210 699974
-544916 416876
-907026 -395090
-928433 -109916
-147936 829409
-93630 -947214
816088 785120
962821 -87961
-897640 -559986
-709917 457250
712546 724133
405381 -817938
-680996 97170
624054 785256
-931696 837252
-600829 -129495
-865704 463803
671223 -648634
441330 471436
-774788 631937
280240 22041
208324 982078
22238 -959094
962433 -225138
-942363 30404
-349923 58198
119632 -781785
370795 34440
224775 973580
65806 494780
919260 28006
-408124 -808321
-221181 668722
-785190 -786305
-987327 933000
-677623 -878323
614854 -114267
705863 411701
579657 261238
-705343 527083
-415263 -14911
479925 423054
834110 601537
98111 -710121
-81175 -72326
670005 452852
-898881 831790
182787 59292
-218336 -907449
-115600 674855
-378816 382260
-79099 -968842
331089 -861526
