4
597455928 749333006 751208225 82406241 918503203
1000
484470730
200146451
178142883
440545924
152045617
409073971
466053206
114753885
48428535
680597530
904461082
205505605
372917650
475551196
20902318
101937412
109864922
871511524
479774782
841922947
438762399
607725261
269532460
705406668
538559961
851982702
278676090
730520501
103520978
324093061
243955457
906298141
63115888
334474921
329466572
290072126
620747273
342674719
556037331
254862320
527675049
424605353
283839057
84682641
39687971
232778814
803106974
420617323
508638964
322400908
125488541
790042025
901395023
276539099
58199048
499711586
531554503
168480463
167312775
171797993
534682597
263241289
236182020
346000787
410036363
157025690
296971698
108338004
281445529
367008995
53205833
3037258
390780504
600603975
297542820
670766300
656753810
100895872
366789780
733558569
578955328
188966083
703250566
395476275
501990292
331514791
452285404
311666256
408072419
463352438
723433897
739141208
111277972
398539149
366920237
126706673
520623743
650157123
230218493
643168665
407046515
366640801
35857205
692700492
653122524
802967001
133181081
515786847
136117642
903883238
109765575
341504358
97510556
340273573
108414120
706861663
528027019
459392780
575617215
839072425
285316900
373146897
16027304
649162918
655863037
149540632
522794922
202681633
448210884
153530714
204599198
545336661
672659422
660504135
316358714
909403276
64540422
493315101
808577515
121476905
330319508
507742182
341795387
91018718
665110530
422052711
905885983
311546079
715537734
809611847
758872426
94889973
296063814
500838048
419337577
158085348
355908367
362827602
286092565
310623425
572078007
624991494
681151528
525476333
691368363
745529536
255921380
827184164
534258045
237367161
238564862
878035950
790443250
407091506
125055872
148539558
700564046
602312491
818218320
328433530
454056187
343085826
446657143
913738949
432303406
567852557
791045266
471585481
229842974
694602783
619122109
494980077
823582383
467090860
569962975
671252299
47423396
577685308
896381239
440692847
41134437
117314184
243445426
635844131
201793282
264086929
11233299
64829565
650953186
364103039
644885593
387124720
761589221
512073035
394658693
184935431
327921359
39158074
768331077
178295769
788570027
441669884
570935394
131921595
666826700
832317162
600044995
646848957
387116111
163900068
572041991
660550777
443166083
189990567
337481008
18700507
105612735
483462951
435001022
778145807
664056504
528678695
724624748
53941930
485533229
309468909
430125384
881302381
862366893
547838198
628024666
301403384
429693484
193727932
453621164
750537365
870858906
489291594
702704877
798118086
366012059
247415430
271324221
671321983
137713301
566217596
37643887
797813010
51833934
446374557
24277815
130524789
566655747
410321201
147212713
49806039
246520797
606025113
282015056
322579319
420273600
765910317
115999771
159903075
255194875
352986647
426783572
828449246
206342202
481347598
765733648
70917079
845189820
886323284
703554980
595953772
864390021
745388517
709196135
437706132
64750893
704137534
683199122
554424441
480407527
834986011
809500022
20741735
300716119
633088533
387169286
602523251
69901833
736114196
463969814
454495933
511088704
537939345
804360273
501138358
508526059
778610186
849267568
511213782
235260687
187945770
536334372
231123388
887006131
25581673
251715840
728297237
707926202
337917150
531179493
653842845
31841501
346999868
867327005
883697198
453022147
577696055
814430489
672927307
156703467
380347422
492995814
329999554
871661157
881337519
249086487
149135818
858059541
597257864
621087065
457858181
30150175
837859518
828843914
43526955
760389225
31027241
193784191
360747314
409774512
521889341
511204838
661523016
852762904
693789820
87763629
50979153
174670235
90258838
170375313
694227390
312643966
35519907
870848447
262936606
578404280
859775788
631835391
529728125
406570149
430752830
630804764
482906400
4521572
832074602
587509233
824320422
505980165
859291827
78455539
220650566
330424896
120486640
598165452
140324991
467170384
110632895
443210382
851815406
761774449
229080211
78801142
706768632
271352950
582783483
561013386
288873938
128245484
757346844
905848931
522624707
768526541
726808163
675708628
667503869
808465414
825323453
449659873
834586068
88204310
858183129
611648892
607524165
504473328
753439674
510471052
284535232
478729449
400322230
820484861
325011455
26412728
288758932
912662049
601934005
615541324
768246223
566292370
674119549
427369829
657308248
484516321
671348320
587652435
232884864
902496821
607363662
406240910
657671067
277682886
596263937
384818996
836796715
836348511
755825100
683978358
398291295
731468536
607853441
626544948
119436152
851563408
98634244
69037460
68703927
262320697
910230694
216278835
117334045
494949131
617420043
632983552
714951390
596681012
774351484
41252794
501402307
749725155
274553206
213109870
998721
664959497
316673925
96465451
329731775
252882346
206409605
865472321
443397075
744602990
707500297
503118363
764009121
854631349
365765451
723882321
709494291
291984078
589156946
731404031
341032879
749958157
714313832
676236547
240976080
272043381
762605060
514086899
471931030
56905839
909437069
475751600
392868029
257735916
270513617
155732600
626064835
150682955
719660146
725367686
792319747
327118221
681696517
175109604
478274702
858512699
18786034
354277432
152986409
263920588
607973949
789076832
156174601
32146965
222207949
815896752
891950962
514229551
150570687
96888468
278468692
424922088
403483203
439204968
19715217
111451693
682932344
867649014
915242750
424569817
893425579
186961991
848290397
756939633
278084315
659976423
258829646
555440739
267852020
416158884
636720071
451822984
122309272
567524951
60779397
877044485
333624605
366520707
495867422
223941842
485285797
414310615
178905306
100687450
367529609
700022256
813233089
587549896
641096378
114149453
772081948
825173785
879606438
678713910
452436807
327429219
647997497
813645434
98488157
680611568
341570589
602541341
149243135
503215805
40435593
806408970
707615421
433959623
808603184
374211310
449458042
511850926
205411119
719455163
885414414
808585917
100228450
779783470
220500683
319525339
384100899
840171354
631607577
284303269
838189765
906065514
254654053
370951682
30309558
411708563
488320107
642460670
742076390
728497967
596595100
263364791
238298622
100795372
22246456
874401243
632260522
280440463
495474625
525682035
433558860
136665469
488815198
412466850
110993978
717472373
186078285
376423940
810223720
708180500
713248298
279014327
884508751
105632304
388583633
240784218
591662367
616224805
119456128
122785181
43436794
651731471
157641827
245791322
306851811
488640174
324251554
884576923
728043624
774616441
524052439
426316086
389686004
768634611
200744353
102529596
801701773
880382969
695709082
363771482
732592723
37125275
205817774
573489651
87252032
208970530
534397181
582938395
512099294
380968500
452320857
32361565
579423153
148094456
708865530
333347043
155268702
652461317
629771620
44676289
371445624
218253596
108184632
344914234
785297491
423396531
50245928
317399855
343150564
217608823
264543822
783287481
589699098
193493063
252562441
720836295
357662477
297393178
764725924
867738610
858514817
680353181
181797265
286102479
807125427
765231114
135349324
384195181
713927473
474352802
777566493
817335804
325902789
631934533
84517761
357083643
473800938
766050072
290982181
351290699
738008018
658518022
58736062
900613154
741489253
522362744
103994159
548433281
289555408
868253667
905153451
912746826
904512055
392963887
684969384
751310558
498864517
86657662
655577269
762527692
870974351
666588412
307680097
461490208
835961880
261884566
413901641
711533401
870406515
691970547
805057158
520836773
839246571
473170318
407157744
179158187
777717254
398337219
885974305
425184248
499865811
19574746
157911524
9278147
623192161
350497110
404950175
55304786
773472909
63633086
364868309
733011436
207026244
530539664
178243264
519815534
696733547
297498229
364966876
893100973
581892840
213188883
203219246
630767043
555173316
794809051
467885410
46008758
657655627
539672467
272166690
67584040
142839702
346746249
381629241
917423137
787466754
227905582
299215332
310524144
514689998
44694512
288644953
314750746
601230192
298438964
442223647
234460853
533911684
260032029
149108219
262923138
94433177
320203567
81172121
729975396
756260891
779707326
536763384
630421239
518663167
18192740
722716402
879274257
454326579
38779050
751582609
230175633
808079053
68526575
22860193
371141027
744934481
99140452
478389508
566279341
79073764
607382698
241188432
630665565
57129910
888392747
614975976
427719328
66411732
666178886
409369288
703953873
668171238
904148430
346885464
57632632
327561035
214962935
185732269
454778656
167483692
249361160
80946776
179709781
64104937
521068382
283881482
843993279
305604619
807616172
851602594
528548657
847375851
517686857
592687713
643650582
547755442
258394522
128861509
630096864
86184879
567828777
828732406
80321315
604303308
424507507
918285480
838031763
126572625
74533838
387088680
374598492
647649152
432599544
298321719
257553507
873866035
455429310
610242073
266387588
458192153
640804190
532355111
188449362
430937629
17856798
122270826
449412777
109558806
309339046
860792909
610094692
180037629
746111598
217090375
409987135
810165234
401949201
877414955
31417103
741531
611361775
401383958
904841769
606513187
684188144
605292677
725472247
347039633
811444743
826643264
242127074
392129386
202702325
171626484
102745637
809618983
287107851
117293209
92745060
561084856
340813567
91649037
823301134
657302706
663639336
909261923
795023632
356228859
178155368
143248985
835501768
477240352
171417741
543937843
447627567
461909906
700039534
219035062
477225963
544689838
756584918
353683330
410626646
117590775
792145201
902198636
357996397
315767275
568576754
641416456
588593629
81765459
809027417
22315428
209666226
374145527
342352383
23413971
333264175
247646802
682676821
736442883
662382743
102618624
286738068 15647830 32646932 336881736 918503203
1000
91696434
715133249
133067278
122756206
335206675
826839891
400175666
45609538
571370707
517304246
794464035
775836846
150777438
889881256
483175700
453272657
105312861
718307098
135131266
89864599
257262782
641172990
514079438
45637267
913832247
89859014
360063992
571012542
717335459
559364068
81127716
17935686
156118878
453105976
312107381
656730287
291562627
446661857
547432885
323215317
759715213
112330496
507566199
805577243
800884283
846780435
97215860
809279322
216173555
534927284
721713353
762361541
560256928
847580671
338977176
710966231
723474571
269528976
700579979
662327368
450525746
360048562
501449533
529254419
868411356
200577285
417942016
753475293
343018827
18200577
359775851
214289165
556422959
720833884
15648629
855011798
461561324
497030688
58657216
888253352
857985599
792300207
735256852
864129988
7995609
256377297
641933526
463950859
235806407
190765454
595127701
708487443
342882876
512769293
246180484
595381114
906529855
823507182
721359422
243190817
361732566
746405817
74411892
149362766
157244928
488793729
750789979
628546942
392514524
409525426
203214335
533257864
766270499
609428947
830882149
841095664
349102514
29741721
233398403
474692389
480903001
125904745
28116234
467875355
870436758
29952074
383447211
485221822
604577640
702723865
848077699
393588985
500397452
736325035
710190993
379608852
397282164
377820391
515924384
624816831
654415831
912377017
503194146
697379569
578100970
94795996
579732902
822974673
297824850
307776713
894985799
116053420
731509863
793480290
433913091
471125525
224167274
265041900
320660401
97984672
632140844
625248145
645316259
49099095
748956970
338036751
690550445
305913320
749799171
252002062
210189860
519730057
409994857
212657086
247150251
730388579
772104572
202206275
42192182
464118532
835825733
763795591
664711182
639523524
729735816
153320564
306451563
197851028
883596218
533809687
877513750
492447102
255869884
868071110
129806659
272431235
309451451
834071479
641056284
118187345
562969674
853197523
26214491
756001053
664655718
617042700
291198160
589975474
876933849
24707463
778521581
127980452
207074163
606978882
555995373
375650230
365793216
38547491
746750362
28337596
366918965
19543204
716956186
376497370
515691055
12984281
372857194
756063691
301854210
554962893
831612622
903119371
796137236
500715593
29354430
844860338
501125103
457330731
246354152
288232186
169787010
375568812
563137848
915899249
303820981
277915035
80294119
620257605
835235216
864825832
15376596
294423470
581015516
455793121
905343366
612480107
627289882
462566469
248709260
532996693
154885226
819812312
327516980
514913003
821770393
39087692
340678316
120835536
149656587
773130963
708941012
273246548
310048786
696543487
44912378
865436643
154069910
113283884
457769520
420945865
375756838
763383374
625604814
394347320
736941870
44848624
127949053
512026146
493018055
394892254
684345701
809640424
275452064
214242372
26441656
884468487
675484257
471569356
195240737
196189235
806165899
897256577
903201010
703130007
658660249
750717986
684543003
486415023
360937258
111925235
506493368
97056858
252244753
679623949
696225507
339166364
391157742
475444480
689335775
503800585
342199712
77282944
203515582
30082660
805716662
175517010
796103788
6668337
316547621
198904038
436431402
79585224
698724853
365917331
749619796
332504667
59107224
241933923
667514163
649665016
646619485
776011283
225230956
820174177
386384850
692742229
63948715
392494526
722428851
664427030
734461585
240073078
423094356
269030624
450490246
768647594
860592731
437840428
143976528
781652608
665618000
247275997
803092945
727504110
530682143
657751184
576243753
584130029
181249645
272340958
891785270
392553914
198270092
451193061
99102231
202685901
139961858
812005558
262542326
166323548
586012122
244628225
436231658
294839712
338290523
22194533
162591653
653747281
826956991
708167780
630947510
514521233
586513822
644050329
755718344
498035653
15036
149604801
71693318
706655712
5407322
695395081
61486201
848423397
13922661
458974787
184731657
324039518
329639174
808299721
766996925
641742036
273784817
143212616
734236750
758297248
504650074
507235071
851673831
836293353
516963011
602365277
655482076
326440799
838366643
428489990
88909835
569674609
618050980
690150491
638023649
380596240
463577686
59219818
773086251
806770810
265516623
622703503
776141083
751733932
306623257
154159805
372298442
586226965
805070499
253619562
620684789
84573316
844897780
25079646
536998273
510581270
864791101
364940296
629889561
227618342
403217936
343051953
455510816
618098127
123886572
424876955
99893632
816520073
477115930
124047716
686234716
815140052
583646651
364947476
218368239
442964567
780336819
361983486
146171015
201929675
706498456
551111872
430903695
490251822
759988845
532731
504126150
488871920
15614235
165753864
678738613
445461714
161532076
231592233
912190409
205504265
836977979
42535088
623925202
802807887
900018265
831763987
350872017
841819235
476654202
568126191
51909331
894416568
478613225
11147553
620075836
640375894
890828908
585647636
536438061
434832949
396224201
399083928
676489918
253618252
856181836
8441057
686915149
634795279
110614035
143679902
410785189
188977330
554514553
236994930
223861424
372594511
5854787
820981891
252488981
412351756
380511181
23893302
4977166
329310506
680106246
524937517
498109691
618767967
389615148
385573061
421163206
493616906
599124885
83021083
351921677
753367001
777100313
698449531
335259452
364497090
140432973
150769281
198466804
26714899
254190306
837363806
320124856
536078192
700323332
201068293
612362072
270243605
754666047
104755671
639231201
38895082
647470126
290881274
758657394
383021113
129943119
394639155
237084966
837838523
212751160
621044908
521864640
671949000
379475053
345373426
665232218
587365270
584153847
355201124
299031278
311919470
212411910
704954563
275942304
525303994
673972736
236825108
471303566
845322684
299437861
478535537
469226915
583308858
50480153
521431532
641001628
680371668
632794041
648298010
118924522
285597778
666086638
702763613
339382310
448554651
540866412
4844383
811469055
503865355
91855252
66927193
429088376
262607909
681859214
809699305
658170519
800100114
430422852
471672304
348243436
464600528
309683065
24640272
468001859
381487280
902540879
6974291
630161974
791924125
734038882
796412399
791792581
310755342
205162375
778701476
844777107
210719548
654738
327461581
860660636
520331381
387919060
814446795
89929317
769264082
505231501
20089212
371205170
623630919
529558439
91610366
905691696
514481854
517981461
826773733
759524304
530399231
585736677
83274016
394477462
444351406
26269591
53875477
307074215
705678672
569645948
513715112
368500207
480188090
520072027
896255884
229576207
798767045
900152531
447884187
454524493
808419709
404137835
386766965
692887895
465871929
368464905
680161620
452745576
54593480
216018680
443791987
35904335
389844411
458931678
512424774
689860554
359480749
544742635
676764484
90915060
81805106
897794423
596928770
696237911
643100765
382039108
689456029
872615451
813316750
453581442
102993511
550081881
736732732
310940637
853390862
152363108
320856440
627130290
543576136
184254076
624549368
743506847
550410118
104856318
796381457
301538910
864391862
838507057
300443766
861344934
815717012
508404400
501207738
68082418
512374640
697067310
709827854
304020136
904026707
435823317
1400980
202496236
596516725
62956875
794773137
189146966
626240830
862622024
519569840
399555543
893360121
327949874
459810125
871206312
501089894
200632992
654737788
219815034
674437094
449567679
646959023
12286028
857204166
654992108
914961263
865415705
550412636
343449352
681568247
303785699
569121666
655820722
806261288
66424477
668385584
44701685
884813891
810741230
298958922
337937240
914576458
278904127
615626680
210137116
526220312
244744725
143685480
112769349
313061640
443923309
267140356
707337645
874497714
839348286
597140073
842454559
608278322
308836122
357050573
132633598
495268410
111786262
809840954
186648263
408573596
807108201
471906653
650100803
868455163
204629161
887194311
70571742
193449917
171819014
304932388
457817009
819300099
381495033
33422243
668984161
476825921
313038355
824533455
610531422
777296010
205881767
582480453
432566061
211068213
669901895
262157231
503597090
433819959
769254619
644266443
44877095
532459546
713318465
517072066
270541791
211364735
750708820
848731726
508465320
699514765
160907893
891223289
283600049
339432432
391840185
712352983
791786037
719281448
574720184
624969539
736926370
787534575
267040819
236556255
432674619
219787574
472470003
685033507
60890330
214727652
183735520
872690338
80843067
459002481
525808028
557690349
551051351
136401777
427798593
155979482
788810433
283284899
674184002
758661443
377811141
508240282
724196855
560257924
23464360
669739263
375287160
861929117
801526441
873440561
287488863
676695501
359747175
189485828
385715266
376346216
152741497
638450567
583280529
685960406
831081245
579545986
687600950
815848445
393948422
557197820
900775066
82145708
107683678
18538134
727508611
299461622
667760164
121840706
219896897
192689371
777672702
691799929
318785676
45291979
849278640
718643789
199451941
595391949
531032767
18529363
261004349
180918778
626403364
476664199
96650736
673782655
811999015
133594252
618102719
479786023
208329632
621615637
341179623
319313706
735203677
627777506
872391060
634427779
704361746
401561855
203284250
319235587
4463159
161575119
736849443
44310455
212871074
63672186
886020475
904395170
195282675
635754492
516151639
394382737
1680373
375895872
347334959
9670870
617657752
104760930
332920804
38398105
568490657
620329946
113539794
101409214
666533880
24563391
210658967
322147253
187453615
104922424
916232994
115603076
571422372
409166122
434208729
613976889
693408411
425356736
457027936
166195729
323628949
387762994
620043148
275351326
318841874
855827443
836786521
593964749
558519104
653756891
410356176720400558 476232578 274710653 884433435 918503203
1000
851788131
428618086
12546865
374727782
638501676
2993251
209774904
67602638
567633738
85086980
355342127
861999671
84703059
268344227
669001280
917524853
602703428
766821931
65392549
561827376
89469076
621473250
47736083
193854006
804419570
706328664
784471112
168171447
211449846
400610386
148163077
6829631
230460921
195005188
795652985
749614756
760540188
301377759
468678464
458649265
881285186
86401531
566233601
132116324
25443827
110667475
778589777
336629064
263476765
819845856
260638465
481383932
500846279
111562530
466314000
723805523
791841849
124625079
583270371
197908557
85042985
251756341
244384662
504597352
439295705
644193416
491170358
369776341
228228494
428956370
819415162
438405155
305683359
515021522
786094941
470919828
345377316
799145894
3299647
379023499
797601855
512041824
7951859
294144099
688897235
129820388
219348270
688939674
577951444
667790837
347878471
201436795
14713148
233625188
565429141
247595549
222796794
233362644
291042656
677086673
194445025
364321264
426946117
27209620
763185813
131254287
842875273
124301275
440741134
759298228
783018074
615725449
890278963
632105392
37838598
203667457
824871801
392158210
903884697
827666761
857739729
447343606
262703712
889441744
767043141
605125805
289542445
272251501
638366884
155792079
161122040
737370345
66441709
524724518
805838565
461056425
126849920
415418348
271186063
577276553
696412586
12018497
207777918
372111955
672374028
729854714
227371502
204541178
454203607
640420615
484059406
250054615
306340395
324244394
817151542
45890912
52461971
124556070
487736006
626149112
631859883
549493225
343342477
737658120
460978183
248549111
516131762
505372733
306035949
26665244
358125998
651500131
888955618
580248698
530521840
140288968
899722385
746536580
385290227
684248083
656999743
515298964
914979924
818589301
144691874
269339666
67341314
806600911
399097507
729096471
776429472
564458278
151572015
120417975
335797255
104825454
661448717
67050651
26706205
742835136
255948939
759914000
719371978
10853360
387214124
784644709
69018135
348792451
738446189
177924982
201226010
146955310
879210949
902151271
561684140
211231326
457697735
242995401
347716551
526615566
380896759
43355702
568090648
476710836
621223281
525154684
12428594
65851864
110538761
109848370
791051813
904890330
238276378
259374339
540467100
735677968
284093204
495963564
215883043
423007987
897326521
582378694
103425110
496007665
495016411
60877858
496601676
405606242
350955504
445764288
286070285
443679668
47654345
411727365
143941061
672466320
606684404
916890576
723523598
573257112
680436599
914189176
594835466
51784792
177251106
426433
557919539
750095068
136935556
258541863
875116821
560405745
513110759
897473866
833444819
309380052
428820183
312723672
628920870
801138809
217308347
614211921
215350581
1156877
654958092
165617683
802510275
104834924
668436337
296389731
88718484
916804224
134257541
246630790
350625036
623792717
480390496
493143758
53047699
771790991
407389642
682992112
87705211
618506927
180047642
359576621
57616237
536102193
341332216
684079998
407278105
355057631
118819715
81228770
727818145
247661413
457085629
741815780
752091878
303005068
49637454
427321370
820048899
62977135
186330393
614110999
507381980
505669449
640985099
700686366
868395704
884102421
624103173
885292261
761294575
317440132
73338226
124902519
218049357
792730654
869511823
250043607
44272537
325751249
205780445
219796782
705605303
584715925
278738858
230872668
754998159
631192994
536698365
677888296
224503639
514453722
742301514
916510472
908674761
5842200
812842835
918020498
506997019
916456470
440858981
400877329
401697572
82479024
785037871
549375861
81577926
136487894
422634266
179462766
749153539
520050530
516219820
601947017
658927022
119937316
663815809
826241168
630432401
211710768
439363953
854818717
66317277
448905371
60648380
360689207
339740527
570954619
477446228
558388449
510365922
283310054
172294415
430361533
275263231
306003835
503738042
649868065
276983428
319745478
31147699
25012050
29801173
665981726
425286484
219110440
616816555
447429794
161371714
671873299
787358688
524577613
751523682
442799029
857933744
470204436
183676743
94663322
489552670
522450349
321192855
316191631
828534559
31559562
353755414
697884807
251016087
386253542
266174694
149026165
210779387
174392356
204991989
778449332
401381934
411041694
612535557
243051146
379057208
347281039
843756735
756256477
784949320
22556001
854333749
575441865
408893508
298988169
882549740
134598996
357793495
840087650
656126834
717412536
636980806
634216533
528118766
278547105
820083624
237808800
71810735
56498873
621584220
857875594
400130508
792934670
639787663
74587552
641082219
418404647
519054275
675244436
288150178
59494987
23931426
633299493
459040101
214296652
413965485
567950672
404061242
539358689
532963645
339820714
636551740
376787013
517920037
204896951
32236283
183986402
292959258
729978473
632884765
805637935
627773898
909646111
892029261
572456662
709084981
24566342
267539143
758511759
537606876
902249084
155120437
889395347
164629616
198657800
288274602
915320998
704059483
816568035
323737113
247882990
20920456
799964602
321736150
236055073
322655254
804451505
112696689
560150354
16167897
883822129
495606009
365042977
135258665
493761219
525921367
425146411
66022201
30270332
859681088
296679251
126933405
238361427
705100111
12636071
642419472
696690450
84893884
891829263
502564863
55443729
87253366
756047893
452780176
783201296
868925550
178838440
240411896
321996690
281835621
212452082
356484434
754360765
399116530
766887246
257834425
732986687
156191990
399034338
647635298
685512536
421039690
762017753
858632864
7311329
206808529
862103967
661943750
254729051
339290623
299081380
715450300
760714850
695009947
508126768
437002286
192913143
306348786
527518439
453344200
338313730
561009422
861382621
835997164
695545744
315349700
443115426
610727483
348992926
72645982
551050429
703977912
410614636
692040450
43850419
496471920
691698667
747290161
148171433
907973972
801559456
379568856
492208780
359789938
566233062
492821746
524620343
715417321
397199420
317834240
591184188
827236240
840551473
707263224
597945239
853022083
344289474
634194976
492615865
10001510
610313324
56064832
81842667
846149544
714093507
686262815
122524405
471246757
170277500
847415237
69798135
186332808
81075107
429624898
195978383
753121798
908382642
307840795
579602096
341779429
715808977
446736200
533440709
324438998
913227131
200128340
902141388
22249312
615678011
577133684
331630244
665626606
577262533
233243547
856903740
741728661
472360445
793998264
522099185
97505899
702199712
261707164
628364916
668945145
354830770
749694226
868244113
61799511
504144849
54913432
621690221
786240463
392883552
783893932
485832165
658769053
547756261
737560937
179741485
516451537
236404736
892239086
874646546
295899211
612091994
606475195
169762836
525934699
398000051
392908980
46932101
499494799
139088223
485085311
651056660
133781844
841938677
292702354
444970919
171296681
859104819
870567155
341993797
199916113
278867767
227630350
579234645
528196069
352698062
874984219
603961241
164616136
362442040
269481841
489721339
287125170
590039457
824404220
814556048
803318054
188945363
404764352
536970048
367927428
202312570
625215388
810692787
750873099
117195382
121285872
659015448
819445076
442268261
187273983
797751404
440549981
287716438
568171149
24058483
808608091
809260230
18750962
57295328
782629705
327022327
596528002
714313648
538283306
722999941
549859891
46511275
201326843
369941211
850620222
234211210
39299806
881170980
322862946
530952438
103192832
219236791
899214371
666827316
438784496
804484653
282823044
107954283
61949830
322383203
30031898
532241829
730698930
336075246
861712638
47005954
643091810
46774558
239649679
763615268
816657323
421152127
329196722
682631681
193036596
572836290
42811637
679164356
780078274
93783245
547509
329771056
159852994
650267815
801157623
781326235
520848118
441578529
491880834
602140861
645315685
490544892
494006259
764943223
288601450
750060421
364268156
835481744
314817717
489733175
810116254
346695243
904079149
582705512
677467311
408435950
198937855
720696829
468913161
625641489
548361202
540757601
97162925
326275493
170389570
772306546
532541285
581509454
43884557
169896920
384167910
63327226
673958368
178947048
870698434
775875407
557191143
709055767
153965559
816914700
728606345
12935352
239264107
858733325
776502633
882848205
534152046
827839427
275701816
557371515
201932467
26398493
30404368
864258277
12470299
365872646
234131154
415662317
389835908
51143184
113024509
171193051
217282035
445881738
597452693
440078632
390943566
203217935
861982966
526463616
560200187
58367709
521690474
701250100
892808112
753074578
754012254
840078253
874997201
227694927
245008893
486107740
397109817
65764796
309496279
94834464
582715554
569273969
568527952
651969371
545656940
506131889
301989235
320383649
877051945
7336305
446219571
814821830
191147520
404760510
245878153
896382028
142730517
906640116
879282484
799264732
67211383
304638611
909671920
536337037
521844890
209706714
368498344
437410392
64439061
873486979
282926556
454071878
500552790
531717024
782961975
779775088
44540737
601075677
787347614
441216366
650165961
802845180
185598363
407010592
74946334
48857088
811786418
371939120
248199392
892954778
486914428
128603330
315531907
119967499
483430731
905418655
471489876
916697568
281885148
756364727
541273247
863022465
668675897
301426419
429358055
669754091
393932535
479305948
394301447
875172973
447076742
594033366
68727185
379624178
740113999
544270785
68923602
175115649
404726493
850718543
883130192
162959036
466865841
737635420
20772300
484497866
774629364
800000001
671537188
658396030
713508389
639895910
731248985
23011042
441629024
405047612
790157218
71371256
386790517
45825771
448005799
467841656
496699299
383313141
126275563
462195455
294651329
400637458
739675268590343770 554988050 388891491 2487260 918503203
1000
417321221
621119403
55438113
166036382
611886041
320016490
411270662
252601836
186510695
239542832
570913456
335574193
790078702
163830733
746207504
552101458
529261605
913162020
886621246
295886144
504049238
159505657
82600840
862857466
858361872
99177137
347374517
666796070
98022894
24313385
812515991
68943224
603856634
252047427
135204738
609253382
830542563
743249257
752747990
575963466
619735863
588450848
715577049
654094658
110013425
706206554
262121087
104171563
253702401
530946556
237159224
732467379
849927727
843491433
60372834
146522799
726218928
846894497
394536008
116962649
612030433
707369663
885636740
263573483
45897849
820753251
683111430
394189683
470309276
18923289
683605498
219074653
840802094
5593209
579081778
391576136
513342788
167789529
369324529
431311413
686603836
132194989
460620582
142353254
761087336
575852354
347016219
428859181
423843291
491491543
557752494
790496842
717892131
275803618
315279188
328966448
582436268
510688473
314252504
249612453
449379604
255143815
41234793
84389193
914007937
897319151
504688913
533169503
37007078
389611357
573610143
247771537
538383054
134245516
199654546
473855739
344713664
616973204
244275807
222813596
293077897
747324205
523208152
240590092
477437145
435137079
115304987
94081539
512051466
122635101
717511799
677636992
463041151
648286602
40446983
130169023
89088271
326101254
557604080
238802120
145223692
663145442
163762096
342362918
492723716
229016960
134950270
814925925
781638607
555870896
750580283
263720212
880471359
402258230
419169372
299374316
782120174
686792741
362807226
879367114
545706724
379695701
93470516
443751449
93390530
246810266
615959808
287182254
339485140
407127683
370584051
888249046
496874816
860370064
827618112
332915364
28582033
6088277
724238977
629008988
299509981
830700601
558728614
471693137
557316283
285758119
410754648
615418868
831513866
862414092
600642167
777132963
734711672
855551467
746865641
613555447
873246080
914670379
663873653
510494754
8996564
827624417
302193376
6649637
531731472
146242468
39282623
708879467
879272005
94853399
689819915
587292941
467758183
617285807
267099636
222749828
597432507
516895486
288632167
439796874
368872854
316233764
351620372
510350045
475126544
751980694
573525077
38433094
633154273
233665826
27797677
344649375
61206808
620291980
686722653
559444466
14370391
20652765
133575366
778987304
103478629
656053043
621609885
279407675
606042180
903970242
380025238
110742968
783389387
604040682
157920353
3110297
852132116
749578294
870140893
284519416
578988111
428075350
293025100
210374122
31540730
635221818
625608112
470565042
441651079
741812741
109423633
160280340
704150873
289525103
18319968
651602158
848018587
499742200
236896922
709469022
89161488
583893178
507013926
491087317
50680569
267645439
439582655
152864445
25403518
557521905
254973016
338119401
119644269
278500911
545883246
615778536
458588854
359718515
816448154
213140858
298109137
887197855
739694564
542756843
690177951
425074202
4948229
237107237
212746849
860499654
209817822
603544926
59177619
176061784
316943826
582064051
201567563
756577513
658887272
559869887
882144663
809286649
57734287
891883026
710916603
407213378
87779860
199676967
889856337
755033001
435613396
348557299
121715543
256554106
871128846
871761255
533056160
36956823
736945981
901084273
455045867
355895057
444497101
40414967
524219446
827687147
655629118
389959239
689563580
728533433
123235856
5435902
622799164
358848286
135700897
336166381
85580724
809880306
767621825
125456739
675271003
398536089
89193832
902065157
861569115
309867158
604554244
319289292
883851076
268923505
113729493
678723123
523797451
565483934
155627379
889505634
895304376
749483231
425614448
856383292
338545304
608893306
337111595
264471986
371970503
807594697
321514334
585233946
670087216
852886143
861321769
158662253
644546600
452616558
299054884
156178361
753134159
468076200
456620841
197412587
539298155
133910300
467127020
120130618
574378195
714575627
374323401
293764426
420856153
177523437
462258422
412213550
646964120
363619408
616207834
477677791
256315670
399470916
747017275
352470539
639230331
415008122
343645152
368394511
554014069
61383604
327477512
479695265
285768046
797649986
301632409
713811139
314659246
154855493
569924518
146283478
508758078
33731675
872807038
850147244
255619829
571413056
50128531
393863666
342514670
804461571
900345572
12546450
24796249
816454353
48386870
570517410
35915482
637195022
225269099
545676699
371263305
894123439
59155702
157902659
754162549
794342222
382615821
382452104
466256607
838111830
151719655
833322083
422870108
540965871
719288603
677216842
276646181
214304172
476269971
2289070
498086549
615805736
790832705
746638842
442128178
235775152
789474841
345013782
603701404
894371323
553583865
670308636
280356008
341595852
802666328
282339943
687059810
513415296
499578160
28667287
166525084
76278213
515895260
230174598
749601017
336949708
430259042
277061914
317456292
124002577
590519998
426224420
460210174
882974490
108087289
349941915
220883339
408803439
572113680
816782115
156381225
221649881
495801706
480184943
198486079
162920706
742353121
853878763
288598091
249807198
594333334
865457246
489870497
508504158
694062424
14101678
724974710
233678427
344049593
788087915
537299682
42239183
656916553
536109844
774973918
137889429
853361041
427833881
698937683
331860284
178571149
741040918
56690069
384130932
168322270
577597118
86105076
185688397
211573445
839404717
427825671
224961818
790653703
404493123
649898884
527019975
266614123
79204055
556088242
772395895
861553907
57777833
539256903
421739859
434225739
900134888
465572442
26443613
616647168
461974389
167015794
514115898
303243494
331096862
713828785
488692281
204898314
43222547
819457877
177826505
458794129
145717168
554459927
520194407
451359347
511618366
566987071
855162846
212521385
378131097
401056253
107017029
496973032
447088821
183642528
455169900
348820848
775553162
626702757
758906147
784343874
658462754
89362072
193719333
241393642
746866899
604105315
24165903
290873465
904753978
749715306
277788839
723334440
899626765
900367129
777658565
845285231
191410725
209693225
186416742
123985615
438230509
175050300
204077275
601443713
16155654
168585416
134827426
802982108
340025021
786616795
431525022
509038719
43872096
771674846
283633430
187343069
461850669
656532830
702831014
648932879
137032257
65940181
115860010
915127674
743811398
718136195
436207969
787154722
779980878
325912098
458277303
738690060
412265594
752907685
508167751
679183252
833259192
690383427
376149262
124680556
234593001
367553425
635946374
909215380
111171671
124142075
220008580
580559688
5116840
113219259
672943243
668981009
886611434
332714628
433948290
706696511
50577225
698770744
110462202
226815328
70681904
769718143
900711097
4250964
91933228
905694882
96941692
792980260
90322631
275186549
390006238
482209831
412378694
738794146
589438491
571131804
211374376
211590579
698578219
777785589
676626557
566293723
232550712
511457077
890344396
521908698
759140291
552717816
497035881
435939429
118356152
779768046
167535447
846862759
197884209
30531887
347837635
586748514
711565535
305510230
263023064
90194167
593757440
562603765
379492673
339280466
62182950
427377235
45659386
310790838
313593135
74807430
478716475
594880255
501488707
16268429
507066303
477519043
292929494
311996100
437562374
527626124
78678867
373440346
776190808
48455318
445445062
152159502
717516976
112403758
170838186
247248919
10075469
298884155
781309608
621304307
766020057
720724281
455138486
644839113
410313493
252996777
43114101
445027787
825668270
246169082
869258003
398571724
614995623
223480940
121807514
324924107
206634537
877546999
707893547
610798006
157826781
397965016
27982444
479107872
621249890
608772897
700047591
254002440
773297760
595360292
811506980
801050339
425762834
86417391
66863151
377898867
666920641
888354147
123242668
70212290
289513563
372099869
250075977
125557447
341572121
729658947
462102215
587385717
330553345
59784237
699744161
480803914
368016292
844670906
872193891
234936985
333910065
271283747
416375805
211029108
420684045
145484895
247441178
553385799
674625773
822676585
318997930
49095283
625193011
289854136
311827996
403650681
530923553
599574106
206272356
37401820
225451372
140152482
419971977
307251991
202449742
630686291
251888348
800839920
462216833
142326790
148285508
752273309
657549729
116636500
764518304
85902483
479144490
586551014
735251317
553399131
222582688
851975042
464386649
709889508
864734406
896864209
2936929
156178059
107266180
496780875
314618084
601427157
53536248
659539841
261775433
795464895
722022784
39033891
3079157
384535454
632549466
35212503
513946450
824598677
759617351
474040116
875163493
800726150
582115493
875683671
899965281
512748677
440175409
399253155
310999950
560284923
253879002
446957496
706452419
746496760
322159296
894607379
374983237
842002117
200101717
898913666
385014538
647411759
533495072
49325175
191449158
213088763
603910173
388387398
915738685
65130320
762374654
682175476
485833935
718155064
418621833
312361649
403580855
454954515
9008112
153457546
537138660
570259929
590505811
625680403
889995151
279833721
706036037
448728347
250859155
452728049
779116780
351688547
549782664
691584119
837483397
892938907
381501313
425534491
358647489
646345072
667876854
515679014
639440854
445230567
706038694
665580013
706473510
811824373
292848265
714101956
128410399
395641425
168666344
334083171
73518046
92943405
20071312
471869280
798072216
657878977
428948827
477652740
489013176
332578511
142739611
273037797
486283739
311245129
838284681
658326714
898169018
30141222
188298623
750289868
648562880
219843157
700129534
527160293
309158941
598381877
198411805
36335940
62343180
406177931
891040164
752654276
643687762
241054231
675039839
821348295
561166612
364012771
746474136
409054389
364887229
205368930
308249096
118619603
108178746
