4
749575309954658465 834107379 770945893 267941349 1000000009
1000
84464867
193519126
166281619
585309120
791076655
456051727
72347817
130328547
637092430
739615122
613021949
857145019
609803741
469776363
10305715
466963492
936042654
479803143
134127681
944424978
772315783
226193460
571671395
338021178
164764144
594306066
770919078
601868053
213061021
209039450
84688884
609134264
515912392
235001164
609400260
50264019
370265265
429484704
292560751
467301729
909119473
324872697
99335154
332704873
6548790
461908589
171977775
922001235
343201412
863753174
892850993
41879979
533068693
294673562
126485761
109423173
812239775
73473063
580216304
817374839
161668051
466559468
882566600
407089992
793328815
769547864
237758085
690333415
124461282
738605134
128201983
163198982
825176673
787929494
621842743
805335154
144935455
267669404
490439021
181292504
713581729
590468322
762918591
910329531
444468521
626014224
914832342
243979639
921495837
450828574
464720890
532036276
190213111
375221626
495562540
499118331
681868302
326270728
598610862
580274197
676808820
480581789
585771853
78752649
528618935
201377649
150074401
920443830
479189652
102128842
366247458
622429439
924127813
669690465
210343482
540544318
48306472
646034316
71157647
69954231
515302438
842618396
730430962
580871244
300389173
516880216
190146645
86728137
214295952
976960091
481055876
417446763
721169945
317926345
822050731
814356902
698886888
728963494
797482523
221809682
938265646
372855287
483322290
698364549
679613641
106271487
665659065
106637609
309905905
573661765
29827733
873330518
247466310
732440574
878135333
547317274
812443930
992182337
187204898
985077661
921477255
939834821
729306508
104648296
118733318
229085393
677360840
632575722
149620662
61606468
673146681
733876231
860936175
565210423
636324014
28104233
857896399
793853376
693868390
101053015
646716049
635590051
945377361
335793127
973466108
668348337
419597013
635393582
870615173
639568805
160722290
933038524
519587987
760631326
503986497
58008156
609775293
486225870
381148094
442688055
414929921
713215348
424086482
846566985
861971247
769648176
911314500
103409410
22764001
386977451
532923538
345657556
823115412
465143967
941057912
889562950
904733184
764685802
535175798
850627310
708510347
9773308
27481095
511737171
184171776
299699207
102428096
318471656
790847279
379900861
907424664
222025034
932553279
649525320
596628464
14558988
671234904
693577282
507514557
643548443
42399074
589117829
496252406
222587044
13759300
644637462
114952026
463953561
52911428
902527462
281224118
684489840
91912618
977121961
654943925
451155146
400901563
844620062
16725000
976438894
789840496
231601649
87479382
212319719
4908488
215290233
831467138
63220618
271627358
629167948
329550063
617519666
973586204
411491174
792983151
731673858
995135058
383446904
413560949
852057755
924893633
949227341
304053231
766216245
332910525
996044631
370045471
13401283
233706405
371002893
839299657
450570631
97327516
901257982
934670451
540940106
248715145
769051423
967961019
441153796
976228155
231038186
189442962
73166917
851094349
180160466
123804598
555816118
556127661
423644497
273850956
309225476
121756148
749134710
712037097
177625231
124566471
626588880
294851089
194295613
55457147
889995533
574153665
386409845
381803063
8790306
369063459
498301459
713794590
829688132
781711196
236062227
435700883
75039319
95925361
103747450
425240815
242179743
841628889
763094438
547313009
711221658
651485657
269868662
770955400
887951449
188252754
438019782
580985708
745442459
637398336
322945722
254172254
459568210
673943568
225798467
571384398
430172824
304004999
832991265
484615000
177899684
322033264
593375819
597959524
614712252
825877974
799538478
851954506
277336517
411667361
426219770
441108753
229492462
230414816
155500793
362190194
425652697
599848530
865288645
767122460
735546823
562222072
875235923
409200746
56248828
219226302
406210587
76051938
718612781
42555478
532653228
830975880
400527031
413962507
124465154
625929979
978369686
711061724
382679332
183864675
754362519
95424099
648466377
482469329
670103912
449470178
580726558
574731483
329471773
835846185
71433747
414549841
143853028
13852879
876682406
724865085
880066732
694016540
768836685
213104474
519422910
313166954
202541769
305848079
513791349
966184764
857662887
831376710
270647345
640904250
616960473
576270287
748911095
745910439
621107921
28629022
622925885
277133483
904365647
587669759
144845293
958986677
842706180
31777984
901052304
679741922
766861337
856064965
157833106
590558941
656680400
424461957
638864238
780187818
491035229
898350702
16256362
586260096
176764380
327795995
328896903
290677122
790086131
249787804
223546199
246141470
255510622
712208025
778743311
784358463
45881237
506556639
13867303
969932848
943076836
255183790
826986703
354396502
600298489
978411418
327319996
52209418
458050079
3584067
802547104
331855901
190880255
914886065
736910191
391314129
528961823
889971696
628528830
402029253
786332823
545703806
998027174
266816540
901815652
561818981
303905748
318272153
498679982
939188673
605092697
333240720
743955365
406113745
178225384
504252081
363634946
261991065
108142310
876715571
279670823
541822627
323694121
821219564
693545932
437059213
976751545
589095223
422222694
793919896
308002077
828229221
441027699
766068221
886272024
87618529
303779060
843599487
420288944
587021620
408813687
951122373
331736889
60128973
832903137
549967289
305415239
963470788
760981912
953568282
314831806
911068015
30924713
351780390
417245169
30935627
738503443
840216694
361561757
686949405
944664096
985462901
473775710
960773741
691545899
960481370
39599059
287126050
196198812
900130223
150423999
393856594
871023242
899845074
704360062
235675466
233222757
70297055
806699159
855546445
101311530
94448017
604348214
769279508
577755508
570148641
493621510
678561886
313009225
611789507
249742384
656349505
951504984
932907774
691719122
673900531
680128387
328724905
456301090
121529882
402656251
358019782
982879847
895290543
402613402
648241845
705941245
80204831
75482592
805152
771418176
696795897
470678737
491958971
913801512
824347797
889468502
699003976
406676094
570892226
702250789
173750473
912147493
850113512
699617234
333762767
146146061
171759905
459792097
764267379
637958059
601136583
398199402
34419459
939269660
484406865
240813235
120576966
998322011
915678485
876866399
485615215
95225401
114101543
22947951
63373422
543846930
507874599
312589679
912346107
679731042
943261183
789134995
576858689
629904103
214390734
89042535
483990554
308719788
303389919
748975645
660109821
847654458
127309303
895897457
265760704
500395967
991155413
574155302
617369553
170601291
921780574
244479884
93970021
896911738
938355984
207702953
357120083
473332872
62530912
562236265
584453376
332085733
999523818
784014038
652835079
348599794
234829503
394660618
257042954
226265208
477739723
963161635
683905196
341548098
754334916
34811169
161159577
869986298
351839457
484109220
882623382
124683962
926195947
193943246
14549491
924509486
313228587
390511688
688867413
183870303
629902322
55714743
897532331
771537558
871914597
775511848
707330267
237381849
203749018
961421473
305232023
699854364
765161655
650618908
48941183
367865466
323373012
494154316
236090882
420756740
58933447
590205857
296526176
455141384
910590234
776548701
904949542
843735513
750755851
225924752
944316242
380592599
32982077
327026366
451095679
335952763
761827778
979085377
669723380
910308993
599779958
7350467
628209374
2118759
343098916
141858826
640888634
882685576
629306148
19633474
758228029
700835506
885798061
808301473
813781108
173480190
896795942
773344164
620458957
80623118
409703665
757068094
652130848
478495710
898323531
245094492
362110676
846707382
106877572
773715644
630283108
269997263
105153072
916747726
949101576
384254409
283130480
438980339
294414425
810321535
308600632
671471111
721987125
64998011
439431339
693957592
210266916
310677320
708020841
141487324
508905478
160935709
356247829
848698979
159448669
329800263
264737092
154356409
47391763
328423008
429755304
337211400
831150750
219126027
21662051
873402181
893554030
51223689
287749996
103713007
686949488
466229471
385258340
896014724
552486120
531654977
110430702
588014400
383674531
779379900
162965718
694430413
73807407
532800034
949504354
389477277
973879961
249030080
87794055
360156367
674167640
866709167
35919814
214707966
847775099
290063777
105525403
896827662
731471835
903147305
940965952
857135148
334123198
526135906
923255340
787521252
893675545
44641127
854470127
862542473
129097773
368112663
921387201
189578772
379714153
360270980
534388014
288410325
839072868
604405184
354561279
750751744
635100020
178884957
334801673
217357247
805652503
288330440
515862957
858527384
700366543
69774183
399217571
469419857
147361231
10179921
167108168
162125163
169057505
912027943
232724225
116675943
200963271
709839365
944004757
152674269
271223515
954099321
829379317
844854546
99565094
189190925
729788716
477590385
132082890
474373902
549636598
347381357
914813187
195333399
673754149
291988793
558070329
643054620
611337450
448482581
726129205
491549207
33871866
743250450
852475932
71985616
317418296
725577355
892855011
572968590
289626041
666114897
999473636
674009775
191946145
589892769
118539218
684931940
50931181
328063342
96313790
530572977
29623930
73813029
985992352
180503431
23290872
628550641
416175992
453827464
708954876
783282816
234906793
418003186
360327367
958354498
732144326
466066341
420109251
300069107
466826835
340713463
434589272
905763766
806213076
759982486
841547935
631164171
891337807
469155321
293518604
952838551
697070834
315477178
52110891
674450429
89888783
465388115
488197496
717765101
18849564
908159702
685521574
428350972
483162717
100349447
210252228
543471930
841722957
983994841
340761371
807074448
375689797
591196289
195180543
585525619
683332964
562517690
276482029
33691083
487486948
684453171
141742639
288705899
159417143
789911241
132977611
642797946
959694823658675417 89692320 366248384 14915815 1000000009
1000
440865366
582759224
641396890
61018880
376870620
928524639
669270701
544176384
364388373
994349425
517843180
776000992
738213497
850527113
541128098
187119454
674148659
775787309
436141198
997245043
910674294
181845022
821247864
887410917
835841121
309283500
549675483
198743476
925865732
658516847
654699889
629728737
357363490
328861610
457486946
214843081
688436675
456689158
181260860
203611237
364258803
391083528
649976285
552243240
146351988
436867983
706696866
915956605
325701627
792349604
607564735
18726489
130290760
195247893
206618278
432887781
704779337
568938420
709754502
823489483
650696720
636608047
664543560
670866937
817019456
132645259
217617793
689580820
677429905
641580183
837720777
376415949
498867869
636387819
493411450
525143783
445759652
610623217
711027584
168623850
626355321
174035080
663233984
502894686
861932602
479617878
274093610
178678392
420137649
540959846
546011352
178521889
855552113
37200440
97814237
64967580
364243229
448403005
596131038
101924259
86477955
714343623
8193890
899982652
711145944
570662681
182506563
622775665
789565303
744894196
956155299
704075115
39433726
215444996
162291515
89703811
150300282
501953075
556005772
489923834
726105041
508639209
988301911
929284675
687478704
922941115
35531897
422980728
867933602
848751394
555137373
937734720
894143359
713907739
9560556
889714081
244091715
401371809
188828245
188991528
761648228
721252393
471265231
384206751
597437268
299527240
928993199
530789026
742989433
424699010
517532193
603721344
172063889
874351104
128795975
818476323
755079430
658346271
753842906
866831359
448965861
376454312
663717697
223093118
768771971
357646421
434209845
570568787
952660801
410035979
470834833
832943630
543774493
769231084
675193045
187670579
727280185
984034962
290625762
888230788
594660391
141967778
947318860
204682046
754498772
946656090
106785166
386768
232511583
248022298
977583793
468317083
762237496
573684856
665914750
109021478
685065597
857188184
44263117
282744210
88642429
620815852
255445033
903570269
21464667
122961886
434842450
267410191
859234781
87840733
263912941
732808124
275353315
540615784
773198212
279642187
646606735
477652935
472145800
118433695
413776063
180093232
876271709
425697812
487811976
889291364
349040405
669858395
268381994
209281658
783534777
287105131
602002935
249650217
565101873
364146812
570751713
349288886
889168033
25450307
29881038
633852434
454963708
959080593
772030837
611901905
371651869
931226095
762109159
900437790
262573674
919165677
73065281
333776977
996482287
651216678
437444566
109709041
763678765
859256258
626772267
821679505
208100225
843783530
496247346
779104717
810212521
130327472
236183973
154802910
99118748
226705760
617250153
727323174
223792653
204789102
885595781
76352481
386553462
831487590
545224668
740804184
203409998
498217941
870857264
124664078
470723882
559639636
849802438
1977644
576773935
455732957
621217518
242537177
870714606
582835663
127176349
245470964
536065530
916734997
553661961
608151844
641583681
299828362
944638613
779214190
368414875
198752028
867678402
808969111
864831195
861456267
361406384
805096206
148998656
656310442
895885982
616604134
527850012
965792951
484488527
991996848
988158105
795864683
367332028
65312021
228569690
860875996
784659744
698127247
199099430
178636643
74016576
748357684
926383375
552695413
914636373
251868839
794346916
26863181
431184920
927999131
981401584
953012633
418173666
180125141
855377273
692854328
634752320
48564207
469483373
672805711
471898191
168543477
913785417
116991970
374676083
500052073
716945120
595264803
544768486
148403901
207675822
924231197
411561077
737283730
101212812
171282927
318717053
607893111
474634419
719045902
293838721
258154296
812570988
595840206
785597684
871344522
361341291
40372707
35842362
366954499
679403746
248354003
329051417
57488325
925940078
702095115
975025411
944307580
395551614
108480569
747262283
101241253
293248215
722910905
988270125
774885221
607873003
241799429
176183385
40316746
249945354
250565941
234977460
445907967
674347474
221693456
283598984
947968549
974989670
777482645
632742828
440667699
654047649
461289267
470503850
729025912
323811360
640267404
572555628
351628151
363316415
725820880
520061790
287432677
838664995
591746917
172452346
960076892
851458348
492686225
316251096
995779934
634041836
482474940
62644690
500017211
182308401
238836
844831643
38166508
733381225
65627012
559188178
358860262
642436032
411113688
452350218
495184935
941067097
335989120
44166715
657818833
895813614
578841731
705206862
607856893
620613329
217255782
644212687
868410721
47227537
543880771
446489952
79412357
25434760
893162304
828096925
399089801
711034714
349214658
756216086
403833232
353948634
716104291
781343023
319576330
79562645
29429354
369670164
424758363
362873614
137617608
271834309
668535922
188673528
146502985
446546640
921549276
193865585
126582201
345909988
804338517
953565092
445254885
180526402
53757893
373700325
873693400
958037204
192711760
281132705
28649807
328521147
654644139
430470255
416038689
625123723
385008644
721132453
183306253
123238493
193305026
947401895
778386451
312819485
60074120
684742098
741117124
442376328
930918753
771445664
137579455
776898543
542538734
203559384
379717379
424120299
8683226
904829190
536573549
185807497
174838886
690246086
58013960
335408018
40588378
477585123
823622728
262470359
563944731
381377655
542377094
31149431
526934605
655755547
633877985
365846427
533739066
614389848
585634606
673609497
923128793
50232726
111645998
305801499
550085923
786031559
157586349
796479339
576249118
536622364
165680829
585626539
890467444
246647387
735474115
419882232
211133281
462940915
595353851
855313612
819700690
974410909
995897246
811144624
7273141
659445011
498776408
566115844
383400416
16176032
399937928
524107278
312067852
631798427
896636151
997066338
731917890
624025799
119802960
410845656
522716689
575653246
80780974
403803798
530068509
313492851
581717915
82662115
478395135
665215237
116216427
114913792
427691528
200519596
691762743
927524339
308090635
691939738
274717319
728582373
452171794
784479566
89100145
796163478
267126463
157184126
331697272
359779830
994072827
413901235
19554116
983689193
890342349
328420419
89707904
103607777
421692665
505892596
879341952
107628626
81854960
633949123
584864784
403306324
143729533
370945901
44501282
145598513
157084265
450545727
527514015
961874054
55872358
14830574
937326744
845753034
776846240
389174325
52765230
316549547
139344168
556717955
107503639
214457496
427457246
725073601
143507322
314273705
967135370
704281040
474887591
660814034
660723846
819527355
120152940
912995219
221303570
585456473
464507429
152610793
868592783
977727095
896964418
955408377
805252289
469860271
164378515
591909442
743763516
567487241
935417394
185068897
429143831
841042115
170660812
889416152
336371915
449335980
999620426
133695485
192302758
287537098
235997553
651216235
954344475
193660391
767033098
627662886
364270003
961666205
962850103
841636448
293232416
871573513
303174488
196910821
833475945
526892237
399121957
104954142
859797616
678509467
916488124
561601545
815457324
420788325
153048767
171378029
514485509
850466390
456842036
989174459
536656328
659462866
476700646
569482563
916917329
477560049
98224674
929352321
542281668
840449704
960418803
862875973
871035116
930644859
748988823
568054097
971395491
165369267
737335167
406823886
204726292
28471743
740738225
384196532
857080672
850775685
328540182
571668036
781971625
684451041
450749662
617381511
752621285
446533115
702613487
76206437
678504704
670684677
598132844
306023227
576225492
910237647
955537570
742079506
255856266
632186502
761470890
318583280
258529603
808678224
683200148
348896198
276212058
713815313
315943905
719931440
964605653
829083232
750084149
986585971
336009392
485981151
25579658
571198220
773160290
446287607
472281233
235526358
466832128
905429152
60773035
967300327
897473598
961539476
849551166
130609221
733509260
230203090
698543050
806593250
296057573
598112319
154008308
90339073
748798093
977299553
720999309
607114291
742748127
592023578
126982654
386596631
165572101
223266239
698896754
555857284
807207198
618238837
965747873
335472021
548250773
388667718
327639299
932853993
825185026
177300154
661987711
385636796
125870337
837943163
130781089
603884360
751668304
69622650
811486283
938688346
268399581
307531757
738758111
638173676
255416006
807236652
611309668
419516247
104196609
919537836
484235703
736172288
301880082
531789901
695109237
731174003
820706620
315608722
121306496
91892206
769314931
511132102
397605949
896465917
365751415
750651376
302933976
154445864
913738250
42222203
744613897
167874064
805070854
591244585
814645323
426943963
475279065
766538368
380145866
194269860
464637894
175314947
864670492
718427894
492213386
171836443
541922176
550061784
66958761
95548442
714002576
230016361
933830242
202119752
69725245
560559328
284270687
934088731
223703082
757607829
341078917
868646096
423229323
584930990
287333314
989662151
544348008
934343814
253359232
365690658
59877515
205279316
272213311
986853092
661712580
431505095
313169582
58359534
369985568
59505409
324089917
764251539
554803026
180860183
230966738
770757403
181475410
759430789
200636291
214135484
671862346
377755854
994471562
195392133
117614889
68308586
832611687
40685557
803846470
197890154
558930237
709985526
457684724
704289973
682622323
479383222
19803289
117075955
8850023
478073744
97373576
502006404
494028738
624368626
241177200
779026633
674119030
708510792
789663468
578293361
726712404
680721406
621549971
349823136
902935228
71479786
236995408
549504190
6797179
516538045
130646420
952419029
885578644
85572851
974554595
765767479
324739609
408609864
799419901
727463281
109939583
355823141
568409688
958029805
892014406
4786909
450232817
573445188
443863245
341260710
632692605
834851433
778156028
486657405
145098233
150788488
516390371
894814511
52903376
606482451357850185 429320124 132127988 818841851 1000000009
1000
263440027
781087695
300629919
906529559
644424032
318539025
952350439
865775991
336401177
861390581
833849514
826745769
966247414
831862048
373432701
696896118
535670226
976588571
880273889
447066215
583842031
69532695
420436340
780315545
124705095
402346984
677305067
659463061
417197533
562049581
945615600
733597955
241519899
540463373
139011261
487130275
539466935
70911446
912146060
712860508
851694945
833016174
480928552
926784304
98583009
684705743
373529669
870508268
393207269
391593691
464355700
233190517
685562000
522048623
147632890
329173072
434035756
142470107
616032914
93684621
234265188
631629691
64960816
923481231
446073796
265354479
474860645
108281250
785064778
671203458
743342532
831186821
996159364
904720062
620672516
865070053
77943251
122261073
404088924
878817040
225505895
892915446
844101346
737088955
978044884
472112521
612146566
334899508
444891376
915159608
274334877
578871273
613153017
217797958
168646150
164039249
26271316
873273410
623983995
505025991
876178106
451913955
857643085
417586209
608562264
819189283
34654727
896325957
617270475
658964474
774973648
237604940
30651164
363032024
594825373
933650271
137137409
318721810
239251271
331767568
741547002
122668836
692773853
992704990
991258906
371872189
788260881
359914276
438040922
955453401
455467078
932143286
165357940
487460401
691667736
123450631
801969897
796884045
823397493
827968637
184549824
599493586
623705073
692470142
593903534
77716121
602911383
927299467
741937202
973124807
814178370
753399642
286123309
19423831
438013048
547175279
760540703
350676335
75079370
638215583
873863724
823078170
194458129
124142029
435810149
617840339
743048365
206739820
586541633
951501551
14058412
870705930
549789525
846958283
880382170
502355067
104977412
574135965
43874779
107117363
617155161
766270853
611996929
985552520
298137480
388168173
446661300
211266035
405470370
168845299
518958115
163400723
517397583
998367806
467125853
199257807
956584225
523173342
186709150
837284673
614567830
718213377
562845273
564324339
194906378
717950422
891410511
65623136
362921747
868333337
694284798
284331913
880851352
798819081
2862671
710129565
949326159
894789643
679138681
841918033
818254736
664285403
968173746
931706738
667612424
294979293
649191924
259665985
962833132
811309240
798752474
201947484
155270192
709653846
461434895
50311077
576043322
112783351
23252748
824129898
406225142
861848575
460733922
906456661
278667860
271757689
228473659
361609238
492872394
748285490
688610544
637687028
212711519
80523738
44670066
96651628
565107695
46284090
157289548
682705843
288072558
982389098
49911124
187755358
534734375
90676148
417175889
825849737
633030973
967879170
148331313
443037890
397240883
166780410
890510633
997939059
881198337
71579823
388533967
613417227
579028502
525430953
504746636
344518677
599608979
793939007
831198214
268200495
381081058
291276623
984214413
926851492
766084234
34244678
390576392
647554861
766555951
906477106
575876367
395767259
585366417
236547625
5759944
537948581
134263927
391849949
500566265
281201682
997415073
364129396
92959092
734165448
617979417
642474964
712145358
707700691
454757395
352410880
932253106
222799186
152428450
178437684
919722649
172310867
784963860
821131592
598008498
238332333
483295324
255854287
349394664
841430546
817463666
47965228
184540139
408898853
534025252
702237280
656149044
189646490
737042944
149529115
343774077
575621291
953506048
319823290
156431656
448958184
822160368
340244176
552995098
914433041
5163099
231747318
602506829
939476506
321277808
427421455
981443783
780934895
817837737
861674431
94202988
89110428
110255076
778249718
548717380
82880290
465604933
545237953
984027901
67619325
778338452
999413807
927014821
621851720
903917419
420550298
264782133
518511181
420930968
584259399
420668016
692377385
867904501
912696210
202443838
459298534
756731238
874993927
791696698
238287538
778155780
451958198
500693292
728117547
250854799
441016933
480698511
779773520
937890051
598653976
926644182
724071147
983469602
881599678
538838808
534230863
723160821
956888997
790822965
556684603
187045108
679448367
286822803
867722687
450174444
664404418
599194651
694446636
217595813
844635089
111912351
189237934
430520059
137076036
642492555
808846736
695369872
941395694
888767709
489146703
944717197
464528161
444252559
632796931
859101090
995614085
429126961
464031634
106773182
351267417
978384165
127134758
725995197
607923973
690377856
169918104
525531673
307547089
523442454
384792531
600355816
416350997
927506515
834124312
50424446
479947645
157105805
951943595
73567997
270534982
758085408
562251539
550616146
417992468
352383263
347140774
438434794
411570990
428049304
826724576
378356885
258187553
297829344
483531975
91132410
57230808
496895318
387834487
976920240
186648042
61376855
639274432
449114644
595789318
882453330
714096370
781183655
486795925
288588618
953819155
108077648
912782271
540895501
526370053
257201302
776952135
647680170
685362653
335024637
562990465
602494118
705844362
461435724
166800412
399737550
353049760
106596284
759415221
160576023
510416466
329915425
279722712
270750963
28351291
857343664
848472850
494159317
721803265
301196262
122385218
452087254
404812426
859141316
699535705
792944452
955233612
514442911
912793475
683107219
509701051
703159183
498301920
708803818
760939267
720435360
476945583
897513655
482019277
776189604
751879670
748212907
831958164
721189615
763300592
961759852
562618348
850488477
478044911
834564230
718370468
604409711
437028658
927412829
633230585
142198368
296825347
455621880
842496982
11275840
870337013
714735467
95944907
990067187
539073790
108117574
385317947
475434360
620425691
269850323
342899398
819531417
812251361
643240532
59301226
156158359
961382591
421820058
505384236
907537500
948846184
910463987
465120776
914031258
239253854
174399768
792002087
353004561
560507347
944869476
553042589
78347880
668054361
447986686
907162765
721387482
903306756
393087463
455740853
512093734
850971943
376816457
454009093
913385613
967629349
781614501
443712473
777668797
366164993
464861497
615952485
27096468
381699509
954920058
908325352
920353326
677076799
586467733
420767896
739170351
75293514
703708298
678808332
608590406
659175406
374733878
225279266
294292114
538650271
179265717
371955014
689144933
301827791
474139759
901952617
918150618
128717352
467924292
369206664
677821407
171894412
497890760
530258190
704902027
482927005
29078958
348784490
67719140
434037809
342895054
990428631
340584020
570215673
848471221
77593454
583673192
153375107
44631342
666345866
252980581
791420189
831405174
741919882
56424156
34386948
860827844
682024334
96788954
408884171
973450833
611499344
691289300
681303401
455603825
496199402
371689352
57707904
437618575
325881543
840763737
568055273
701828071
141280621
804467994
686184348
803842619
371330408
46109307
728475635
705647395
933985918
531517877
303287128
687530213
125552629
195827009
873953402
728600417
109940956
123087154
682841117
578881040
982033405
508538490
897642027
422472535
870244203
197354204
170641315
594822815
856901613
620894229
262029181
261763899
52363729
133075367
566021487
360736894
330148991
526048783
66505991
913520677
908005217
503003182
554882182
100600297
320982595
862263261
950711817
792355075
552706392
124623993
339994555
3181877
451869610
434486782
650847645
46398901
483612549
441268985
202702514
148198046
566364984
651949959
852662620
893601383
858501185
198207693
146299173
194670520
766766106
599901824
314674486
375614557
712679940
956018554
237477966
354874170
481742821
163951936
390703995
347304661
828853492
116514044
730553998
649455113
508051689
884598433
683584735
391460163
537875563
974848336
394995272
563328961
352411325
32204338
695559420
495533190
331722275
114254898
372065970
74996768
520532232
678513587
76486988
400529279
199252043
238051943
997934316
690763017
245410833
287944542
484930041
543503671
573706456
481917606
546591721
284864783
406865961
540048639
927421159
252874281
899149429
577832597
755360944
529001622
50039866
126109932
490831898
449166248
820568765
42133103
667813006
735438972
298437398
170064507
617630533
679229921
742964711
780071460
207023377
112872770
174158120
76192583
42136936
616670070
134544203
669018956
50429691
813470030
130831387
423543722
305467826
29995401
990785862
425636971
144198643
910469979
437947601
29588687
977563190
477191821
771880090
968595513
175863216
703553005
689199988
293397691
529432749
266148958
791455603
416447581
86579936
665103634
678717354
453394802
95118989
94108236
857165193
154760256
79976043
626334058
997435542
395073723
611441548
406377146
181967586
392268894
924745624
717862795
185968297
56262859
430103361
43558662
237011888
136898428
912782045
325532907
666736342
395042880
39882720
601203953
150548721
189225770
777937640
49052225
939946688
648309398
658511781
463046340
265331668
563317096
728108693
126936695
354775431
821780825
413806219
236335296
117147514
500497974
154666618
210334741
407134731
325626535
660147735
403007555
52100403
984598409
685047400
900427087
280045564
483446969
348018621
46524268
332422141
313390234
372085530
93932458
128380387
375970458
683069806
389384106
72678299
564317898
43731264
405649678
243576254
633263471
969590048
855552145
69609059
250405178
184785431
909339195
682262960
182799972
958623089
308619450
101742158
228305047
887752429
644624963
589364995
199871374
110734452
518391555
531205798
595728738
762588804
117779699
62339260
634569722
213702069
154799129
3557489
456389633
610213720
902974583
343676405
485780571
673254907
207237268
466473550
530609334
695416953
401890133
839500330
740324734
999841007
846837209
330926280
97444871
511474620
812866037
219288042
888635497
922616054
107395514
112211450
204682947
164133212
878809217
402926819
619827807
947856827
858392682
193498793
784666394
319085558
969390098
184850457
618439504
839523659
87819951
772217227
691855567
392551803
551854603
757682483
910316637228639313 478237270 910083441 58450588 1000000009
1000
289957899
561253452
508781797
725821072
407556099
370678608
209310777
739652947
933426922
187580258
556625764
641593849
268757671
488939483
924606580
561595623
725409900
568849345
595981680
240496366
909919045
88822075
955221468
13688119
922763018
301419060
769558449
924642816
163978436
930074318
289169595
823800189
646445529
988226609
228545478
625643976
536375991
986964850
735863916
244672173
859017020
995675028
893387171
809911648
92720974
143912628
65411054
186335201
293318423
718010323
285159627
38731191
14081629
520607477
557819936
737983968
579910122
464076681
44264700
30931050
150528127
150409321
832255594
18729676
638302116
674337798
932512297
981002366
734475187
19682465
919936403
151366362
2597988
983133680
592470291
480728971
809556338
767098769
437609208
105620114
257139491
22589079
416389268
440452768
360248081
461970128
858643883
375450421
382870198
860939961
269634346
279467023
242669496
707271968
744776767
296773284
707343457
304984973
349039018
822471987
687403353
811202185
622246096
809449524
660312507
421379684
739873825
698716770
64849945
112347416
303282395
621591252
472810095
163163933
939030254
432158309
165048118
467812868
990346957
983457055
957138124
744095519
355231520
552298971
646886340
621128168
897692532
706963011
287490489
94203373
75149557
463636200
135456692
316756982
214961583
620975331
471260434
120479651
863672705
237428508
612957209
869499752
799337145
489598842
10806312
434730441
307452367
679921694
935944067
149313511
279252901
487239411
367227251
275841108
12089872
202981622
384298539
31117517
629299806
686234470
103699516
684879751
554591051
576125926
430210804
516827402
298731933
84447868
85343356
560388245
998799814
233805830
542604844
619444838
13954182
123762523
790949981
229721309
818994766
613263189
365882912
885243764
167867777
278828287
681428336
731164628
659296409
629156779
418568134
808516216
435666310
19366648
604599158
726857597
583402929
58482871
317830052
85612568
660386375
893910798
241526742
573291054
978493532
532431787
208470568
980785197
56935361
183070084
227928985
983711852
861808856
103050652
173159637
154000609
10068559
352120848
223584586
328571071
931817047
574549398
724562749
918077061
786458329
16752800
691098342
16730492
140500720
194048203
693691798
859828424
809489691
795972613
512964773
982912342
909259117
674385827
236988551
330927848
791617383
172308868
754718168
199981306
734955905
427959454
624480220
877169964
850830530
839658834
649619747
24625544
915055629
158284157
157137732
721652286
709655210
394397627
631985901
46684036
482809620
834124540
615821000
806821678
706401613
617654996
77853103
951424796
608565371
210574945
603308121
517277455
313732366
513220619
643086918
404733757
625669609
368645476
942486808
518697500
622697852
20328724
737553725
297215627
227019490
12478801
897387620
895887831
508173523
330779000
735968131
626441758
101912869
597659947
764620162
547625126
312730561
228086260
174647490
477962713
763521348
56538599
845620211
397525690
753637845
601168002
51808377
947340952
491657449
222098019
116856071
650410613
34165179
437732018
816249875
790790098
846384871
120238793
133827391
653275890
168011136
550111492
210661236
314799134
335756794
644249725
903578136
981858198
72203343
481112898
779115490
945962267
774001120
150226373
297018787
317171171
202141812
765140933
853965745
818791528
329225355
512113635
34297120
615775946
462776286
92081778
650398273
284273991
463655077
446737932
269407415
131302950
423069109
149641538
410443265
103787712
727545843
744259883
842414990
738553609
681198341
590472153
470120347
699125004
310397750
43865054
183305694
821906573
806859780
602130337
903580539
832552744
811207396
828570205
346254144
942388011
382917777
665219093
291542640
353304636
714132171
93047898
743131354
646116178
2795042
532349449
316872797
730998487
984250791
117724980
977673021
527177343
70738537
230041661
981274827
619921679
505576204
125916578
222845114
257057116
175119678
405880172
147610995
109535322
670264294
726538278
151611774
652777530
152538963
809097614
347910130
2883885
609041044
871303522
616562151
643139690
150259947
336140288
270435012
444106498
984350030
461621986
704610824
523874515
631438381
473058614
867669421
376854694
131275695
695392675
798721161
764778137
659753843
213971192
464821010
459063206
326684875
703381626
585786074
327950431
485975456
249672249
412356993
661312931
887114995
16220932
44278956
266980233
528569284
207380904
202766293
440503573
672165243
623151107
160679199
666883400
985839395
485040766
986021764
265744164
142653624
662321284
452958051
406410581
529086172
320521284
504382709
494385303
459512205
812187522
326282425
951885539
124032709
171286081
996097536
755643986
909526894
598823196
830539971
951995105
676765801
99692352
924099214
538212143
511968639
773212245
448071019
476656621
607392067
679869786
317400255
78979346
236994977
152538282
894291553
405399991
280310460
914717697
519078754
987673417
204585647
579418375
285614152
463240402
536997418
633886188
302766226
137827359
330432381
954660593
23291669
988878915
923414061
368485998
414708717
959481285
621541593
569306800
52736044
984266918
125628365
22342
397620668
323657934
135320584
987946128
795581176
454392418
119638529
386672097
981684655
58671071
207991634
467761544
495316541
387215593
243078832
469874232
541379170
989653427
130511709
669981618
237781590
281541869
843441555
372865304
657573784
744492013
966388000
292068552
875618823
643314675
4686435
724115409
935389226
916078927
275942107
352340417
475188711
324231832
544830640
397674927
48447583
650342406
686219157
969387812
713626933
548313849
445313060
19118662
530249803
224193492
47722069
654336250
318316864
839096713
49896605
140912546
991899506
152342426
717996539
20671290
994042972
948558707
248500513
53627715
873759877
992706243
378041706
313748913
278196747
751042338
880713145
69855927
796613055
291184512
231244024
891015286
638896785
57490374
570917263
620870386
865066966
689072670
775156625
866596613
704125861
433991313
397118336
547414821
545311035
762240963
580507812
812150860
149915618
455097114
564576765
502791281
429343497
329616213
822953692
937251371
609986060
756443639
118719525
42028519
775174014
558924239
324775522
43497744
348346942
886985596
43859634
939108567
392339048
618769913
713625070
835505865
397532782
773513756
717073592
371798488
320296580
398388495
169994406
186722158
892666240
989398741
213200674
592641588
752510787
399258068
71732042
808668107
355269030
64103800
937565976
522938014
896251568
662200648
698759084
365803002
944200843
758125213
695075235
453241141
984790319
619551493
4610443
983691181
198727646
313888405
729485089
612284167
657388210
543472641
828572563
606768340
197975347
560160223
667614243
13222847
524115216
347597270
991438607
676949377
714864547
241905908
206972361
967291836
357204403
326547135
195398167
14750192
448026079
340249762
234452136
44045435
904682906
381989589
369787724
228192331
770614181
867428915
3061659
346113299
634151481
80594663
503135813
911934065
96044576
546183263
545005127
719423661
905611759
469435895
954076920
794670655
646070718
226729540
953083265
677502507
783286452
277875019
817013983
56162200
322596169
244037589
304027306
883186465
56756697
346130244
281278634
33052956
999303767
179760962
652346290
655149690
83861646
478358941
986610685
89020393
226845464
485777847
240638870
693325095
702852649
110197265
928273347
817639255
853765536
809271013
749024617
426193995
60432688
930224883
760725778
523146512
378999690
143086348
553622114
316194257
622377736
898234837
93782036
19077689
34444159
823481978
916693137
10964328
421593183
276804471
910074353
665868857
199870460
612227148
863932813
872772794
627595168
445712504
10608906
790063243
127244791
740015181
445990761
891050481
525048413
835493400
748980888
599995497
467776952
319117925
769125091
424190873
920873946
471940591
109874079
155891918
105528094
183841901
451662696
341439809
875949372
680375171
747590303
850661968
533395385
689119975
437200916
319610646
412414302
674922943
841729997
730382525
413906836
450564706
380280555
642657432
51525216
289685964
174047309
864201873
376118880
744931985
547797338
304992140
786145726
991370180
7619844
118488360
138475
557692871
524791218
298825013
323137159
84227823
167587713
703604000
987699488
717890673
754777818
315970785
58196858
843424242
845564437
655733119
61503097
428886494
821287204
514581815
992447529
713415089
666824109
428406115
440431742
406935614
533044436
437946423
867104931
273486560
905859345
327576847
549848182
521398185
185401349
258826035
375996802
642500967
109913613
580347165
177846869
535873514
110575624
188237291
936316332
740110870
739513065
436566106
936630625
551376321
75019592
237692454
484490202
988709549
783543778
997080659
829152775
648021817
879661205
221754589
887935601
244987541
530904940
672551365
539763397
910888009
675894293
110564201
548731304
532514983
803494014
274418618
12626392
661459790
627480084
481603192
834429430
197756402
989030107
807999905
475752597
464302063
330651708
278934146
647373693
645801240
131015380
231125799
191261922
393741217
18933767
532723087
22838419
642509052
176223413
123923163
27085469
886574761
389247211
661550605
750310761
198906672
57942521
193952783
327089743
131221064
748641385
509039185
53719788
132833194
203836233
649281233
610104424
875559143
880367761
333060495
375835883
742827243
108439494
446445128
880230716
54398652
38958745
613997965
850539211
969513257
872857095
643515982
451350072
656774744
278473318
539332047
151688178
738683789
4018796
387160028
362043362
869317121
661441154
508778114
176658651
281300690
600571007
142506413
175189062
660522255
876196422
454916022
166141472
369597853
144897681
978467997
449048637
982304629
659696053
766290980
285702486
841661038
580172076
665261005
304694274
812086412
906010900
250616445
265980678
662538138
628221715
901725994
597905436
481592985
310795741
716769501
