4
657488094141983893 889673571 169781782 709911038 1000000007
1000
223666211
261279882
412173320
89219895
482111721
845187785
842704784
75277501
878954299
445005210
989581334
335153987
858633102
82117813
89735899
746436184
717668708
130181930
278619912
415525055
180155339
556585882
875618444
723376103
770899719
786272293
190386513
503464733
186327077
173278834
35382673
266444335
627807188
518051960
945758404
846442816
453982268
979033976
907336155
893743214
558155210
835125145
740257603
594917285
94740268
393105715
988814697
181578351
561204436
16671037
196952730
235427351
460927048
151325773
186680794
806523806
276142105
549576707
201246018
801007777
488857980
55867482
829601610
444854409
498351798
500539960
824393334
397010240
444550311
514314361
177710130
574246414
20460524
521551135
3967078
492102795
539787871
207188139
642677896
459080417
658966625
777222192
91337777
253596218
481529528
519618960
652499705
65023749
972626092
527199655
569501422
234865373
720884319
413171685
725338260
929741863
838316701
863856322
691100020
532853963
242488895
851230928
45155422
33403520
137354880
59690104
858831376
613388639
96425926
322436002
279325710
867996433
452071837
783952684
70560174
982510638
219122213
680431281
785658319
403465690
660234316
463108199
392721093
416931750
324470818
52695164
271230128
684763424
792214862
610854484
766357376
231114659
178960850
443649833
832293934
49795425
118237145
614792658
367010418
948254787
101159338
530583180
828306222
758499144
673754003
607105792
781114937
161742991
983063004
48059562
56975284
318602832
150305827
958104692
366096814
586122780
958020553
701665761
195291002
156222761
673427652
77159053
403840025
62446252
461797558
424503429
954658646
506693890
730177641
929548077
316442225
376797951
223807042
142591608
582667091
765853213
45825944
850575079
274984981
383577666
611971299
766227792
623593924
817618802
656377651
663383343
993122103
669431336
541064668
558640432
760720004
401198742
40573484
856904316
89600369
70696102
492737862
515663185
402957973
506858084
547999339
195919522
84473260
465474963
842817360
424367387
376487349
815455000
59745899
511740184
127852961
577432785
859182052
471407745
301649718
203775514
72514208
831197003
595817878
704809741
729737474
21985139
974824296
484582436
941722993
988433025
229256006
443869695
610172820
926250232
366828537
135887427
74221398
570265312
810855923
427562778
820884515
917072303
629879397
267370134
281105068
659552046
426826451
419816604
792770096
643979107
54334133
554962769
799908788
360886063
433760601
733857901
216663861
52124688
676793920
51233885
53822502
487085347
110517812
467705799
807368674
577493640
958054470
168890224
925960305
407718010
517423141
87930525
912357339
321854461
93993728
121187872
671563015
423016439
393535738
498803356
26843632
481225964
52087825
825785346
803904432
462733705
877091819
217103501
539414262
133820839
529821371
740955220
897157637
223341681
695526571
343885504
970767149
426251535
94161859
820137792
360545630
346001827
402993055
974300715
386035658
368871008
444977682
499236116
898466970
241700555
598353545
157569543
117376949
414294595
945055144
945003003
716906128
141207612
392585697
587857184
123124507
825701303
45583443
349106055
797773099
78149079
867927473
429062170
51254981
900495212
879031630
362615396
856346995
126926807
63942531
205778211
670202529
976931313
382916677
512012320
920161637
125512410
431492333
745240430
536026380
783648835
892731452
141022528
81840307
464078936
320936881
381780439
363415408
411591466
65053692
854278059
217906044
106504132
379572343
700928580
679732500
55619186
237399041
922920357
236701465
123803271
252295432
541503592
731293056
700603968
457416275
352420509
11324076
610631431
706002282
144357499
174923665
920101026
413072881
401263131
495821112
295322758
320857904
122664751
219612072
746081837
844188666
884732584
82144927
692302682
940771789
68267600
750096581
97948642
77972947
263139804
171809432
655869410
652028800
674148489
443025495
924669279
727952086
938458770
181368565
980755287
314568408
50814280
661279170
28496183
989320767
86579963
885824013
53281143
595092351
10647197
839464706
577293184
605783335
768404826
94828493
435315631
697056891
856620338
551865200
759481994
492858934
456565450
170110533
614431595
92860739
393604897
58708905
171395720
909100934
628686666
11369398
75783953
337894255
218932359
277369268
53854855
536475349
794812413
846078874
836825731
658155235
210620915
704323532
50058687
315935942
15003443
144005623
635824693
222779377
501797688
936334380
799314212
253319967
812511390
765348021
332362014
818835935
468642776
631306945
407104692
248114499
77825296
365515167
419898112
562417858
993569491
39531137
216457276
329963835
132951393
368470741
35092092
237736075
2959511
407024695
160009388
76096487
727607649
33969031
507218123
209019388
468581778
469911379
276757690
935451782
468854585
930425768
13467826
471790658
251894014
239847814
78004815
714196680
743759645
275784687
796447941
972789852
146063348
835110808
51039230
706459648
979563453
560558125
839554015
335133744
547275503
932532011
78288550
207198199
836672187
383624216
67031075
208398308
675627165
724823626
553910006
658842322
335508898
757822343
354320342
511311786
755673909
163813495
245702993
717223713
112484789
493986533
439218860
642629817
894188335
732255177
795393388
590047282
943104048
875509874
988035478
131826325
825283723
351649718
213302150
972594581
575548923
859374120
78659670
141662090
785802835
993989092
943306971
910968038
893588823
665100297
679521308
289974816
155784889
120529761
276180159
492687341
384173441
69222878
916312402
183445804
235707124
824616776
886038678
689925539
577148953
532655746
293834167
947203042
410959309
294399462
822905826
749284586
670329279
144337215
602619192
134901511
323517357
335837271
240335934
490997639
425177398
982594888
818214194
898706771
774218326
799349529
547600213
468647161
692739242
514556965
348684027
285533019
810009647
284845034
742955749
775058572
659674817
644643060
328642659
951334492
701777633
540853361
380996724
430678575
455138522
256223775
830149850
130030549
573662900
867690228
492612715
674953019
119516919
583506012
25035950
44644902
432334811
169600395
49559097
82072600
973340878
624660321
460621415
298702155
653839876
122030892
250509638
630181346
533092180
297310567
546505197
201355852
423687926
854113001
451586438
648294542
419821385
920467688
23900032
95878291
992789726
790998610
191850826
436205004
733760569
447089943
774533161
904657035
518348377
909826114
586015623
702288825
587920463
713009127
507449296
64963673
867992308
148836328
196247780
272280846
58994401
23325624
489590273
118642459
313739262
663134675
330771866
168146299
248413884
181900840
503162642
500786200
687983387
759563169
654451271
974258358
294533733
435853056
582072996
691171144
442502594
633271844
452362990
586805108
330239166
461320668
531478670
62013103
415375375
404873287
35088078
565038513
78799568
112816616
995433481
907182508
430704633
409640073
886553910
481565710
905078301
873083758
937914941
477322826
358540960
734118819
430809019
120543336
480515100
148555591
130782056
544587443
572901956
554406493
587341105
311768280
713012520
605566624
323769613
393354250
891380984
889991710
442757087
583333498
85051924
430830491
829724507
322765445
261266263
587838605
360945591
62796293
945357976
234386807
901109954
670367066
862024877
512917778
233586558
928106381
407695463
698639750
777150580
539773489
617677563
336436752
975064011
948161912
322109598
716642388
327220289
578329184
370444239
726034300
692130097
286913708
907651280
275637986
298425883
513611302
317382835
896575153
764693843
807265693
635222247
839293306
764298865
669719873
384924710
232943156
958308496
794576812
709107429
666284401
981256641
516643228
420747774
150061683
643174610
875146226
464708613
298009273
40163401
323375525
560260242
138339500
106721332
551113701
434582891
240970806
45822824
13246125
953072669
956989129
175075300
600158335
851489596
499399969
638226667
890464188
994699936
694912695
498199694
215273677
565903598
10872609
946683247
462249806
560242237
84455628
4300706
993389654
27179758
29998425
643215275
854698768
699795824
756184839
351278889
806079893
839293417
920023466
975280619
843451935
642664645
122250294
304426444
678789680
145398235
522337795
576265618
684320415
563448502
778199709
201098842
361579514
35881941
874836287
793508897
67576454
965785432
344805502
548150781
260625372
264817129
33005848
194373113
297441882
967361499
626906851
885219402
293326995
828536700
761594838
12729242
743551469
21688725
54462750
23255202
112157190
160002143
428638323
518455694
846130880
291592071
822288427
178140088
52117157
420781889
576741817
288372051
837751147
17363801
108023940
817433884
371393821
703731519
145520904
913101339
392468294
186850395
902721912
828077737
974349652
103617379
598369661
926720038
627998479
413387831
920540311
317959935
570536810
392127910
730108287
486041796
38485177
49799845
708754138
241758345
986859197
832103581
248803683
498391011
338081071
395858193
126986489
579476450
193657611
445484686
590296048
244006277
250010216
804010764
828837207
221853994
848187362
513884206
963629345
960953356
463934322
31613263
707406924
481656907
446831270
379787716
896689577
158927882
209650146
181578280
626933896
446179801
538822127
20288422
329253130
552846901
952374165
575613433
867104694
251401351
54838124
837971798
171049181
844930295
109826763
156112151
499511648
130943545
781575224
146966699
471829658
324997338
278874862
551748827
383771770
98218994
952816616
460530839
246170939
769912426
914827427
854498889
876848324
405982213
754505787
821461716
734764410
946256886
603807414
805938624
765629572
142303436
194484441
990837880
88192086
575961564
233337856
673957914
137853344
133982070
109987358
795615177
460131679
392804057
124474420
465114449
694583063
417090174
257522976
655502915
301788272
156278615
567474844
452787515
838632956
313406798
773197102
937449161
611438622122942170 486324005 970990657 163122753 1000000007
1000
725672295
151667877
66882892
165213708
779867223
283486780
106742700
368342001
506281155
1526656
515751707
497823760
855622807
790463973
77228908
81591441
218039161
178616166
265710445
680719952
160159572
363282008
922885687
369209996
873082826
487565192
318117978
120468027
108552057
5045382
680600709
480556267
83713230
200625274
977451694
732723807
928125173
211897851
97078160
555050474
846497209
282454508
141905658
32814941
502820211
192460847
380199558
110400890
431084389
293005896
612037383
174055575
374984293
365372797
253981756
62270519
70500930
206239120
694624681
798524681
829072526
783098640
951059918
688695593
18787954
227564240
676235648
976449026
793219100
798132321
898437660
423753680
893771870
29661330
822701901
591713837
595992583
570308797
613652239
571640393
745795358
718246526
103318486
895965672
860624737
881610312
893799997
874048609
715618679
934796707
79215987
798640146
887850858
984534153
332703154
516127166
368845203
478994503
905752641
46512443
126144393
451807374
412030129
414729887
835805393
931271094
475518301
695417165
870492066
169531760
916437759
583571629
994050249
622573210
134838571
93564000
998127532
62775541
580651686
65398888
330980483
638967078
269900666
489350442
58586095
579759094
791421522
128698659
95908179
198393526
864106615
316130006
751099345
104192990
530067696
205699115
505048834
319740107
585409244
642452194
110725566
272092529
349415341
970856475
70704998
53124928
600195754
495886564
834663403
777144849
123594951
508012306
349333304
868852055
719523477
289253547
926721441
829622601
612526750
914793208
416220890
484476822
486393657
85962087
193616618
349106026
816329387
531752952
292036590
120922303
581921234
368613683
953664163
323281672
599394442
314375673
158810729
96542538
446830663
134051406
500737218
692035820
629567747
422316518
532152834
813443404
941229355
159002044
43542049
113065871
631559977
146567903
623327097
609243967
24085685
661362233
579561023
769091694
535130102
397861757
300827784
412393274
772275065
456186709
349029363
124228067
916477608
128378353
490306099
931723166
328744866
512474021
305780199
35592795
981505324
236828071
970510019
847242078
318977690
788859212
633805752
614668031
834763500
250299175
247035739
446355501
862039978
4889205
268858368
237730147
128806354
347632440
715209463
101815457
380815138
794924920
519090532
344057906
836398835
664928251
372925696
147725600
195881256
62152321
945350791
468844103
492414412
358443713
12713101
797254239
583868976
906360441
772321339
646800400
808706832
682549306
485903441
852204139
903731717
473627892
839264027
269824250
58572903
110762054
198174555
666009189
45958602
540565960
520993590
666229141
912065238
582791534
749173540
415339881
358391815
916647040
588092777
592171051
789859034
641488227
390371965
636623414
81555161
163828892
325072516
719977802
55892285
191521884
191705627
217631884
275416841
384414079
20886372
982038523
814409680
756515480
907996912
815965844
142840405
837109154
434569742
652081694
314954313
480337117
706290490
240364505
250124741
190181821
738517804
582723502
375057169
294390891
512545226
308041672
201929617
707272290
485571031
398690541
938410739
413343671
163834650
170499367
250653832
242457045
788518333
863604094
466869458
481338796
570024099
1812486
940449978
224408298
677839809
740492965
476538027
334273579
981483506
796207478
726446665
925806029
297419041
101352507
210751447
390845
91785853
432264486
96212757
293535000
660882706
46960136
803544026
999296129
389230794
66581593
21301499
900280742
524540225
12423486
856477247
470924265
793841679
658728623
799896618
155441355
633494530
634103284
149685741
622793033
382617334
203000966
325834101
647422040
26092169
14708466
666271312
313083875
476797193
829152728
271548522
900833823
834164042
4680185
303990305
82746213
288376277
140032361
217900819
110488968
640031318
939999862
825584665
122746706
289155869
280464449
716834512
502199749
953391123
535561949
431895831
144100216
282923688
653130311
434225775
863551763
199593477
532207422
764060048
748430086
776457800
840553512
168687654
801824758
185350368
630875352
657325310
558572284
411550916
954846405
584929166
213317924
3801369
578029227
872585818
477221402
389694086
919418619
143749195
553753758
88049892
103841176
802760773
211210937
192316979
253643844
445383770
896011458
705134052
765302759
604018235
189726714
430368563
914212011
634412510
35697861
614591414
843632189
575137801
640382293
865410845
831564574
824181701
616912853
325117677
135350796
659794175
331581602
922526727
488228467
67322195
349913679
663087389
60802138
438708625
360792937
14479558
140454983
636830257
85273616
941318197
207095959
596955059
214047790
508343105
977006914
869854949
449955708
396858568
564822222
123033578
435322262
301960794
317836511
517468023
639129560
472692688
355939423
812229199
571439095
613557540
742542396
967578328
680653285
782271905
147464775
79136464
588701876
605273440
844040611
73669313
244916387
449568780
565217559
718800831
570432978
430592058
865199169
807902431
561279075
32347267
778680819
8129277
458126826
747908108
903802042
857369804
17567925
990193374
401304294
41708444
961802261
288234661
253198922
674987092
382420382
19830031
217731950
821582748
351382378
591364931
241502836
726930150
176275908
221722721
631449061
888145550
426371407
695933712
795464402
864716095
69730956
562786661
809750506
219980817
311638587
797108801
531769331
510717808
141167022
932091984
322717171
3756947
431873452
599806794
678545324
279521062
670479573
567437349
65788214
200559994
979744921
886730338
519088472
368446782
327252543
838195709
695683845
483956637
994614732
838161354
98513659
74786936
357294548
990237686
922421509
223750820
185400727
996428773
542796004
155421400
530091053
273585603
713200873
891722611
999798950
476593008
551245231
708096596
502879112
171643342
651592893
201565567
388734395
555817406
482340000
370175820
471154952
809306141
97542925
399064029
688438647
242850743
185959803
413465171
719974847
496975666
695964879
282722261
473271257
295987483
857478077
877850704
102467793
255576143
671299391
425797951
342774973
151387134
581760659
219368876
298571052
749321225
936374243
896520804
630477509
394602421
382069343
853905217
793909382
541830526
400045604
608837820
902581235
203341
933986657
249774853
116452935
837336742
689338421
892468157
130285451
155547932
969928444
793077557
720796769
110193736
857359702
61087983
57136890
886064987
751444055
789120397
971283015
699534263
338671026
953803593
101584175
650323500
893039411
773002209
994409805
44528615
557217889
293768949
983493693
744981518
912826515
331373837
941612382
166484934
558760721
23890517
237761735
426122598
568624042
965061304
66864379
240362907
969415829
219900960
409355498
501616523
111177235
41558448
938291216
123002305
127219859
962103932
171523082
324241426
606813521
39343386
752042935
534653893
395595872
642087990
242187249
820876456
559657755
531717075
583167889
55401614
528250543
311134616
588224333
316610678
925762019
620973788
452620435
902360228
778267704
572057561
115647428
167512608
270455987
825613150
912051439
395130844
324016863
280976464
214084250
638571409
582529867
714642540
419983139
632806492
126045129
637327861
9922319
711780003
265539434
877993225
101858973
636356393
548042176
268491125
493456445
728057245
726732655
530078626
777255319
916502154
817115088
880781857
111784239
704663653
506975354
102129633
494653640
213625920
284434883
784801354
420016460
385663835
888665399
441748626
716889644
234988050
364225359
117262726
716619218
797728315
42131712
637286520
386194987
872243628
128591038
10990297
296714740
774151867
154487719
995278523
618136526
698266442
462627225
812747707
174756698
966942528
240633947
275619604
750977799
754512588
507917859
135946573
890864963
902378993
532818825
639653134
775206604
747841717
609189242
904588278
642558610
37554447
809012717
142747890
123370746
540522158
249360638
310472930
539438098
564784667
270576583
988734323
920094535
698845788
637429501
484157994
895415099
585315311
817647046
82079126
966931846
123700091
72187619
969941529
341663772
550873796
61992608
687178503
459745757
659123435
2858877
899954128
430553259
272543915
316607796
330342412
573431212
322253977
348043239
134803781
756348034
741169858
745862974
846338716
648374423
908238184
23743555
714526874
608073041
67070799
196476319
873139683
69580502
911825601
708299674
506132466
124150796
805933877
681629928
49816880
964289719
37699988
148128292
891653177
910950804
258876669
956275010
258664465
712922735
81077046
549734622
282245036
24734720
645172951
850279486
210149915
29742448
375337905
332303275
394372394
684226977
558194616
428199551
644250336
865016662
977842341
153303818
81967845
856715397
870725279
889341959
434315535
429166526
694154310
166321639
2496228
525112941
558701525
780512035
77632628
28533196
733261538
776494605
850681171
735031678
572175826
66787679
948325546
852832991
883277531
802178487
964828155
339435460
192715760
807322898
74074412
746495513
131313135
673479270
359739047
834737262
745970726
523464892
232581928
292813194
833568042
576665226
301590119
976065589
127952434
38063744
682805931
543833793
247847572
704678396
17860219
62259067
341680604
269208732
401650702
293968776
538829707
370508177
642133201
344039384
540524468
435651683
645894841
949751969
189793983
761188679
719268543
21638358
404593471
959585203
847335492
66618005
330623949
541444872
860522262
282458358
523689190
501209893
305641022
883321226
940916489
358722370
634240968
628861884
74495388
925235388
22103687
677391208
761029854
841663622
246653731
149711440
275187580
523018274
840873205
963070205
18513519
793544968
650211307
265501334
684447696
293801041
258710063
95951790
672878037
739568700
57999874
59270314
226046518
682587051
882655019
596661917
565441804
58504857
351996846
662085493
433151765
321640898
527432704
165320478
944800213
578965744
76416017
649426386
425410781213127049 265895605 520017717 412024540 1000000007
1000
818933122
478947413
767819755
76455029
479582969
145857562
711905537
538551675
117181874
770738952
386291226
40182119
734464681
320566040
665214322
97775406
484448930
863842816
601357014
889868650
640310970
945268223
16117303
350193359
311815605
813451727
547118538
263581173
449259317
68985069
10657511
151463221
996309936
14550408
858832039
767467550
892394639
571594920
840930850
143125139
671268646
401624947
490506239
632757536
483378886
680919603
240769360
802283824
400429814
996303813
253901754
850759861
74464327
787435566
378430092
340210479
32755862
973573084
717627249
50711001
560472880
152807997
317587872
182893038
440772734
218946895
137833334
481187807
470936853
446480220
382551333
836608688
105520351
842155024
731144179
362066503
342427025
415206650
355528150
909128911
170581831
155908187
852252917
154351094
953798353
623135410
8659273
165418426
911417090
729214021
837409458
364030606
398758046
678545799
366344226
60010044
843130716
856216358
881602226
106128545
716017294
462978041
837394997
570251538
303299377
187611859
798450666
4627681
515681223
555264666
900644364
966673390
572323410
579863710
223679642
481742906
430526399
955736824
314591244
359971958
686616425
705135244
668296555
54461370
55432709
309848486
815883398
879548195
259926135
393973963
287210918
207215507
230472657
641571970
513655087
999416570
503840032
401171485
407867591
417695358
650307083
70467163
772780430
86462354
882750550
190417812
759943355
726516637
763338574
384469775
883920613
963043316
512444233
435419864
132950962
248237891
978964129
145421469
898443364
698919549
317267447
844112452
21303619
396440161
501490044
576729648
789407153
540724205
974384094
227539729
197599312
439029858
893767482
324227129
464857031
553207208
116099026
115327022
923907563
274201971
757225151
264144784
270158166
767742896
353619992
356602339
803004568
394089833
852831546
317744840
4240326
330289405
714755397
944552388
970003494
660260309
673997067
212144417
790987432
721992026
724490195
206397361
433793353
916706893
606169834
120053424
32531435
506780112
817980904
109385349
407590085
646828531
152150206
597440616
313366179
65134033
370020222
321014333
511483492
312994745
150941760
469760959
73834284
339859637
117841136
489931786
296781979
532403894
912352269
907117669
985130410
401882037
824142741
236708531
339417720
890999146
693680629
396188721
623465487
914121697
738879417
701146329
360219331
63865615
899676757
315920224
424566713
998811663
828059627
566569213
392686323
894805998
338123689
508956695
813127700
44857827
369423589
621897305
398810175
870396991
122448967
970369689
127213228
731121067
11185608
285651157
864225013
580156140
889004294
586966055
893195346
96533476
688377278
773510891
122757389
693155588
803809795
205557372
18613964
320737650
565730868
178916441
176825599
658085415
232277242
285579905
545015478
802128242
844444280
361378385
534887056
702671629
473945370
193018693
860500787
311952341
515740188
709357861
772345229
159686555
208763347
946178809
217954578
786780130
815200963
555219267
945166295
913639352
97169407
550029610
596642833
946598810
343188972
143984208
227381321
904656898
800394186
142659280
143977131
398465405
650694550
369235309
662403094
881791056
756365976
302259502
456504745
534871921
909798052
763572622
998610404
368394925
13967246
503803485
92470752
991075488
377583364
423505213
645270519
623378628
663510564
17545531
466963501
108854636
736196617
115097229
233765160
97946552
515756114
167639566
292313573
983642906
905579985
975664370
822627815
468863023
470064653
16389072
192090882
858308775
126265328
886366246
265622837
110158995
198689282
738644999
42428544
168696135
52358965
598568905
675003284
486646738
460514598
870930308
724927609
906645035
376209736
939912695
209432711
456104836
706910339
465446616
439958872
237486515
313321142
345713092
589764095
942199404
788293480
927068840
692739217
204833723
964233361
387161116
442379130
191986554
243178573
690483491
409185468
814956296
47061535
708982669
591655162
420787758
681140055
351609739
441528199
987909380
429192863
145124376
9142548
250662547
626946307
497139561
979245937
566496872
520489701
606362769
885223129
830749200
179488780
896130437
378691740
307374464
152728891
69847477
170982308
34121748
200702388
806839109
315272891
219481931
341376293
752318873
404596270
723326920
859122687
157554908
194838633
453428187
584831556
650063358
37483382
161385290
780177941
436754783
867384032
772530471
307953763
32334103
887745007
50202184
712556905
762672658
678449394
945149639
121242907
617057265
371778525
920546856
772747862
107941394
617766169
280198428
334879828
742719105
199538564
286404848
567805850
42444967
40247191
370215573
992769400
582469431
956317245
945500375
656202246
290700650
687157607
828450683
971655645
791411394
328400013
203952912
6495256
514648738
708082052
437445683
398520152
844868542
465680073
962034269
564167398
304660794
987190836
696920048
21552328
98139976
869848725
242736979
140842338
229930311
403540856
746026503
251707574
146509505
350347751
94999934
784828219
122801424
756843456
163223053
727321006
502369962
246257642
853039981
914246593
530474461
424759689
744739675
500693656
924170017
289042834
967575217
933631370
595067334
419196809
190569396
954722056
714555650
665474783
475961231
338005858
128222999
39720718
437036537
498408010
281770786
865012248
226770208
856321886
419732721
463612810
207056173
976014639
682133556
771570847
779451549
638233637
781596448
799749250
254566091
583292410
668111520
248699668
170196381
242375391
311331406
682148795
414548730
115809584
414984971
799466126
733862140
239638093
677078680
439380793
472732787
396388119
818848621
917906498
19842574
482459612
75395178
40505515
186345964
710848786
645002723
751186603
178262982
226668836
359397007
519881064
788914941
872271777
320022082
173141442
215100936
584073527
737154501
281125794
129764367
69521164
239260759
260050365
288669491
310354345
67283282
189222631
612997562
400293531
619663074
944240853
208525527
483359409
648732981
992436987
730988799
127662752
217112041
664461133
787373489
258477846
547943163
167463675
640356037
681068656
41424769
982215807
957989538
557258076
374970864
442272544
498023281
16240485
998133580
435853332
314050859
943331711
445133841
753444777
51976043
892332288
25014320
351861335
928305986
290944717
62865169
227616394
695415637
388678796
215542252
814430328
446345336
240320739
697254181
810580693
153378224
340319158
582021
995646814
249377807
519662635
368499817
465360822
10091538
845386706
447527622
34857444
552426206
817927483
297739737
370865020
375944429
706724478
411196988
934743632
616635082
965747368
695857344
149275856
494474706
478866319
806353470
699994994
602460538
649425006
74663395
67853727
429502701
178940484
48714198
474076540
870668708
67265854
618749651
205672935
505870691
902793927
531610522
685881591
452938989
520432047
14334909
531563571
718331277
613256619
169759943
549174340
821475259
136947003
970127260
45338668
191830725
42213829
776712442
964107290
825306447
693426206
45529528
282969558
130043596
35900560
774830770
910298124
511701225
537378044
365648146
197627521
387713738
194234924
690946742
903039513
119138173
230263175
679180125
632827070
652388382
679901279
30868293
378226999
878559385
757186391
308637786
672175626
919118954
700788700
579760116
862666819
519569107
835443065
663577105
231601002
823843105
412660291
322790477
628679463
128468947
305654728
95805907
586394671
271530086
467716825
309840963
57404267
828451775
631057603
200944963
773743738
598156581
576463487
593404425
957451419
952806655
102001313
287036038
607949219
468715643
332265560
162639563
932056279
890197436
867935073
12138255
408270173
452164058
841040061
99624292
685521074
700386334
151244386
884994609
504817878
839908835
202334802
235947217
162405141
1854915
38603844
801681028
846856437
638241796
139414259
62818188
32704797
257259720
844093430
850583491
737797898
220742599
239359502
735703397
577725673
425003183
48156670
583472593
861584268
338705894
745227485
679664764
476195354
68801472
509767595
582894758
973999300
313023207
448807773
706103934
341809289
178544035
333173623
669991005
922008870
511988415
32042133
300888512
766508327
335985504
571359541
116838899
819108841
711399675
71185770
822225453
715690801
764876548
791427495
245664168
834780000
402703230
369509819
546228537
247071780
163863471
862597244
997125617
152991753
643842083
963729946
884861868
514589065
991547963
726960711
591255299
730385847
279510882
565117347
901702795
734474472
597817889
38572209
66286029
162157033
496506488
976924921
67494915
868396198
505146314
777194977
881867359
596431541
860043682
370678668
930964772
434328001
139727623
152640008
418321597
970025559
676411544
243097306
347372741
736166572
366597286
283172297
130744672
27324345
751831297
48134398
11762760
194674964
845980606
133700789
41225914
680176530
733016109
427942626
553410109
942350325
658300358
11426444
767879084
62707374
137013410
622246410
877800226
385468583
657426962
979425420
841457018
144219405
544663018
508887902
65345069
355436817
19192492
736669185
498940902
166182223
324856433
337534057
993938733
393745421
465942175
752571199
817486234
864441847
941475443
994446811
598719578
562972650
925917414
269518337
635599791
409819563
366062860
227059943
652059243
222169546
320827218
947610498
94655834
230226606
340441500
128866664
838584316
208804832
148772741
408122276
801757253
77589220
923524297
343352555
908139022
78744865
248465827
294454623
774612938
859598768
984195238
476838919
419265635
30816666
414986908
300584127
777295174
345999106
782826465
985120596
322329358
436579271
927926991
22672613
766482392
872167126
999478255
9914320
680395815
932961132
602090607
959119363
755124620
180547889
581501669
234643455
330330466
676796793
335443769
686947722
493004392
961066152
549886266
773307543
177800897
144199290
939395605
382242200
767640962
326522066
97064952
420344165139341653 73524677 567608779 641686432 1000000007
1000
363013280
453590069
216701503
561614316
678180031
126560170
102242177
647880759
214287900
2875650
449303221
285192022
218202102
190291917
289460922
662080463
377309824
517055278
396460845
737836515
966956836
440139910
940404025
629039370
192986356
761239248
681002208
735764987
636346998
103756049
766742761
552269611
485004374
764073678
488606627
14658956
850043769
745590017
612636220
27667327
350953663
805849907
661565457
589456677
557752539
762614292
260479296
366411073
594478259
260653285
703547245
165688881
303358834
427050744
710097265
350049992
757948369
102379918
23996689
905999259
673706254
338137443
204108049
720005843
751971655
933685437
903138948
490880051
288490908
981763547
294662211
57613304
918429425
217809283
748550531
7235407
555049250
934641213
746046965
920262317
631962902
911263699
268026615
434057587
838625890
962699017
754796686
13474652
199010684
317783758
69215497
844511253
924552269
872510246
609228999
443004996
315140517
141036859
981672213
227591622
767373307
534364787
55567932
797165397
164554672
758800063
981707506
571977104
384696226
602334912
912242552
756973254
345695702
334811945
951569367
764810294
820736787
601240610
576413762
970972991
280724158
397525464
156955012
348973012
65032476
323459409
831701234
16787703
6249582
445579515
538442195
327892573
229998724
238955808
118024154
574736014
780115500
974263194
97324606
764083849
219245494
818387837
24284802
955103244
295803998
268345806
230606355
925320540
12704654
668147630
978628225
138921598
421647490
992590634
394470875
294404798
634824955
605023762
106808578
797485818
109672294
546344794
805198772
505020662
921651073
84930333
697543571
798926071
735031193
620749170
620320664
715070661
775331129
285916486
744674822
297497768
174523351
921158596
435442117
419134457
292037045
790211221
816424701
197844806
810254842
322693733
626721807
356100861
809419505
433525974
304536217
819851606
520508797
101379417
413668424
855472346
108442165
754710392
743566524
549573157
300349838
670553644
260025328
357485529
554817940
859839877
469786813
572238580
910315470
902322550
741689952
841560748
807413040
540272579
48155681
20096077
356336447
112194231
24593098
12568582
516190695
304736107
179256155
321409413
608376203
549038989
228420639
679649577
701242085
359382514
705640872
299437502
674775494
408826366
384994737
92331933
744756113
707223448
177029133
773249048
572024762
506692800
460139107
357768536
513696407
570218165
100588920
267378798
456276219
362046800
22757046
356673321
784162147
437039621
255992291
281959602
381308858
810456765
683690956
496968116
841432587
116695240
658153845
74529544
767720513
805569644
58711274
963168022
400402136
385497130
624554022
243036578
240840791
84666683
177462998
336443375
556901041
815592074
360936946
64828694
440533188
731293969
50902232
954768669
529064434
629895427
828899059
411061051
300951397
971692434
48063310
35315921
702562221
943311745
4988334
74033906
178822069
660443531
433013732
631152779
265739814
985919436
355927597
840310960
7155708
393102806
416234569
885951329
235469763
836679538
337526146
818126542
85471146
172719700
827377381
118980659
10950731
856903713
902632390
759025036
16564957
82888362
135862514
520030308
866036242
243459964
182003580
106090966
64902323
316617640
229609706
474842571
416173824
426634720
21094518
141492733
732222947
976388272
236461223
850685972
813862730
575512275
447119253
488122483
889674046
286686058
342349939
384598281
801906882
296320710
152817108
352484824
165910387
42373562
280326454
75532251
999060467
144921654
709727224
414998278
753029189
250436605
844402053
993885030
154549983
465887000
684151078
198290527
565819807
771107203
792850664
384602626
1328603
46465478
342581885
922596802
629766313
430913149
955430019
728122207
103259279
67287931
855366778
905828444
537917967
621070065
334210282
623618822
507853820
872799880
686100149
715537334
605289940
222666370
66311381
343816172
92066553
864105074
737313486
869537698
157932307
280070929
143767195
434632902
730680141
944798002
758972065
158431644
398083067
598947248
294015463
439907079
252280549
871223393
635291724
759758746
944691040
261000141
815507857
691828598
969656305
553640912
646180704
479615522
327728864
546934486
63507268
298038629
270841558
983862468
500963744
768587974
764445563
922780168
735850639
770040894
551473605
759730262
279324728
591065707
495001820
820364587
84142773
847162062
460870088
90834250
116357959
24222641
378137123
170968561
321745094
988615323
443740465
903290868
409047287
584971602
956502481
209367632
807176454
152644790
726111427
85468105
305969544
916529120
785279553
93398759
677646540
106723327
142033648
484784377
205521075
85756334
335773262
274066802
881784289
186738828
246930273
984770870
564627810
805879830
336835179
887076093
771455425
312814830
138621874
21745404
453312533
443111597
72630664
144002272
881247815
607456201
664040083
302150868
750626849
973515818
697160010
459215142
596883686
258000181
885672686
866278433
495516097
778775793
225135584
716517159
876673214
689471619
380983625
289435430
495207322
465890730
117193576
591298073
290499445
357318023
265936344
412295280
848617586
878467147
245146600
471252315
721970243
30916280
734737334
735301300
133273545
188505881
842744324
971328869
193653980
298438846
962374239
152191912
592827030
385374456
860546529
58614423
305530225
486617599
741664192
247036758
35596289
408546103
737831642
69349545
25678885
350433854
696106153
466262810
471400410
887738522
699679977
60965638
381657132
71070255
299239463
954593369
773561264
555646523
732887459
320595651
859454128
251341194
605208538
459679176
457349514
854047815
32715651
621741159
889007606
906520696
619217829
640527931
147955103
829043787
585914892
71529661
553906541
157027135
411454956
690298303
780615463
309412841
501136754
884737072
29926058
604399799
482534400
283561217
939933182
545474270
432997778
493643770
116722057
774597449
507226782
890875879
926189503
373952881
994502126
193299433
28438205
896505112
820888220
929574735
288829147
706858694
700834671
1566121
716974443
958489109
178933216
9605434
653312479
930137691
897950214
513323772
202084435
238525381
590667924
230741939
453939117
139863333
511976903
840990363
986241935
616336065
327844716
899087149
434035810
96359096
250254979
598596018
13183959
191792548
371970855
894349805
204159791
416889373
202479224
797561526
957085640
664663371
304149034
227608883
908888759
453652047
588515759
880184723
766191814
41441119
25889855
108861954
157036960
321248951
66009783
588211131
706335089
738980275
150361022
256399704
759838112
806483535
981934872
986467887
78583892
434591892
735967449
454945018
998351513
927944975
150628491
444762035
350945782
538716229
976058111
77867736
650243764
636474201
738750690
909582955
139207482
868675728
543692338
108183901
844990888
694270894
979988930
329360332
634822124
349277242
17998764
209088814
644973573
244007004
207418617
716218619
906262265
863221623
505732520
795500506
770294844
871578968
891328491
254073539
262025988
66378116
887351174
150874918
311849994
175749361
514437508
583926098
297393050
512436463
567916217
499443039
204616531
668408894
42300652
447231803
997667199
228020016
460866140
437911036
264614895
122883853
949900937
728099079
127886835
625469327
309303642
238461668
513969074
353322956
915415249
393408639
927007763
942726034
532887474
817003376
490097467
897787737
214252342
756149077
663103002
942059788
295247354
899974310
197421193
195527048
30045125
956374827
724333472
979788652
268492903
262607349
141209373
229903688
36395509
19274542
851590318
189215717
422638520
274284169
477135522
520911398
556558301
308249267
943449319
468423872
573734154
996216757
316639951
404641501
656371830
169354831
700017292
433943335
193333282
333182764
645224191
866297195
12897947
898513465
897863018
595545409
927798117
58526772
80519923
814827847
265353200
857994380
442113334
368344732
475558925
33306399
65889021
371543262
60026672
907800188
913582248
904757101
395499788
927053032
721221115
361495927
771562864
882140246
115749088
529263864
78335285
493197809
820888196
485590900
269640597
975255458
484723416
411155317
587422611
33460999
701997818
944072739
31386117
700502465
828130129
594903780
680932393
575780304
336791141
333948712
767934016
400501805
378173794
523856314
64109225
858166686
438393622
506435859
22270273
335139086
968790044
381427777
677631035
814920092
423002739
998643598
22649525
890977800
773692721
317889285
864893625
427440209
531900157
575079614
833609735
717978646
178483443
756049422
984628618
136453579
868909268
255600645
984699415
23074370
980274752
707016222
8538959
927859218
963882538
143475277
606406063
471792619
801966166
163445916
122877955
124903090
492226984
858499524
154516823
990761191
814046383
217414135
304171104
37399747
35092905
388413274
547315304
826694008
307673963
971881537
557411049
547546241
744263778
550811064
228687480
74859386
230967510
337981346
119690031
404538258
509440240
642588210
754033223
304662294
414471364
175400590
493480390
746866220
485041982
810552851
366289907
410131793
690855837
807841975
906238793
198879050
84479042
886751906
864988888
20179554
804215813
275704906
236643290
466165894
710837261
774626598
568212354
18727478
810072000
691607730
557766172
189295640
267106206
364511361
531589795
192132717
382108331
820924891
480216440
967862016
624251130
845387907
52695258
52575451
567558209
601258482
197239608
387580248
742225722
309355296
686343552
486446502
973067106
617897338
649309573
188109800
388263256
742344002
63738681
94615787
767739439
852673649
7129162
969038937
328107987
504773277
454975538
707464198
63762420
808180511
700432216
958394634
550369529
430476958
27721789
381274401
642121481
164733765
889818440
647244891
526893361
221816522
500397772
145776318
285381127
159769689
514448300
985351122
187041248
629479857
974798042
732848524
781873924
28400211
938356085
97294403
890451622
452054082
