4
16298260665171334 423146940 708423334 826915406 999999929
1000
34199514
656060272
535328899
520223681
679940674
807362897
709641592
220158507
618436621
885438587
944676594
87688044
863415983
743126835
237151965
583022901
760330925
868239477
311786115
944255489
214438713
235022447
744125706
552598842
584741849
502551940
510719279
704329167
492032208
174942378
780884796
359822468
742686916
467741327
399004569
38981591
750756043
20661423
341532349
348213569
975922708
187291053
63054855
538430090
650198974
635744516
996496512
775581411
612251391
25066917
959621591
172349581
529330841
437863629
500602634
905624895
38879632
629014228
842031130
375800307
998307106
328150730
23521814
252275863
869247905
437932392
134709032
197783547
337133539
99474787
444915563
919903452
40196029
800139460
295880993
171160508
592266278
348706700
621473866
269680085
931512149
253103846
765252761
709598668
960581971
858504876
609382817
470089239
930525030
846326214
42074485
899669053
101406424
617970101
897747743
421639543
136447804
926486313
757020279
815738879
465564704
599478394
708630123
441922810
206681667
979365595
694252267
781740589
935593599
664111457
854642348
299547211
820261391
668765305
977905550
818803591
578178036
602438890
943128492
245111065
444693755
638757389
756135820
276144338
740578244
253469613
905607608
611004548
996865019
858357220
268955971
826758683
590524645
58671788
599121711
425719462
968867262
777491187
929536973
862386899
884850518
510927985
509614020
512929951
270401334
371655995
452511614
671020723
229396373
111208601
461261362
916202242
936254391
172786673
419418347
110047977
263307715
822293731
44965739
521274003
526404433
726438389
508862780
953657762
841597062
72736688
3006668
479951817
916690471
508550889
496139927
143733720
686241566
66378920
346776311
837694886
791750761
986315231
182849725
494378227
278903513
509649199
603866266
646518306
641447471
96705782
561703700
129151145
175076022
935351253
485671377
549772566
753526340
120088942
361516013
558612046
103362309
421445392
818949592
114584144
877323062
693761069
420304373
745971150
753531016
12836630
220308618
20649994
19942660
976213196
567131398
530285034
531519460
957970165
122415088
128410555
778126138
935248491
38094095
29906420
398569310
997839018
507316293
173209428
883213375
383850253
626864132
15783332
188207418
772197992
480532112
645336747
827960302
545458208
521530111
61300242
218610448
162450675
368973245
25693247
462287761
250434649
774361210
212763312
533394447
800580559
399971561
668088872
782304558
632490555
980789371
2329783
741637361
177112854
940888099
806025837
42119970
332346575
334615985
748376793
830014141
240584964
274364618
522226657
594737760
979627037
222273722
113482324
501569607
285442992
96670402
166263844
189642672
140877384
531345096
471606510
975573568
616240891
825934604
645353619
520848198
470794751
726048368
577834729
140814479
246583936
801922540
94274934
274019498
80839407
937333222
136568067
396773266
458912802
164315692
207514576
836475074
379039915
513031924
616312291
565588796
7659463
54914676
857102639
39629345
966130496
870671183
750136250
382660767
227001504
948284309
329868423
981291504
893291209
473456177
847390899
32989244
468140320
714668998
108405056
77611481
505805339
989090463
279269168
667896397
405878292
790882771
709268914
577557279
74842782
968624425
234317006
764214375
371712809
313413714
565336081
470586362
280330413
475615311
446466901
764921192
953999405
919654890
231434670
45069574
330164672
725629910
972587229
458636133
814055989
599230403
82807613
934534770
667721899
938723872
316293520
2179273
704259883
428237839
368419540
963899126
558645327
542582048
21180548
530448019
850972921
820392603
994108240
73377130
777349588
93204039
343306016
178222472
188215598
945173430
914591543
519222020
887179444
440380778
906291679
185252029
271472533
673180941
727858558
704871108
368323857
298589028
783371462
191601350
281571747
997647970
13050853
300099662
199736206
625671690
961462629
780195679
527281201
436200772
121167872
965633878
724378075
156120495
779607616
603478818
441373720
907980233
197580972
490068341
154685667
120168019
640098021
560811911
855930017
38482297
53293207
319871231
55265028
849592264
695970467
878448775
64696839
873849949
192351724
409273141
555964797
476799026
228923948
479125854
807604508
159259684
30595883
836928331
806200248
446833143
315151223
354405250
176582430
535962973
737693701
106132156
862790644
698112426
64805147
789777841
499866211
899155808
635334309
2552018
592359641
360844415
916663043
947271132
465150574
391668066
488862631
31703763
192545892
337484483
148556557
5516615
896865929
715115889
457434648
39115802
28417730
531692397
736571237
368024486
528587244
53784968
703589522
630965835
49415197
120570258
115203292
169365034
648819558
171052716
360753464
279290562
783848265
555824890
259570439
694497425
955720121
647692336
490824316
882360672
146226317
985099644
774545412
398742289
859752683
779780909
889952478
118503761
585145002
755685436
621425537
310100064
753569487
426668615
733275593
30263793
687028631
553553437
260205317
676334536
218175853
158818536
493354338
481014229
14760802
352761685
921410755
937010906
672535678
379140982
336573876
186309084
502507539
952766527
965413131
487588473
485624109
865428775
394951483
357073631
728336535
97720969
683056953
691043872
689047864
746936092
829385047
848289939
714351128
333524659
200061447
972889076
895084845
888490836
756658514
81771466
421856628
892408149
693513477
353955939
663050634
533824401
614895877
200619948
516020983
238908092
906559444
674210953
178772682
390804938
256666168
952277381
448169921
713421404
237446133
799077313
733120807
230718467
275245613
206626669
445227271
158809995
132105490
933661046
992220158
42979139
500209806
116666962
990537830
757870251
27262556
400567772
43142506
495471283
703719639
164654146
923243258
604220259
66182841
9933824
139765633
322362954
814618831
125422377
225266741
137069015
527037161
996002456
851445388
849558900
495090759
676341680
739758639
118180017
422825771
360080212
441374037
386367147
363836252
605076618
245131244
881995863
339205802
629256811
590430624
918490164
549517740
552479663
374302629
217547935
377954555
391713213
327591023
65516326
719872633
879800147
392624623
31554670
460320554
784219766
933576477
353674810
500392911
315617032
999467507
418908685
901187601
840173012
357009502
659288253
527632544
8416812
676321098
857320008
280565159
919934033
719427747
957488169
97270463
336789280
759372614
41763270
73529021
186669891
646603448
504433303
581802983
441395142
430556918
187065245
637349414
477812516
955262731
101898926
650068114
943532170
827833060
906359025
48012499
795912912
630772128
223899576
781228455
179449064
150534607
17238137
166465535
684055705
248284562
260283690
830617580
767446246
474218229
196289954
33059706
34066959
910460928
270244257
584455511
239163059
809417837
417614689
35582663
568959833
171871153
810300629
571833900
308618605
6210056
951578957
623229404
871270878
939979810
885095019
286423040
617186310
835370320
84304711
488307803
334524821
320715560
622173652
437390577
18025372
507917004
963285081
222135567
639667014
402658506
387487113
838343793
994397384
811378834
525028027
785008558
716081183
700082614
195250044
894465938
74878497
281288114
307622895
631800678
980059989
531289037
466572096
898571174
555990103
668180746
335722058
881838277
706505644
11325503
138850502
47313285
394940655
925452767
944900690
596302642
320404005
313190645
111065800
721942386
216024347
85784150
811547390
113998781
790098330
531430728
254104359
926169916
835420130
99178130
416992274
384861794
371987518
719783703
295088291
168920713
135278345
507889221
696523113
229729584
685077127
561054805
852390753
698385132
332482438
903218493
651438246
562399961
394758975
763246499
38099707
789010374
963730958
2310842
44016756
455854270
778464600
1974045
464682166
140391350
330295081
589298745
120842124
445511462
711828010
819433933
501812282
364516758
141266675
598263562
475177708
923687999
195264556
859538039
230402569
365240027
971673779
629992573
421893548
241990572
310388094
212646322
68788873
710638299
294458166
522102704
148435097
720227881
240321684
810402443
957481472
14298855
297972260
297855316
455100114
790260320
118561882
426098326
199025634
417012333
276761299
315410111
529454426
693642370
319064083
838540181
411410994
439793676
706829894
551281915
268509044
669032966
441603106
834782677
984606608
289539901
478917133
174084387
139496557
448458241
14785481
791919703
646087215
498631403
70218763
445729422
201473690
671915347
207325965
355191253
69509919
299168086
856121186
431022481
662714827
96461138
6239170
255807411
476432644
558097736
971252805
189496437
448850687
39624925
593448202
159177862
696861632
816841141
884256365
258267380
361071116
450018482
591594151
836401537
580503985
69750147
243719595
306825970
569145943
623843869
462130071
78257410
1727295
162632494
901890053
14756748
824219866
481339978
625835379
591195495
438361703
485677525
879468348
794584682
191582534
615743007
570805986
821502348
815948576
314301266
969360324
169049953
778910068
790248104
757774682
565301713
543870448
506269178
266041360
722845509
44320146
231038056
607962619
313732646
566303770
860017802
308874094
992853664
904047015
349226064
23117297
350243998
54076912
72405178
659932088
857465374
338785125
95554654
487172064
541029034
882728598
281818832
276638554
517961425
702141500
832862920
326058745
615560092
907222768
171720065
676657363
476608387
117461105
63469056
556943708
277151938
386975796
501209277
801626369
708861206
402781272
370038260
77602700
384588726
853004394
632240902
993718614
641097203
398993489
605269045
662117644
345763857
762276938
126031551
426457732
218777662
925937349
916633807
831522020
551129894
56278564
565543823
190382299
720843443
991053229
318835471
300554732
416488638
225671168
636840509
82167339
482772096
970886392
525481815
974023914
287583961
998963084
455121940
239262973266238519 510083973 937965345 196080282 999999929
1000
431555090
206574213
563457217
591222464
707310741
230532656
32944049
757895858
651621768
370628281
21297321
59157077
267036540
714384349
957404248
498139634
823561699
465241533
271511894
917650853
564695461
872805505
432988959
883673734
314185138
962473770
418104283
244154796
205758428
144450286
457809352
121885635
705128161
351114684
147569151
920388905
2856382
394635129
738962434
608886570
141193436
64782900
24969115
342101339
597737595
47191522
190520750
283246617
996439496
240104379
197327983
536316465
781577483
28265688
839761355
306229344
574500626
988290643
20589528
172940985
793990182
759651201
817658018
710469819
699378704
324068088
910954668
541569231
809521420
283355087
273174579
793327504
878794623
404630484
963169628
32957833
344934200
2980598
398625958
27775669
603237786
581628135
335724234
586793575
466139326
641054765
969231396
521465098
547180901
6726496
180993627
473577141
280942424
812283114
625254763
206611467
184201351
660542383
333441017
419484099
252349832
717087066
949322087
965842049
551200627
923595225
901101958
499384346
24045458
245523805
977872415
717441203
963770466
718298277
833923721
321488171
881094436
985895624
193653613
309793588
194767045
884435210
694033840
736639408
957074469
526984945
775614173
72915361
42205437
825412758
249741630
860602899
366465185
116445238
210613309
592578816
970587159
143280197
426198036
158858349
719788048
155775382
424392528
774542331
228982872
595372604
823614168
853729327
799496551
617920225
600727812
690587259
291379721
219607382
890723051
572881606
557890158
606704995
989493753
37660528
565376963
243674603
850632828
576603378
738660733
366751705
334347540
377009158
537197189
1726538
15302041
724634820
875031469
58531360
767760918
513167900
747357853
750789113
474361067
394387503
372174621
639263911
254839842
466743522
213342946
508409391
30476594
192325174
756535425
329157722
921695208
403133053
348230280
343613448
184283013
416008140
560884532
647447779
603246002
919688689
846501300
577849014
431974355
785316022
170449904
71702350
333831846
874567195
744607160
647960721
153568008
235139059
310287973
869653433
563386653
231320573
187174943
813435888
578405779
747139497
302131919
191550509
50110720
618496534
5067203
965813111
324692401
516385976
417858080
207432397
678481935
422273028
759427458
252529949
550419077
864239467
15506051
332990111
887033637
968278380
411359238
427701023
649636780
766669393
458049453
862130297
753561054
154795346
279031597
209973099
650267653
574295192
497010732
614589583
919246365
325625405
338976943
984407242
272287376
968643279
520898175
159164364
379164401
968539796
857229470
684332954
302377525
373344109
603814870
171857330
131868563
933600286
114714396
424231743
490667513
478487102
168137970
182330838
21616902
191776924
90035193
704769145
661845753
535228605
801112683
850886692
485260455
166318698
959031279
958518662
642423230
889947196
182539729
294186798
374630322
31226978
317693436
453204221
19884266
911022875
951486136
17309865
735035619
203250593
385657911
259764816
987291300
302866599
72460061
747306329
111034483
278061686
655022936
646731319
724753128
433297552
843254718
568021025
494556544
916630302
875742132
688408740
479031328
883183220
108800914
638957147
504172373
767326613
744473701
14886561
592158238
53651948
767334249
431847041
720631067
61037018
997641218
135630182
425403307
408528349
3885758
577930798
375889982
660937329
879354080
513364157
746988433
236904040
890156424
71609823
837082554
571403864
704516746
842505754
366508135
655965127
468735267
831193941
658933231
947563927
163836098
494356096
417827030
652600266
340841494
898190942
309323098
193373817
363149136
59614014
893530706
502469513
801614838
184732336
22816522
830771345
492815238
354006816
147656408
978021780
607217796
3014073
118411323
576933829
322006231
771337900
505257417
276387991
14306621
431969532
526225713
69809048
244083478
761678061
431802173
121875680
187767253
73501543
374409181
604876027
325449728
636489854
573849910
518304588
129772901
385442151
804854054
222871064
785164575
195989488
943681840
285872329
663302611
7531769
699080837
107105736
511348192
215600734
33170627
268125503
523982825
239052194
904341034
532724856
538604621
463577660
373562396
561011316
140440945
151782458
290858195
49194197
924022652
979890045
731984712
136183528
302862912
121101091
180379719
887322015
441129414
913731696
489019681
695792098
48823023
828413361
936384241
132801919
191170017
319345152
464451259
37845775
112007595
982614185
956054402
737201322
785091347
788082933
222649072
731611322
694093898
939045515
827151023
971572342
563271462
682782291
142068234
2884237
956195780
640585994
538225269
739915354
844834810
482847334
226696365
940389915
447676299
599208069
113736274
858068420
935950696
836416320
522614948
337702368
139308365
276865201
856154487
906016754
584745249
976400202
129566834
522489061
181867784
37098973
960564897
730855059
874852754
300097363
725888694
237084617
814082369
268144641
148295660
921741581
351976236
623877817
102022252
199337566
934460802
134440127
535148670
211601279
708573699
655926210
901253843
145925893
576959569
858477603
785192303
623187053
804352390
601196319
511408232
800499828
765056631
75194902
836341905
18973173
56409554
499945032
866172935
252773410
7962335
265776319
333194295
549702710
772401262
847641452
176386365
836342289
106053660
868806133
40012999
851283662
644989040
287207983
949979023
273258190
164331900
423607221
482382389
596189918
477453124
211342842
774149179
921930361
101738361
478952637
902100332
138334798
734722741
734108131
692895228
889242986
721455163
221685298
710572828
922670311
892207151
859967104
411830568
538350833
213682648
786822206
828355218
481726589
597884690
954810349
963912582
459708468
3863018
947458817
231227527
930760378
263140305
856460464
267670687
918364181
132441612
332158409
870707779
142082307
507840971
686478449
755376736
121107645
41239844
280042535
166888238
9409434
978244799
376774237
724013258
41305699
185474237
488292948
8686416
308037643
337293179
334692299
117778212
285827770
910339120
101789714
458277048
70674076
675989025
25951150
848233193
177795825
979331103
70411785
636493354
551054793
552630437
686275820
793047967
861128508
279710127
766769226
280121984
692458250
711969123
585561649
374452805
153760731
552127504
399673794
60843264
12679591
86162329
845468541
649871316
35272581
630970388
310108399
513618057
938518540
276726851
346501697
804043889
741990738
489391801
393843369
185241323
379897364
675797230
657658334
658285279
964218352
741981289
413949349
682283974
342976885
380897162
13644505
595077201
557861256
369711627
894470520
937000606
756553051
563566993
248320545
608472402
550767094
911107759
352904265
986372053
877691882
517137985
379568309
312299162
445130962
454032838
134623163
63084923
899953574
174916826
921897812
61324740
973321817
687185645
687656561
71160051
264733671
635550961
107185378
643130160
220184075
912606718
997725445
877351943
944422690
213072076
689669287
622627468
980382297
367294385
625035485
304424823
153646221
66469342
486272607
414782339
274734839
854957093
30973653
664520435
468874941
953459649
758784685
700519855
73278466
591608392
666920757
735094403
576076137
936262061
852760161
274110603
983687272
371416565
611094748
577458583
288019023
603472918
429988477
631442487
400396879
324449127
27708122
958462388
841840753
526240025
137392773
384865121
64661341
14984880
249185201
149359492
242523013
365845058
388874259
240907203
759645939
490163392
795584612
213362924
488553719
860564691
380842832
765280172
565491484
217981794
424977086
824784226
148675946
211794826
656131622
22064054
750067034
487973662
44318977
505167890
404246136
106311900
438602070
996641329
950525709
356150259
618843394
365774074
164787793
654923127
601175951
400937361
957066856
597927521
725767224
550278089
893834071
919605920
453312676
585176092
339334734
824828029
2006894
593847161
684434609
814795041
50597168
896611051
881100471
848262592
807153036
592916338
815722832
831982650
876212420
913834003
826653939
712088938
546982779
684802983
643147146
713873917
989993779
893408205
466226377
864479492
54515394
279807788
316363713
122060360
717438314
665184822
400627073
614301281
592843499
546310134
474019887
582308629
366981536
922428319
716837928
573997629
589596559
35188135
797910918
826680289
826435570
854661032
681503545
924347253
936923862
781501363
58474625
94301255
987258384
907014873
718860338
580595951
474160712
571875157
301013152
811593363
252592516
730239423
291647541
311582612
470821726
222353824
316201293
940136697
704590123
80327197
455348470
761779716
454579377
980555000
166005309
535931749
930342063
21399754
188158949
696493059
586840129
212035890
954021205
882374970
452669660
264275911
154598576
665244520
548327857
634137195
222350154
292576124
511687436
442463463
592501619
709797016
168473603
467556121
500518986
180687212
234026716
106675045
386683290
50286739
439252195
79578140
116244796
209560532
230755516
597657324
477049649
352818899
489832277
314930870
402691713
78226085
73148381
679054984
658964041
736681195
391661990
191804128
285419093
750289952
72572869
673861326
300559344
753963104
3017568
180005080
217226557
303350529
534958697
489763599
175718979
471446126
159856944
6207856
569201470
240250293
669225485
520920593
566590851
14344609
680488821
499716159
524505350
179310785
815563656
146101958
712436199
583327527
731315672
680124622
653891645
94782256
818848939
535727014
610508615
476544177
584402539
827782012
212851754
768328441
504094637
653727677
954454895
251833873
740924341
670060509
439531475
976737554
794487571
89133611
890934180
872891690
301158257
127659149
247042461
222215866
999926990
15891621
94831820
214313418
299773105
452125401
356656629
814528774
963248442
733985140
255486651
620044932
167583546
369727243
518777814
223296289
299789959
219766016
30424921
218298747
436974781
246229535
148191262
164022609606624515 505077834 603248839 981962001 999999929
1000
688053810
738173649
534961197
826233360
658907768
348961287
985236766
147564928
198203362
23352156
266632876
865706373
375033413
47250854
921075956
861873459
26291779
180414565
276889115
997190306
119303634
671963342
798443350
507142454
546239037
728444458
519458702
685323062
533412539
186532839
378348212
776418162
739838620
441033371
739142604
565365600
105900227
12562734
922547781
364556144
780248823
128653060
94157844
52308442
706485946
232184977
623159037
483541666
463034497
793376206
877794873
155895529
427703323
144081014
352988827
691121075
90548782
848814664
681325351
211843550
991183761
767423510
702547268
724660085
179387576
585293106
135584501
472678736
505326228
680772491
255996192
175143454
552529586
917820264
933377836
769610389
493930696
202846180
734276620
146628541
216445790
921438384
743011066
854832740
167049450
231529180
790797591
461013842
515868425
303693826
429932450
333002800
686831409
860286523
393116381
43110187
833524341
226537706
280480802
831631564
752871657
373364200
624771336
587873679
811335216
959406735
300063492
487193539
786763845
911814724
958792274
973195062
862647375
969028730
564415775
274998524
762415920
619214261
775381527
473642803
715194051
539032758
719032689
173017398
481377522
872193633
650220430
74460852
938828259
583927677
914940500
539659642
248895901
802528520
306519869
162570497
358372207
583436853
26293504
863193193
680489449
247321627
965530722
186691161
580594245
426624638
935545542
560640196
305363367
348759796
177656604
618839240
84529137
955803763
658054363
129013029
598931296
481210372
763437643
122675211
198642322
795385431
977782445
956773694
201114976
427344106
831361356
376835037
950653594
763163639
158282086
351066600
679409456
677908565
302410054
861444902
541159315
967902601
991205251
863147186
535974673
566325076
154447853
257504978
904890525
956939459
683406279
419324617
354089920
187249081
884473027
439832344
394766124
309860195
933063342
892540206
831795024
829083443
820153958
935340246
78329738
236827842
391542295
122908522
562655493
235568441
986591081
687855509
231565360
53167818
367380534
517672254
585551360
10921948
640346223
790020787
407347896
900374736
839971622
700649437
240839990
472923960
254889547
163431780
345572340
44171546
735091992
71440697
472302737
76236806
561901302
397062743
746210918
59361024
688171000
896874293
761136062
734590902
13013917
305311672
783339134
938864881
91526577
436709401
15367331
984080213
557138607
169727156
230281435
664478062
953252036
42231214
90046900
259659967
851692505
200038219
646347606
504982004
956873635
171676221
940813533
41486538
988062312
216337021
272452847
224433856
667271270
671703560
214462994
305578438
612710048
281536328
797301812
833019360
577067789
533612916
386192124
540554219
548555803
240696665
966373554
840481867
892916781
679580167
168432090
504043291
487083749
214456216
647963678
455238700
487897490
818947213
857571675
335538046
51655281
593744731
385318139
952173404
328290057
951366231
275426387
250584993
214581227
645506247
522558190
232108472
480690963
482786949
990096715
280030516
83822422
493382520
699424696
763274364
637427741
959241934
925300685
852283835
620220762
805822102
325048589
862714115
663429369
305437379
915985230
448666451
211864073
585905167
826499061
420225934
594978294
720650617
931791168
268996252
629549052
768718731
939096754
381250990
710740238
631091045
274610268
792998854
186645689
866881051
279435909
984149587
250212085
161120122
220198203
463058287
60053849
240256478
991011853
808863277
713927113
83389640
542060280
617084023
51691523
221168537
92523308
775374740
217603348
839012410
218064343
468082390
658520731
957870466
631578342
531282202
477546200
340487796
177123166
198020031
584178871
943338306
813290184
713330954
186956793
816256829
780732120
801646500
84478109
31600845
570770345
963293649
825433668
737269832
129837315
719662187
653787161
240319744
261738255
12642863
453838822
133901688
569869172
259345762
859462299
771675332
569142847
597904563
198892482
264474363
162563501
607810851
605813790
418883273
170773500
562636700
384674684
213161692
403244373
279293348
730856187
503794723
776782239
620544088
498031120
115739113
935251192
922254199
94511918
215000830
696800847
909607458
862668318
895344840
548556715
615192254
587376264
253865439
756209742
232220756
105476206
754638172
77506630
674662524
591479469
734450191
548411325
112660022
422131494
196476285
914825360
437153170
204833444
725997928
242255190
485861121
726965806
194164375
185721052
467799918
620027855
801772180
158764351
206207432
875138595
113907184
63038644
791751880
892628661
292352827
775849810
862537574
401622118
643399336
678977846
7488258
222334028
44591776
286774888
336974190
483050662
69781207
829042302
202193053
746962936
511827891
917110814
35707562
846053594
745740604
454747260
835819277
495368605
961492905
649571916
122521845
887723318
668858617
564822715
488057245
607183609
408642923
625110703
369259312
403492342
770898777
969747490
357667578
244731599
923040693
476065100
701815591
330514847
335897834
616633016
333000292
311286261
69778887
813595525
330095852
676923474
183088963
323816714
282010851
759193937
262116275
836849230
467396032
723010128
893828292
812261578
390608813
301127739
51524797
661667874
919137212
940474832
694796265
69053882
860449165
620912358
502556069
376885293
122682351
665509
350378178
202614318
201116500
215095691
6408899
338077971
92063079
213269381
466185386
17116969
676334428
926417861
730900849
133860532
371093055
886708956
123449717
429229292
60324977
903272034
483421883
621980168
218449450
646219365
136869994
903672929
396298225
836154487
17024975
625078723
602157766
959293888
147273571
92182851
38328981
7116675
461597260
978042742
64307506
844551400
874493061
818632608
928134070
623337327
349728875
107366318
257355838
362698441
962777302
319162194
865411880
343017130
318351947
36636511
291187962
160875577
158771381
369922085
982672515
188781212
50564376
949850361
816283058
950465219
185152971
643022956
289473660
279398276
21099534
587602035
44324101
128766549
823816215
353989434
391542865
770284970
647278809
95130752
724524748
758345934
383393980
977568297
905748170
478732747
74596840
139545613
278856650
435941441
747046600
297569704
469132610
960453772
129146292
446600732
324378565
689306210
497386967
827526717
630126598
338079619
564379123
486760515
407500934
988751057
696393743
829329503
784692430
615798519
348361755
540100750
507100023
543817061
42295775
551523231
84691578
722363228
161670879
705338603
18709358
618276470
508172201
23690974
916034538
75608622
42894862
68224229
603781469
474591191
496394622
239573287
367168209
661860686
483285669
195141631
605359813
635297650
431836432
871467173
908857191
3583581
553687912
48846333
924103029
917462363
1695041
501117355
790921135
638594534
1877158
503180067
445262899
238838588
366128387
657417538
72552002
772398801
676760724
418779148
989881358
816876639
300253124
641487651
722956741
544150889
884810761
209932213
317123586
499834242
869589870
612210979
71610468
265051159
136878482
585527004
519742957
515564502
49901233
194595321
526105694
568739532
556275495
75534486
328690209
996795965
870299832
359323612
309185024
708297554
567913095
606955944
60009043
85223177
103227842
303904482
868759018
18007077
688037135
136319797
517707446
364311265
42996442
619146230
603358891
354189319
36923449
102881765
823807627
520879614
678570349
960670819
318377408
765871027
98721926
362224946
722972459
994557935
889365570
410999632
974114738
374069141
998790306
286294830
138303432
36783605
539210406
84636800
375288087
231626005
304462028
618485092
386350693
821910034
950208158
17571532
285508724
562121607
156390525
587356430
122277886
823006282
276011996
717572511
874989204
215563284
608049533
898411371
358109249
574423177
211561484
386104032
926268511
275231763
553719322
286324356
961671775
446481537
430987028
609806329
34401375
751806230
55261863
579848893
581930898
561502256
719280233
467138694
264958619
312401250
229216230
801843202
403399462
723365380
487863586
118141582
238275598
627637069
707182721
286956927
416548241
675183126
445922418
880057315
314964215
26462959
135601237
305257995
453632247
642501786
288257900
337127139
388087739
276635338
730333038
14433267
571056206
123735506
228351051
514687367
570491228
992805734
697217821
299579683
460877217
130978285
982561430
918419314
202350758
575392876
895009108
120673601
543201357
227237033
113451205
9168446
760038318
315001645
180348015
558871696
210238439
748736964
601871213
520077996
908870546
325800652
874593847
409928113
837137768
863925519
952310900
304543842
448067807
730432706
311203519
63851890
159901500
43069922
264427649
783711202
322919879
156518220
426903856
977297387
195951538
364875241
710937043
259775391
779120763
988587493
197284168
875300245
272128152
152074315
42674989
262786783
810460634
362860952
835134042
550982028
90603462
45806956
869372274
780168804
849555953
862576115
512686413
36487354
223539336
760587415
261259350
528716732
695853342
952449294
936592162
637226509
681801777
553207206
485598808
49731265
42278201
481989252
900004075
741595299
533159962
9073832
743900230
582793999
320305517
204153622
595907544
924394828
914930098
660307069
946454792
743448391
587096461
611227937
719708444
956406859
785332576
701027231
660219866
757395046
461024378
973528560
46179105
765960487
212260397
249531938
264501044
635085594
817770267
120700594
328277420
911921025
713860926
753672849
173462220
223715445
4839438
725814484
195248632
334285649
93596070
571488525
109226123
991986544
569836618
29901494
463925689
272921961
529100569
137477764
857118022
556941521
72770988
535085423
527219458
943688106
692924887
544904041
932860331
166903791
941858996
812758435
362442499
533698015
722835038
240378457
779586900
281757296
615516581
103033917
520441162
435861075
52462269
53363998
782245908
383836063
469154733
465839587
634133646
740731423632194204 473559357 317760126 38515349 999999929
1000
497878148
385538801
897067981
957916743
994936970
13460117
999932097
522218590
824245602
601187339
176259027
785658396
318856374
816235109
523433790
872405948
312256211
701440363
778731764
572186299
608362911
608439171
741164885
376149519
593205500
710150182
264164541
252333776
14704172
98444998
570270495
720293761
417308648
579716513
634274739
329088791
30426296
486950220
507814746
979876813
508245025
963476554
693283181
71812621
93990899
477978715
522390457
284678358
940306146
126645719
97967211
983077316
152719200
747990318
551205749
111859381
569734796
759179208
188771153
926876691
24956532
271230212
243751574
481438136
321034863
581071482
946536087
972567245
847494152
113746976
77288236
2440332
362452605
451957100
920484657
304448806
39212182
258466849
164127975
506919217
753674478
773991817
950528875
375635389
118753285
39786867
22707208
946963662
517337854
24320475
674202320
873427946
14513254
926120792
700231790
162029470
506329095
737774073
848212530
296133711
476983657
125165694
806738860
864001070
480105387
700972561
457423041
967401659
356653481
187076455
82232859
515296792
154227765
266835404
937769212
812454154
295249171
873649374
312858442
898389001
272172307
812966433
486860619
173402837
812002400
702958525
631394228
843805699
754781534
980761885
707201303
614232468
464170086
301121378
669386258
319052841
821660292
16339536
60298891
265897706
714722615
950152156
599096579
971092773
413307236
110995647
810367681
707105276
337865931
782494922
228079784
87399088
62239720
897311976
854574689
307732423
461817237
501979261
434517218
93697751
669649133
210763418
54160373
960425806
160030006
973574093
708845658
886775109
285265909
973890903
883005645
345992297
146601862
418995703
275277
895658813
122465012
113860286
543635692
807520933
463934494
570209662
382349809
200280481
157399626
807500742
870203583
31802171
312146109
256893768
156028014
333448655
525672815
225488674
334644991
446416839
48883902
31637670
563921145
950365189
913010746
452191667
994571360
374716054
842594486
893651649
68134525
669494945
19351252
913419487
825267453
634256705
815323717
928724325
156425528
177669028
112309214
922582788
882975213
272806627
122435715
360800683
822920759
332643142
847822900
349118556
913401620
238852581
380131402
525897116
218308247
432988362
99219207
480013649
294701044
944912106
863742274
49533563
798646122
4295854
26084000
265132725
685227540
75338561
24755315
479398726
903360822
285679607
95634401
145862628
156367415
501184811
549414109
632980516
591032358
496301173
838759043
377214794
845106963
419776476
859151398
166445452
294379962
1043869
566423425
682733915
972548697
959095223
590195581
975666081
382524831
469093058
196464733
254130767
373712356
751890856
291481359
714929060
625990500
149052825
920228754
397243936
508245282
83444687
130189740
816083339
22068758
971605961
863524714
845700106
30636501
840563566
393741188
752816228
998648274
810725311
800145608
505018001
351950315
143157071
45422338
489839021
836149610
19508557
795238047
586101932
371435598
504662168
747596978
456779395
398552837
42023369
18967081
695646539
711315899
740846166
690824816
974932889
285406861
248794337
389978045
127506423
309248118
466765943
142307288
688398276
802011074
324311270
322468252
717164902
477553361
389032585
497008181
228610179
331251489
501115027
284529092
634974800
803855375
695908179
933376295
480691457
798896494
646732980
578537997
712532945
541420216
147633990
431968355
732455264
38914668
563541392
834865171
675829976
848945494
593333202
850765579
418218160
582591998
296528369
42436842
354401942
519792134
554426227
527726024
883962325
371809301
656792048
297373421
459390161
27918151
346851449
655808859
839828227
619632128
837515266
308588093
627969759
916778648
53255153
357893457
29122359
394198025
629167557
264991696
188579719
343145856
56302004
744304436
171575061
59696032
341100821
609126966
489391323
70322541
686631721
638877080
420050012
467993727
827378880
12576907
85317573
205948555
447790450
684131512
526601721
41395820
105822927
748876077
913639531
170570390
79427676
100757342
776705506
997454979
3421998
853480140
883450541
651928451
156820017
477718026
160801258
51913310
491085757
597743773
210993057
726898845
423521667
442736356
353405905
502136883
465307475
651310134
370383143
852722380
552908348
668252305
323426411
288310654
331626148
233563583
839596095
192945140
19360619
857772331
645614478
916926028
684268965
512945921
695599962
148390397
862285392
649626082
522702408
14987835
34961115
530150603
567495051
42646744
535035302
518463316
643247425
425292648
566272029
496970637
511593335
119274214
501886238
627897541
914211832
904248382
250908712
367977086
34387624
587571567
826000152
537228757
603236353
682663836
774513996
866737520
182069558
807210871
600737079
820205668
446606068
860747548
139012024
202075876
316271563
335554730
297304228
751199413
55096704
897049901
727217727
565421691
850387905
731611818
4290003
53413282
751526300
956995244
507947230
656793821
947743380
34668084
874626939
682330156
38377295
125447061
935848551
15157097
374267355
13404939
2101097
445224924
331312913
210063950
953473236
566957989
854890161
914327161
761306309
473122479
144873567
846879214
718627874
609792996
784659395
86150036
539445236
384154578
193835696
136557600
135938106
912484268
512139898
57973105
363916561
219156743
609815518
779529246
421617207
951525780
557141766
444111387
952745371
297823680
595894434
413597630
157318557
696953367
482843261
483378641
592278402
171600543
159039330
955157814
185173410
660397510
443731663
9045513
946828477
931544880
666312490
43192090
284601795
886759438
404434202
327505761
113544442
432215335
302390055
37320402
451416723
5496620
331631416
239419321
682589058
368688484
311672331
712108511
661246556
309656839
434937960
554073778
626368251
495856061
944097543
593744332
414676010
983924510
911124549
93859997
509024538
364836829
493563227
691011053
802376026
293227592
561028430
165335492
505868928
986645450
7084257
399675005
234610994
927952428
538914145
505815330
685784951
812115419
158784672
915215927
462759514
480908769
321166917
86302635
863225188
455829568
374245067
535392321
548599869
132955882
367780046
778215865
746461260
908505418
181155164
70440035
365477681
253090002
381769016
956395834
875652234
35002270
630641953
98930763
388790227
519288323
508895467
745017383
517367263
781060931
680469650
254672795
413796214
249653546
352247697
764486425
837813331
483810463
439094188
565567236
909381905
891514354
99477567
429396832
314341925
35335801
712575907
122890293
298155773
923279850
826824679
206912096
136632174
309348927
845323470
110582269
771485380
505546483
698434187
647475978
853947636
294418075
458637579
787588666
414526173
157082522
107803677
302243396
43173751
307003434
194601856
446789991
624497601
176168666
874193657
840749176
825456755
553602324
551792798
6206674
793410825
582674509
875272800
364992429
742084489
497858853
838675347
405789086
728334610
77092960
383590603
588401519
304014380
112064946
838875087
277199198
16859854
673331637
753579654
840290245
911232871
456048891
287512623
611425385
796172257
134772518
514688257
734186744
610588931
654881900
617080300
725801117
778412431
672261945
325237875
634844329
997891943
384756090
733031579
622636958
551701244
22773115
370696797
951518480
354670353
760625913
656029636
487074330
831215888
482075484
140250798
209112915
151305981
591986663
776387096
142710655
457454203
595279405
40809773
398031511
846679460
25736012
59010282
60323463
537103640
892353257
391780653
507638816
619220011
917701350
476273300
432620276
551611926
835083409
308449044
84945664
187028747
973288643
222534142
582353367
192129901
674688848
765538210
453047571
305454020
187226003
723396147
910747147
21915557
583112487
499550510
314348721
580785819
954389445
786810773
1343251
976609068
201003609
957475984
445156361
803542570
871432075
349254011
524763486
776753297
770715379
1901842
421045411
86109419
530948658
990488763
718825815
65767856
46989136
47415838
261668630
850984397
757838259
372196815
159539625
166060291
137972010
234439820
147663664
602139003
486457087
223652247
124049682
452303259
910954207
134407271
136407060
253482951
208187686
431679711
436516524
780199764
453305567
170917713
837025536
276408293
857251330
925410319
920936016
661735610
674060850
646313765
559979260
17595539
661955048
770478533
570007515
13199152
687889493
54523606
539109365
601824192
401866328
553232170
278650874
541415527
999083473
786511603
316104156
991744465
802153661
290295785
516169684
93235927
701457741
558692292
501955903
73297986
977108872
696021365
368565328
217613103
916520906
486904793
439149949
830900720
391890676
818987855
812260963
302640798
354088745
148614055
813875343
402537123
783586709
471232532
217426876
449654051
826298495
413432565
488022747
359103866
553686515
709363989
374841267
571435567
709856751
946983673
218134886
40528501
39238736
581045881
129456077
659821006
610653773
461964333
954229978
992056390
168926864
778535618
341925816
106788918
756453849
166352560
433069916
103834669
522566245
813189690
68376140
954699138
49419602
348435085
688880526
563677621
258223355
206601491
420578227
514843277
461120279
269973738
394929342
193475053
814172242
563013518
949153192
732118112
416863585
88459024
752174212
247168590
433371035
885048825
824646455
757526558
381288907
563436903
412878331
86529964
387366280
871027865
367432542
424521046
538836471
846080075
411969723
47842044
977620917
470026267
255637627
603107519
44301023
631370651
997819570
660441385
560679518
476503946
442941041
498526798
831527923
89593059
633564147
588521392
212152934
309823933
382388915
905775424
728416343
301644922
850884156
470407493
332121859
262036500
887177641
636747251
620036697
885734492
404725729
215731833
47489584
277700754
834680864
913096614
750271572
558242592
149172913
289550300
796707799
407483441
7033543
375977215
