4
323039566484433690 392444282 315019726 698543924 999999893
1000
142672813
145059530
905409811
523652091
812071751
342553967
24176182
735825066
396538762
915184861
350020408
548255177
676573484
442059743
173922134
439562626
127178859
105729206
4981169
70160643
435136497
135307426
158813213
968261827
771706867
372390561
830721336
162760262
300548936
877235223
888368809
341028600
288850263
184676125
92261842
976599655
124311640
541494259
802046876
206502044
262911528
714254850
368915104
101651800
407011365
186646226
364346889
23379124
262992563
212464484
28916927
754098910
79731584
369010011
570594818
797276894
235764579
396279717
548349755
949015416
962971797
440287371
771611079
959882262
39891473
718729266
36286470
272227326
183269154
873943461
706915627
657185811
359984487
914813397
595819137
302120293
660141225
971649768
843659229
544827367
854620725
935349398
827058087
133223897
25038508
818069837
423753574
455625792
693283525
458171486
273481015
698937756
518172446
801086164
828313739
745449029
673097119
661021218
63041617
579684827
968436243
984259207
396751007
578720490
577198799
737431851
375509696
105467294
234778186
654213684
627803139
328913652
650184612
541384731
906912836
41243399
733145654
763228145
188113976
250665683
774787618
361720487
643475228
241981107
169067682
63037726
493685762
585052401
607769086
408920249
708663277
519510310
667520794
440889442
147473413
711852
421888804
16219771
38599523
371706128
332364824
733444418
978451836
882190956
89416422
133377331
44432704
688008480
433362636
317991041
373346371
825045993
40732863
622808026
848340418
282571758
724606765
778006833
243928419
198084411
589330330
519456042
100107216
642872464
575491882
34294295
879386420
630780214
451939104
370899805
996808200
38369751
654106416
251752232
748717519
113524367
965631579
488565955
159581944
595257424
859702680
176335492
203672711
157767581
773655382
48963376
699562040
246065155
492352871
755469737
336625084
966541947
382794229
108255069
574018939
460540195
660937606
426695321
360518759
841050817
272881383
836251471
736270713
508422365
160721479
973740874
519290047
735394000
563499486
167889171
979195095
217887939
73334241
176660513
623528031
854198433
833017118
927354496
205069568
93552154
598402022
950566651
971356048
844313068
418376743
91601427
876349825
270267450
849905598
188275102
783931949
593886187
586517885
971041008
417061028
1662766
681483038
822703227
4454898
61468413
522001020
58736910
900945537
140372829
589377510
575586122
979334405
10517131
505547946
45298315
934467459
605944051
975849242
266458400
388989329
791848792
649287963
291197109
742153248
896118662
281841118
588696447
443720764
87247128
127676464
932340071
789412902
679909599
971181924
720425303
440859577
982370830
165488469
273572699
329408335
886879136
168654849
529997585
877121626
38645483
620658274
738254078
997339892
182633490
662758887
875475416
742819381
786615635
345558869
863122588
399748978
549358338
242260300
931105950
634277592
554977308
852280435
445579716
704457967
403162765
979896133
662876341
128184354
960128563
682160296
413099146
437669428
329845417
903754600
940708431
191715090
144591140
434045214
700306843
360039395
386787164
150881151
323650929
57772492
387874329
573227325
2331175
395191683
179237790
708077951
656380802
121358628
19475464
846107281
522780028
233758654
444836374
316677551
216696833
642350625
256422783
879345416
981240220
171805231
767444204
116586122
877595812
963478485
391381617
3130366
162566657
20733844
253489238
952901106
226197931
572844795
272312428
879621852
472128607
41713170
545997270
308339606
931328161
893755676
400925740
572898271
587239555
297492838
33163370
514753790
590108309
618687021
764872104
112624854
581108244
431241551
527145266
870505725
794670769
519344283
865668801
275425675
723110311
722572885
714280751
250936147
470853876
328301682
338145948
368334587
64321172
139976636
938103430
646975179
559003414
399773269
738202850
622430709
319155581
412986761
210366486
515773444
627099790
944951355
128763786
582165837
421599711
645079575
995519637
470287220
573778173
629422789
351018130
357745798
899253676
280696964
37044853
711082393
229329974
385474869
562528335
42816863
355936274
830277785
783525628
693340051
733304970
827812097
862591291
757995007
702376834
915259832
220946937
79578961
346416414
654712422
11711309
857093701
543392127
563992120
195424200
802614784
199161113
326736857
93835663
115873743
959976268
479638517
662909613
519035059
907605058
40519400
140261865
803701347
436736136
863396347
848645091
108563096
924023583
74053111
794211954
588044630
612092926
885402280
384404161
934284715
821354654
963303643
652819163
517266297
974920789
185232628
505213950
273363777
849834198
741961405
597300565
567264646
673625375
10052013
828225963
770803984
936047236
348836912
425248245
541733710
367650802
284072781
356789807
583573142
494619647
814021162
778910691
378006070
440038057
517292091
814607526
522059322
148710831
658805364
210747612
766687903
213596882
634553677
3720848
92151689
183746893
139421216
511786199
804397477
374767875
167524837
943497254
929862459
200936485
486752105
220912746
579937824
663984533
626989776
723186750
962492851
392726145
324973084
671955275
144531012
581104552
604141641
466969319
112949064
460699238
264291858
744600866
343440266
328403636
670266739
693900545
155028593
789632070
87437610
567277230
670917789
441019261
541507207
640523898
30022960
755054791
32319812
624743123
846063876
529556115
933966524
284589231
779974980
4390619
378391469
639665767
248908785
291572775
40843704
154736672
604343518
798915768
516504623
660090666
223499019
644802274
232299687
990291425
535404928
18103117
409270818
34256295
995546803
937946074
247648554
843681902
38985214
198332925
567139429
838486051
542218756
325762485
579167431
578126322
353581404
768241222
436377301
209793969
558972471
113413009
946009180
17899957
368175714
400584536
687737703
911750858
568693960
815265324
849091464
599950640
703963568
923617556
568410356
387877061
372552365
93390401
373254035
494684347
424706051
53539533
856725739
612562463
72897538
517899964
626770583
368501158
140140749
937366736
21394424
418370422
227792642
311383542
392471137
84227747
639126664
89091412
301433554
778487058
355895112
431690205
671438244
761225725
895168795
370561508
972821625
841391716
707518724
867842910
773698933
220905296
664887981
787189623
612933673
935874102
323797560
680725274
134348435
690534653
240938295
408548203
245384994
447285410
924687153
253228765
893139872
954235171
345007984
197832284
978665421
616682124
5211103
972682293
51699780
836211401
476356162
971054568
180209449
4306202
966488339
643258297
498782425
462484216
783571793
228017066
568707252
764554389
578351437
341410659
247455637
44757787
606951311
473527437
73314237
526090293
713335701
215023616
823575543
128941360
198206605
609831056
195855888
690121257
438585760
923072769
394519985
54134497
39897322
109383685
946681096
705312294
630705968
529109566
570082115
606404358
428313061
676669387
843849534
767611330
400895504
988933386
642676628
276134099
292813274
443505650
131291583
340379319
959496570
69602749
878752628
281191893
395927394
910983340
522306007
497480392
824991935
527697158
143340
709663972
778332756
648755553
573107371
754520415
525069343
836168220
475705221
874636201
832815570
435761288
152945144
122140790
983438257
42901687
400808427
39658537
265833746
722505278
852575971
60670451
732466730
550558247
585812496
900155438
350352790
133168167
529489014
787103097
860237985
120650919
383649308
961976291
686772961
594424293
851451586
528630989
122915464
105830198
843019360
986189734
922354334
972915837
432610232
26538593
538150523
469925938
271494576
380515004
586620438
541643445
15428287
275521318
669486303
423279411
201645043
194814087
814233484
365585202
355060132
117009686
113260035
910768836
685518211
698352715
146691915
541703556
676667535
539293875
268768861
879891619
107298917
215613840
989415551
46916409
689745662
89638702
159620188
908495603
913077317
553350063
544155622
56259795
415926513
796227677
451549142
869813568
260064513
191776057
463658702
800615423
117712526
830144391
298250738
243493894
663512718
250573871
6096117
689695996
797563623
547022063
262868199
630900349
822551161
16476228
767252616
463108776
302169767
596023639
673453361
231828922
277321830
847987445
906767981
902740845
981590666
525956094
538819544
960248694
410666303
380461363
315973376
929656594
895961463
14781105
878141668
942052416
907337530
780367723
850083751
205156702
216180476
813135932
898751421
688025596
691268441
657854646
277897311
637660222
219338446
140849562
417834249
715454005
305913355
341986101
735341701
441913959
758563329
655745805
270844738
914189176
86841663
322606866
77242085
350905339
724893566
619744297
535318780
123591240
37774618
623928659
730236186
966708303
346694677
628935223
157305618
201203061
83983618
298697973
618592156
623242219
444954379
322752644
860236294
82052769
72251343
932743668
324631229
236083806
487941311
185060817
45767400
254182556
406678078
559531783
392895972
958699667
714846921
90734757
968086502
428174439
719244401
690993357
661271092
898459184
720112375
411404076
643893608
630896758
940583432
52429127
728846879
822765777
719201352
714592620
640513017
628923148
485506001
676469772
98908575
996239735
435943950
83402955
632112388
708761678
381173984
113954813
399807299
950554553
919636075
698967397
266533561
338233736
526218461
932670269
251995835
147684836
140826112
602544167
548289893
431676825
954207907
823926048
19399097
620482411
65184200
485555997
416643437
477634219
817649878
531503809
962688922
218340558
219684977
11030452
592216368
51505902
910147042
868597511
121308101
513041024
156039529
274194163
790655228
560826752
465839966
885529877
892420452
372399631
304055325
111500669
191117398
536528944
958674291
425518785
554246746
173710467
654315994
437222184
778972158
512820378
45603821
948873880
520774209
509370142
423602363
507273088
265840006839089425 271983694 470254417 60430728 999999893
1000
188610775
419081995
190572862
53249339
999697353
273888551
564006886
99462648
809125873
410759254
452035357
217538804
728765413
858233673
762723676
594494342
576255015
355437572
137743939
368245849
17010982
170113336
791272156
643683505
410772712
245822664
242495302
457152739
175392000
125432173
161028749
145866484
900828242
209150162
948897469
120436019
99894682
534744815
417624699
644185277
878179267
450538179
130169505
364953118
693239660
293240532
821487410
475565342
603600294
844061594
592133925
295152950
139612307
111536468
421145024
399101374
942056179
579666993
430405368
791548620
700195389
986106679
647578811
446179237
453809826
512351673
547802354
510566040
513457160
74772052
685347346
271087090
254704506
103141090
334928730
662497395
586014359
994479027
444271670
223670175
608261011
143106301
369520325
214769787
264782498
150964996
160470922
513902060
512677259
81233516
256817276
410909412
571198530
644684456
789533277
241292087
446712795
339383652
103365643
825091914
600838093
169575043
631830878
321349314
946592397
368247070
757815338
72668236
131624190
773589844
367005103
994447482
74412731
277090706
791764886
254491323
146974179
725649679
199190247
326967178
119746213
779004213
333626345
21735114
873612154
241824087
444550876
502903449
913420248
428905836
217050168
444984784
31589282
374623189
683998763
841747656
786894676
282952150
319025421
187453039
699439013
792949861
704460734
706299549
161442439
109918694
618049328
804410621
384793223
919800905
930317741
37106831
497861035
243952725
639206416
460632761
438134122
939721953
760968591
36393492
844530154
501342529
18309248
83701864
72936804
705643714
969565082
724194417
149575272
266329755
62115667
486814945
740443639
328174627
924225003
231995834
927114547
968919966
580021970
483872910
4759345
190142164
42792898
733116835
593039639
286362637
547635277
4577475
622052706
346537224
804457381
713349656
814911064
712635026
157688676
436021277
744495980
179731396
96374514
100312087
717671134
666530479
752271927
527459131
765184383
225725199
698464642
224059068
968843838
39010535
583868159
300520191
930443746
718187700
532164562
99443449
104099187
181775681
790753695
824839727
413272516
738552153
1378556
294461812
855316161
168600407
653966019
789206376
759070357
94405849
259815342
753578748
858415844
789098411
763037185
448298444
517136158
966460417
861539172
698978853
504407595
77123098
494750851
784647785
974252551
996671755
111087477
238455888
166423724
219153599
480341625
275410837
988478300
434391680
349666665
736238985
596775777
120883125
19666532
672125887
128524112
664411812
165508452
317493192
883691512
799609189
715977335
771819545
406924584
149246533
126136310
182236749
105992985
804662386
671341044
912781485
671493274
788515242
916214975
314318150
561069604
277737652
727888468
805891859
547591277
610938192
715223093
700510226
451587861
305773890
505533572
33607062
766846408
181037986
671750655
427193371
521980144
568735258
850292389
530082702
267320668
188905349
786644568
383672217
18829124
325563730
751182019
568970671
106437859
934898549
304434220
758988042
393656250
312004960
180746682
230897235
45241776
624622430
231522761
329831071
446073711
364838940
44152517
81052668
607756406
437070186
211399446
23556103
387049076
403695132
563407262
831632300
12575383
944939592
910334463
473440088
46749095
353503554
558202748
911764091
861948704
865568200
256089542
721052405
793287611
783198197
75018719
530188282
194385561
298082478
788706935
411803898
415194301
837958101
155648321
398484088
198113643
437383809
788542129
802956015
212749856
794288023
601186352
935288725
339789129
393074632
394769648
824880305
714767584
437614281
118201813
241611375
359572694
181486672
236043489
827590464
521380707
358949540
587482983
668000986
627320634
696286879
549495329
254172583
555148308
128683562
602487625
271626664
263634899
263258697
860876130
622436653
846123805
517319371
852758347
382422420
302919150
835219245
428044788
634945062
681511811
299094555
422980543
241998044
385834261
333796049
146455677
221958333
739302080
35842888
465523028
516579904
733425512
294278669
688394863
73604330
179891312
94842451
806072139
616235497
210709741
778074214
957569950
755663941
467695925
59634602
714725692
451286561
136118787
289164421
957919711
106166126
514381151
733441364
539633389
346197897
590229135
282356894
723697060
597472881
647342179
216331231
351856970
80380605
939903391
342064203
220441008
234149796
260975912
461792400
852343440
161355265
642735445
405797107
81912128
444132942
700732531
372666192
899300112
524791951
251835871
28048732
308746499
324180572
513518899
332549269
714620564
585644541
506819242
806669815
735456299
757573372
935447123
769782270
74265429
181556872
932402063
629827835
603659598
409015324
235824274
594926960
89694435
243825676
63840464
273886179
817738781
265527670
129371055
330170704
648259236
483734751
574841403
49384656
192861323
783253380
978797562
534122396
566252772
607234198
516945752
597262078
262522383
592116
787922864
94480767
976183489
418910589
900531858
826772249
406215738
549497543
274400102
703471307
218435596
805041093
127382562
310376515
98227786
680147689
191337434
472549428
18670399
353261638
886410391
313484117
973271695
540618448
225193288
376612039
730365223
752953249
819807251
725628152
470292530
57615628
55906934
918620125
163945987
231911262
681785442
414942299
411876940
664932582
802596460
900477874
855746879
984851832
811268201
976635939
733261926
273504155
362707863
609191072
154473254
150590722
821897317
816665300
623706046
847255399
643035765
295586392
183335221
593680274
962173809
353381385
180936667
656194634
878162512
737100689
348597310
806263072
265131806
762969451
75025060
10802267
841950164
52332648
88707685
562070639
672092228
254600715
834959505
870661428
145819594
605631457
581670907
711965568
504594363
747506079
159987983
489408676
475611549
4522980
737275110
606870164
588345216
436945000
182923200
68370217
686173731
746861877
223115060
28897205
819753539
738141575
317648745
646980516
438024690
553638514
601717677
992189628
595069872
644014062
662839146
187314197
593704832
215042098
56822193
310691675
240565499
67046693
430304508
940914944
541447621
501968826
40274429
937020418
616473685
149965386
625888638
949410729
561315131
554255663
248306937
843012706
580415977
992612227
829286435
185471732
59431016
381396903
820083638
739221281
12699475
474018726
530785786
449492236
273723748
155558021
303159625
773091510
593047279
925287378
122346952
128213649
80807580
26896329
115416899
962527351
466277228
478203698
133575001
216075094
409067008
639951713
463386193
340268187
105993129
246414317
596376864
220821446
803772933
762570949
918510506
890518527
277238181
752075940
603504011
588821733
204306906
648235945
263981770
79834064
161282172
548524963
983299312
489390524
752285767
955606018
123026070
156445810
716126034
576691706
976467453
951216118
558102439
638617
232229621
614947556
966944939
655628309
341106611
238387490
238331711
592386993
949324075
853700125
416615769
508838699
410954800
553951731
174905911
181634333
408964378
762185844
123014567
670675078
306199843
487557457
292716450
817938573
817338705
481569780
29228718
11383207
626674607
598926285
812675379
119645024
840885038
557585401
527940101
967265743
575816355
274965230
722265104
71724187
650527246
538257316
998029587
340036767
289031818
732982876
312297741
509774673
382433753
543349440
96906977
501329630
283165242
529972699
328841439
691586773
731044437
514718246
367088541
668676259
186712980
928861222
621833030
581043145
929766253
461732115
144820179
276250992
635674057
340507195
944171866
995141341
630487812
263555551
98271591
178136948
260884986
397207309
462216360
462947464
807021602
220027532
594652286
903251022
809031966
288508001
279235581
9670688
467345675
543906749
449217765
784738206
963700871
502646211
76894095
127138783
227248555
382699292
921031061
855864965
56965482
655430566
955010286
888551598
55724612
507257589
908888503
769083847
555669754
132705980
440604248
5445178
793848507
985935684
779067397
100228567
804758673
845254368
916773286
556448878
637176024
374807191
372634117
739000029
726619608
343338558
391611075
264667332
55097418
590956632
497454685
238852179
428275061
703986783
396898964
456277554
308184614
758852648
861573989
451575242
782754248
801077112
457789966
289920672
898759274
83114652
382680511
459602358
613631622
899243719
731044905
547866158
405134259
334495997
78314005
615723475
685739583
734321707
688846616
941237029
326447409
849941353
934082130
22593685
665291087
970972743
611017145
292222521
249173844
889448425
571865681
477611915
357715846
77751391
106222933
723517568
190176978
282622126
765360255
363859788
714217586
650848269
841970061
397958652
186582956
66134070
813859933
300731856
831401974
154466301
701719227
845630742
541765114
98095156
304591497
90185635
317736482
248169364
672266192
62371294
432149608
799143964
790152536
2583932
651618588
658206473
913473833
292630652
398821163
732604904
20158127
535724347
435241925
828423538
99337779
36129017
877349323
293556365
164958163
397132228
544787344
277046214
118674042
612345658
769883134
827218133
952180874
248906380
805684308
415043208
29250687
315662072
873159511
216755414
387443977
275521042
181390562
517964358
487785496
54374988
965993206
389527275
679109901
606592262
522855893
59806896
333461803
321030685
993968011
845912831
211003060
545820865
691347961
874288132
397916745
173419854
447763779
940788960
21083283
158655847
433649689
817457415
214142571
991619936
538956821
773891505
645206856
11542979
899244408
132466764
96805594
488678249
752104118
327800749
374334165
872359448
964130977
366644107
651687409
117175315
667614023
23429998
738189907
529209741
315462619
590067890
377724852
961224115
196431920
552366203
177877684
106795730
274370422
711099768
72285636
484695188
408552209
581922412
534963932
210278248
778578181
475002488
840674558659703943 789349825 344082499 87276998 999999893
1000
239276817
121653283
194846868
271010128
452893984
897208500
136425645
463070791
341418490
525255538
740003946
584812961
18905589
508755636
990544904
117262911
484514731
169441351
100851834
934692429
14288792
936415294
759715124
165755306
863963214
779249102
606171017
291532476
404709677
159806623
172151134
397208391
888059672
698767440
103075030
45283621
971134223
931268864
740866877
644040164
246560528
355203484
677342310
271849889
812610019
60870513
210204123
780189999
860952975
702661669
807741883
629289418
471868423
54493828
20645826
19047745
313931557
332340576
452037104
883224173
221146715
592162214
810017560
752453334
748697862
400229548
217613131
198954673
607676499
127414981
264121911
682905060
828392239
192359605
961792981
755304501
34034101
859618651
768134900
15174082
461155016
790161045
599934854
394005976
703331936
986425698
761497120
153852301
854282111
7314546
89754720
858636040
408446070
181399427
62435426
415491193
574796083
427489787
402191733
985451593
800733377
23748445
860507863
554821756
197023294
482611259
490958274
991770556
291775819
605635410
345022179
740105129
701782022
297325973
285325908
710014083
763172996
916311963
936925955
370366866
354511783
441754212
239766509
200461625
154423919
581580305
799036189
952086162
818462718
17409709
475379240
334957784
952429625
856697516
768270044
447093219
133044758
997564364
54722237
884284838
653528673
111324658
308116247
184097005
987813747
453067912
384277446
266522023
866429388
794949462
861223613
478785626
32561478
192944910
200295122
92643430
244148710
413783614
42752400
447404593
845219093
747025154
354144584
597295941
139011135
727569890
978127954
314804565
803604162
780248894
132164123
125144679
80181182
79829096
839607012
722603875
126679690
524455155
920586386
855067266
860958503
653270151
700529468
826852694
114940747
670385799
852727013
355186274
408177979
68586169
60373174
280339911
119901140
584490948
708980055
392521181
615557843
295900268
38003943
639809847
476592700
6375747
32904037
334211433
623305801
476396799
56634644
542701711
299316279
209280685
952289479
629256747
181375698
16542257
747199165
903498766
145473978
524920580
637100639
514627824
161818491
178553870
532691095
929138210
472086377
38603698
586581286
106729459
242620013
24460647
232603942
137472608
636385915
844265418
31621902
837892348
949527593
897750474
270814673
820537353
11780184
908586909
499747818
152113158
994003824
153113339
451049036
120909398
178348729
328685126
369800258
966565102
31897947
764400953
643862291
452955542
861921517
929916080
508388505
250673000
819402166
645844441
543830940
272076977
759671079
41600577
879560409
663281412
292763103
675536717
961921581
18765488
97666588
778829720
336880567
252837293
987086436
956611320
838565313
464112898
387071352
927519101
443876344
182435900
729847502
560003049
38758750
212487601
288405436
671120577
791440660
339656798
132101122
454788780
220689153
42230036
469188236
841323643
643636159
572039037
460824266
887898366
37779141
474865229
899746308
781051032
590924193
497911674
438755738
150202293
235944796
157945954
744729427
906936333
697041849
331081047
358800702
758047785
961121085
310548043
358863206
552132814
601230965
376855147
89346870
108817455
702316453
536599658
804519272
255233528
655537732
136077558
600620681
210554545
678750733
56849727
264583528
130992262
376319471
93842125
581538339
962854358
726631649
923692423
944810838
67804835
311678917
845128124
792144575
26820609
599162554
797583375
410879459
544618655
11374403
786476635
871384772
843799360
579737156
436854944
655654915
907830021
690625611
941196635
556788345
591817291
21305850
993027199
9880498
668992001
870319980
577848067
333379573
753650313
477512612
815985692
54960491
186823121
882158522
959094888
702594819
853590648
854222266
760613371
114893705
731478031
686706619
565213637
155625157
313743073
213496122
637788609
255921102
170504273
595793776
979658760
918766972
507946065
988944339
282231925
505178606
143853387
290154
474499898
470709982
533797305
291628134
981141297
670189864
789072887
479654994
573645252
836587767
398335632
433261765
190664770
662878324
692281119
102040381
60564628
922169423
891391490
215671361
636125063
822449952
14500000
740579102
109208400
28674542
684482747
486314983
674197696
852925866
973076493
709494198
925157089
788510313
795414866
220609298
815913992
803151171
894250042
289569071
129285599
56555390
838734865
244444514
456785804
4814699
149361947
43658234
998240530
861420320
656738925
463249528
540695914
389977411
770896731
183302847
986355433
365346833
510280397
952828912
332170253
854786835
335016849
20086321
112880345
105223413
484296181
521403306
91507790
98487006
372902874
114389713
870922181
608398816
905586240
592970219
346157750
386736874
782110899
747208052
666301219
931984841
291932203
340933936
174204489
231925298
410495575
322853343
30296499
928635811
851132715
218361157
377904665
832474863
978083885
968822066
928391670
553651796
871775042
486959811
557145266
748133668
2916853
7460972
314464666
335748727
556837249
19114926
207813895
276251159
491343108
8657829
223023307
434178184
745973498
387352900
627306855
258383310
700401472
375680786
92901566
520617511
297308056
432351838
255962870
139190629
61649838
72367611
817740050
434150066
166553200
352077466
661014748
191163004
31594536
701997880
556283349
576847789
314788304
75221991
129560496
673124537
985700387
665508830
93542423
288298829
241101273
924852784
569027949
525870974
517471032
138642870
4877049
350894679
300593976
767887942
650280405
556121092
530692843
212803175
205251897
624882301
340485137
634343724
362128070
274837876
28777387
485449976
274887250
490000401
42816899
352187841
181062383
69693613
849515773
565576110
74744476
422049292
872396167
856764398
785775401
823970648
596696299
436342547
839531130
311858503
704658751
845312055
397467174
584142261
777730853
566498426
489783084
276836415
743191208
310171688
946205426
407574398
397907564
989589574
948219600
180888888
969323720
307910192
768202452
336305376
578387833
982814247
440286935
915615436
783717772
393804866
914999557
458696744
801868927
655576604
990524292
374521442
742218225
42573224
263253151
232183338
914529405
132096585
122125746
462482922
333663950
911855436
933720820
451595416
678639424
220409141
684173707
601483188
932528775
992181340
648655876
19610111
645006156
199567673
365531977
150653807
266808476
2470792
913358301
692357431
34397612
705772615
455152223
766917608
154554365
32451601
359450388
861245918
32579990
499529253
531654869
423717025
420809102
880168837
89760908
132184676
216801297
811586710
736777144
711440278
841576828
403867503
299314888
282623693
60292011
143811901
171149915
102012921
871941129
16696661
143112772
254942089
153868201
541856171
99191504
83318470
350645661
239947456
106092666
802413399
304380950
612148786
29288952
514919526
478591436
130361437
6276946
944225631
748498166
649214464
90660917
143784426
147118314
461605552
50028014
944321897
255044761
295306116
86781181
806427663
958611711
529934287
297491227
951281509
499925700
788712462
288252052
638837132
769508339
671351754
496036708
702664333
485725421
853286065
450542204
169097378
46156924
588089505
462804038
364503454
764168884
118584542
710858430
164172458
491684827
746406595
58967091
325158060
960345531
99657471
516268131
76983779
105229576
612856655
315082342
69789126
237451361
133956070
403960841
968893848
633493778
576778547
327829402
413072263
620205464
522437697
127094854
285054780
106255638
314162879
663996038
161561034
514611733
272657741
637383767
288448465
604823376
611883188
257960051
19115515
903465555
146415713
708722219
28797313
387024106
554150959
836079790
729095035
425486290
479962669
5040907
799503998
171894234
232533145
351239681
524684358
329464963
856920310
130259438
605861126
610355953
824849285
679013784
328132004
831673003
626993163
924323790
509522918
188599858
188239310
585004610
575439599
841517169
131452986
926938235
328623601
890231563
970955236
322776321
528213748
775716588
347559990
459479204
845599585
82279891
568413265
231579137
902963012
741886256
372020616
238241715
113937414
567988055
159784892
114769139
114811841
848048864
788345534
918037032
865829649
722641885
546225865
568253069
370335136
471830899
797053579
892507702
773845028
113412608
868930817
488469325
30900024
485135424
266100865
371403759
23191330
282196331
770719950
465520826
644640012
132099848
154090898
211066019
654718776
863603070
22502269
339411870
523089522
654118342
996324435
845253929
949212097
718335236
380419283
166186317
754484339
505481607
16878137
69762864
530197956
932844281
850810300
819491089
784157242
723538551
191998334
830994852
927657198
24351483
394555907
835794911
125927578
760465253
34086141
258372811
681402084
630185049
10910580
391602877
614621157
331727068
333826121
931114210
918790832
800649188
105008157
574287575
711734161
650004785
42576873
3209707
976497379
127067081
431946577
330909900
784228026
523756773
142082318
469002106
782789514
467911351
518040669
901230381
807700235
376949486
502411952
32097091
74199220
818104174
227840716
48615591
645701735
357242153
105582908
529742705
439788766
614646040
947306521
683615809
521827774
287463124
252695356
721601617
332878905
92586862
160250534
252354232
480355800
316315875
266390556
142662681
385805874
299928493
650763783
190658023
631039025
810832128
954649341
740543257
811274488
807806459
445105061
251390048
399868813
172471616
240082209
754696077
534757318
983009938
728107201
644350673
850851344
214360717
856620970
131038759
393769640
771094896
390528645
98598616
351518929
663363943
206962080
513314799
817885395
793853767
613371459
982359430
109642564
282763532
550900543
649596928
98804561
14169458
684698177
517487098
22653849
558184384
882445934
828133392
356118846
64656412
175280474
212023219
867851410
901999037
768619679
613959340
925121285
342466094
711959237
476388741
522349791699826828 974713677 602084261 908932182 999999893
1000
137540404
898071186
909488145
155111095
51898291
458568504
80536149
549186069
750316025
335681373
972253533
929456840
328060456
597776526
318247438
734053926
498053011
17761915
19030750
980962454
991745655
467881531
557570589
615747637
407192000
259053082
456102064
534489636
488530807
14700222
734301374
608115535
878958325
27421405
863270587
151182240
934405873
319174894
367075047
822136674
726684934
640768316
74085259
84615298
919425095
110131960
154786480
552868310
358688365
941606773
874094403
644084637
160852497
713341807
72022419
521163548
173619467
522446383
378951877
95560516
246489645
519636901
383048900
978390723
171493626
391902739
576526073
756408000
802166845
9405568
154122311
756604343
838781118
265497425
97737199
290866807
256233629
933766459
250510122
677394262
319847249
212230724
134294650
33490443
637965081
190137212
810461458
137183032
557743253
27463592
293586551
885012715
24238085
61555813
856830653
677796488
716616282
517046029
438504547
107677349
721868181
899860463
139790076
643079062
269682280
385802655
439737628
738838573
844650545
485936986
578667841
777592824
961473055
724094144
894061801
204010981
905867904
242193830
867080964
513607581
657513430
949157167
816071482
257661511
844422824
708024535
270184866
500337255
302310433
292898738
760645388
370177457
919855566
914617922
994691961
699118484
350738228
210932304
72518127
440929912
384497389
667569628
671097523
77292802
209151536
61506883
284355454
800533869
729353575
840515296
435973310
714027709
254501299
922797118
430146687
12466563
150609689
700242406
386678498
261679832
250278509
105631869
602322138
322538792
526219480
302021262
488653458
976132267
129663033
716290599
861958764
444952516
495439306
614347717
183613076
708637766
607281698
71372249
397403978
964843643
22162464
542517591
245110622
838560045
78357060
344809184
306568865
514076066
848909111
986325448
750542594
547875742
553855324
944936579
80233412
867060122
532849901
434959996
41422016
113596323
867323631
886789712
42933647
286176788
811139788
923487982
564506087
696788595
79165588
29640541
952976811
409819772
469953887
882190750
362981006
34897300
10595500
954078431
522327088
749136185
217291914
267309160
594937700
973432545
558707637
150679612
188159010
238477842
595874901
330496293
690705402
872712442
729202321
404079756
261323584
403325623
8182628
542310488
687514125
942585904
631273054
151989611
681728451
657264417
561040288
895970787
162625790
682156930
931010898
397581229
436420614
303650760
889257096
559284372
523371767
265784698
289892203
382357951
341545596
732240600
653130064
632379103
6273669
872696164
560142446
649339674
134881089
65272310
800877381
318667940
208547965
672789816
290835302
756318432
701663514
453043624
581935855
527835193
457463799
12295713
155370942
443136199
674741319
344596720
923870585
69140046
304336460
57664990
987185391
689610496
628412047
387985783
239118319
881214789
703612240
188644451
447953309
31722913
173769996
504634052
497517458
867987449
447356642
572567356
469463155
694052019
878569201
852830835
687264079
388941876
504506966
513445805
864558954
669748821
912427274
350069010
92409794
577034235
24658622
332070973
773205798
697835880
270308699
523638755
333510089
52990291
537840441
253565215
815924637
550032280
26432428
676234403
54116184
668668878
844979486
979621392
145713063
498783777
91963121
52809541
777540730
672520762
143461257
460432435
555548551
945559473
537348044
180094439
862714695
446640323
587670857
928322419
572198798
661238416
794087845
672204759
436274969
697289954
89698869
615796054
360738651
191018461
815707110
395132091
10095486
725020110
517531128
731493611
377685287
866269490
12746499
232775786
556649772
66638667
591396235
88611715
638738868
468976916
490604847
478591924
220462571
161104805
786163114
412923047
934472058
874334713
110073573
787059766
860476255
733534756
257642271
610879610
521823117
454955045
338405410
928711286
702706177
41281420
234071425
49952511
843810157
103300867
250931797
623378818
15453430
298016359
207572309
492049921
605135979
430128246
184976451
675141133
202511997
641020129
200238578
439652706
930066661
797806337
774779811
116622745
371655706
130221807
615320628
145383492
934063662
747230213
63588175
479931355
33657291
382472634
20868334
594874449
777816662
54903012
165817045
947202096
13638383
704512973
478458746
249072582
300016989
444723755
369499728
512024067
658991474
830002728
218107484
915916654
441380203
889823613
750239926
348503705
322663602
670599652
777932286
522554640
337584121
745518237
724941350
657471715
821348769
13643283
37538737
580013041
91507324
251320976
783206321
968499714
416683844
289592127
172108841
162724671
924099244
855539046
746360594
945991554
361648465
573739854
268776175
179100668
780592195
437582973
938139976
649533851
192958394
56555605
332950991
188582735
528726805
209850460
534285037
902906712
114627160
794132583
934767458
487272840
576090315
733088469
638812253
656540360
131482643
611642573
716863483
498970342
585503613
549696469
188291231
674051336
979929035
438223256
210626756
282784992
197728435
556171969
501963433
226670914
513679114
346443700
538979719
148414631
241120520
761969305
547392070
474715531
96084297
160506244
908824533
202271847
35462216
911238403
168077207
730146003
541976769
819906914
872825787
677123169
346261355
836630222
235394739
904781130
229045712
692838825
625385579
996228250
888979824
474704137
709468534
434651947
794518859
243147230
977468345
366530818
660060768
554616445
784524965
663277806
517112793
57786075
431293640
313184419
421039120
913008851
68516426
311288892
423772770
250492526
907720383
536572553
609358211
457592127
909340901
67727610
797553321
484668325
129581948
710661742
630461358
409273235
534646921
368065168
753047531
965703064
644056901
566811284
57007178
461996112
946997208
895273721
630427341
158899340
865005044
356367721
994916873
116630290
971167071
269634446
212113035
443777902
393587274
355264713
211231881
856597556
843279043
152702649
603520557
189475831
73422978
511263043
662103160
643686122
435283350
203014021
449151236
104241761
68860062
220320152
345645134
850655034
776716648
312857261
261525220
38344350
947206914
238517108
242777509
634214787
528950289
686592910
12613465
391819941
895227038
428194855
779469457
908283643
535978639
352187637
113133370
645868720
38771500
439625046
694347507
923587511
92109607
723638454
556629170
853761900
584449092
491385814
51922649
678097198
943254672
576887434
543479879
496080921
392379142
237633320
420463621
542212423
779208093
380178869
666100475
320488336
86646271
606077236
995039261
738620414
54015133
525199284
723162773
790884957
450949498
670726625
907633590
664338247
517605517
489108251
618277549
267028053
820358201
438495901
154528033
617395648
749764833
461472234
330921032
357983987
40508780
450528916
110592436
141933411
478229636
204777300
392744943
224152435
286256065
611183144
211211007
146872532
191396119
344897115
187044248
516456441
380215150
171945387
113546414
912668442
990053795
350825243
869637575
801676745
56210560
622540078
116794354
205436015
761460524
78670169
572202232
678713380
360147035
565424174
519928294
210237408
744191152
168907638
676724537
768763709
3582139
784253653
420753635
918365483
382372876
677650531
963261741
679681540
788130937
295923813
915572954
267246717
811869178
546583729
496109129
892722293
461811978
991910768
210764812
416546943
83130886
275558241
34709045
123213964
938004118
328398630
598443940
43320220
827164047
322839129
845589202
409569964
410505185
731894272
938786981
560004549
42090725
212397127
930862859
779969891
322405875
288295823
538780704
61772637
276806289
644386588
2950131
873639177
700334385
654887023
397188921
906896396
883297006
340210558
86056416
368258091
853834531
698698844
976045647
645983337
239475726
766244313
140265581
477505018
577292636
70265355
228942803
908283006
885954088
675358678
966512395
681559798
53638191
372681312
632864113
558036687
627713545
588166592
331216314
362544404
754405631
550303487
971146658
656959463
242219353
417801232
113053511
319360307
250427850
668215455
246242565
327615987
809757196
282297552
206640771
842380010
540044712
897474034
735300502
998728851
65983959
19558597
371810470
541274980
98083752
237087672
204258167
847467741
427936776
453840830
357486201
554820410
997556092
186927134
324423378
525730275
9005950
429327431
426771879
33464566
212689161
222520797
63262349
376216617
967490405
249992835
982140980
649644197
580444568
827328134
888906962
206016592
646634450
231861688
302504845
646287640
397352920
219332443
66690291
78739885
271101777
767654629
369845501
851811774
461157499
852644315
235646005
672246537
155334118
350511540
798562058
582990458
489348430
391010104
940622377
613118490
665040355
349204235
940364112
947026557
800755503
886767463
842995736
534387647
925855827
445119779
160816032
652173801
774716420
239159345
851765242
625447945
522803343
788714229
337448785
427685450
447112202
12266134
599270356
541921339
590821135
575366133
743588902
194707203
990685914
194248195
790268780
254169082
562897546
718019355
121360603
422313536
267027810
532469601
946843952
364964603
57280058
30407980
307297773
680204031
286581242
518225316
837733668
301122311
506827077
465318023
942005272
961551573
646383055
380431695
263639663
370433786
564862444
7988498
141581438
30079213
709925038
344168260
421071932
29721275
550080360
601414242
264192572
387473762
679749831
784275335
314378620
577931989
563047747
573101984
52859525
990475835
174617218
314628157
47812473
41721211
499583755
465387886
499627776
659921619
338181640
230679534
676372555
22817157
601090433
68460457
450835387
190628640
65098302
798792379
244550698
569614170
681955265
589897974
554899285
857235141
894151387
846869892
47040455
968308915
768200199
622205357
354369641
702000557
982182950
823872050
683491566
652318711
341755535
937700851
30615817
415543675
461943722
530009012
