4
849354274388846428 404349103 592033576 58231993 999999883
1000
925681073
679428451
595104235
470093160
140584543
105845695
841948383
224272875
559165893
155628266
1633014
620235932
73467620
661759940
218863471
230532846
946024927
997352944
44186502
522935
860117859
666405606
763328901
37787960
240263954
166222777
324695231
874955953
934403599
391688206
314865986
935991447
180645712
59391319
947012918
942605334
610476959
898428397
578220191
399420017
228921063
165358358
598363978
310710641
956157902
554854738
581825034
202911182
563322811
895385412
178603969
416136061
302713878
756642346
705000117
518835870
173322401
203428302
240180923
100611563
795107293
412478947
607790371
182363938
611302119
484489744
993677417
533294107
614655826
523349973
56113052
666399674
294919483
143072840
487842660
121550247
65125567
591931297
189296511
977471945
391951082
195179131
77975519
219932254
860085066
866321634
607590494
953078686
887515197
730773394
700222444
295360329
649189082
738064555
96832777
321575161
270968765
425739520
288978911
85455999
198362088
641801712
617286415
330286339
35094735
262728033
289425540
51198292
28652495
529618384
934209189
123679299
254648323
652293647
281673003
715723081
309317321
569784324
828644743
985040916
375352374
493831852
27320963
868235261
884623423
812922549
150603608
48235569
901403784
400576444
292440488
319694467
817833804
602509503
483072529
33284517
710435292
643473594
97839832
505058175
6836783
771097629
628722866
997939289
816767566
310036191
365252541
435026107
638555443
804874980
977035180
857632193
278148442
597216321
413488680
901114667
507838841
504706189
967959688
929232322
95413002
398642888
278345684
317142798
385527260
825103613
966264629
698384782
711443036
434135469
535040278
68822755
368994534
150756189
683203963
65446983
809409290
372873949
987583849
303638981
196059785
413366885
705060497
287495617
754330765
158063633
597100537
745628358
785486241
547712126
158192235
49249815
803758454
391446763
593368024
531840923
407858468
745659952
670019407
296028909
546684081
951598723
240240236
962725907
670478766
755901865
245615583
895755308
805266484
908930860
856310292
308967029
276384800
524334460
852685467
664704564
615284562
371970879
888272102
193561236
312252578
814679925
599919069
487460573
925333898
896225929
699629172
626627541
618692430
885108848
983210267
949994124
395291236
503978794
109386379
822212788
621667956
965711864
893876444
67991793
269057162
161829344
824467010
854959110
150595340
148699859
663531992
1349147
46146839
507927814
375238509
192806217
788325008
823162748
218344100
663338531
576015490
717508162
6468517
810002978
452589429
751626950
954693567
800289085
392894261
158796269
993580917
86720586
154374426
972833517
161155972
239891699
684939982
68475764
668795922
123785059
513627
270873456
517715958
876870093
36625633
988724486
713007174
143949521
989874457
814450192
114391671
538578576
612840025
295803887
620310497
361703275
212048934
644074963
263695073
99475179
447880935
464870381
41551901
190557822
689978717
188101608
262621379
449780116
598933097
488138250
960113405
231658909
757219528
80994752
79177353
10601567
62199750
657902441
875468613
639257153
984703052
50515605
53385499
985979621
797888319
872859960
781160841
961992116
866370746
690809551
821521307
1660702
212564877
658572187
297062129
236367345
625819496
760284012
56173180
561404433
348260533
982998450
985457124
778868895
383817446
525514563
172520168
231034361
575084547
6959199
150121327
524664085
219267336
118167029
738946569
520492388
796952810
576682418
659681118
241958628
629088953
410398346
73881513
544973724
767296634
132491703
577195141
676462012
62391173
933850410
605927681
221268670
493666708
159871867
229101996
698881493
322791295
822732177
351944844
186228738
189441339
117162757
737131457
930106355
702528248
19861157
702770565
674388313
757986945
310407205
474644245
174825438
398337217
992846344
344597982
729235787
652101237
579923877
966113399
850356770
779260975
430836784
429432028
9808020
365616576
201009715
371869140
868081931
723765321
260696455
712842628
540355670
894087453
351877984
61870308
555592673
200478721
362046871
457226591
27886161
881655217
150891660
99831191
750342049
883812981
639976665
198717282
122352800
524263439
439211706
404585881
457797125
282002121
943796168
133882077
161022550
513484817
789181706
924598922
513904268
220618577
360021632
172088871
553329785
656215059
42378601
189879317
166644702
120174236
633521414
152794324
446383991
672202077
785150138
442189256
188555292
14963371
435208858
734622325
231564977
179502362
625270803
618089434
246344171
189140809
408547469
63204717
61799767
365427707
61220127
279516339
405443755
574450631
205400229
212727592
538665711
327153504
942839971
460250109
33887273
704463328
670726298
449594449
492280843
679891665
765025189
497870809
92975352
231511076
435613768
383641829
921190005
550840839
628393545
600443232
855629716
531628966
331385446
742893901
515345374
391979976
228933297
996755493
616098379
342613822
819883542
113816314
432508615
722780629
767708500
637505133
414794213
238357592
208760611
984832102
41850463
972161272
90620211
615447544
791073559
786366664
520694998
516995692
202905271
297425795
977488073
572111941
475853337
302414251
651231688
203620217
266136862
239343714
512019805
289385019
707105486
252565077
916449545
635649704
902193862
433040042
630466956
459537983
505194375
646921903
37321969
537271590
821281152
427894670
261816493
628455459
538072902
742837251
318923441
273072045
641964382
774448913
240063698
825242580
770847557
803317607
116798176
891692722
269475046
494772996
415402540
280351959
457447532
65158953
93743300
66826610
384015947
715999876
498629336
593530374
72508147
569319496
728231945
108519076
806347888
689617338
754932758
303009041
803721839
803537536
888634300
576923614
742732976
717341263
769493900
135761840
608261697
333728583
503484428
995252684
822593362
408019381
17597431
707583497
618936590
495103071
881506747
779240841
280512956
801456076
820611626
473178705
888723701
841008975
915552077
486120472
338536169
782591018
305070532
246792998
675387116
985288799
913176385
889383127
465169356
587607116
406777801
311499888
601530864
577430670
642543494
884004522
146191506
757343939
631029467
382176208
622861457
642352850
638265319
715672998
522406737
765163093
18453553
440374684
953301741
659013545
386407351
249542196
250970751
643456410
293481330
709148865
723232361
929815794
228646456
300214756
996504663
691495471
529260488
290774527
380948161
798575830
265870046
971523304
398290276
579156382
423694024
567873284
568562016
628693664
766912337
602913986
940885853
743649931
441717478
678369444
996800905
765315830
13825853
813461147
315505538
314579497
118575994
44472548
101089197
775253750
541238398
572949059
55882665
482595056
618073371
464390053
539062724
525100600
109530142
143693197
266642203
176177659
518848904
451760014
90992636
611838613
790129787
332364451
62268228
229603806
457401935
988889631
686672919
25075331
852543765
143120575
412295133
56481281
637172406
673133390
138762550
581510706
776570878
116324954
923880825
261919036
54248476
660194103
855350450
284520303
977401500
545546016
272797000
716589029
517532378
499733310
50128295
91653985
482054964
706375806
619668646
397273613
502484172
750514982
578264035
405761168
447086560
16071935
295674462
341920062
502063980
348085599
423535621
298756451
236180766
919358499
386389227
324298105
373166691
413878874
182851547
625638178
23188754
605869818
292384395
345345121
837931705
854989607
780025076
787744748
148350266
167423070
451474027
612424935
746756513
16666891
121523560
457308954
557607067
878192149
511411392
313626392
127279523
860600665
569045431
563266706
10346977
393695847
925468822
780901183
349755581
530664277
608727898
975510556
394855628
329052710
93180118
460355127
368380146
444825128
64601276
254032693
984268349
104375507
570540613
731041286
506562639
54742160
608575034
900036280
592872553
310152608
676677672
380276061
827935215
51210579
349838390
109714944
444325118
727151620
316397505
816411530
379600219
472999110
246553583
219157287
440254374
378990208
307088941
779202172
115427610
381745288
775838023
23765959
41035940
845392992
4277881
764270884
932945916
10836017
736299187
936456327
440630617
169704437
458734656
106195520
799062232
895367221
441393834
493732021
250195919
213323327
667809798
310186462
174583423
7752715
558360287
217570928
240351047
934783389
366569026
670472243
112143234
113260120
106721543
702747246
676758510
676130437
574153947
925948597
952391045
98897901
151813626
278501409
697114424
881275623
317893507
996331297
71172417
425489007
60939596
557850402
218401029
944130912
828779320
57141434
484900186
555659243
928852933
632830100
180811333
149296696
809615210
353234730
387370266
207742103
318603382
61956821
268276666
94848435
400552403
600042377
380848662
707982800
329716088
148353024
475653240
540684382
907874495
561453432
421325419
989776498
969319730
722668401
929091103
494992365
781947682
148816952
328715025
895282381
453194277
571339745
510467570
9727112
760261969
344048678
177756878
946370711
458338832
641505137
660644799
475074360
984807133
423818245
251425919
368832734
330902927
896609397
619627786
911511450
615149042
523767775
829297102
461832829
886353806
440758445
695541535
450172058
291804075
565192506
293206678
200347177
795959383
15819061
462537669
702927247
922725641
1508809
625368844
525089144
361406259
514501837
854212265
136858512
547208052
262229866
529449635
428300229
3750738
438248864
363950971
610355235
340995347
571106488
684626963
292245329
677724960
408612567
966593133
182020648
643090889
961536647
893227435
454610751
464732888
326612036
238760442
996649865
708705842
453060402
402935578
226503548
514342603
952680831
571463271
913112761
119103310
81714342
304105969
476730199
807703840
390853798
712867663
225350943
180405389
676214130
287069668
295779197
706622119
886767038
576641333
553740869
868856162
522763627132386862 989101408 788570178 568989 999999883
1000
996402361
209486890
157286035
310439985
165768583
932006516
42146156
815389505
482568503
94380005
841249919
984891546
866519088
369632651
606905757
851443675
58460488
706843681
262854066
285946524
374942962
600325681
507303131
720679674
589104690
524178724
255834733
445818364
497499363
429132292
413038738
269587476
289043563
458217991
408317781
213671342
860534243
928314392
916404498
401331861
741792857
194521650
280355398
17328553
495782596
500042762
259682181
488270630
307014918
7022478
356373182
326033469
689675942
654151906
550181263
506448260
674905565
109706616
59980279
749254537
211375407
167235413
598504781
446647909
852286935
659696949
718477886
911295781
856286690
805111625
286047673
113874039
571681271
507136158
860864796
136976678
43695603
913456297
691606335
658402647
476940973
156009249
773722097
408416238
100139548
730496102
363810426
880552533
880583870
800679623
980855632
294303581
629019472
193837454
817090097
242388390
698576911
25529260
165747676
963336559
783192760
740744488
577607744
904383550
190736412
916813661
677135012
198446192
404646117
2319569
903572527
750197082
683041083
141302413
77031439
683441789
258616904
229912004
582664642
488386802
957385793
362545867
607834159
189184868
197370379
665439363
647983146
643177195
6333662
978236830
312978445
437285832
294538859
294783105
19265813
427280699
273305562
289784279
668152147
191148064
375737000
204848183
521795660
417816320
5602749
282298035
863561116
344904902
717455336
114852943
749854241
711934720
581953945
878014249
484570638
200570885
675757748
960625231
700005335
174627262
110454772
28164805
440224577
817142468
990718668
146770141
238170535
534099180
355462269
805736409
91289528
883395891
314065400
971041760
154135970
626488698
792489819
808138087
942463082
309096811
779652472
664665380
976754160
254202426
424516579
517108783
324932269
220426965
300654697
765241398
639579418
618409237
694932802
405127462
187115434
97457916
92667373
100244876
938165634
173275688
287050256
363864481
74970935
562550317
416929894
246769898
460914436
99453702
635066213
147135059
545525873
152734613
891985155
381572140
503142354
243206828
177768810
942042217
130202795
819294472
361588424
59906621
872252902
30124147
586583649
931842888
546551335
724015316
754630415
286728643
200759449
17342576
788133300
855166016
348391278
768468289
18286176
516914046
949839186
991852131
822032339
816030807
343180184
182978330
91706545
441902318
560235911
750960595
779000691
671525265
830586348
433604952
192756844
172771348
182715069
522219537
615586443
607371943
544970151
297947355
481470104
48448462
951798602
477509405
524489920
290988220
445228549
704329315
537578234
912737111
497565190
56212672
980255794
3895358
52451178
323391679
141072865
25530236
738229259
978544290
181106178
668360493
417760188
654338094
229101567
534723927
720266907
888793813
654806816
78424421
362311539
980180546
114293410
863437751
707846293
784637804
107486128
378209839
250203941
467571524
154622438
930325269
181868294
145058402
293713148
327805753
988782975
458376224
724014741
90838705
955784762
299077724
884673679
964954093
908803795
498049356
465812453
388030215
567477525
371969500
955978486
238120538
902050944
777913170
630902742
129070866
511398984
488139344
157978506
430915723
954520190
343835408
66051023
844188099
36123440
983983430
784736470
822419487
443721523
67566117
669979821
379239895
258419995
994529291
670823222
435894179
520675680
697395266
432108313
829165565
67543432
633601709
143136716
81252177
102837710
936798171
241029117
254482840
207579537
893516366
151600468
33124019
431094663
556607925
488946247
644808578
136663211
124105344
412536000
873428426
834476245
865844154
861557130
149892272
506929317
526668390
960341893
338167499
411606386
700208696
530041481
873563722
760335409
213517014
529592116
826625224
801584280
525064326
53139483
933296086
385444597
800073246
794003455
977205996
923192108
709864662
159930592
984825182
910734719
360275397
422421010
493717606
274656049
905398374
163382169
809146556
303073753
820367009
305588729
210362776
314298343
182255132
568638193
342970778
944713834
981349556
896442553
946254404
390131578
409025725
499940091
896840852
464279815
233810312
613022073
654444656
728305425
357272333
628023742
148299575
31428373
137617450
785646412
418740816
261136923
731590815
262826065
341443515
364709623
38113090
708023040
349352819
526196058
481177641
143861642
992649174
239506017
867722444
159133218
256560349
312028119
948631030
475367869
617340513
97621371
686748355
289491942
349608242
134006761
812463013
371715378
387060192
710684886
483582196
35269671
206865951
99541906
557444966
829297512
457384070
561212681
645072570
378801246
356734341
237453930
537177412
257964482
250356164
133487844
513220906
611627036
474807016
541235556
827476761
862516205
753199304
550669290
748720958
671283313
822060547
256982021
179913004
409310733
756121813
588263938
347639363
669615590
707272888
423968735
717542727
44858506
489142645
101300408
500738697
959608333
977094188
721765509
791662495
323305728
908907304
195144116
766105967
51217547
743455658
838824102
710706608
540065321
321452737
739370846
624829054
511355811
684014330
50816001
442346476
470353919
221353851
332698288
670079687
129967637
717281147
502969813
815564003
89111447
98385755
445855536
446455249
876612438
578944203
308655027
844861084
332250476
213949885
708399415
960438237
54131123
297697965
693350482
120875344
685159181
408845088
844019764
9767556
67978654
643361715
165008628
214178360
249872056
298519199
675608551
887046436
525202298
641701387
354767168
512391335
145159825
977561729
562620518
621750131
525804676
474438807
560383967
869197885
637697125
201992809
242073312
535873637
210664030
242680700
184193980
410920856
269453979
836688752
730175638
70936418
946403840
110540663
912947786
807531172
6992413
283055706
718766079
459702706
788184282
98350330
924620145
913698078
218010993
318518073
668807652
792423165
956819309
316807492
455723345
974141386
302547915
540546081
985133270
48401612
942389011
177707203
192645362
701392073
90840686
358738718
996818577
973826660
231202006
839121463
607414281
209306547
398880872
815803510
555806923
83900041
336115995
973057006
788706140
104752890
919455833
23284067
898969470
444599000
136756373
50451100
934026525
540315130
175122287
343811638
867092066
934444030
446259471
772828392
604240331
690309421
379235372
81067623
597690785
825451672
806738184
508224581
628918756
515416699
102333963
383144725
329708772
791792668
131492908
836592323
401747713
828761852
953970180
172689958
732277472
404847075
905621181
252369672
532268984
31706442
359610627
628684117
756326481
363939241
966015857
960350696
969267585
861729249
789790209
299010124
555834074
235325861
627314885
501703067
313065387
307863422
191772043
513638650
908698296
809333873
220702098
43964700
827496808
953472306
642809646
178678295
540972914
739935482
224200453
36239054
932112927
640405043
67801114
661018263
710314222
289237252
843940680
489244941
864563497
368641009
31009395
755436660
624861988
274138149
464365970
659306930
129651477
188627083
842254715
315555568
580573581
892281696
593178923
872374133
429517997
665337089
928902979
549467773
794433730
818929222
788631814
248373632
801598504
29600201
8753697
547260008
122310855
837062427
111383531
287192344
755130353
620852341
767685192
875718798
999760062
335552103
934644577
352191381
193897422
565093974
140098686
415734583
209656940
251313004
296231753
211414935
778413234
241320452
968274251
20920819
755154148
573405483
198836041
498643685
353117419
633066411
531605502
220436986
140890436
343555102
924687687
58808224
932302290
217065014
80063082
657822803
919149234
186463403
741377797
891213905
138099607
550503527
7574306
769001030
993116148
507797335
935181314
719842632
113019519
891115202
624192353
976079317
969608319
230195448
172490986
111493436
752369014
828850545
726605501
365078854
536284584
459291712
313016927
137010822
246821209
747640068
435439325
549363305
633575768
488538137
997452782
772672896
634845808
784049120
909740177
90531014
565913173
233483099
566553611
121743911
284076545
485385372
514853508
107333189
555146500
48040085
723040800
357183869
86268231
685232436
81994680
727146382
176893462
384619602
817593661
815521515
307558253
589935261
97911312
313316290
694332492
450213741
499009765
248397061
755614282
79076346
820747716
448472268
143643929
591096543
779303143
703532965
669046764
638273148
863736349
778670047
471618638
13671114
159197366
740444012
777791033
461837038
62643092
556240251
609608117
447642628
554410319
580394395
993193951
722909822
118363846
203374258
203023699
864537299
737468008
456231084
907269899
433133580
596109394
120157840
349817965
265663412
659152360
336182353
772729179
806213700
576044557
703614040
364810002
525746487
821207323
197484153
480776721
32691209
998360933
709996245
978097177
102960042
283204536
566309495
946532430
764591571
848191576
345630213
664352477
639836726
144055204
136395306
434610116
661675447
886694141
645596797
615642614
112942739
377175145
997428622
37651905
108192665
274273369
665746103
471500235
916593826
325813812
960914632
257839324
166611596
965042118
635148692
610712428
211520713
390284823
143915205
259755170
858458668
86805006
213574686
2911553
682416342
278623065
834704904
200093357
116688005
681540221
299599066
67540450
685161180
2680332
93919650
212703414
903863412
189528460
275295225
294868853
555661654
925246305
215040903
385858743
841951605
141062479
364991828
629343060
62341459
685046037
902325203
72303076
18882991
999043781
891315738
575041837
882357218
473077847
153792002
974869091
483586924
907987140
593669542
363553809
946713446
703551147
956293955
489183116
495125101
887662189
806201513
14563831
609258641
72243434
676928680
589908517
414617006
661751216
342342291
392783618
246315164
766186558
444695017
831555881
413108137
436238254
421575811
625220421
722867987
906030979431086835 594973592 684866670 450796281 999999883
1000
726311756
751151017
460404522
305189052
23255652
554976788
108315709
420546285
441680570
238293624
130438187
285584691
914336452
594383686
685606331
248850236
155624037
492671891
603838662
88196050
187707043
183582335
595380233
284700531
50821601
464072923
178341357
968975071
635456894
183598286
232099855
911372728
599095561
13159256
56901598
200420437
20832899
177820654
279857863
381284635
542085586
365203742
759664398
125398943
497245947
535676146
64299227
455448592
830713060
946373500
571804176
280386893
612207326
60085739
3776222
928752648
791881876
33055193
723966332
16143614
349018857
512565326
970761089
333711541
119184857
571419558
984781847
953873533
583094385
42910168
581767856
779868718
696049046
351110736
730280970
817271032
272019219
161444967
847144764
895542074
257531396
893689405
252541602
73781665
81405686
994376224
235993347
912946138
12869430
952050925
821217173
6899152
876883510
131178581
844845945
235726308
976752667
913972253
638588811
36372380
636262524
813275666
58035918
161876377
597126741
598789039
653511939
282980387
164039876
435099741
188226316
765800508
734119721
215551144
804794216
750789250
662376339
317318578
179319896
357122057
613869867
657795169
836514765
329139856
158103727
782530592
688850965
257523897
629740270
437198576
773499765
17151198
529938122
645614674
846891507
338134455
672817267
824510237
645738362
882767267
71146143
605116831
301174832
282122983
262580764
95585625
536658581
761226139
500780748
958288518
536760219
319115692
824393183
520846051
716702546
768644620
417331761
811555792
882185465
321178748
12054145
265459308
97211747
872610460
705605647
465928415
983074817
144633733
926111804
991613147
611094614
966607595
403753744
290675565
91880962
446791298
824055523
909176576
562534942
311265787
681405200
893232398
684127944
27916162
434887308
120656902
399896686
944085372
849191279
786457453
486535731
272488464
869614466
334610003
843150989
705710720
230521360
798046812
734956866
739462232
130705004
339703474
634946625
395591919
783547555
917607818
129024753
616621657
266535547
606964462
303778358
182404313
57493857
879623633
868920713
219247674
450745594
999753823
324836101
268646834
994256717
983916612
898131696
349700620
540879587
130393279
837783306
15491287
588435940
438828700
797026868
616058804
875045359
296076786
158452985
843575356
51614233
588547195
711221764
177837859
912527575
833808210
435137964
100811440
13317699
533333289
162862723
143053699
843540068
29285202
518882839
318650849
635040532
310749870
266555120
994098423
548726651
2233248
165180657
901925384
949928482
973546680
884109924
773827243
215067711
81316053
7014174
934399668
520778523
41488657
504846952
376169031
97609762
12338522
79183763
721707204
783223173
570391605
366972779
626312975
69034669
746740679
35000406
860622038
923362011
780052171
381645061
256090579
710007051
645491859
447917750
337635663
894653727
230914711
182320326
283235876
171597046
922067917
145906305
451784466
290982865
562084549
791311852
321514065
314490390
419959367
725319970
318149056
990735540
218573739
255281944
906319869
275327691
509242311
727114049
117322631
893594397
519045599
211095505
954426688
751177855
221960038
937973739
129591086
22001610
918041232
268242112
731020760
977975230
778807145
125459788
287090768
200933132
440655756
165405946
320530934
858566550
413997367
718642352
515492317
714234269
410823636
108657308
766198296
501637539
789291634
151331955
353296540
716617781
415622339
266812379
396182578
666750460
79930484
852718056
822267040
326980779
768154993
328983508
515500193
644007859
698156909
784334337
724515187
939290032
721341872
769430147
272429050
861662462
565138747
828857620
341637230
697394854
272277724
374395756
794598733
778814915
739797861
898070720
437867212
716797016
589110988
684948918
109370199
528641318
26612999
67493947
329821861
56049316
152299652
253904690
584931289
587123497
363301125
42183670
692965354
724156062
499239468
98785764
822282912
240184349
378917085
189182810
982114149
834618904
138259475
337940651
487224149
969741948
94652191
467776528
618167510
163034480
350822670
896858432
553534690
183471579
849052885
103547716
724555373
176110020
105180057
12572347
845625885
588365645
804671177
241237586
364968667
974700455
644436938
726981474
213832415
763286516
988334376
319987323
935882868
529582668
129620874
578483084
247904768
976541837
503650506
697170670
100794561
785619670
584169518
759747627
798378398
420928963
365593349
149806670
760233604
144517546
817534463
810825469
366429615
749326857
859689799
445848957
632917862
595822388
954820941
974669926
602330490
765927748
718007494
897815759
407359191
835410444
806882796
759912054
788682100
509653854
803634703
498132409
632561282
258610862
927434479
799259200
194627051
814141312
373820889
71361010
695834775
853347617
973576424
46108619
799426233
698699235
325418675
743360073
388508626
203547335
397052271
533354620
846413258
909575645
488745761
124075953
967855846
438808003
439167104
504851770
450983839
425073482
509207772
436291745
150661474
923826966
76919165
257758531
379536740
391264916
535320604
914463817
297864011
979355714
504693924
907722958
498529348
629127485
83310043
490255871
968302074
431202246
869847089
497437734
993141615
804218921
753425396
57097118
818238043
693088652
258176812
974832001
111545173
114012650
52119834
539722729
38700468
408215856
952450401
68355883
542999740
414253134
129307079
63671517
714110965
850153472
600527106
419308681
615924927
1423836
735159255
814785283
962481629
685662484
238230974
346133980
849267471
870679332
52815651
167363170
103929222
798502352
837513846
673547573
719577543
853921767
811304211
268971206
532095648
723701890
203086959
921461519
644877020
321789805
725264650
841637824
480893000
160639977
750218798
681435611
982374169
497227395
20387944
134069700
102385829
532037646
613702573
999722988
896466988
77794048
269748565
267375016
980193489
796764434
685011103
395955729
919308982
370273918
416042641
250127184
984905779
575929051
513421630
104342538
371122635
750922844
319270738
466955065
369435721
683663478
856891299
338803463
556959978
988327417
710538642
406600628
857835691
749597979
421227265
44119282
510991484
573959202
569139742
985766798
162956380
80806672
682647767
990887808
523048411
264955594
460398224
519835263
346692622
912761138
779660558
924453083
91550594
603414860
463625833
773780154
753283910
345387771
586092891
264147088
148055095
425897606
337129025
259685121
442754399
354651412
495435776
939531972
990484329
243119438
937763118
507898875
246142872
957235384
878232117
332649850
238238961
560719993
654558630
946330059
291905127
715845853
873767503
50177066
452482007
901635800
728394362
697590504
280434780
50096280
156087331
804188906
464381172
14743576
349199263
75897225
257940844
721517885
674258480
119288626
78806296
283967610
678280279
151115706
94648079
432075348
779774368
674986549
543689111
679973213
30964630
194714671
413244722
875168969
919444320
789588955
723112598
732179214
365357143
459622990
127444312
768119984
176842851
762048873
381083519
592123902
416608575
491811860
676623088
509459967
516493755
824793174
367384815
3018536
784645753
880849296
846590004
657046534
539758601
394340202
319925611
111011032
218494146
159117515
55606742
273813597
831405662
20183375
525807324
834249383
12358359
298017203
498281431
635251336
789071204
334456591
950226345
327028836
13756510
927958270
913415653
546691044
606205161
811592965
778267441
282983881
119438509
27017151
26064776
514418122
320077100
613772294
195114992
569350744
753512341
498200951
689509387
420690616
286052842
61589187
930670386
863407197
387007830
267882017
336050408
135868259
165503527
284495377
426391508
388521482
894896950
586165004
269032579
899785163
578857009
124759786
294500093
477403251
560236694
156094816
747618973
707135362
667376983
741137359
372063074
645893336
208818478
693067684
852652233
908619889
983680218
822381217
280040129
832730767
191039397
795145401
522752899
630561097
831403518
913005247
371210563
209215398
436416017
459784672
410474404
6713397
384833547
144969729
906853767
866265681
218547670
38132425
860931152
932641381
54791013
279048639
723627479
905055138
766147532
806395581
662677954
59701009
528980222
832002378
798020312
893584078
533213761
382709432
312393177
752062832
965414177
387630282
63932487
375948858
453073881
150914246
339736929
92470975
401959311
219010057
910521525
940066417
911829334
223926819
732707793
907135322
757111857
732208421
953464224
296235821
855085744
930760511
636205438
98640093
244398498
236076570
165148226
324048673
842204168
518643966
756463240
589140841
716903065
186566101
874125616
122241342
973557185
168713847
356437183
927072795
966321064
554429416
371334674
149733408
829464841
62848420
16922610
605838634
804391212
401073745
573245169
317912356
48862146
678243668
109408036
906335809
346314815
677277959
356531961
393782995
281053594
624273270
250204341
504157743
464716704
640951206
969873496
627611223
362603016
597287966
722390049
416303292
937742770
420868398
265828248
56515265
762862825
582782307
967578132
778547566
196274562
867624582
239158811
211331814
721318152
188514008
792454484
669111699
282052605
281672748
377452875
136052315
713404352
873586782
876748395
887481345
684096511
914281320
180621241
432227762
173854105
209921368
143196070
580344163
762562355
425922777
297524504
402680398
257243573
530500235
95756597
591313305
857859979
535803831
137620105
26051976
402257128
514614409
144117093
434043073
202928575
927969173
600950794
232714845
899781814
881981996
802087686
547516739
874279835
860809578
933171261
130791155
191448567
39911302
66818939
841719313
685882286
499998432
198443529
278531313
887028256
257418508
932537136
286029524
956657899
439649414
268244296
960993534
249353404
397232858
292209472
829846073
466678484
696846699
179137349
294566797
851697533
634328419
100040442
82119522
138285338
993738231
139896962
229455122915353372 199544415 587717255 796383684 999999883
1000
821899182
179837596
679466238
723660507
186930579
282650062
150944450
690561908
749666251
546793100
335485176
567784834
80596424
924265808
275604814
496642962
286108113
338576422
444623105
569049300
236670587
964503625
221856782
501158682
608145995
537743962
407770249
100418061
576192901
277965459
289984557
415718109
964504021
561681294
135811540
878782692
880390847
543300789
676727317
742190508
925015936
737626192
979427883
972845800
87877856
335681470
23761616
721248759
281221184
215522432
28153454
547232332
453080717
839905957
248511182
324745149
958515904
606585353
538185434
974527100
52168773
939909295
230908720
522467952
523499413
819961905
528812163
977619218
222235870
318923568
388157609
470444711
235365773
114477990
569317349
601778898
345425753
432445341
341497401
32821048
977466720
435946395
55960570
561807806
147788464
910498428
5156558
114251274
75835248
75985521
297721083
383446189
590579308
216159393
359427550
623652612
97777
218753511
335280849
682419788
405795215
593920175
551985235
518520464
141103638
883120423
663550160
812500585
331674989
194139603
804676611
842359728
760323255
542109909
666267526
60269892
677751225
501097068
341699248
248806059
623866892
675562921
472624041
15929344
299282009
632653856
868073046
71235466
225947102
26564378
911787325
242767399
797077297
794042540
793626666
998777749
5243927
559097891
236697030
149454300
421146378
706295797
995495278
632332962
95334056
852264190
969446968
695995442
400245964
773408353
21113633
991874126
972078752
713761413
359100553
756562439
821743019
140900523
347747081
462536433
87250070
908337482
394227211
927732849
750260017
763856952
7825391
470795586
82581545
874710919
788214206
608735840
841598053
236032091
884556713
111123529
508242909
196667273
308592082
168396249
758235429
577413919
407171260
414525859
557553001
52376792
919722883
684223310
498624062
12696825
224220935
418452735
615076947
830603204
254156748
484674007
916639602
973368886
861857023
277007738
790190466
876401412
33318764
621411331
401174631
769035228
475676239
503385268
597238214
323727308
678056315
739706815
674611809
423145815
10499696
931320734
764468378
189633651
400092225
593611848
653070429
835048179
406036181
858000481
543715757
884695303
79625767
955868069
61990964
965852755
463892791
260600170
435969218
273666544
310633055
369515803
46301099
458397301
349088688
661587944
188608015
942829887
257648474
769443413
472272610
33260217
9001918
822228041
190535048
936944167
817760802
49445653
912999791
350842
865916987
417746117
549490320
747726455
975066749
427059349
538831868
796742742
480194100
360037005
163905071
124590603
806387294
39211398
833550331
126466626
700815996
439101500
632693841
199814112
503043885
964031398
694905935
248793881
223704183
479175741
707804148
859641863
462847299
145726600
792748500
812561613
911351795
314675733
53007890
952076985
78823494
967838893
340744659
810400781
86147048
479457630
33041803
262257905
605624077
638538477
179500487
150485971
307136930
676953866
826048424
519460204
691052258
911899298
240211798
237711479
149051510
404907993
638795833
653313312
221337892
543303861
460889575
510708424
719368244
911554947
870374792
923281699
188662945
873973166
59371231
241398644
142492265
941970439
327876568
93408820
82192635
342321118
586868030
468659894
483503682
38455207
873752054
637642654
785014940
538769337
755053005
701091368
8028439
754390095
505770273
98736067
839678608
809403081
51573398
134876858
888358460
434554309
414825076
85474494
450378238
396149344
456909063
537216473
369506205
263655114
434845813
150146593
233031683
627078133
62502865
274610219
594458824
936466855
988749392
207662074
435818499
560590460
824017427
960176068
450209458
411113661
39326903
431435851
246304034
11932844
852159798
331860983
258549141
817695996
188982206
415753798
52376944
382725607
15631802
137782225
17245378
235277447
492901454
557759222
297020145
850438683
899712455
862813777
180418210
950108206
114033658
197436795
956080246
503577843
586441125
708923900
715962170
786002260
285317371
517931188
774430673
466451493
101573790
209867651
760131396
113951789
54315980
777085513
460552876
265461476
988465600
561580651
483501032
669906684
36762652
585696071
203195976
80441271
954609155
583997614
858655597
321592639
442305358
682162327
911922414
463180122
804548456
377566104
630165751
690566935
407265778
231642873
445984726
278104522
439537568
35303793
289283466
877275067
356406869
384098802
590021581
136121228
759969283
996444363
889680435
175819419
196616452
95615070
436416232
282607668
514806255
419701142
700218756
456608076
410593739
989159716
11951979
155696687
598721355
593984489
139173133
268316979
959078051
135131048
53962730
892609618
192565742
730763029
181558178
308565324
823450012
334844843
629149578
29828082
748635365
365616505
614417158
649254038
922294043
658070989
97192666
805669907
107925534
297265711
490387696
825157211
294956575
434926038
938714858
913379589
708736378
796449040
296062608
720606487
643790096
580398509
361921625
1846817
142775163
587909568
392526049
275647747
712779125
67817706
960099847
595961859
201823810
641071322
287760492
95348550
877613725
852500718
787677242
688146423
867355670
699227524
585674350
716988504
436860005
244061882
918684137
572894571
707940785
505153843
896577921
820227000
606645081
589368182
381230828
290038307
731060077
51033960
106112399
339518813
612572755
476506301
448471402
447098344
95836337
776275375
250167793
531738503
943174070
860099453
652392186
429462171
651698850
691978229
542655908
546792204
138959206
140362611
244251560
443177878
287386271
790827908
381825901
878974707
889320903
646204885
619114089
161979474
646473460
198053325
339209347
214774824
415991444
268571775
263972057
553285785
512382781
924943895
943336710
692607741
286341778
477290203
797841537
789347498
743931665
896020736
371866090
301216244
121309662
199074025
693613057
575464439
426813957
588073467
457652749
549998240
322404871
448281059
936369093
633458343
760252534
163561257
9367482
33149341
140443906
639512977
675039523
639702588
584901540
258764273
521484597
787946015
56963713
283346558
177477830
559015287
790979452
748306719
265911104
35954318
232116249
677880836
790571574
333045985
606465117
505750341
25118593
408629635
768370034
7001097
288997613
249726540
317604977
542678289
875955966
726836658
168532721
347287752
499675304
987250590
980730247
717687326
628080737
420419290
369879542
434909355
113690137
652302195
198109075
831684805
530422832
559760967
788168555
438476194
817911160
362748380
93431490
156165124
595733898
363530232
903372070
864766017
650566864
35206919
140908592
269253111
838492814
854634408
827414770
16706111
142727627
927864556
458924975
996880807
396641376
356944834
792873080
940412793
270480564
297486236
416159264
843235358
319819137
62701449
605552259
648773422
913320304
958439180
232870769
79146015
248933506
618478944
917966926
263712196
827845529
890581481
788628341
505355840
591049052
540123914
176255953
280947529
662189113
922353632
515195949
868989289
349064966
695300066
213690665
781007617
329951482
752343136
481550628
847984419
797050509
867233954
627641791
69956418
982858584
967205618
542956982
481949716
169952046
605376483
566113334
536048309
990651023
835724256
61355825
854458430
401682896
848188595
433300790
705016313
570167110
423451087
935678424
854339599
482617767
881114418
341994074
62845653
736883756
221362788
54366436
641736711
199826443
64832213
182964965
740253897
919384035
623889261
550996989
930428971
798090112
31724064
8881336
510405183
431891571
552281456
586477882
217164715
800161104
625796723
622306623
264864583
927565290
794391717
983870605
972339130
425054327
723465951
4798011
478601505
514371754
131298513
502636678
641792685
434911760
609668607
906113982
769994545
714124304
713750776
145517903
512947258
190895724
401371692
760742943
127973890
422283593
65642172
556909441
519397921
647160359
853224469
264281441
970696666
957699269
45503386
802557135
553405579
760730478
913915554
822553777
924920437
986993648
660054051
57553441
873148106
325903812
810944924
273121970
556970264
71432648
760190285
255947692
902769975
9336330
449738853
192591776
684618486
986515607
752699165
651410212
671656629
687293663
569001635
288805381
363853415
315194071
992714258
271756207
825888360
783226030
247821138
374749923
6107409
97398204
518409688
452821493
54925178
407242344
375153915
946918604
935313415
476908127
278392122
563384357
3800235
816949405
102185361
15787843
538938152
444362490
689800128
59466704
174722637
479545711
521222722
548987739
954115090
612421675
240517659
981089465
954727544
909021067
908041365
214588242
848247177
773493534
907934374
344074724
311511711
362327673
693608924
494559378
773585659
601606509
61325232
105100273
894531791
674888394
819641226
453587031
102739754
368561319
710080347
470833528
556723471
589302375
997609557
633415671
192783090
447939363
292856492
590379160
62650253
692924481
54651802
16400378
801424637
95047329
351704530
160186102
477382179
632642482
95040643
402527644
72206430
205476663
895812736
471707923
939747458
790004770
980688747
806197769
322154206
575737827
771369206
657496583
365865925
184699309
233683101
103717828
218063560
107982249
782210709
426104364
605275415
981588889
990900118
90740492
822613962
58820394
141196844
40880320
670445661
616153868
277816853
694446171
417816087
14045709
194298686
577326529
63244153
177274066
300216598
681662722
621305399
249988915
357603530
374975488
298084738
742301083
749275441
591343268
752867838
475471988
537024066
560479251
82788683
95771529
689946680
770284750
796206857
82176340
845047665
490876670
878815693
279892808
327027455
913396393
767330771
524725458
710444068
903041397
335004981
621175401
849742343
655517854
288716735
220119162
123724207
528984485
808063209
702417250
108225515
810616899
123519475
951089399
12682035
708942800
271606821
452017356
41025389
