4
381738548833324680 893417943 57208155 937822336 999999797
1000
30540945
616194148
164508440
926939845
187875837
44221771
262472395
298833008
240247525
160552274
875688117
109867147
153058331
704745943
43349248
645941234
478038380
838956042
210094491
384998242
960430712
442363256
246093306
891295081
180162415
684388657
721259573
681967283
88764178
22903678
141121852
471139205
940485679
292608476
97563912
978891688
240634176
391956629
630567124
463596294
545567486
605988219
26098899
423814859
272320310
304234378
662590617
600958644
778683330
845742909
437969309
252044185
990199292
868327849
604476424
73689093
294325406
475451887
848953159
604796652
850546243
287146234
408680951
553960945
314578911
619577505
369672133
84412182
994293711
145502651
688577900
12982544
156897587
959863536
661578823
171451985
857826576
171549050
388526514
435886481
173236874
198346266
151760061
371312555
277702164
132811126
939965769
703566223
524074402
852223256
57554963
94834132
363646159
198655117
836819647
665802066
226492935
849140110
790653589
935581064
364652918
868946378
702833294
4660629
182629617
922087904
858831997
28457326
185157157
459846565
189860511
83915195
138587897
267726689
84704720
882373716
46089120
285667264
898217024
905645189
711588472
447320789
861450241
867925785
452014525
226323212
758753325
339496095
985560774
766370702
190513713
544677078
539411023
422720890
814023721
949388016
709484364
352720114
444833857
196728295
135313180
941256057
490009678
441272952
850645584
502593739
779075462
552542180
792505928
14842593
958763406
703160093
349184878
213105723
560547051
348307667
43847150
347157162
476864116
702504121
373852887
963882016
730269293
419903972
893587838
87246468
43632547
867636963
562569711
752520071
108841012
797698492
200507999
747108771
178951912
185896729
888514661
202434372
31049901
301348775
843900960
660333399
826402210
389184114
126302313
919721902
266492797
483782706
692513948
523725299
643829789
787530263
532691800
802246130
448507331
660437970
768762859
29026362
797028768
511969778
207703779
774927395
187494539
858490779
131453225
398557284
660212785
35854826
600008623
878473696
292176668
105132911
971274336
380793049
8384773
816946417
324312455
56938090
650536780
290401642
608532850
385045900
805825477
979206094
618896282
757412149
714518691
406145089
119646977
572785772
443983672
804071912
757662231
357635486
460829028
796031733
101679106
614207187
824656520
318736851
632888504
815615494
185810573
277996453
636557455
122319321
625574638
315692017
690031883
992740226
247961115
801331795
123303207
4668897
76407292
564730341
246014536
941547298
951905266
904305681
723530638
443648065
106883984
461085371
629703256
185738702
317713494
575686614
381924133
320525392
219224904
293028072
103475806
651428722
363040082
166055020
284628273
984233450
799560377
211797883
176477760
107693861
458122084
595934506
45362678
4672783
735655592
816454462
563786891
693960251
312091864
821130608
626144429
123174311
780771581
39883302
7903208
23509024
251280875
194802058
161973629
164457333
677040095
55961315
927839385
631903162
623124240
587283132
569910225
614933220
625840014
32115214
525135955
946211591
85677269
819164372
690061787
260837356
538031410
593906981
732382960
643035656
575757352
987381619
742133543
451859471
192945166
124793207
49355975
847290178
728645975
36564899
822871714
771629821
127796611
142107059
472315093
175303003
328029551
652686602
351513366
428182911
266959397
947037860
497909865
86192411
389147486
377312355
672125627
523447375
20868996
264983973
874295005
263533080
756017556
976620081
33611086
102592776
967402152
488734326
192821590
192421709
472122794
211819994
87789423
708362503
888477095
569470784
425115577
45890137
985037764
143068832
600373245
386281707
646666903
506480766
993840758
447686267
346877134
224260015
966263188
622910874
484268459
636069111
612943149
626852818
108442760
327343490
170268047
745300758
439979451
589185762
326716151
969757657
554804212
99667409
493653477
451140562
890884338
889174298
436169220
340999959
842112791
467594092
705906214
351288801
727504355
400615804
332521086
883147864
407408530
444858460
82961976
977533427
367337092
907025139
789877807
86444903
772219183
283637091
826777001
31301318
539858189
481321868
936045706
552930873
507810761
977865560
648377819
574767536
326033022
449856894
898301912
103933374
436114687
85443145
320151920
744930465
482053212
249523826
125629218
619428824
351539756
550356708
819295210
470959655
361429610
838901061
814932752
154040911
763407904
700011728
859141673
697636004
212147819
357991890
975298468
489780327
620389277
761413565
592839123
215049495
923092547
207598541
548368659
942305300
652619503
642646868
294807130
621843746
383124156
583478004
893900891
507320517
161666125
617457185
130184950
406374539
489249234
464160289
634219110
791049366
566458156
246380163
620840233
394766466
778982156
182987195
148396432
723981323
566402789
730562311
318434945
796732185
93391439
269831566
686673981
849831018
977635129
433247565
978176909
503732357
364902860
261264121
761583553
792748536
876947361
156511400
78358829
621960831
539034
870143383
199035212
887212230
556970902
881489365
23083125
123066776
228394336
134349700
202597723
664926188
88893336
230673136
570488557
407908787
529452640
249771121
101547718
911400469
675662392
452369458
538357142
459647381
365575916
988721615
677183058
131764062
938041747
987416610
87911652
350480195
620645699
269299
884535889
939904633
995187831
977412799
146737574
490389868
391307261
10929110
236126481
563186688
341250893
453127144
866795047
26778925
123502811
363304224
783059314
999388203
338941155
174957594
811279458
927962758
937304919
98175001
791207477
277879425
381123782
586723680
515714763
962124709
764010338
953916824
190704760
899566288
197027355
493126041
115859106
579268306
661876173
446593708
832056135
802629734
884232093
280502124
43688835
235515202
689248651
186165938
26847327
60956653
146074759
737834282
1724974
534863936
53928055
494016290
814843072
451154865
149647449
198777143
644294943
848559136
387492184
145167497
104410633
853507649
859134864
76735127
848136089
165234882
500028199
381822402
524445134
854044940
306268820
621765536
958366004
617276507
847746205
984257108
990165571
105111628
65245184
347827474
297314682
850144700
628131832
349638814
298599085
241668509
234126801
942300937
172659780
385281901
628051264
744491360
302056817
261533488
567924670
437854727
969734556
212216751
140946433
457541672
613841357
597600401
2824576
802659975
645445165
739512390
853793425
322219978
731977986
125366771
294272932
448551432
844876648
338808995
540778313
867262318
115064101
251260221
563460803
111364308
923927199
828238182
602193597
702632676
193519100
83391830
966468757
677806101
871799221
606555326
983313964
359809965
265872070
515579081
471809437
272416573
296916477
698680071
500188042
495673889
629745336
703677131
238955294
702783167
53671555
516821708
782517569
735279429
777512997
244018453
503954826
682395177
866723494
519639670
856183994
200348726
43609645
698077364
139986494
672511742
853981458
701250000
582166721
645181854
123366690
88685991
261835610
872993233
948726699
547383179
443133411
901202007
935472405
449027443
537817955
445821952
543206741
691327590
752242183
843170535
528112726
675013520
909304343
995103950
610623280
163411137
165805987
602450237
905980693
716189080
610263033
981051023
938924808
15724659
904673185
826682074
572578920
571532107
501652590
465437208
968950190
502873565
46203130
372110491
93868635
130408339
73180973
147561932
61148429
496438330
988103924
430276996
416250461
54918868
761902057
219448696
439217602
352680193
721283120
956359135
580094856
758040685
914764746
293959082
610964957
905491518
936639762
610180219
287506601
14888457
528491933
167229676
417743351
438844252
607549167
738490610
882874126
39568538
853470055
431462608
359437367
428620785
86478337
490829322
99729583
792278746
518178957
899617408
633028348
453105123
196732767
100237094
504480940
840568897
938774146
614634249
188950348
884389945
407560659
636408407
860019587
446020537
772011314
705548851
676967144
516042614
620828270
911199411
713813645
568435447
978059386
281135498
516081194
545762953
5786104
257011438
253755898
128104259
568329752
26000851
853228198
600682502
326866051
74825394
350358089
21396393
453855593
436509190
307727143
220007841
257066954
25937136
897450115
89641638
315964854
507823516
104831744
943876574
253001556
710891512
14795824
819425730
399470886
853473729
658563381
286234067
206113620
286567471
372685191
727763248
663555769
940386240
32030864
819669024
870254351
353489198
902394782
593026604
5152570
195635080
338213397
541223644
822135234
674867748
374717221
24443292
352928075
159623112
505709215
81897173
737780660
458799933
277570644
471719268
668556634
828702433
372687959
797519733
295313126
775369417
494649116
79219532
48113373
875559154
73017196
922269829
874366310
521415779
847555515
711769516
877475047
448526482
939472637
498920578
119556498
411201286
633669867
108433416
518147323
506933405
56134493
745357735
415584709
461001714
236136593
718351564
448661520
235584418
392589347
133148902
14171953
333057740
23477526
371361236
540404155
696729620
235849096
34461306
453112435
667205169
879400568
366117207
714292420
81510008
344296561
967138106
61517073
19355598
407723879
329567207
123523770
971136442
141573186
23892108
255702234
819775681
572568507
585175696
295407339
75500344
953180899
315053801
487834209
104439488
427500247
402975919
914995283
915800620
299252504
934338283
484402676
561115660
35437046
312962912
574253785
376445274
317376701
614786589
578869974
751872028
112441022
452193401
490825854
898028684
633670717
497762547
191532128
627137466
245565453
700647277
483395525
312203249
447659929
398891246
281096006
802785117
696282687
470241869
290533134
816101868
857707192
957510830
170239496
784590658
133463502
694409210
752287127
641197770
580800496
187154737
549607969
381618730
215998585650695891 740801717 232325679 543004429 999999797
1000
179169391
755350608
523400963
227450144
171795766
937107394
350806465
995389375
881783216
63750308
641803774
1595039
872183402
772660597
806425381
241799764
664823631
4512997
957284463
813634289
466655278
943409197
241585973
209206806
270239664
718132341
312814661
586995828
493853674
202347953
677253238
865796681
580255443
290495843
396668920
670191660
124407786
226717954
870114669
464158863
939751700
275287310
257321608
133648835
3661032
123090173
160464548
410897613
516181658
299298833
879443485
169745869
300134303
574601869
5676436
471474585
211280340
781938692
898971720
95853049
356749711
188931163
414503715
312346904
624761287
415025504
662099519
299532788
977053059
501581859
828976964
3962894
150129119
110639784
503201723
183535369
816340296
517861745
628045726
10752179
451385480
942462555
279004107
379371822
109698164
858472100
816798918
661148421
185548994
420058839
615194352
78122844
937094761
934861711
617467274
446745555
337132423
4364012
977970743
756859307
823321943
899237944
675032134
972447393
844978533
925201508
925209372
286446830
588230179
650635703
337004594
529973637
291316811
978773512
93550149
541535668
415703657
344497535
913641535
715497775
252203661
205779786
934724210
978370333
974268125
127276945
812976922
953196998
328360630
146334422
824166792
527659068
24782962
656120195
690655209
899895635
659505617
221039290
923141068
760801514
947939921
209592376
28890715
655383801
255098688
18079932
229435144
837976119
619961574
605810482
428580905
12434925
736876780
464295150
385936089
504079064
489159149
473298906
234360920
75107699
991439753
862680451
479817366
81591272
225575245
462795549
814953898
944565773
672098906
814176982
259205293
947446775
298638189
253511182
295790357
281485860
962040979
960445978
370386238
664848326
537240737
683426280
142163472
855394137
441943794
76343404
309807288
663410846
110651687
769414885
371054450
298720700
749243267
842101200
356704754
247296040
303382658
698466847
281553174
17024912
397699543
78962375
5084373
86271486
136936417
757406299
522940614
380036269
958191752
184441985
584520325
197012621
802857266
25519719
370238270
303445140
148857174
5154746
957563027
677427032
988295917
313649342
505149231
263137414
55282279
326906402
62268210
141828183
482663180
744905634
880249636
733748084
938839885
674454949
465918947
164542530
429633575
181633816
245010664
236847749
697922190
12438705
239093180
44865900
427949294
406897894
703224769
21793462
768865793
501713302
644699420
72557387
811807481
779932388
799269810
216608380
932222401
796435114
371873990
348328981
129642659
826490868
399234556
14104244
12542271
333066708
53605198
953533212
913118745
896196460
565426591
3189016
446756321
548510948
748296527
974102373
530283623
43275365
490489850
678183824
981864407
465369302
973111241
943883933
884722282
556946710
382315478
337800812
515458556
909811404
99150230
592373354
50115280
15927688
77170245
505994229
630532471
700126246
290078114
754809023
869878637
113998281
457623183
590740182
99135095
885126428
771392198
571219029
213826011
706373086
987670781
978809348
226913908
455317164
783338564
312705770
991372314
432434131
477030433
427741073
851864909
435965309
81241325
176740509
929668335
436767865
310425686
440605465
166205646
231923740
728666119
223261662
663115883
160618718
24469600
942199004
813987527
277335588
298684437
878886269
737916720
83980037
648069940
296012837
769257901
56472281
632864336
711800125
903940531
364176023
132759201
345948623
451634641
884310541
821840089
998779408
769454960
387767179
505605179
320032642
598626500
682133129
245441346
181282941
820929347
575592918
229272751
893840558
244853596
175513205
192308589
792653543
368002454
162775352
571192539
278170083
831801683
673574197
116599646
237470916
400988302
216391020
148733894
491715052
362811160
150812407
815346819
680728453
262510578
874051215
925447066
475609145
603589288
553196830
341156056
454938544
314992756
311625065
33936039
937060326
33630685
201636252
69422848
881377439
960527293
738478758
305333914
502877812
820164807
878110015
13988768
613755593
122555420
444459831
256268341
562580758
511473216
136779540
604395366
736421602
37664445
936620694
750958192
328781855
457844381
58895773
69590954
657800667
620860380
855388469
234973643
562873664
987880926
496066940
322282470
846418387
67461911
842870263
53741122
290481523
356400674
875192564
59448124
753200500
890403184
150428615
399466812
813573703
895084954
291161162
91038385
821449876
9072848
731691889
584572690
563714470
465468259
701169152
874685004
222612784
538134158
102614481
419083900
378706294
493679019
859724153
893487763
215057400
349760099
191129480
116847163
308873202
152956103
986179329
529027536
741971691
81021593
201550662
348257049
212576463
842139168
118844155
849513301
251677047
833734452
875338329
336532949
575278840
180381250
613373474
834623619
386999695
658717219
46217242
37111483
708399289
386723736
399437316
690279787
722110419
791132691
66208204
243407880
430910870
852739642
94418872
46127119
296663777
237347785
345670923
413104695
494398457
148817764
828076812
838508050
972886414
525715257
765676310
673304792
642478239
947216897
191216683
902991524
415166844
202835198
804226310
141560407
275291851
552770049
842004118
741615957
950701986
272841272
118459842
871076554
642912698
60568731
125343277
432168831
714645817
742110490
669347427
577601409
654365227
472417773
980809399
29715092
128960822
153648602
967947526
190588554
340421638
440968439
186102787
888452747
202092974
496589465
791707811
972725931
371190760
391145159
657593417
673389961
90162041
897997406
446317354
957347446
273400766
127250134
769205020
665122400
405748245
153299253
37235039
333448484
415076886
630127770
687845030
543812916
807015260
809184678
29654782
478099748
901896334
316512716
209513204
268888834
489674360
470173449
222728308
392570662
170146505
273378423
873866156
150540697
82211193
238669646
245618101
779395614
586250652
791251938
970529059
434283563
226629447
604013984
120280412
707122102
332220301
163937256
131901183
135605351
542962989
804206920
354064790
834977404
665012672
377359466
469593892
17354484
815688930
8522949
759204713
328223671
905509240
281164316
586898577
450610939
435285794
269338984
857003081
985097834
84941464
852339343
518255434
615985028
223688217
663757268
774701088
323316883
278909626
495249036
305254749
857862339
836374810
829295108
719305346
149045786
301617438
568854976
721348332
342025797
879910701
145804913
74546111
124078410
462329442
310658739
997141477
840045034
46100835
491236995
576449356
782673198
169171527
944467334
404674558
246811187
296947387
620302661
846720372
684506639
47375412
458617645
166453476
789861478
89993673
900278557
450803592
705447612
840189591
571750496
520139033
187401658
330977508
368650738
136943189
654680876
43871428
758658243
434102735
910873624
112483980
123183741
627732098
603983679
460900497
821344218
758913257
733094195
185101183
428111655
890513288
262354189
173660891
749726367
322199442
572205994
861126311
433641926
837583531
285636739
622196224
644340146
988193716
550716036
17587288
984170274
718572428
668933672
206915540
688851805
669788661
523779294
949056681
786901229
666960776
492553727
32122148
25221462
934428470
674716927
920527935
321194541
668625893
330175883
955297600
139413279
272272242
222945588
709758060
38953688
167788425
176060129
561810707
343007316
160238954
356078780
819293475
770764763
296909986
253051948
97882818
537923511
420575360
524151297
675976010
709482402
197208168
687348932
680842793
299701629
697503427
533127691
966313771
544489360
856958963
320886726
24783016
294892309
726895846
983656600
892021065
524475604
272516065
971541276
907320406
817888394
117229497
773108905
155576558
201813268
735395097
862744146
899754613
96622273
276192317
6414014
644216856
152039755
133850481
562155162
584985059
860750357
645240007
750738283
969512795
590616423
3168558
989127836
165084957
622849956
119405012
986841614
787714766
129354260
979915463
489608340
310560324
807155555
987810037
871696001
164926800
422362544
372793518
208919818
383012206
529275251
898949685
705510523
861512114
497625507
420306003
391004576
998826718
114857649
233176946
699262404
576351444
719612363
492832193
689333743
536963312
150511932
848196847
253545603
647884530
345933633
895295708
597331325
517776071
390757007
458822398
800945619
418915027
402786113
870990634
334999148
564025666
382054354
413483765
758441725
63389186
948391815
963042526
649092665
218628377
799926646
774993234
266496665
876930414
50595876
153503339
820598243
460907213
819305952
515829982
129927490
83782484
790353387
575789815
633340044
230766757
926252596
473762384
575527643
925822650
976164519
720959045
908266832
933358642
896427848
612706930
695691396
75939334
91378100
572996738
412243676
561149776
102472477
668535728
407784319
947166
104724799
867849199
855757808
603526425
787381780
981922061
744067133
651178088
545088802
444064541
260423432
238776196
706476019
61971922
754574543
957944954
283173335
430648381
175039881
853794402
304054273
392314318
489059034
191213643
409133013
375050011
767446644
848078146
513536988
102240862
333333392
250656753
970200754
492036546
384751174
173707976
394297213
613021685
964703648
687262274
980819378
638692541
70172917
360822556
665026964
132400517
971561651
207357029
231209600
779932642
986017043
640473344
725963248
544840434
112037808
466027522
662170562
770439945
782379114
925160492
6858836
511059624
606606369
689989496
663301345
989175600
14540465
565331591
398316283
871741469
430220609
384818377
770735613
303993978
622151321
356152278
594917199
252989901
89690444
754940537
680106697
375948888
158940897
754135521
329592503
140071020
47394481
354158022
391569516
616041074
180295427
357718212
756782887
375440855
596265741
339532056
240392802
530597947
235341275
244489935
512237989
537313223
799884593
516349034
413885996
979819045
674255738
172855063
360670079076030685 58542951 963943009 185821452 999999797
1000
36786126
662618373
410310838
217752035
761432242
411978597
4491411
629290879
71636003
297220059
177887848
134049554
740919591
298698546
436934350
241092187
606030480
493858082
975030581
710946869
35149316
151320983
776850999
642753316
682026323
305162405
773687564
663535246
287359098
960827796
318493973
762239674
525002976
970220466
655401623
84185176
441671174
333485167
906565454
833745772
765404684
213102268
812840087
141297876
544500816
630217046
943039541
63166006
543349689
23776864
544903606
65917088
759008110
177618858
65052126
260456223
951709020
413330577
611329929
203358738
122984919
405553193
461658563
844386052
120350255
932268410
700128652
426755972
810236470
371595490
443571310
506590040
161222952
553988041
548836235
136072314
818455894
118232854
409156312
118155424
110014556
389043646
370191233
666139469
187495632
226645023
838795337
45351416
843086049
466560050
396485244
815728618
777203235
809705372
38340759
41194477
846734010
30983121
521589163
323423021
910200490
321184370
674633177
127618821
275950791
90079090
535853022
823922293
5278181
251444126
286163025
654287857
284362921
806349136
596592858
663610882
764840054
89564856
694105437
634874434
336308854
102789547
80277697
172973913
755259242
982745079
537800889
661231103
704695843
43645402
131280370
764937259
564244959
370312460
753133471
89242763
127651427
406845473
950798378
144904986
874565744
924188067
146581184
319512229
396763206
531197334
553812704
308481604
539816556
414488910
277274702
516000510
528655230
359774465
217250876
615822267
217293659
631955559
230912053
156337550
666584851
422434257
398659798
160207800
861851572
378026847
311370459
800516852
738739655
645989324
680134759
253716808
898787240
947077220
368519887
887731001
744075663
855339917
461197871
782017242
69937152
189082165
1074481
447228082
945110105
135830035
432299545
446677560
903423257
219750298
546241828
682213628
138191911
116739165
748232718
395581935
360337353
377839284
531492796
777627960
850570117
774122496
463928270
837927694
297130088
525286964
255929007
373210791
256337091
591805117
806968443
450216087
109789096
859268734
463303529
39702157
846845399
248331017
191386069
970222945
650215322
748704527
672997840
669429752
125909056
3794126
997358053
983772408
847511213
49086358
546969991
436195011
913899414
326417913
672276126
452282930
676336432
601590670
538837087
154730287
283844472
759799693
755656065
355745831
164293453
447210443
323379963
458955838
798662883
224654090
215584039
377482203
800474604
14917894
102584250
567581278
429108424
987502023
890056461
478789112
812976348
421898713
205371204
570188651
498768147
914023993
993234439
150248561
157125205
648229662
8516083
431826576
603823461
948482679
338045589
7643712
994978313
332629312
22096229
829564705
887302846
5776602
310059213
640856325
76829778
945131314
398385761
324354109
597965382
545797517
669880165
317234039
160233084
935320598
735419383
364127447
991040845
661001785
244684423
526832405
750344191
412247146
932889012
281968603
125965526
897730259
844329595
690115685
477761392
275978580
38099055
885213388
13223082
590813683
174409589
165761555
144714759
378134966
628953192
643391750
46699923
870020941
418155993
419531631
699812280
318810027
261541807
646043663
800293139
712492382
389126130
159080250
24299432
846070474
426237638
714638721
895281561
329103087
390321966
27283497
697828315
673348430
326017430
645214858
873249086
282670826
763112570
671055967
86087790
924752371
809520975
924218315
687834342
944589743
245335383
94637386
248781428
668456118
707922974
735598256
966793044
187803836
996472038
396497917
778661600
619394353
422579697
958701869
493187928
675963720
267283250
726989820
743492744
823785426
825595436
546024660
182622042
889227687
162830862
81163513
899371284
809503702
846357225
993539048
109814041
145913104
70867510
496352024
880563872
216769603
433769697
441734990
302787256
700752005
122838129
763878815
982920213
337526065
404964983
275520763
432989986
807964277
351752225
965540787
853523569
875311114
43768248
447185097
259525392
675547873
835837495
908243054
608487389
454259138
671654892
6030884
300977318
927110317
385937090
572244157
525850820
49493473
716773262
12462222
161543531
524166259
428049820
721106366
620772578
793317513
458402698
643675752
257013027
548719632
478104726
538298254
605745982
113796208
780785672
718668016
533231706
332002423
299398877
223033275
170641103
221520246
388358658
826270509
798888265
996182144
847931358
95314158
292749063
474352277
480518796
270881373
387375955
8134891
544719270
558434993
829597216
207251080
124925658
923964149
847674191
305157891
357818922
258516268
800341354
790343798
726741989
358982492
882370919
420951159
462903921
153081440
739744621
197345552
872338164
424929521
533825299
440508079
429865018
889595302
527689972
406366862
665481246
512433195
211065261
588203626
197541473
66367199
629415349
175293024
740843307
330817979
868878973
605753918
785352741
428440921
149953035
236287506
463412677
175058736
14187103
850019148
559491560
217778502
275814038
518321673
260217186
547287966
452030557
304766040
633451895
457194761
495794487
247128375
757010672
608570431
864149361
422562655
786273915
404636680
170857993
594998317
343813221
890115489
364999462
201323460
429860569
190856712
614842297
323302619
665129627
262442848
370312788
334221251
829801235
624380123
869929005
246602903
563533276
956791362
962930686
850601066
721317244
777254379
715243444
489260550
414509982
536294313
297167027
90125326
158224340
682256182
248076295
328785951
286831594
696369145
767545167
917920419
610926546
508419318
36831877
418047935
537414370
404360952
523897153
309537222
946133402
255201689
455324060
887344980
199026821
638960607
488892544
3626013
146987664
224679707
233641134
899533550
965710406
611268624
954794399
624147575
474240398
703195736
143840164
667233066
213272247
160921542
158935484
686336935
725041553
683319288
737567239
637128537
464392408
446275645
271736523
159353420
978954634
976824550
35057590
243414567
122995948
27833320
232766774
882693503
750191075
618154253
11862660
141246429
779725103
650485797
968845159
324505591
927539816
656304975
637336568
462698218
470475803
301942597
447991094
677348977
239760477
924000025
577359196
221439271
997522422
533078437
574578597
182030704
541353869
676312645
130551851
220483370
155727721
240598234
426190999
809656219
152294393
676550948
795306073
712784271
672203224
765271561
36522654
540908513
899283191
363044088
207319825
546860856
505206258
10166520
463653908
469185787
910952643
893844879
216918235
98810915
246761222
831996300
713249088
8523965
672284071
636725867
208895307
531542379
150492433
55069576
669852677
949042964
952332272
596914232
394502463
320578559
719283236
183963459
96899455
631078309
995169681
772001600
928391553
667222137
166635848
314490767
72585568
940123087
383286699
204747127
605826767
2719458
407264507
861158789
980916633
911034350
796685132
798883088
672047349
941954922
124754293
153360398
535753472
785878950
958466213
428406274
214807987
741451321
689802934
449010140
397940872
498512025
209162353
10137932
151094084
573046791
170033882
571678459
439519977
863518349
477896018
538255305
714599265
463694273
954803933
682999011
796144185
353599951
945417211
263842941
701479028
316993553
554684448
370040994
460653830
629275833
979434840
708218126
893875745
314306121
96422590
200808399
767613574
816900851
293076935
142757248
336288130
633127610
442371320
70477708
237765532
994004671
111686466
349823568
693327975
949371550
831074486
648968307
436327232
569895096
11654569
471448131
476759094
721456115
771460782
66836411
171629448
219616787
406252016
705013773
343229442
943919481
283433876
362280782
63795216
793569283
546141150
295284194
486123505
534361793
524698952
882946604
904190054
898917352
736079710
167187165
631125286
644996211
369099606
943588136
571305979
637154000
99762179
565562232
494645706
406239710
571767515
66372023
395736546
845918764
658310486
550742213
802629090
395405890
117688572
35740916
777814240
581400439
83424411
172191880
721269692
273742133
978070443
654879076
134585873
655485291
311146663
361980120
64458447
104441766
104347396
571786496
852122947
500777503
806609618
364091996
661287888
311262700
93657796
61551416
934981054
872222221
600681614
715668531
830698016
930115229
160941466
606945530
624540767
296468772
433678531
557994105
716988085
912391425
209071056
805328101
854569106
205807378
49408138
16667674
441712380
18975850
575417386
329244121
446926082
717736524
359119609
483203793
455723468
192480043
863038254
246256794
463489004
277786862
821270325
383446841
36660012
984910129
280777271
457720672
844635916
250252149
618952923
415581884
558113809
864889051
223424883
771616129
858112048
135600843
278906170
216013377
222883261
113602239
910160120
943957437
824865666
850458265
639503638
735264904
173218193
993379081
314213691
184979592
121291465
721878019
277110497
626613299
466024144
507414078
357220785
197571816
718891348
28998092
308152456
488141193
892405946
152619154
287816081
427672157
594012462
725339419
829444926
797363930
720638230
693422338
143382865
83380556
557059263
513739842
517569303
709863115
751393722
875121840
506358121
939139589
24809547
130553326
672616384
561978849
682348177
947932521
503514792
900200552
690353634
390860920
436639116
251535892
651066557
181048384
218271991
601999893
820801856
116036159
900132989
235746031
633505739
981320246
171479142
857960405
784701029
144008694
131010494
358773895
797701441
948878851
21043686
752230152
963687183
787148555
400898778
591441404
244957572
511091448
518643372
775958137
574790538
140144291
142681839
543873743
511487991
664679104
355185174
768600537
132411084
645607460
567852594
508272140
239183296
940731877
83694789
617440910
525476567
265681751
711992579
306950980
937855608
188205584
871402395
565378986
914975616
442840527
133564248
895699616
783322456
90421761
543748241
344614772
609477761241731965 310091337 14328394 77960280 999999797
1000
394043254
225561744
885579494
73479602
132156094
91418297
826461032
660427957
154894021
781683739
717935382
824902445
4124320
342152372
559839000
900840056
67183483
860378427
839084769
779116400
159865072
436184920
885269794
135193891
975434557
388825643
683744106
64677487
177177430
712608585
454576740
806257570
996025894
625744337
978048176
477122721
326403099
62162338
275879204
471062851
566190572
277085831
879258630
357219012
951330086
893161910
664497909
670306441
924318181
132585495
870986237
839820595
301167101
36090534
708320669
664020130
777409794
108286843
992360635
454408995
79190980
566426638
186865374
518642672
503178536
267569821
188339391
408755006
383533839
738327169
572466990
863255977
578835725
676493738
171835286
385322671
971333821
456422784
348243635
76416768
975775573
688763181
554974692
268705980
866559736
52732585
474330839
311110751
785111014
238332849
971511218
978875964
395749364
916679862
555020412
653167542
328072833
760286725
700494315
193683246
935038555
146462401
461687968
404575097
343249422
674028492
853632467
30975281
152160092
645567936
628434718
43956491
949305804
551099528
153482671
739200019
357598926
320064655
774000671
126554143
37048215
781944851
990113449
695161499
460761047
220453980
688207283
821077063
383156535
923472243
211912935
221919326
89168602
517187566
149766629
378511138
266303629
102273363
573757833
239428099
50717400
899984419
52462986
55943332
51685087
960361917
41701676
360057359
745662251
269795158
78454470
594269685
727616033
464638190
275338878
891231423
321018186
730436312
71515633
644511335
665769748
464474715
209366198
263010296
863089793
167075424
825164633
264723315
980585793
798590163
129553372
135131530
217583381
873213345
228266068
808673873
885589911
75267630
377216681
449381600
705821375
790984236
336839573
321167361
272434320
467590088
957175333
63121925
963054656
655543270
434081151
261921180
366370978
452758594
300913178
564381894
446052510
307540136
210659966
340604789
805587880
380336713
377874484
148519124
765739264
471524190
274675354
530339492
46691071
939959052
705826279
915993759
577241194
988904086
872777598
495477028
508006779
372204965
834642921
321241357
673473165
47661719
327940938
552232305
65084829
985780626
819872670
272276003
249917350
447763768
969678265
661237682
616641868
219526276
879149503
270770921
799834288
792195963
43792495
338603831
991514078
857237966
257479344
947361827
588307629
598813804
425371146
567059191
219155804
485860089
438789075
609671058
394961926
623434137
430313585
800054636
761898632
713968798
737600919
325118279
371946559
800082986
438572966
564930010
95210147
517352013
833623395
491684187
440368160
299878121
127444971
126148214
211164793
171886052
296980762
403897324
26551710
655898130
402035385
625563024
371949311
582211092
848506363
683573941
451340931
438590434
932737196
276090490
35045990
265265996
680168710
843445380
566059437
9279218
396318466
995427163
828518529
488608091
47734031
407655132
406046921
753637130
284126074
107342976
607237713
694571147
712224500
258682136
443555326
901044330
750875057
103890522
11131978
971898442
310001246
629182154
38639572
131392539
644178093
494331732
432535605
29802896
763822298
880653904
666368981
852450473
657304521
582904282
228098873
531419016
576015299
435872525
345084619
262591568
151486897
231558647
137490105
794255503
844134153
473375783
431983718
527589378
148648958
839764372
428141154
961901891
920435697
43282003
806330504
722271129
207167220
850086201
701646383
886276484
554151131
833722988
893414660
773313876
41064385
203495056
129224856
146971534
885050328
264412999
79032450
66715705
195434707
382214847
526485284
238325458
160367446
34127108
226794721
402337611
826388170
453957463
925732119
452908286
980106800
912966452
183734130
210703194
38398300
152038083
979491665
91628922
255462263
270012909
141322269
314574814
86262539
877394460
911519146
418164039
704326030
944450350
525589357
862358718
975774461
32188033
831025544
191695228
102670098
746143896
94094408
120032400
807936643
41703858
181100944
480276790
397484175
816251004
505528504
932984211
365191430
814372051
481587936
933602098
562166518
990216237
870895754
757471299
699446020
480948163
351076839
461423006
611956886
737230698
723178610
237896590
253350673
131915695
882242044
101591379
611525705
303463520
127880194
14329677
920743652
99051199
500476553
208575382
281316288
12688315
613883029
184217903
722090329
396106376
493055794
254349270
574949508
531156412
144707914
153902002
797223094
138442086
416208141
840959827
390224404
127853742
617045163
759339037
67217333
350193240
214457231
688994412
390350296
90260014
116726093
729594710
185820128
415631591
311402610
809439660
748828249
618904359
47654375
98999471
438670142
444207408
896637971
702899453
469802173
377589181
275231334
583680366
94249819
693496158
394996645
107158132
479295482
640689233
274935368
703785930
885737061
691341662
947401068
752482057
896655567
826728990
299971242
867592957
271019991
739875626
731229578
192509013
751155838
408836668
875462101
706650134
400840928
824316695
821028188
737294250
326768394
900779250
163322644
201957177
787474548
182579643
860341459
451185364
89627303
496953933
466067493
570492499
100058235
245955022
970825439
842697968
969399370
94521349
833506664
401682506
909640109
390241167
505577092
734897372
328255546
136146602
293171185
45006168
948843191
878294472
852439751
509859280
857688887
774411721
316402270
232650385
239407661
870501860
731345820
909798850
199031106
110160776
40470130
56011512
186029977
655229128
385769138
59652173
811718574
395892195
757831022
263458136
455195242
540033849
285337599
518755050
254855571
531251363
518825619
698621389
754950568
120145557
5367006
936632438
325350591
939606048
375720746
542356943
761606060
639273861
709848866
171011459
163545516
309731679
422130123
165681732
373490588
219130966
210645407
174844
253319872
943133806
449631247
943112983
640225229
478566785
282608438
178823789
745364669
76443471
399059239
762991111
984516345
199206997
300873084
199978568
674651921
166630420
800875785
454712829
44646263
785461628
305468817
67111426
329916754
72999238
744534157
151056121
327788742
834434292
862250262
832007050
312189331
584559373
433865631
91771196
185378626
947059693
942330806
533787269
803842798
989588724
207580654
162685518
868585346
423800381
295594409
969647493
143255785
952560119
199007457
273402830
881508778
220178750
38149000
333342937
134054338
289132820
237771008
218264975
221733872
617741992
882241587
848448329
603753078
731745735
422509709
132774681
57934626
441257974
630151278
720847997
1707136
919030479
915095001
969281756
839306891
580962610
83995906
61867792
232584882
241324112
422088558
66496300
414034181
301845397
367759425
967409746
872027562
665302186
539483610
127720412
474910065
932299786
897574423
284418196
121353164
997959246
558580181
471485936
680200513
422808925
180453458
678191428
275306141
647137634
347100491
212515493
76626207
110504346
115335777
738593044
212832124
357446898
815411361
90739742
623914414
462685965
285790225
5701551
801615715
865217133
734804967
618257304
819385060
171392813
547855790
163683256
281408478
127055439
222771892
443418783
201387942
449057871
172490018
518963693
465405884
851321828
582587770
815675670
305372893
922691937
587170188
951551723
81257378
936059379
845222985
899620818
143840619
807834867
649197307
67743298
571934821
237314481
116846737
179241637
539581578
702202525
90062461
53467832
764692306
984367311
317498837
778345111
772965383
157082132
272204121
899185631
119443491
724361984
159403270
984179860
106275215
61215853
888795941
567093467
486856043
160978238
696475523
290667621
92147829
569083577
45200281
975918130
351333846
199134281
518646887
311527939
527391821
951254333
57644007
847725156
27407686
863170303
244421883
990493288
176271882
977402542
410904740
78523115
913631005
875046876
396466240
854376675
868061813
407154375
766864607
425325951
668569584
611110220
247544874
418499678
403661378
107806857
61720877
90674894
959133326
844227772
953868568
523061788
37589405
482485931
891958494
840152401
513164539
105141514
297973512
600145244
492866155
491234989
992755583
309826103
589675065
355760674
18061210
121657457
115940395
696751335
457317835
608218425
870421452
993545700
253903758
762002963
897087506
206461500
725566015
396702012
975101255
729786859
253379660
975855615
222454661
406749538
903529473
770096406
836919997
225546365
688090675
670139344
465293242
103746062
691174697
837356746
810591959
865061447
826164854
554332343
553287357
772824440
699049346
81424846
985199787
53165730
414503865
224056
361041308
41512493
542263258
916986641
375173672
710334817
930459717
243444778
993684299
246579739
94011434
415022692
571761004
991581533
624719437
743031012
815042482
842295279
571100127
303916342
830747301
36621616
395454993
692369201
492365418
514402530
325247300
691702621
551535594
916601028
361441706
717648896
310133882
483366440
332734364
873414086
853908422
45601255
239594245
199881401
42331856
91554045
319694601
410546043
985996065
6211034
228548734
400254705
678770729
654079521
101156389
483346271
475442528
907495211
289792086
514531835
907774101
605172046
105193299
468545393
410684366
183020692
77781569
321183392
563090127
104476970
741554077
980709556
397541222
766511403
129584836
275528089
35159459
551387474
273979855
319520057
472797351
509296385
235031723
915780294
809827806
863379038
501206714
720720186
447987122
244682290
427427428
596057922
489941467
676860687
17623739
47514083
821734075
289662076
284331858
449397576
279809590
69300176
800702116
405262699
198485672
828825803
839840232
4071321
581190759
482774603
263490984
517443949
795946145
372591550
653880467
827597658
485831696
972828664
291382399
782751130
767786633
618268345
263774822
802465373
146303688
174449355
483203700
340385500
793162189
671668647
703492029
895190956
324399117
952446208
