4
781110194948286187 11035227 976987632 125971051 999999761
1000
749903527
989143078
606832039
314402462
564034325
875707375
635964704
582279756
13627639
984949002
548884044
892264660
323943189
11243212
336267590
521633989
537751670
185764037
59358784
690866182
814248873
945197767
607131800
731617583
115170975
8152495
829371288
168048713
964324010
933006263
343903221
497028882
356665668
856206716
889743742
920740159
464291037
116861946
960086078
505795960
910682342
925464575
603363695
835466819
115013207
146928853
284383682
262139877
190826659
924704362
142135592
19119274
996025287
785279967
558726777
268824125
353213367
387762887
852175092
730698440
951112275
308335411
410395690
659110467
872654744
84652683
371939795
832429960
314678042
51778572
57554212
917027489
770324671
554761839
648964262
57885146
19341475
727199540
253127746
280987938
973775142
939453501
729366253
340505054
108807810
300697509
663016359
58449158
761569668
376525597
984339110
762797433
430434690
413125468
814521123
115607337
188657233
882315807
209225623
74437117
528904222
793488958
573414809
648876936
147039562
752330533
383580235
823504260
733953417
798309453
261729367
178687433
319532191
345077803
47487062
738929549
868779112
356912667
463851730
176265110
799398980
379891246
558974682
349602531
846624184
494910663
630826951
810055999
318873556
932897630
534214712
858239358
861834914
229916532
146268222
248839583
701120555
639268460
554753416
198358791
154565022
278987727
273421046
712193346
310404961
519480430
50727044
485955433
625654281
499319628
394614156
872253638
229958968
482205682
812246689
865170142
611197385
281190262
952465611
199751373
879760545
281012103
97389712
532856709
764834270
792627920
232315223
377305693
167179333
760476660
564431466
441221734
555072137
776171013
369631210
390678289
448279545
103899118
617669018
51472746
641714160
82177157
948669453
707011218
500289344
801393825
589016905
860396378
366104824
503225445
583441448
996764682
280819271
566660593
453078792
740462640
553819509
583304648
586566989
51031283
586639389
419494619
306367955
675456832
394956066
251371026
663117833
681975587
234307391
644339782
234323496
590017002
477332612
534013108
618895652
813479186
899446835
475484618
820333701
940718244
501265276
167553419
53116518
342906963
936593282
491028057
46970118
572034709
666371790
116416136
487573574
670496598
579740952
200452143
629650143
585607578
294453752
819215994
537565665
601923613
499030797
561015094
289813346
410885334
574071472
64781545
335395079
477646060
626536215
63532944
414002723
998539989
137850503
615979483
609836735
18659796
949165278
365856257
740560974
377872523
232658550
942876816
565560504
595673651
785391671
436350579
452228161
360703443
633560938
464944856
231069547
347492124
948241272
279128028
11703108
154734859
869881077
548675813
713381013
575645186
849979021
387578904
266281121
669588554
645921352
815982665
398950647
183239444
821142441
218773111
732256872
494582775
55563510
195686309
501858858
462485954
118102181
491167843
424896746
760536821
812508407
139746435
494319067
253017169
157171081
17330238
431711948
515242700
625423518
726115071
617404342
397581836
860211016
754477881
190469036
903865262
413996027
148208414
452311893
795687320
802458158
911258046
267373802
608886249
596360048
164127037
336342715
221328134
971822095
87856685
648719853
71491114
224002776
344061824
69908295
386905934
595574127
493256962
245494593
648312819
368385075
28425651
547278593
495319263
958432297
60334644
906279938
368533110
450566215
465122548
155802072
31742028
907391194
872909754
823233619
216404612
609837734
402943091
445073258
252461896
134050257
675020649
486187292
510005179
660755221
96194399
586210109
354006059
630984435
330598642
221131677
225567335
316939275
201103192
10354359
463473950
293792459
603297152
454144220
25427313
1596511
314398468
389772907
780946653
823556686
214832079
741322757
539051597
98442080
382740632
115996305
961131701
760543226
756821215
948420448
527483199
188327707
339288789
731240869
558132844
827681637
902699808
406544014
766942446
681518882
357817671
824874256
160225764
445151776
438002462
929958166
791453114
508992478
831887094
214740522
404936580
832206231
376952201
200725672
863154837
407302790
652285021
178050825
367869440
620993219
684869630
262687383
175939606
138150214
124532649
82701896
957497196
729993180
761016050
498265875
178329930
195449177
782795193
111778144
160973156
869288721
348110319
270301865
444346372
741172804
326696705
663451416
520372896
403699901
427350106
143921405
274166982
77588363
374824716
381787381
943901636
940254715
542744228
638437490
949369970
140743653
803417243
618929545
519485149
702378663
797306394
650512701
140608340
66652594
403111038
6090244
660138516
611905725
868914426
562829176
802878278
661093413
305251857
884332974
442806945
379109419
345823782
942016023
176986626
310078235
974982495
868843183
442093769
709888064
912397873
396990447
83081486
462534194
450461756
427391008
291402231
48821126
586868448
17661271
67917728
116933776
156918133
363692671
492458702
877902487
621654188
240669109
337751078
879929168
679341540
765309930
805663399
663955200
712663994
30396416
409074987
202841338
168293166
259251895
427952881
451089171
360672638
169645784
278837796
333610262
202364853
219691900
483397047
288270946
624354439
308724781
690312223
853480386
505302209
885395963
328720120
800855791
804556813
132992229
699301687
496159543
118602918
20628189
172098894
240315639
629054595
632775016
559139545
585355984
637681489
494760751
564662241
934137735
528862761
511707643
168986157
822199114
780969991
25414793
199036836
351128231
149612667
6482412
544102839
905626827
222169213
302315148
952190383
658961947
884142133
677684266
116308049
696363663
371431907
663758052
689063886
772766437
136725594
382896409
238883859
274035656
167611461
651199269
705772572
159072871
680593809
263552466
820896570
785586195
761351230
239900779
652693119
485204490
289404049
223810242
309511682
59309211
668075684
116271100
22341487
712217941
919883900
8350636
581092049
145903415
298153845
630608073
761060877
993733032
335428886
64386981
508389938
452976161
856537362
64330027
706562539
106565156
464949418
333372152
823058063
416257400
912913559
770307671
621562603
767437632
891548603
221911807
460648222
661160603
662894159
208997330
527221947
464622516
490485254
203320578
746926933
512565750
239971260
205586812
815635093
857438226
354059406
305139994
186779302
426788245
47100664
490448773
314403190
423096139
808022316
166647736
602429151
344205547
613666297
304965978
472144522
133139045
585708653
34598130
631575932
945911913
396696385
934319518
232597355
6554904
433927960
189420586
159851696
822554792
952207927
890376295
423181603
883801053
698736250
817840949
284167152
555926554
616238131
872977822
98925813
310968402
765826999
734611705
870677289
490705278
94878363
574632331
210786420
582140761
243198586
792553777
173075974
804812368
575389723
297503176
452179973
504978004
491841566
326368880
807214404
547183660
659965221
94360412
150141159
440407475
430111903
853463527
129926891
176957048
989045855
632807748
660829085
607333692
132132900
996383848
723663119
611383502
534938843
192278682
776329095
2159115
981077781
504582057
948454934
48249042
363446840
540306368
914645909
435062342
600744975
20016255
637007789
533581733
337133582
747603457
928645408
761662798
922687474
236121730
171290969
312024882
320850296
605078002
711873036
124996815
621841720
121282625
88228355
966837409
518719104
557955233
208057056
630493270
196643109
884416647
70504364
501844505
579864750
94083369
771076864
517329235
651887766
972229320
687994810
710782574
961506196
652863438
827540825
942146639
466213609
772179133
429129805
203455963
878875060
337055309
325625848
76509652
678178477
470516010
449714430
378731774
71604500
160564496
315150965
177782235
685504350
311171520
306698940
305814642
83657056
737222048
656496516
21106036
82483475
260763300
457890956
452969265
476498313
695062591
113971428
94288112
403693416
347373638
645402688
740091590
257799133
646816980
520073453
204653063
417028429
926718780
982761567
728117466
974520309
74686805
349923185
11614568
36643262
531558587
880647651
379243931
296097003
255192652
123889149
294894704
858779583
922273610
736948122
150441234
92534481
252978779
539879834
769133681
868341622
475470056
135501943
532403944
330329420
152105183
737560339
624274203
256225376
593252756
945366072
321601584
1063233
958957007
158786406
219582094
56244349
85999948
903483007
783128899
572625494
776874130
468221872
765643967
912462420
783790471
453184448
804145295
108511
147437386
274735436
38772375
378431877
932895230
648133930
291256303
90287847
881602630
820212897
422458125
258336645
35125207
972462566
583789520
655331921
259156504
934733251
701433235
867714069
249384563
866027419
793312032
296029926
85514213
457418337
560327259
384951274
598818881
340817786
524531978
836085403
246595398
777528045
389362427
851177952
785066964
852171739
128245797
113019575
852067326
825379541
571424228
358199715
867551659
179450972
295689325
17590511
201717066
850592143
964050569
529164940
473468344
376510600
630527963
383327245
950673986
967920554
736312251
70677176
743168523
153820460
394580802
351177348
738839820
507219987
873397204
23017830
217088765
25711610
219546618
901370026
958365547
896719004
828945180
585182878
561748034
686164751
466847315
237975925
703633884
451470517
830102563
83775537
736689619
723606354
994343092
346380331
198997623
678045859
439969096
681901469
21357672
423307737
76659418
291020818
793760458
2267018
291555103
75043543
564089343
755610482
706549444
47148821
995055149
879194630
227692796
214139478
150767109
858391109
962863418
800093189
967836254
544406552
828248811
373726693
643051929
367264253
786337042
532894745
360879063
906829661
403369922
870222581
925617874
519346028
208019019
246623968
565669875
954861987
905289717
42840164
920916888
174529471
169025346
445785860
178384854
367044645
40533605718018415 404511517 333622255 176232045 999999761
1000
596250063
297130508
114454772
192185891
661782556
19367073
367371596
566063650
1315111
229440446
274375030
380703974
412331702
942714573
138147995
928422069
157738640
998386231
340210160
989685068
104110876
824979230
662592539
956602123
979104230
231756896
976407732
464447565
422739923
506147560
428434062
467071460
338469016
115094098
785287191
157048867
140768352
439497878
483758165
568625305
953622962
248290738
690093632
3072207
529859822
450550841
141526085
709441242
294805036
578488600
312207066
996302635
531072032
339566783
407636049
695788215
518554512
862282538
347310824
260304408
999887097
282035999
218292645
784928667
171195582
579981159
740435248
681931927
864655497
145383658
51935474
69148847
204396749
369095641
795758791
941815965
602287943
544665622
173065446
17873379
110371996
274685508
320332571
383670998
145649548
741016291
287489492
534267199
350480949
606626888
2730594
71949237
776797337
513883655
272665835
186088918
218250836
467839276
355916584
370759080
758480607
678840594
179873424
639210978
600322845
315707085
629427371
838270342
479335120
45288444
667435711
730615040
827461795
589202785
893542726
566149294
303250621
361082977
26599513
720336096
569199700
442793995
272337834
581531851
752485503
106376303
50055609
997598359
62588308
767484848
145954078
9939384
402896928
777317028
972957755
885865253
713491796
157033354
899364947
427374179
834919945
918326306
245709714
753395925
8155160
958319242
191805533
531496519
322548791
274063416
432518557
351107016
901480284
245657482
610332612
529708455
295713132
615829111
138807903
467345240
958140313
225736102
241425187
443898066
655902555
657620363
152658863
912794047
578405241
7056825
858999249
966545946
1166452
9896403
774296806
721117876
69238600
867324603
752205942
713812924
628162387
718978022
706565331
380283771
536368659
206121734
738129352
977111806
357639075
614076550
391513307
117892990
15892620
974177030
916053616
2897698
173860479
672871720
472095960
32495939
736695278
190854732
618351408
189255699
370797908
137921314
626929432
573807129
817777871
818858642
669229280
712364706
157423318
698734832
448171113
864266927
643074755
654267463
432885789
986285805
812049673
190085923
972104030
58242409
956656191
835120857
640820784
644207539
748367033
737681667
318178715
692060352
616749039
207678378
696394124
428116810
98485811
592730275
987033584
163857605
278020177
378550544
19049092
573855217
327741742
278008782
519583243
565997147
658334822
903751883
453762350
124519795
629564298
865295714
97795271
897637003
943931394
247719255
655122893
947876750
616706681
427018236
381362663
334750181
45210691
6743533
4561585
45306536
530465805
141257964
652570071
781467820
963622071
326458411
149861914
489097537
695575422
281027272
791338219
283542651
129650211
544551242
20153198
861033855
152048796
837055536
211219771
953448392
904188994
78665673
48380595
614359898
950727453
918839386
515196081
752968337
463328979
923404420
554528198
553102523
895841470
422311365
704630416
540745604
119395767
639828056
719362651
137523317
491509911
812138601
955113224
972546747
382285118
615708338
455167560
471665730
932895037
698265559
32629357
477124250
835087386
725041362
839504296
403795765
940914174
129181486
723919992
925928694
559616650
447943195
284335180
314677567
364632746
582843070
695201139
468975999
994338756
779832177
686089400
256406287
756436327
920731557
91356549
845820360
505870600
912121466
176950717
810309000
498995945
642138202
277723091
499153821
399292855
96051261
902629275
210493399
580491322
420269929
37345414
359867161
518723090
373790843
946143502
565163938
110169554
158105037
304843771
157050158
396224712
480995689
623773658
236469096
296890425
680235803
81424041
608553466
173148897
514934809
762912517
386006496
236036203
611856859
556297508
308519411
437164726
963496164
881051300
758235962
323376309
391775987
304062468
575252364
30047396
609904169
619171897
352736767
190983733
632930863
415857384
92582732
776505539
333572376
835033163
545884117
9403908
616005003
237120152
783845064
396870192
594241396
861478528
588508615
326371484
673667312
721360952
499554769
60221113
956855892
485987263
317431231
608638399
108434905
994621945
716741930
667802197
531329822
990707671
770738277
778119002
370461707
507703474
916716274
999616806
13419824
324087051
552739523
140241297
400012529
80798894
534925986
789646604
397073251
598060017
663134487
558808495
395435210
601916392
181669396
254496652
547781475
131925301
562065822
594913257
299382681
646532725
718361691
753652149
596336224
453560998
716429234
282482318
988327439
212523250
94177281
102432213
893476447
262878290
503789630
949511193
748703174
406826678
321727408
911580376
882260917
581961940
704218211
71332826
165699932
640578592
935276192
767733526
622180209
235961745
256564637
349483054
283032590
222138847
490524757
416597518
691061745
48363553
190896711
239401141
587028356
362918043
833741032
318386636
62060091
355625027
135351799
662323005
273539440
762863375
711195670
613613065
505865278
8861023
33192616
974022219
929907887
512613231
496359029
850864195
403722772
269033084
687966241
595096644
732777090
786898560
462667994
795458196
349179954
902224590
997323239
806125509
812878274
52599233
338656082
21267723
369294327
92291887
854863734
203999171
11324441
405153550
555867482
607889661
715262596
265830919
30808903
339830726
348944709
578004903
56771698
453704542
334627189
372376787
92194036
543368307
386584711
216281996
834983032
764350018
743648200
792812749
345994547
622229054
143925131
95001141
821841994
743453528
269793623
550019054
866374413
378977247
916164469
250346300
55579535
202839111
26859012
76238881
925417384
84693411
54561813
878029888
542012379
925529403
585566801
275082410
585748795
368920293
214842159
725462292
242548188
286093726
596596466
276016968
724662686
749008921
753951777
843212782
12932435
800310248
817761829
940730932
813366104
332833797
543408294
690785357
803537874
680547937
843782775
525557017
539009297
241222826
949141914
217855367
997663996
325738892
621003680
542515616
687412961
695567282
631488361
309972390
256869065
662009048
385346724
602864832
566154341
803818838
383037441
577904633
146651443
552955401
998574013
40295078
513434696
836577300
433197749
100914917
680923635
934467669
416992819
27829801
974431719
666273577
285640840
628955125
570741529
356734482
463392476
235367244
289267219
59907291
718021317
811385457
248478316
964502040
313090761
864228915
242607959
740981706
398900618
280356343
610487765
453521853
456146625
841918200
916140045
776333953
415176570
510123105
110716754
224521981
445655891
495340733
537804680
37370486
561661669
733219965
472055543
884657149
327956375
240873721
325939671
196853680
201004221
721555563
788773478
107740111
311532228
925072241
798407001
915517739
887443109
887436904
556838518
962732685
319599937
380394624
388329634
948295836
979002538
643057481
618414103
449235657
562584124
900937595
270851919
658284471
743368470
748929441
74534624
919879912
175748451
199865263
193701191
233668253
631008312
911115052
484220246
120854014
799727087
600723478
220491880
766463325
45165599
213513660
382799107
538384232
578305452
65363197
765307047
927562712
386175241
20387651
607828652
238956262
787207459
102039273
461435544
533854455
31467223
653092027
87979752
745851799
551100839
468395144
600060669
383243605
666465817
362675879
431350977
753051388
774388004
813997467
648808238
324541883
807192954
24759186
937748845
948350939
857076681
118882247
680920680
448872934
775051513
649917790
938236796
320346208
516633872
814027414
641673578
204601669
986085027
581142062
852374281
76601433
483554660
862406861
385300113
68198855
298375902
652404448
269254989
593425384
121711553
380098758
250577789
520459014
682664360
404924554
220987963
760414963
920538204
406458656
167844945
709263190
526240408
309570605
578847126
749346216
324747828
175072764
635171010
860433547
407598932
575289539
834352817
375422998
760666901
368299799
205677864
647445692
232267584
797439038
790006520
469589257
938579858
277763883
448668199
904947346
934035940
903076961
140184106
775338219
659479489
666050035
43349010
918831952
330516657
887803689
364314420
672629524
112909441
428806692
21113732
310114560
825285587
782891912
125363794
822400515
390288032
471181288
756035103
514606002
128756674
281498079
324627572
27209652
715051115
488461442
872147883
468367179
804068848
949977011
741056573
852690271
748257886
686494612
302558524
56251057
17958938
845240830
582481223
79940577
947803179
672146965
56127966
994222741
547076857
651601438
189151953
455763852
198250356
60699530
262353650
904089782
965761067
343801452
400059487
599878156
906595960
132094516
896248242
998506812
151865213
275721444
591561225
61677557
870919049
114662943
181886972
416780103
794473068
677990183
787622987
267719241
939866366
883284077
541888140
381266154
627770101
723867783
370867964
848581622
790718196
411257886
982256854
140074413
12298927
939515346
640979161
715001772
470888886
796011602
3884672
910859489
515837184
788472092
798358412
919210573
169666680
590614000
561172104
190559198
488888760
433196923
310924119
230353790
725479252
340786890
870337077
348025981
807143119
416052902
769025189
70306335
106567053
980674411
500281795
852252426
805644827
526348790
727184056
366059290
997567400
910924511
941813991
710430205
332629890
889406931
807423806
868048226
506224302
544565919
927449248
229806826
215489662
964948944
455176231
456196422
728461099
32644739
451450832
149638512
495676672
78405390
99270383
325714397
858804563
705649642
446454402
703397858
280622892
122802973
668898097
219783377
143357286
673264165
701278298
235829581
187330488
631648663
415674638
306139105
805479347
65333178
400026583
543588188
273498130
57796471
754634995
517739379
963773373
624166541
617924628
642896422
669440534
638164879
758745027
676944933
493699123
644050413
450289801
175331173
848023214
449501726
347011855
970806829981095368 908811089 390465968 257348075 999999761
1000
902121648
104608156
778814789
79448911
366973218
651215749
930717304
899140925
34670343
325113886
932229224
461292218
631263835
357043162
284667132
311579995
107867942
2568114
868846515
427109086
571617456
622453399
847422454
945914802
613821548
585816509
445395211
294869763
936303353
651331068
601322554
123147550
390105252
745229282
518317416
205068117
418529568
102860081
708952466
964748176
546610371
768987184
318585735
878410811
991587493
927821492
237479619
224102487
524666042
255754296
558670602
871768405
368568192
529562089
726808650
45041098
673801517
981497550
509176689
508713302
515154193
348774018
285125767
579836758
733459965
969565816
220850387
362971244
343137690
90740083
772236480
320692721
726167396
845073822
89034364
320453766
129553504
935516653
906510208
36298812
239460456
912145714
933958355
328321773
78308235
23848253
367352872
616144992
149650250
425825373
826020750
714113612
698358848
596211851
595316965
637206456
320988860
116535457
842275550
74120351
881372366
199446976
994242082
240988324
535824995
814968060
202145735
339705736
202655647
23070166
780865608
30274285
821891882
359378625
658019518
611791540
914853906
807072959
510646385
829642754
667903031
850917442
300243392
956190096
6944153
819551328
386673870
34104667
293763685
878490108
954070586
101572704
812645106
1551602
372518896
837197234
401043843
947732252
748169265
354989358
828707522
126427871
226139945
426454895
301523051
891254066
278637833
447013209
881339588
725662872
136379982
448152503
102974043
360096089
35611592
802277050
924833761
427169275
936379811
346260057
496326753
922417187
307756413
585490211
813154299
870323342
904101597
539488389
126130468
527527519
357919451
416342889
905143584
572793815
622417379
441405253
783275647
950609052
269908556
57216449
996722470
794908868
287742450
45740190
851166168
387566022
674275438
888933382
617391013
495428076
712581154
912761309
521066769
831577831
542817472
886457246
663304631
368492204
50879664
957712557
691535942
526940878
373458118
292064567
531613858
77420162
840072709
5308744
67226896
157163804
445222534
405866163
97709772
634550546
741174066
130647165
160166355
875848294
34204548
842917542
534476010
847769973
549155186
787514656
734354968
171440010
153889627
116780122
701304460
900794119
400233370
690682810
61668451
4409685
953335487
588416375
610101363
298555166
488563185
447311449
742454147
952899591
806712990
479077996
984993630
724622544
833620563
698144632
730359361
600706365
542614036
740855718
243650444
675653966
675568239
622726218
229562444
683524040
920509654
383653047
5935852
414973940
435502009
823601892
58396834
736956071
841266006
359399351
423840660
951075604
970505396
561332591
953428559
528656014
968759085
110618560
116359230
826414166
221936855
228034149
10542550
208946761
200454070
14529765
465235598
489744632
213654430
629974756
978196888
476187235
179026483
611094278
417123847
248554223
639984093
804658905
881508918
230894882
95633288
601939044
133470580
446089964
545975699
837792836
969361637
720925114
909396002
590966003
511984428
150897073
622010183
423098955
406327438
79587566
510188664
503375266
757076548
245140850
640304275
778251695
872315342
281702026
810305324
126823202
841010051
528985814
404652122
952898024
594630304
829472184
393001508
84045843
842829009
233477200
224598045
70400494
883049701
765393413
696474101
403018241
231853917
25177344
218729424
906592119
340734535
722671085
173140348
462851034
394730339
337856596
634720963
441694154
228619812
572879711
59151988
207347062
352221560
471523222
31179946
106262734
543993810
796291401
830666915
937895108
609586467
870292068
474768823
703989375
227831539
245897390
107589442
900923312
82799021
6046428
796843548
204745995
654757196
227514518
606329903
414602108
792264216
431069201
404015104
73197601
229602542
896125691
939490058
843558578
505709764
334212780
72876560
818700925
565621171
394186424
946033340
498004972
688565676
452797773
631086092
612854774
790255575
530112483
39638084
486486543
984145819
617657559
113791442
736233389
830178640
395811995
587379699
204931791
843765377
40100529
459068091
503023190
942118885
1159845
710806173
733309238
969991174
410266797
638799161
70334016
253911605
214818241
371569912
63587760
466911092
883037692
475509763
941551644
839835979
969239906
319429520
952616913
500699928
215330074
897523397
104760126
646834748
417187239
909335831
234791660
563845307
667603629
728099490
835646610
702879384
113127582
50401429
788982541
949694033
819395558
756278944
411154836
736070676
432153537
808843738
627700410
205184907
772273109
4764618
17955847
99919674
123856274
766488921
254666117
248464684
50751489
385374870
715557729
907022815
392923093
878663466
689591682
925991174
113294312
911228500
427670660
792592377
580018745
995561463
566881407
687856585
388420521
195357299
795154301
781254389
453849503
146286822
394878894
491377696
987906034
739418862
985469363
332415756
683449647
461783557
684843307
443984882
557957042
430452670
269769374
302288302
974631216
185816842
4449881
920656900
368823415
964181493
603199852
559631765
720606811
61658784
617655922
389880213
890252977
492745253
612680854
630579201
215715266
539583201
628446814
776076802
433387637
53368020
778962145
592792948
133544214
109398726
64867373
11641458
227430951
619857410
27370834
379271902
946578454
828680915
13663610
260783725
847922248
935468264
686616363
964570762
186170368
409743631
652791671
868484876
418005170
164167185
584111131
701365537
320333679
131378226
823264495
13636527
807718304
273373853
847026298
626643033
212655619
459105737
398680302
149590739
274952795
850644674
215582037
955295431
968190166
713968697
712931961
553330622
802440673
780621838
309931512
200136127
260589754
576215528
959384227
168375321
240420115
799748180
479983846
74379464
232131887
50894587
28731971
27926969
479889260
631324136
599879442
555019025
223839852
159914836
888746707
822346201
226603865
735844962
156448077
896826122
80619314
122240421
63469601
165752867
996055516
177543540
830356688
705267777
113439374
348055659
791694205
714947450
54751764
872882052
404425041
656819652
346827767
9968760
169075275
28601237
353891742
366241355
761101554
707061823
286699093
607741905
322972333
720618515
27731185
554113843
999915406
2554412
456853685
934268818
24850470
73984534
565461233
547742426
743747821
331988759
573258756
535319257
359320561
969231321
787496621
374304724
327235024
919478091
599455432
200202081
264152751
242760488
252374353
12521503
519856058
882492511
27310117
87966730
197147803
684155884
564432972
588919629
149796889
914349856
379263481
620607211
515933361
783282851
637869633
740685679
409633597
738015344
796337062
932341128
661306379
916895656
815934714
585061489
73701361
915671299
873475716
249072638
677544507
821741020
923589980
781327007
598236399
603561689
521852856
564169990
267174001
369686713
442289283
11295171
77043957
828712235
509132994
54826396
625197754
873971153
421212025
261360361
609869288
968658541
253515616
670978322
959326656
439224392
10734666
593339844
52113296
662990887
501446058
481860167
367759855
363616329
192505402
175839639
23314471
619538250
804823128
469903355
420226063
218536377
506575790
851791720
351323053
188289773
146033759
217992624
673044797
575519200
907535263
59500404
94972963
975079717
485904283
694612741
15865261
393250971
562567653
572753294
39868928
694250170
93665636
815823363
699710184
839921955
484194359
292146732
540671365
160392925
700436999
551659606
460651471
608624011
628425611
247879623
858677151
980351746
32931559
156426150
599225483
268982081
572401275
680266761
446608594
49270509
838202063
889281726
922818369
250310511
74889211
842002692
410489833
808706403
76564417
789024294
884220107
762968416
356854273
316392156
284346179
634432791
485637794
313316261
957847825
263042328
911831803
547698345
395405882
766178758
467570436
382517801
303222889
287173104
395977718
231919197
499642054
723406570
658143503
472237445
671942475
839392496
980154977
742127140
407732151
591877825
189669662
484965101
439242410
561258585
539263673
509884340
115805973
493837585
667363257
123431824
234239938
156774952
823777683
773504530
632773294
565486771
315448731
175688653
35627668
495155246
706959225
963952503
678671352
695752401
810930893
223006346
308961929
711970158
58055784
47411010
51980100
115294863
864607984
991448630
409129993
328471163
579796305
359036609
930585554
736793999
521198017
153256682
671969857
561926965
32316957
649426169
128476641
10706570
947058227
962338287
618156897
31038175
612349507
332253810
188264722
637909327
527843651
827269035
46986537
77770865
617861245
850633968
725704037
5442581
482159591
347582777
930019189
594862124
122437692
348262912
862212759
312674967
979486268
718076825
477331568
615952306
29303427
136171261
296224300
239900907
192656531
387053764
183623922
722740749
767680874
855210917
378926245
880722389
634439421
143743819
905591205
75280441
752819093
541536493
688943650
981256738
447764765
418129543
533219587
59390915
827386677
183571454
971256391
764766836
980855719
110073000
748281107
648247119
885472434
303547168
541927524
617591543
388598233
16584193
399136784
455374104
344759229
275580116
738974286
205038176
623833300
339889264
723947580
24594456
492959058
271025854
179474308
383814654
907057451
693894588
283781354
801529689
663509474
328776070
234313939
9968671
844903437
507005196
8374822
954034801
496184560
107219887
161721497
463369223
197703671
170305300
417026404
629691707
462809799
637962197
845877966
544816700
142994852
380228788
451992265
55362661
266506716
792584939
540030051
784344586
553922026
657432541
984668093
732381976
712714667
171030776
501466731
719631316
219554416
488486984
22967085
420249389
87630329
311547613
613118163
23137917
390998719
412149117
654259379
688751629
392187530
921427295
220706385
370088802
612550760
693504518
941723931
204957773
449980120
163120459
916988423
312365317632715470 740679751 490573044 944948911 999999761
1000
556720572
931332724
856163457
269099608
987558432
605206402
981178731
786390052
771076212
431509542
965750226
245392871
492856121
20831865
87428205
579157928
799281981
331833657
817109078
403327000
964778416
418892758
234275598
697680725
359127265
614890220
852833678
921629885
761115642
638242102
704114028
52999945
4178446
222240213
11857530
338678289
796457248
84240720
385987445
650492476
952229120
231963820
323399785
84599583
658836942
328248382
211319710
85895225
928844530
14929944
826345623
738052730
866231609
642669434
730379497
465266903
933750884
242777082
756005395
529733990
591538371
481414982
776551985
452872260
816635132
279680665
738619308
230033013
315757505
8131239
167295318
481466280
965201834
181072384
905647988
407358073
536619428
311265768
998036874
135819585
495783503
264188462
381071449
333623792
514452409
344454393
409247806
45705323
730146265
9496091
870525837
451439805
130921724
985032777
540007638
424195428
378971907
346492997
619956290
877671560
343945828
646951013
627376135
757928376
266156990
384928337
417275766
565327688
574878097
600098134
610266265
613825953
228599298
454126779
570748647
740883245
335565291
615508100
155646531
996491393
354853137
458230675
670067578
857736747
308944790
24678214
629846982
904818280
765201942
43936260
727334102
706502600
43408838
657789120
298383300
862941917
418452914
812669377
744141688
787380717
725796835
84621070
384445039
343943325
429146870
809552343
612494850
502668738
280194618
974000691
778499592
618713808
845400447
801510593
228713588
507368385
570144282
94611169
306778019
108613188
129094844
244804254
792562359
886459467
536349649
367077266
736843363
185849277
118896606
460967490
695526690
253885762
68204098
798062668
656520491
583247866
631184543
759641133
548916265
73326607
183729659
976374758
266574691
992494703
657861982
935222068
24867763
490261795
910808123
67587012
760038980
756671895
815639114
519390879
561977880
225736475
738741275
52817630
326243115
86049527
359013814
828829320
985567237
360259893
273343670
863702396
847785380
337341032
591189352
140661441
278305751
372042082
21857355
119327398
137474471
226035168
643750503
483749909
230866255
834234465
922306046
785396308
275280829
315143524
325887103
376897152
153540052
963534243
21496143
350986270
657721840
22253743
272031215
661186692
490267722
832552909
842451088
160551489
319722933
340959137
85448990
713955723
198355367
146406898
533280301
485551702
783635878
29387889
119167440
378829601
863116404
882218948
781593969
933405910
184632559
847305137
564009993
308860873
340516446
666127838
135719718
904377932
567745595
754739752
550430794
370636887
735654250
662241214
770269417
780823549
515417932
698222160
918609027
683428406
209656558
246938309
410876524
249931412
72206011
686342407
839270022
223779638
118034080
473709745
335074756
305293499
298578659
439652777
93641028
768389560
400858657
81027064
773997272
765191020
263845889
716117362
425596193
885790239
873663928
230190584
125458253
694938941
325228906
367058913
506896353
905431867
984648899
990203312
215070279
566092996
631297186
141190266
624221463
476107773
589586565
289736015
605311146
193148848
209883051
348195015
694745904
126288017
995938685
817257286
651555511
130481951
120145919
501846127
627025476
270740901
977221623
957660863
805186164
783559701
971367668
557784085
186759678
597705690
908325325
445952918
865881567
917231235
45742903
358062935
748469560
687705213
463329295
170495586
482858138
75803013
361941176
645826409
625982893
321248455
909917073
172430421
2013229
500527745
388054207
270356564
943670793
933519973
108085615
891562424
792158809
674861710
989369120
388557131
220623369
224611291
528943903
903548149
236185525
868016810
913658063
72127998
664405319
106515141
183940641
939927154
8200457
598717286
608854966
750602978
411603848
564298639
828139744
708531636
778357035
762951405
422561828
672252027
896669885
374159786
545971186
835535417
73871899
625276473
289226177
832515557
748019428
974464506
379171022
828569814
913268030
47758531
117652767
263647944
626005528
59793230
487855846
689256632
866030509
724425089
105593846
505905040
633099238
113445332
205864188
32997556
296352755
605217272
70894664
253595840
388140800
967436047
410299358
633374671
526866804
777316051
442173040
338353280
428006013
677033823
534034650
610257092
930008793
328185917
926895098
323527980
725173928
189630813
155928730
699074820
568821315
403568675
887077050
539257498
805641671
232899245
113298434
614741133
533632521
401143247
938225163
255996123
698752758
461600543
35608501
38713725
747404761
723683071
928556616
401845496
801047722
721875307
624164737
798981787
180665163
239703343
209572914
339586042
514367507
853948440
555583629
993384750
636846546
828667212
503180163
816453073
901551331
648151343
364566871
539206162
884947165
766871844
983096965
257802956
311962482
266483990
46974351
860739232
91289432
617481938
466151188
916546939
575409667
268457353
248058661
64979291
438444871
163602664
45363070
583125449
549664345
592220113
727770305
52899768
811271678
629166340
867410785
584977931
562357301
241427097
544635412
716438970
128857522
703810507
2355012
550074490
587149640
825869162
345096168
45427170
670722319
523687833
210797926
724379776
60009100
998362370
524459768
810762685
751276974
48686643
243701882
507442507
936598985
454406260
321890253
7122099
518980506
756947176
749353609
858602961
479169617
174556229
325905057
29952201
688447837
89735979
774175989
766181243
683796579
343461837
633901743
909300038
63102523
857521079
701025879
441397967
474131181
364701064
826026219
353833658
828316474
583326403
279569696
228847618
262318285
582508929
568376662
892076014
491176658
381315098
305763402
584154333
82699688
9220238
534692886
31585612
427118804
746234907
842128240
130542966
446413353
221914054
546984693
326077247
985546549
53506655
939647738
729213931
909312502
136358350
554054517
727264720
85726135
811906251
891716355
536458619
843267361
351051603
821877393
705358006
407039142
113932430
639083017
137442299
297214319
295566524
930144738
376204652
749217007
759924603
877316025
786902478
547626296
727190369
957924307
352411133
472673813
52529572
942307761
214477418
734873518
733764269
764371190
544575772
435498632
757514905
857532350
824063880
839732662
250531959
177810473
279766758
259241311
89255941
571464710
566033779
344647684
807217037
711920338
587080185
292390602
416410866
704063945
753969470
815339922
626476703
666715421
778741186
127585914
205539216
413939572
801315428
610734924
824711716
23818144
978463935
520239203
425572369
40246089
847585709
56617769
893899923
266077745
446589655
66447718
385737652
86995533
817435678
215556802
749287732
48096738
132835552
599528836
132693371
261071234
346213234
395907935
398929187
140172914
322123280
60426420
160069324
867761985
217851694
126404015
223650782
755034544
740781448
413070927
464949007
354195809
856163820
774621752
580495141
703459443
460477518
825399108
447068330
389914458
287578577
493375704
779583274
732581756
851260545
648530199
892377644
972304558
437984198
803916498
174215854
140182923
921776834
134207618
424370562
833181214
53564861
101424172
652081477
692901829
871257799
559523895
379302789
881966013
513535051
52198486
940268183
227228943
491809259
738685968
334019553
444593903
420046468
598463885
56020704
446097414
228218135
521925785
43937641
91872146
799605128
891436054
529167657
24370110
893272825
458169880
749025433
781482363
552446144
818994396
886998097
816656229
953506541
142065024
300960251
260726976
576039305
525890177
219671186
99020808
788166005
775077340
615577322
801298343
667644079
760144212
408031965
989901024
972247246
861146801
93579699
827708188
804888738
858912417
837116926
239821267
958028630
854511476
988530065
495977369
205562934
538769491
484285783
81393545
506999002
351211989
804970401
912755734
304789321
695688387
178840392
212342905
875719025
166425169
513666688
273281056
995111425
341848481
524026144
626601669
134924245
812544439
819139871
781002901
681929456
466531950
62714513
666512469
864446772
790738417
311652336
287843152
196521798
92902923
840720508
982411923
604250160
551188420
281556646
152938299
298599958
292260550
166550579
549991550
788590044
489875014
819641581
365271292
5267643
964885474
44462012
663622599
205802011
134492342
689242167
214933108
398115627
295688138
836050762
38837532
692613114
183847372
39228152
574784141
747414885
325151001
846841516
779359264
827187011
928433101
545163047
741838355
818846457
251145969
872812378
141448753
973136907
636090849
522660080
487130857
70996367
179998446
530395288
906518401
563926618
404392294
622339739
840572044
821568133
962148866
571562644
408268861
925996204
238297052
746337152
546843918
432938108
290100844
897281545
888664785
988456756
782814517
373253627
326308107
876661876
673765370
139940240
964866839
555034268
59109094
793700195
235538400
839653570
94450234
410794686
104951481
919687012
326563284
586928079
573628168
177299044
728771244
282782713
830249555
958375196
288759793
940863168
798941918
783497134
22585723
620697762
395081066
500191573
310938960
474273242
661469694
899522422
80584107
589480748
37263111
356494949
132166164
543849179
109221668
503492085
337209567
423018719
682115853
539324933
632615530
877990744
16126928
105155855
875824049
95843666
524258695
843424106
971359516
509515380
891717092
34483545
45357517
62204458
909375246
599746128
778968862
54432523
990024030
315773147
899218028
273772680
919163028
984131503
191429356
950276581
762241601
594267437
268149819
54759067
626563573
176351201
270286780
801281063
282524196
106116432
705428559
45141040
790442486
852810623
210551886
85061042
561224297
613871326
911219099
289297281
210302052
167484748
600652258
411316976
6235542
163622855
89614449
713631412
679431767
898295912
639725608
31396501
6562333
759239148
881453120
234188301
996449281
312534508
793219908
894383273
964696936
367811200
