4
619877405851378294 681494638 823561771 515398317 938942051
1000
804612089
465211836
773119930
459407495
143645961
937445001
789211981
23222730
877431922
327090013
463257108
694349097
554868589
38126634
500742550
7258682
915904589
344861476
759185732
663341560
341569037
134098924
365182737
658400361
650993550
544706766
428631205
434008193
452746110
556371715
390369666
355229805
295411659
31736715
155606134
327986685
794182854
256875896
920239006
117135139
902972656
27538333
443021289
921341693
183113524
782208980
253190367
776680079
50718083
30983429
696436418
397465822
605775771
806340196
58010745
851414658
699152124
784375759
890910228
915923605
187806090
659463718
726296921
874505498
834617673
428895249
655326986
669234263
470116780
929288414
921439905
151253675
795473502
182755828
252246979
555726380
560591216
232823469
161759897
4496994
554991194
95171993
153040282
805644055
635516101
62938512
266100034
15906265
175011411
900568964
395169084
449593028
554971067
577802009
381095790
102904241
559964800
873662243
702706916
733517523
922506351
381905175
480050369
28801254
22326122
643462999
733722678
262314947
432997554
769433885
219297168
673398209
119250262
242066324
785468898
760190684
688237157
65914839
908118841
572712720
656530044
78449096
286692770
323595750
410660173
194088203
658874260
514302064
743174353
23666768
300719095
754314448
232897848
441768936
633803102
203983473
144141127
322893880
14630714
147794681
762342057
72243009
768948261
504452692
355853523
885550902
808823924
427917343
698436090
488243126
807714789
100977174
267613326
226276575
459090565
816282780
746322825
354750956
890378339
438420346
118212503
59835272
793786435
698798715
340565041
28995160
127277820
70705054
632052978
677873417
410111240
740527830
191641289
166041227
847746706
684982917
252467406
179093936
545567271
5055682
606050821
65385731
150750998
447737100
279254861
311691002
576392921
457396240
172953197
593150068
834838527
257079123
761914235
462115687
625213237
706902862
437435936
232465671
124236440
426035735
709051830
550010401
318331194
837763139
284309194
706852177
683431989
191874258
864853718
767587833
362900871
593169269
185720672
615740668
928020128
107652225
160191221
32365075
128695815
107194205
121094703
555268256
784624425
668265531
457558095
831805946
23721228
369453987
220869480
195815462
705307977
64511268
382461130
732150032
88110419
334386290
218297701
674205247
679330102
905014994
920592135
190446461
293526344
833267502
832814073
592757608
608442992
473306788
806612382
156748228
895946818
42110236
36134507
447843815
861045088
748609799
375003829
419882339
567538648
104300189
672310994
423997707
875305763
153514763
696605325
869367379
665170696
907461785
882245629
689919063
791598755
850328750
484358442
707339156
424139311
385815367
543116859
23822991
59287656
22880096
193101181
91383781
164158086
118576558
217212271
412690809
250003072
129424654
647616788
767411620
389618173
926086825
402574805
285415916
929249079
344366074
781496220
747765117
830697682
634287571
245055046
367848175
822092298
371108496
288482105
529707031
742444543
169511031
324055599
821985050
689673858
388532354
570840269
317363224
378929455
917198940
159569161
622647298
178523273
743667352
593525913
154832085
186939488
896318973
305219825
512026004
243565851
67370680
674115257
347192858
778752166
142199989
707738888
869118494
931760102
921659494
266409238
123423177
692132992
884419722
626924615
333484116
647330202
25380324
369760374
104076515
77484201
225424525
712922600
810757599
435674884
527665734
368403710
472489716
830735151
758143723
61792494
522882728
182765301
868417233
229578031
400500450
861906255
490756050
562367035
843247472
564552659
40843307
905809876
800740870
321219902
709617961
515177433
547257605
572537346
803676297
532418077
270369597
36403057
616733734
377541924
660538707
486622076
373056478
137259181
549060803
464486040
357479518
801697012
402216155
864899229
823586714
901380442
879549270
718825270
554785609
563164652
315514402
445511270
628945387
239056548
723524323
881388658
131657946
468706340
737559629
152167880
111075709
469561173
340358958
471739666
473143261
721652553
127671474
325875309
669172202
162277297
18247273
20217119
277149343
937100768
93885188
758427257
529424113
243742218
591688585
457491305
648981429
447647666
839579226
815711213
461054259
518807797
65912474
595986411
453772967
915938913
461484989
554966319
57769752
439463954
165105278
51126264
191681608
604183952
458033016
291786591
454223338
928959926
206294254
537650126
173256227
500146849
1639434
373797607
436467816
306907720
578303655
219890146
475752851
176815930
905441254
260000163
28248254
663540327
438418241
815076669
375840
117151834
291453879
225232644
902032055
573628556
885085422
163222296
240315106
440503436
709391854
344663815
208907052
522563925
597671999
861117567
601429327
587194543
671882578
662962222
219368391
106743287
132342068
263001768
640578041
654260162
928103130
854533665
903074904
172293834
933107023
306745708
530566683
915692169
420772758
432577349
585139749
229896472
220821913
737085856
514795611
218294397
762945663
225021516
187599018
309523949
482949779
847445073
2866006
286589503
600942986
99233586
474899900
82353419
756565113
894297096
763148670
634025760
405605920
450852312
852038545
517420414
568821485
786156713
574915978
339201957
414716703
152265352
512930662
224838156
899332815
879904278
801362012
504260699
821802879
202859338
429167531
240562854
607497930
825128256
813469973
428179252
755222925
106892179
670351873
75280260
687527025
824608236
632108782
509855723
92745710
795105453
464543526
85057788
803529657
400820099
287362540
382300483
472956131
641997632
161329706
633683678
151148589
318369490
444763988
354580135
699016062
254510449
918490855
419063628
122772712
815093145
253207074
356221278
839242319
224029598
98042149
587297291
226542732
260449342
689054845
429260367
621843879
456752215
558414826
328772903
137784977
846544262
696439913
427854485
743534139
580663201
204370922
527258710
853261594
124548642
8740487
17576508
707405281
580566286
413448398
665115732
747329841
275762295
674223267
37466393
888438816
533413438
547352228
91261311
317084206
58251549
73897800
648364585
136615507
501768906
613440161
805263455
321756896
379690751
491032893
394073837
205572078
323748208
912854129
846291066
376420853
80118724
93241477
126443790
10528199
798130916
841660337
644875481
746847974
681292394
935190491
487740965
352158921
273253255
855034999
680869260
650101052
150906698
209810990
879237804
776660507
483057087
104378755
694803785
508058727
395804700
269061313
247071022
496040745
876226536
497526651
218860632
445384009
603344855
309218695
50963446
116601304
843082799
898778919
657676163
275207630
444549238
5110331
209015911
429956525
545098922
802081397
195159382
643094101
183362871
87753519
363950224
694426345
485690489
450488997
429618091
643404021
416749943
687524000
890833929
352833058
787537013
512341116
568490247
427612511
80624227
4432155
669178614
252683532
272852155
57560372
465832998
46005478
740847576
635804161
555580078
524772536
706724533
9884658
574571198
130908437
555452450
142405679
270082653
60245108
8762116
209717166
875613563
323121685
920121395
175950254
618078280
547099011
86448123
862116121
152131531
124190417
937327177
195975107
815624912
208875404
454710977
102611157
335063083
58578600
410421898
208195799
317060018
463612171
175116070
811365566
679507827
705420364
31263882
174932747
613056876
561899513
187449344
408085218
152189629
765756926
731814961
784994876
288210713
144884287
295608503
824027373
573124725
451104058
565136003
802477951
900049071
82509667
551654744
398420760
881602825
69032462
356681911
329441456
171253740
480237304
837344633
221017221
75735877
658824415
10614104
473179954
219156348
189913881
237700497
523057729
915595815
124546461
442197536
407572229
508152499
30838706
713540336
804680900
683513692
463602558
81904471
198679589
930776712
123181009
32064976
621458067
472480920
349011351
462804088
448480017
202928575
387663889
642858288
126794500
885085616
463425540
828668414
801186064
676181357
354081337
94789544
611766508
851027531
105840500
177915691
597232969
460206191
537472981
161067670
223405498
386986800
803414434
144479092
819739395
932267810
541779954
173622021
770472942
648533100
123980167
142321342
55480280
162014167
515202305
455755741
22282694
552184681
35013482
386783574
592084690
23291787
621196244
435185164
77172337
551597328
370142174
473601613
139631520
633489847
604385227
386751661
197960280
649626925
935836420
375125571
549451816
762899913
850354843
754068180
689000487
437254402
687992359
469119746
800526471
426992480
879076001
429872979
852248091
145043119
337934810
522082187
433071482
593667150
820596846
703863845
383047206
778468634
377875679
521368315
595154510
692357445
724468876
114767822
99449817
88964811
262908690
694148695
102115912
13828705
455225707
631157536
247382576
578463796
218682614
193278243
320957437
14396838
845620080
133600506
667057540
227833214
767419237
254622614
382300122
761621995
483158124
275662828
744901831
404230397
912526875
590598211
766870008
391034700
385215392
267139667
743199421
203232475
40234843
797208008
428739292
430869066
582318686
599720321
521998964
431057833
583386604
366518989
80503831
409917318
900899550
4017266
924441812
134434919
96500632
308022369
337662425
577580357
72735633
585447608
235827306
239075022
304407511
639819236
560715441
512602313
127296212
171631778
57385000
40072168
803903552
843313846
59765035
724111889
541281252
110419772
784554583
494278642
529559401
427561701
740952383
647219927
204670087
660573552
10953699
927406708
473397982
738394694
764217364
938160689
738101965
79251425
461835209
266584680
71944938
912829238
626270481
784462366
21376491
916407055
444825459
718201451
16176140
405019169
856329329
785988117
336448850
380126319
766685845
529102421
179236797
614790178
11577779
894171105
855449899
106717923
130488993
927607912 800260725 526378181 930125692 938942051
1000
640282716
681870355
593267851
925018327
813877324
307458749
231108217
873735889
263961853
248167880
598848513
664254362
174722771
923349846
629345014
482909254
877073679
268728228
212337411
864872596
615229905
853026860
808712986
265014401
208692367
706221051
522997451
160147895
433316128
656708543
144883206
610344591
331595098
225494838
703387645
618790804
804933853
19875250
357919812
838764385
578175094
116355907
95815462
590176923
215517141
411014568
411360651
83531840
504006831
573328730
465592056
289334589
564633628
320440075
576332237
853896462
391173202
725974761
221327483
302866353
413192644
904703432
402883843
548848378
800907704
927667987
486040929
192494085
17135866
809345344
315220386
15269571
394027167
545551807
216070510
206757521
150426182
176700011
657924790
567668692
421761174
922369138
369373300
447787924
713762878
487610308
512371138
194182424
913481284
357967871
159288147
88050795
148694967
361840502
631117230
230898398
602742473
253635929
843744109
71566540
230980254
719666751
606450655
704928209
236260306
828237941
582725866
708899496
551540915
604800152
880527754
456977941
692971413
285124650
455605584
887361711
488656880
96492637
431064371
65062587
841258649
156052143
866304431
398546323
736165102
449980397
549672437
797989488
805357149
538888229
550645196
344351053
587525485
262186875
343388199
607889425
528571945
816836927
717253737
584240833
321853591
24846362
288939480
857714127
281685551
480882124
881761306
498005708
466528861
254612145
812629095
314728387
844670374
621560420
122319173
414152752
801354859
862390509
835590179
382962043
153396249
904303985
686369222
493334950
184832143
256186737
445477431
353917106
157654672
264192631
781125839
59779506
493292490
191833313
242856237
842209219
606919896
823429847
475678552
690969962
331664365
439767761
281886979
157321433
115231030
301415311
861858987
559348371
614819376
513736047
100134404
74666707
410507004
757156935
268140136
355064481
600507505
544729944
241679686
71681741
324314837
692169876
870951809
246014237
32715601
37360965
628204298
382385879
430411600
846155328
422944846
825137242
628719916
402834122
432313469
727378968
820709365
677598167
213399164
162056270
769127460
321336066
149092488
553892944
243050330
649721262
34904121
186284453
728398070
622939660
3223228
560036768
603629966
682049026
822628581
437745030
352631982
37530938
434122002
410542801
202682580
893130985
938859510
688110822
572188195
61139593
778394311
705341688
393428436
160635820
483762052
758650775
213301304
105494986
801371692
704690083
186808691
143404926
144350249
377065290
932369814
310102106
418266962
510363209
394390118
230150382
658149169
913655599
777197499
14174905
222403726
457872924
179436423
110372088
268084178
462395104
575347744
275311413
332831892
653314330
241007989
86400858
684506644
219453497
238549050
775145219
599254695
380686994
784544755
318984096
419092140
921756120
352740678
672261720
674821066
210550447
884842845
936811543
546381648
463369398
844823752
872939457
690361176
438270801
479205173
216129508
463467109
808136855
272456461
934284255
49933993
290434569
467153738
262779225
778674043
408452077
776155304
251874578
732294849
128842672
303338459
84224910
840010587
514542320
891671572
222112336
682722230
920917750
856833848
908174885
509710171
770597950
889131215
397481982
874233186
751492535
419479314
129145402
432436383
798327188
93353302
616385137
915656460
433395285
324034163
533499002
155679497
795199570
732870257
158166274
534166550
255985162
443427094
419326434
797505697
694604677
379493646
915968233
699111826
556392671
393199370
495348576
799962864
762757347
206551186
337086121
420256687
173617589
656538035
64076056
33383704
505425353
581876493
799634857
696253947
323129542
728727922
101070396
294491958
16294659
126751885
450299839
239595419
141170785
545995740
553403992
242990546
316908163
744543583
451453968
219988316
626625745
592537135
854966429
907660985
536618622
923362676
773605728
257816459
450619614
600807963
597390452
392043817
375572268
917187132
920020238
300215337
738959324
194377881
665751495
135810698
23273695
47987681
449103929
352598119
188563862
481971738
95596058
663165354
687192379
378126164
715589975
380051298
751203820
336525235
508326007
290131253
118512778
791807661
356121797
186113559
67348431
16042418
16711265
148111481
579908540
36799310
373683128
184926519
115743912
318326747
628432615
235461258
557899867
362192204
603387345
788979230
473215964
163665955
460862894
249431942
134854392
28601271
853035208
194049459
930656916
546308791
620549126
729803237
938866615
263389386
342769348
268430570
855221634
646178784
158508932
486408480
883759253
779907627
882856544
443660343
755645797
17303408
919047333
262667757
692199853
630675050
329725134
632238785
746120052
364910951
525494903
189119061
592048966
492153398
908939474
223804983
21739138
84148974
137993138
505133271
186917461
421901125
290447923
667493980
209793246
452745182
341672391
369945675
486261856
423219832
287357853
709599543
153572967
47683400
207913520
159804507
143611208
902499795
828685368
47104302
236758324
41874538
723304285
830253219
843292333
593720496
901648230
239947651
238077221
137190544
39902484
404343521
667553512
885130520
895967668
243417461
894510251
698551971
795096972
69113984
88807588
196197880
263386207
632261942
189061987
885920448
686585848
891268801
439110928
695782160
730456839
275220983
19252086
800210684
65420833
54527620
729939521
576259046
294637799
226975157
808458545
598991797
343396366
153468782
781350161
525781374
563189322
250257221
371940465
322675771
685253754
767657309
890955613
485998415
64126498
84270504
562725640
710243923
482874854
222890038
276678677
915705656
31934304
168341259
291974785
352912562
44370693
338567769
557233579
321455563
287668060
649085059
273124802
6793434
80657194
415919271
632192287
860397164
739623913
756654749
137844613
833323258
868768554
209944106
782108779
408688273
780427478
268875230
333497158
561273081
288743896
926351466
20275024
110891191
331631670
275109759
19200169
382618287
129513183
22083968
674014130
248636286
478441676
141670141
755884989
820828465
563569016
894112154
622847599
128173837
371004230
688718024
153834434
356344409
92996410
736914589
23875819
384813331
135969008
604729315
77918421
200949527
296551004
630628801
139869588
899108325
744964857
755398166
606064659
257872031
536733911
191891895
54678250
234638086
613105760
757749877
199310353
841597980
308913026
129777697
47833047
83467093
484189575
250028183
402644492
513172703
10821692
61397020
547793224
647194927
927286231
680455503
721081033
772599595
791671782
550205107
382379869
116977411
396287869
33979696
532561638
399920643
79879079
745528742
747086764
904143412
304519922
246970741
826389914
436579791
556798190
414637111
534802949
727657976
450106710
867524896
161933680
71047328
835483335
411813054
822782550
867193447
695550480
106012238
436402755
483048639
618198472
356349769
696956539
768810156
735050075
636451049
428701394
656322962
151325901
238093207
513027438
827869858
52786645
656184132
479243652
290315904
750461783
866582965
546747480
136299838
81397462
722644369
859112448
457092800
252038184
710595443
460053829
206829819
542501529
388889593
676928926
737660594
775403676
604674242
354606191
538210316
813944758
15096165
558936071
47788044
185266828
33959204
921366486
182429775
809084105
885907006
920817720
913944697
552241634
335092054
464812944
240462008
154528072
652229569
298249618
85317604
450013857
936383767
25252262
171925925
567019244
579075019
93224198
682968389
903461241
659689139
52628188
195641899
717495930
327591037
512305742
392867309
850869284
607245252
791217147
17176139
765645658
439559940
677341189
748813505
443432309
516548421
841059002
707280837
103714039
247800432
172247813
370763307
401192028
863388103
465439744
187342395
121395044
597787996
603803552
145648574
510385315
782362030
772071798
400548018
827328811
50278144
769102341
431448165
779205190
372819476
854453074
642363914
587276325
792787132
552128227
117411229
331575350
131717441
437659436
654359093
715231767
415844799
461470214
931028853
104368253
750858354
555474447
250917872
137199069
51456376
493033915
247249751
303992870
250118121
362374437
586592608
732864562
139107258
681520882
520867321
239622317
806289774
750345746
637587853
895393437
187048272
324129586
487080223
818662956
514566339
574140361
308690425
394091500
616572493
722175363
378158726
454382770
152389408
896993115
490730496
697204604
77100416
667239147
279498120
234537455
498961343
829219938
164598197
526006237
114695355
792250789
535676800
375654601
758884276
240155015
552223631
161494186
822936204
203219439
480736405
646561383
165646361
388884418
382345983
40747738
823921470
309141586
380696387
758083217
265448026
791560201
357587164
294449956
759869103
693477992
236039599
137708793
697243424
110185976
33841577
751102107
770246344
323486548
37436238
46633518
519547517
889926621
491711972
742001272
556578462
792874513
610942446
567971792
76980141
383663600
611825601
540835950
415940518
831066867
442681343
807710304
823664298
40393515
633399555
78851313
313129405
282568378
295173926
888410888
935343513
842622255
116022725
404692061
547598472
760931877
889693344
622637836
336221293
256331092
101361168
632910408
175996752
684267952
469352586
247445078
161876050
615823312
191638407
38448975
311613586
98247796
85939706
591018942
46448830
743577347
761195237
539221123
840629446
37981578
815561640
364457313
713259232
232480711
295097563
319866601
515794111
783051595
569292569
788260580
468862805
152363337
331977260
477609373
872495693
395873908
462043258
839448697
592693633
342381377
624027243
328751933
80354208
245663123
756280664
354300696
185635190
310652381
649194318
747325322
42840247
879065987
788118533
878625478
415693211
337696893
868399574
395460437
828828290
431833407
386074761
662123029
234518648
926846675
241128791
53597835
207257381
559417254
24942935 85011167 144391416 32949781 938942051
1000
246342009
107762958
173578439
523183742
715467340
576031948
710279527
720650875
860568679
459194319
892838177
277738949
864131261
476420574
384804012
630516807
736815767
506108019
937291859
292831160
147439131
901003998
117787126
391780201
876583643
380350308
646073009
303214359
833818087
467205026
633536959
299466902
429958382
91365416
756807740
314993923
454655720
193519034
786768687
683703750
423890509
214981170
819535073
787105693
658812206
936788623
506885544
801158216
512880851
899900212
147191013
435412854
430146935
875881863
656047915
787942222
531858215
511497203
729598545
468029848
899763898
84251303
491788600
105939552
509070511
71983976
666945778
862204623
359244631
559179655
723134724
266423357
202112505
513509524
708961414
889367008
563995371
96060816
937298314
904675787
847049659
32484048
72055576
196566372
341065892
641317380
10331296
196164523
48142821
719541421
229279646
477554721
223486370
699417887
481407326
592828446
380083715
472033364
611986914
318883338
306871346
519023235
266971327
230258188
563535573
473670746
525657704
381746050
27153054
873864528
687203224
197379022
918946853
96827424
520478128
904152421
242178362
533627736
518716295
72121087
207174604
645580822
250050709
309434680
126420559
867204283
67531465
761233474
558180487
937832267
662301027
170029753
798790071
200913094
703151602
155776345
134848139
766006319
823181499
521030532
82537290
396244599
850571688
742319181
438350980
528326490
518837386
185480697
560989217
689108011
624252948
124455874
851411409
282260539
301123561
329605364
583636898
13016354
281130666
489071558
175871261
913878477
642586565
793200867
750476809
541656409
431265027
918847250
126220662
746634987
435453367
281308760
479133291
867147394
719967565
770462306
601650021
570562336
681205617
258291709
395339469
38215941
833162317
360264637
309860394
794611251
499870998
327468674
223925129
472482480
33305855
552727809
46237116
262291247
298507497
208284660
671518192
120490043
843850085
375574282
40239370
870256458
636211833
450652260
573211321
185313992
846672700
62033663
615837970
728004358
310264725
728580020
556802167
719852535
568677104
268472122
376797229
675135878
143164140
662587015
216161106
11577005
750295482
192092616
156312804
342681012
864040365
511469504
602649488
936965480
527784145
279876917
598570748
504612533
760362344
735896267
106623573
274630881
537614167
924651943
413475697
608123558
416935758
548764366
888127086
433010983
222368932
696924647
784476382
798529452
667854752
432199748
547653873
521999418
879406007
566608474
243304782
540496976
931265171
392848264
129963538
301512805
407446569
56507912
315224447
57601547
448186056
61093850
752835686
94271457
454661148
715374235
184285885
132545730
579744801
504347851
329850162
137567888
162906533
683527359
878481831
62742289
743804713
308786872
938824232
394864662
76716648
921877039
448555888
527389079
4778850
457958175
125275497
918600640
814250831
818340622
222731455
456895292
726853634
161422108
24553512
600946224
914257562
718034361
104898491
828855129
372457636
290363151
682524820
792797059
924904879
278829023
916341554
144710282
605317175
345204576
21846649
685145421
292581255
564345359
589109720
276719254
542458779
361724781
323171249
560758763
865016882
495244687
627323424
836079880
353717869
173371109
404563240
48746611
480971606
784722147
673151073
470605215
776821001
456954847
606331623
862277285
40382831
493401869
725510254
411446778
279034030
168910242
596086103
618462891
113755251
583194814
512258878
367668864
919348064
134450950
816064406
352224362
244950174
174791411
518159682
19537644
526214813
573746273
577866900
9289161
550502790
298622916
502195149
278467428
194371484
692030530
594186891
579348499
780184804
888395811
704334951
692464001
237969283
500405916
507792895
154622929
137314640
216977457
3304256
364416049
164952583
411610455
595789193
392891263
161151004
540881342
52727854
15727791
520898766
71319260
801544810
884287662
539647708
383020637
912401762
174480741
240943431
637128881
643651900
556020136
227114582
194596492
207675625
82869804
843614505
636061921
167760619
748820354
522375063
751037951
121505640
351735877
809528036
124788255
397650173
618986676
864657591
54958681
556586039
352912797
304302056
563142831
755276433
601175575
346542076
11234388
359134881
629912293
220591696
651997218
402852127
649459413
296435978
846383709
495696397
271734806
357060384
184386873
826936149
73410354
77305695
188182224
46133945
817921248
576514785
403773626
553052210
22828316
566111011
493071883
357798646
526304706
203431024
84759557
483756414
83230887
512370228
449020747
508007584
78182072
370537238
516123519
30022446
356886192
75467670
689482329
214093118
254521227
502637500
697385461
137810060
369019629
605199916
716620501
800571883
405681719
343782324
377967944
848334796
570109959
45756844
263988565
54619273
806059355
503929205
292782194
177756308
892402786
320455934
787949109
247506549
413066990
533061333
188104491
584307271
75309571
17752824
770619423
125540360
547735315
544683950
68779520
379150404
890569504
50932214
672565264
496174890
401207769
569903964
676856074
894811736
321846893
361563519
385128661
840281926
379147663
180179339
204280610
677668059
151479860
813927636
486085087
109288915
346440924
428762950
921041322
506869794
814548073
402848564
783869914
217823983
258694354
840822905
268702578
424915938
165246778
289880309
780012279
485103379
816583135
697730529
270682735
686764869
251529435
134702195
627813201
176964000
431757466
893858619
532307674
408806455
612757530
722606969
778131499
739065075
6666329
32849580
789450333
516057029
423598711
937879396
592234003
393630656
579063589
493922713
328196191
71886785
268865435
541819058
680667938
345775601
231697343
377469375
921941191
677165559
711445228
3746952
599286064
860758279
159544024
294260908
288330181
271817496
739062850
533469750
858013255
728895227
435154325
539125075
503015294
580149622
134659607
261693510
384099032
12937098
5672247
147008138
598927304
452505973
235494839
799832028
62103571
142354344
517481867
193537151
389233350
886460398
906685588
10481206
242675066
636638228
921879870
691484918
231469455
198742071
627218486
351832921
675261886
203029577
360276293
92459447
265206087
61402312
369678763
651177133
682644416
640832585
877132104
446354785
750436684
44510742
539461503
718324259
321265616
135183861
22186486
633846632
923746621
864438991
804347912
781541314
719812580
645860474
3411367
526430853
802640281
357170751
718131698
556045281
182638176
12724788
225343207
554818261
781797756
657772615
39677262
309533293
285762131
310207853
280949565
90800849
908515459
885815637
82159774
228327144
878967724
633501083
772784332
420080474
306009947
615391209
453106798
759360915
650260677
605067777
337117619
359641541
67946917
246100152
169592304
895265370
190216194
693557856
748503745
41667496
679192435
466007488
767745148
172064382
572307725
18368799
783017453
149651102
220585761
556440369
388591196
735402074
894290155
311200070
373452466
142755189
371303784
432594100
276271120
593406645
804546737
36473293
848756086
250644179
569227401
428979106
560488366
428134940
56494355
925599890
204641774
319099624
385752030
420305297
167044606
572460021
470332575
668974190
38502368
637066964
252967683
143469286
297384630
184761669
901548133
65290562
804496851
912867438
892175412
37482636
704298750
553465748
890705376
655325974
701131253
210134982
187919929
517135490
500858927
221462972
49553715
297387417
651672947
335167989
643924264
308326316
351796119
844888573
176577280
779513634
783363102
218728888
57559091
812264728
19758262
561173237
469506599
906317043
713598883
577319184
366057012
671259506
717777250
834885253
331785538
202838973
711741963
506670090
485823543
923326579
129045463
824257425
14473142
559087437
704746582
344456300
518140389
804364393
475540739
139246022
822633640
626936340
701878523
855698581
591086447
905743612
862907254
344883923
146193932
199856110
569495162
634027803
381005619
854205733
168957034
290040414
548467388
887554501
706413884
880491736
356857557
698732741
212155511
858456611
889210689
602997078
915497805
576326523
639013554
543251434
6338122
651207969
621815935
838083670
844796556
640838131
9807639
375554084
841706741
701772269
225448000
507965854
804702881
433230472
470252457
329572153
294513753
469264770
213440093
758301899
62848044
528846607
137271342
582732517
373366881
16090254
453098539
597951205
744220892
110173084
585238061
402223029
338175013
536506837
53353974
700696918
751275596
915742886
381795813
439770202
935564252
813854525
541910544
913048187
294511162
464633793
252972590
516148370
19092127
419305338
343867862
140297513
593821524
401507
840166834
613640825
692943144
766253451
918579948
625263749
603600345
29410259
5022744
734783237
520595507
473174230
757916576
792176627
937295447
47981407
875735091
262749514
936574665
732147611
866818883
259677270
919206279
599948804
669315731
933640805
739200748
528809087
690580217
592911373
640851119
194061140
153887121
645779615
248481441
59360685
612759916
807387982
356583914
102141110
379756879
581951870
4495176
607279136
624795769
586332734
541874234
743471933
83008804
616807534
79697330
20740373
731933421
439827617
441674500
425637097
926396135
434223393
178972061
711736502
681577024
894695002
340445869
575985986
273023700
416428855
347163649
799448388
218381864
122443564
584462622
50710623
173133980
321955049
721847764
549126079
343632289
374555557
567406735
677094704
790074136
574150580
138514286
396928245
886980898
161813350
701345335
533625698
917146354
10164646
605122133
881416854
242422722
445879224
810345170
790936866
161541038
42392995
903998369
747008748
895493555
375444384
440119929
704160113
357562941
381402985
251306588
626035868
148326633
348828306
552907892
184307208
640479788
501543427
699215394
782807298
233483550
538745789
352227026
705574541
5061644
375034912
479696440
348596612
549405999
684516214654514275 159563162 816290991 611170909 938942051
1000
882848344
803656270
641362693
705783061
841554395
360341788
867945485
125992870
904299914
136896306
251900620
80639309
739172425
382788734
166270027
227163824
897167356
280735464
757179546
633262736
61437916
9571925
547054314
595318080
205289683
850155250
454213348
451220045
328869927
900317173
425881639
729929104
461419302
148898681
505338642
655315627
462650685
432541597
164206664
864775180
825733609
242617537
319094558
361075656
882068056
624259941
2092533
870072613
734601838
275207492
294692577
668032477
644442293
912372494
22135107
710084597
294398468
846150278
455536631
623093183
54277426
415809801
461734327
907237260
783324452
105786021
501466531
840379734
312945774
443975651
317894051
291027195
836490798
273284018
465603464
510863837
609325667
674642753
212814154
637543584
871126431
856225985
617678163
753020823
251975854
299615784
113306991
836959011
477203513
598137095
855624463
265644406
632373072
641307993
871958398
345442649
928293565
174163310
102897299
671689431
310059334
702724846
8664028
169581168
810504158
157781195
934973600
161145215
168130937
346511166
366915199
636557284
735151364
664053475
628169329
382687194
450592278
876675832
389000554
697933362
618233845
490586762
824024345
851128703
239268402
534912495
338761792
708881560
244611673
290370769
121713142
440078109
770698549
555260698
102521545
39297614
849571914
175112770
315043900
419611402
57041442
913796569
263875907
902484589
423638291
201452130
496609345
5680243
14433857
654751117
167749573
313998867
104513177
149082769
163895974
176402496
536169590
229132283
279210498
879175340
842457460
546750057
524088752
609762716
467779800
452666240
474016102
387599637
103115733
569079994
207201659
194445606
256307567
730062277
256209186
13894236
487111734
688604546
834178369
419939864
56528307
706468967
49820087
126145861
449762860
461519554
718223703
745081583
564779367
50719067
464890894
558671125
710408918
748372042
934069690
874532236
419564730
552588739
47398169
154932274
42038080
789332964
678654566
895068964
378911354
873332898
496827168
871270280
929539904
583165008
848746989
144421359
589827025
799224482
563438072
492645368
460853150
753571912
802752287
17761956
48037926
160778237
63862338
357068868
398324268
108708157
605641214
536387090
880459003
586203951
710531300
599600424
851089205
21157087
594258807
206519583
278275177
563827044
109403582
296400661
542287098
841152935
674026963
122719664
655946269
540828519
19020732
289447612
723109727
110734115
756062126
535825177
23177753
503237700
1303114
747710331
66434001
640496796
443777391
16172861
921553584
16680404
21330310
208326823
912924938
498566887
877976412
268506759
600922328
847433932
727488142
676100695
869299334
387539088
25594269
390962729
77654478
796262761
911821480
892776234
147910267
509241032
15843689
515414708
66608966
742607720
441138396
795016920
757494274
545657313
930236570
866508089
711747155
118927466
739919751
112503303
606585322
133120804
378016116
424048608
798385
120638397
339061982
929219775
135427458
70717817
860268166
758403696
56871045
186175972
249218863
321268497
333940787
44484594
596985743
132004412
442477340
642893382
867607214
5975255
346976589
492924059
179444676
401978266
414422714
936896458
51665976
932620332
68530374
76191302
459998708
773757511
634853662
96834039
18386278
807217688
218784286
846262196
864408830
218868240
576198879
104545205
910237421
42372673
199546054
84966977
260977052
311543521
21610804
532478264
555436511
47888634
343448736
734595467
713060198
681237001
685914180
509140507
250579119
169385191
818916420
368478350
901031015
658456587
919106266
516356362
898559900
485137266
676063536
481598616
396188469
404371925
212843205
280108774
744674603
917332631
471366808
210211929
690156792
601908732
494976224
327605260
37651651
127594783
260296798
791069543
454953247
538200405
51581558
308857950
566869862
366345363
766891402
140506947
868437940
935865824
321734449
128865699
384660122
146966261
47213314
920211677
180716208
830321815
61422398
436123449
772039963
499212757
17756098
865451279
701344076
428690888
812550482
131506898
397025774
163523569
719656047
428785929
79000996
694526346
102207266
703376265
250248101
677009048
254547999
862243917
37438090
524248751
840212692
650125285
252269991
782815898
426944158
15915740
806956722
913879831
292614931
315153965
594868383
486737365
810431650
107905730
642475290
266684857
42686292
94734140
746768373
869932720
491622128
430136580
8528891
689391620
507634890
906976302
373657842
649032599
331444815
687018341
330232138
806961794
606810533
178200988
319485668
339887079
829190027
264677947
375296595
216621752
142956966
114425755
543759806
115016034
765630302
360568226
317690516
192703763
618744422
922389116
573485223
80678392
143931195
320807349
281502798
664879080
452187826
492508136
490414651
675593819
659257107
475504209
369186498
537999507
210202754
650930228
546079879
609031682
259971018
504858424
806839976
600477922
661746653
270404954
713981553
731471161
770659125
57481363
398755466
143729231
710136622
848113125
788388052
562813850
304234878
274074306
800570688
585457120
263362684
696316243
902099907
166431272
152491930
401861979
584022181
114064813
800234878
743426802
534605158
565869619
442341757
469687243
246757872
299419630
817692635
94637450
31516286
843290156
872757404
768330598
73114426
847679215
719558334
626632015
92846661
519693069
246027849
780872681
575587034
587685963
777250950
301412524
261617314
341261050
438420756
184108607
343820419
570782153
623589330
511943105
306278228
258607556
921987275
9348746
111984035
291996683
323761916
395659231
134138423
533392689
170019426
386279198
210486814
773091533
314710517
21201867
487856892
369972217
420287658
122889222
523643654
179192954
514072315
264395362
481095137
256094978
406644345
373320963
191397908
839970109
259081037
455908661
145838741
63172467
427883956
6642251
547842369
657627869
243095045
684252821
436812999
144791
698807527
601415187
95812949
113169805
656167480
641236791
227580047
584090811
315188571
91432355
364025554
100551347
917031303
644757005
117918982
43958870
499211946
700912293
621842813
448965999
454646547
118089358
836355802
687881263
799183732
151625885
630786362
701247408
816396585
215122421
195973675
773503611
636459279
41027769
931177171
225822361
204267397
823805749
854510521
859839181
106554347
546702566
913074037
466361608
219383890
897705737
223454867
829458060
748690522
767123988
118918545
860137482
82456936
334261977
927043202
839910201
186384056
86863472
341633395
708563304
155934840
604645406
814522781
271367143
905200158
649250149
836875797
238650887
547886278
832356077
334931635
458964633
90941510
768423069
504786708
463356836
904933733
399281159
639573288
230363072
846588845
640753544
827566672
342396431
864775592
289048349
654319517
507619335
577350695
374802609
123680315
747424730
319111418
715102016
127309059
799190637
569009141
456526109
246630286
530646794
510689410
458040625
908975148
866571882
801963529
778476759
185548549
65335856
198569359
656190053
349529783
523452472
174932067
661361049
791599842
513919233
596998808
784243046
565054991
533839151
835196697
263161419
374011302
182815365
622545323
527643211
494642088
644886312
704173875
806297292
82764026
26142786
540466926
573196087
656038351
717001685
15983179
141547721
883328626
785831933
799316980
338604258
151639786
446317806
715346853
414422864
492301408
439777151
300904467
847346048
11609397
684789852
89298198
674856334
329935245
223681277
631552512
355519012
888513381
542404633
903487572
434221667
221538465
16507184
761925660
748076082
314003939
669345793
696247444
597510081
243830290
242122828
695868784
97425071
429784984
58497281
142329977
768704884
784187061
126476756
788311933
462570120
216479349
743969422
928048479
345483874
91230498
820299247
354669716
828799034
240084472
83585182
506796205
230219096
119444444
651390099
251067310
725959058
301491225
349213886
749209080
790027006
857594893
174555024
208283940
322009685
787337229
646672969
148159226
468364385
149608705
416533597
4663071
133776981
25122886
430023902
226344423
733592824
66285535
28566881
193809912
312758533
633679183
805635361
441198812
168547313
937310701
99738855
153500395
872113484
857289351
584240552
369717411
1172608
795919720
335118038
80507875
519653725
654995242
857865703
539947293
490410648
171654928
272799184
116915144
154034671
921763069
317147967
162820594
503206690
777802336
366306097
570227082
667586154
655710613
178921057
908554803
693318060
876698398
625908272
696597296
187455734
872318656
527768635
731029986
906931571
541736974
12544704
146634537
359401430
710695025
30599005
127629139
113013659
458471043
542656572
15978440
794552170
412687903
35031409
724677976
786280318
756183023
457046059
871313236
792049823
730063807
362129011
204558729
87445625
841951283
856709183
815544307
111661754
448025848
355611732
697126132
338352268
877107819
737075564
323293639
414048097
510660108
934719709
72859065
665591700
21734085
14185325
569185359
9296263
831853505
373082660
52799978
134479948
835644142
306049705
102304581
840220110
534393875
885403825
395897391
639672590
497705714
323390110
319696918
534890664
214887703
556414750
323050113
836378590
926517879
538903625
266171047
157537920
792266547
938775503
929332258
488021215
450909498
112748999
274880757
701688253
727347970
718251401
54407843
543763698
661359748
8331617
651838977
412287850
178118715
451909653
868053208
36110569
716250489
927334103
271897948
413260418
151784658
219595405
265098902
58912101
839408071
510801024
755161983
6521861
613452604
286492025
104292879
220378086
43696019
279956815
458476719
722240824
712164191
758057195
73488223
880461962
342237009
287513990
585081241
325271192
801254894
127915494
527057288
342640181
158830003
46346546
664421942
715546690
370997252
671988157
174636862
755408661
590495738
429083687
168353646
833258683
771343989
59669565
