4
2 0 0 0 900000011
1000
570
980
103
596
74
421
437
276
186
990
622
517
25
166
537
485
986
704
908
133
595
984
858
307
883
426
724
822
662
918
782
764
815
306
640
206
681
931
892
783
919
343
431
297
112
853
887
849
237
737
542
465
903
846
712
213
732
742
862
924
389
731
285
730
214
818
134
98
920
290
734
773
120
515
264
100
326
320
345
475
686
310
577
716
21
12
677
717
557
370
498
527
19
488
208
287
368
634
663
576
313
477
135
594
601
194
659
524
630
230
372
664
351
873
260
96
432
609
830
11
317
184
73
651
254
248
155
182
447
127
150
453
316
647
620
64
953
86
176
118
940
871
580
657
203
460
402
645
337
598
445
981
797
935
462
811
893
272
348
327
371
427
988
283
335
923
93
334
65
492
168
34
22
958
512
278
845
292
906
548
629
621
223
189
747
654
397
238
444
466
698
268
999
224
53
16
160
556
105
743
978
173
386
975
718
827
392
267
487
837
8
809
241
814
751
449
361
425
967
280
450
252
834
912
694
525
505
250
750
380
534
102
495
568
763
913
633
676
104
996
987
443
685
865
24
342
75
929
904
855
574
92
842
467
434
497
132
623
909
840
499
233
205
590
942
972
156
539
277
721
671
139
210
32
196
494
378
891
995
298
612
245
586
236
91
101
991
820
804
907
530
149
185
274
960
758
446
375
856
565
85
324
82
129
943
794
289
784
68
518
711
584
122
383
305
256
246
257
875
359
882
379
618
344
725
169
722
564
226
336
638
926
367
201
970
442
563
713
330
240
452
44
626
896
219
650
825
829
0
78
259
30
911
456
520
323
113
14
549
63
180
562
148
406
844
190
315
617
57
790
810
710
884
119
738
766
36
209
20
5
508
523
106
885
97
922
692
637
624
385
191
479
599
589
304
655
211
543
715
540
740
551
478
165
971
807
314
741
531
255
736
709
901
178
458
312
145
59
701
753
440
83
695
220
665
735
944
536
37
141
869
231
541
362
472
964
172
762
40
581
72
781
95
423
216
217
424
420
914
321
239
325
511
703
400
833
147
162
593
538
388
795
387
251
611
997
222
80
803
33
877
968
787
27
900
422
569
356
382
513
793
170
464
192
227
218
153
293
358
723
535
591
852
769
898
836
771
699
509
428
332
649
861
532
284
67
607
244
151
733
441
270
390
936
470
872
121
13
43
801
604
937
507
451
28
167
746
850
58
961
831
195
969
339
31
398
985
533
870
9
854
571
636
921
666
902
572
413
905
933
309
279
545
812
696
81
982
395
976
602
500
702
476
866
366
697
529
916
7
301
956
430
959
682
56
658
4
473
979
469
410
496
791
247
989
54
965
418
754
295
352
39
373
522
670
377
847
851
838
930
88
806
302
516
616
481
714
374
124
582
363
544
107
275
87
407
578
202
886
819
52
115
672
311
798
338
816
416
439
26
177
396
288
282
296
269
15
1
143
89
880
952
859
821
642
669
876
188
114
729
597
800
828
294
193
350
772
785
894
281
708
881
835
503
879
140
455
157
90
614
805
35
55
486
756
939
258
419
48
552
38
550
111
175
998
889
144
99
229
10
76
493
183
273
863
138
215
719
61
661
123
154
29
468
770
588
796
973
778
391
994
433
566
648
526
471
347
393
755
346
765
546
775
376
412
353
291
253
146
225
813
181
405
957
992
739
262
521
116
728
841
341
955
938
414
643
946
915
705
639
125
322
62
962
720
249
802
117
299
868
759
94
656
895
448
603
553
300
745
874
2
690
615
757
415
69
84
950
726
547
799
501
789
897
394
945
555
700
925
744
608
333
585
760
606
6
627
357
641
947
619
174
463
707
461
506
164
70
158
966
404
212
974
331
808
767
459
983
932
941
45
152
878
600
727
667
917
482
417
159
179
843
631
235
579
628
928
817
519
554
42
137
948
204
826
489
653
265
50
832
675
364
857
610
561
888
625
679
644
779
592
319
587
864
605
128
187
403
890
409
198
480
108
142
429
408
693
689
748
349
197
752
369
329
77
3
163
949
207
435
635
559
308
768
110
848
673
126
951
484
49
136
674
560
242
899
365
749
910
777
17
66
232
691
678
632
824
687
490
354
688
130
684
46
683
993
646
263
774
261
286
860
60
668
234
328
558
411
780
660
786
504
528
360
567
131
384
401
303
266
510
474
680
438
23
927
318
381
340
776
109
199
613
271
228
977
41
79
583
483
491
71
502
575
161
51
823
454
792
839
171
652
18
706
200
436
243
963
457
399
573
954
934
514
867
47
788
761
221
355
2 0 900000010 900000010 900000011
1000
281
640
162
651
274
143
396
214
688
421
607
792
884
102
926
154
759
239
522
314
462
426
185
237
681
857
468
6
705
420
713
811
299
995
163
415
481
307
478
130
557
675
916
592
401
200
294
151
354
896
217
18
658
315
890
235
161
728
157
80
73
535
463
537
13
555
941
152
685
258
492
311
655
786
472
604
528
79
674
370
935
145
467
320
410
422
934
788
633
785
876
306
561
233
899
709
836
573
83
932
620
289
188
574
758
519
597
343
858
652
113
178
714
716
973
998
171
575
399
885
338
817
278
623
180
735
256
524
310
270
241
833
486
382
385
954
245
828
511
365
242
647
288
558
551
952
787
650
723
974
37
903
659
366
649
434
982
482
894
389
414
266
854
53
520
644
21
22
358
20
986
390
875
782
993
9
443
722
820
826
718
922
430
409
967
581
326
118
146
889
630
915
693
473
446
351
760
756
35
107
686
86
465
741
133
115
156
413
208
800
582
994
757
637
127
131
550
699
841
353
966
336
124
312
297
500
683
109
965
577
510
68
627
71
977
891
679
469
179
260
134
224
138
424
168
750
960
755
739
955
865
615
302
322
525
81
395
337
344
999
831
548
252
847
902
610
55
910
809
678
684
30
498
616
98
895
359
93
867
244
494
908
715
176
455
523
184
356
60
227
40
25
962
220
432
357
126
174
838
839
923
457
791
988
748
367
67
789
360
860
950
378
812
95
906
493
470
783
913
117
212
305
129
11
701
909
255
296
531
198
912
563
816
897
733
97
920
328
776
405
736
971
341
665
108
78
827
238
42
700
26
397
595
587
85
690
936
689
483
802
547
740
775
497
334
183
504
128
269
653
743
265
805
135
507
69
287
407
392
819
807
799
75
677
471
978
972
568
570
772
621
447
594
632
324
14
436
868
861
769
924
39
542
529
635
66
495
321
851
517
980
339
100
110
560
770
438
888
221
949
94
204
540
330
62
147
850
680
901
34
878
45
254
970
622
170
968
572
54
137
810
609
194
539
657
439
887
794
450
106
645
259
806
228
111
918
506
942
959
837
116
591
423
512
347
654
784
725
398
692
697
641
290
576
412
928
976
144
282
721
136
662
687
2
43
5
796
546
545
870
938
852
368
375
381
139
795
834
250
342
496
169
377
16
376
914
601
119
394
567
947
406
892
729
509
262
930
825
589
4
475
669
283
844
325
969
566
843
355
442
985
754
804
201
724
533
747
940
642
584
451
898
28
303
329
628
672
477
291
293
263
879
745
268
704
352
3
230
648
488
803
150
257
205
814
295
361
197
36
120
602
166
99
862
101
331
765
132
165
629
103
458
706
996
943
63
939
452
516
562
437
232
261
285
487
682
155
234
84
0
340
308
612
499
196
323
578
74
211
441
513
215
276
345
636
571
121
734
17
829
316
634
779
696
925
91
272
123
491
164
821
849
251
830
845
702
173
712
64
476
15
454
778
663
569
431
58
190
564
388
717
979
23
774
56
76
141
44
231
738
416
780
49
206
1
556
489
189
327
882
991
27
549
38
818
335
182
559
593
990
727
667
668
440
213
869
822
29
773
379
51
921
944
801
762
362
461
48
953
160
114
31
195
905
530
369
77
552
226
10
703
866
956
348
515
435
298
148
526
643
639
332
911
638
372
603
175
766
527
142
666
832
417
87
181
536
691
815
292
153
429
744
24
618
453
501
997
433
149
856
284
871
600
503
380
300
534
933
279
961
768
579
72
646
65
608
919
105
981
319
695
732
317
253
363
840
122
958
70
202
449
240
927
848
707
946
872
267
459
219
404
590
223
605
480
730
698
374
660
445
167
673
694
859
264
613
444
544
586
767
614
502
304
464
222
373
619
853
813
664
193
333
508
280
771
538
521
203
580
425
957
951
797
277
823
761
386
243
456
904
364
599
824
583
33
159
408
983
855
349
309
12
931
474
172
543
749
140
835
52
781
720
125
631
460
873
403
88
177
371
883
92
505
301
753
808
948
383
670
391
104
937
466
448
246
596
47
46
793
61
273
945
790
864
418
57
90
191
708
419
553
676
236
588
318
484
661
710
209
625
218
763
611
963
225
626
606
842
656
598
565
41
192
346
229
992
400
59
247
886
752
900
746
199
711
186
313
216
393
207
893
112
880
32
984
881
275
286
271
798
877
479
617
7
989
485
384
742
764
726
19
532
731
518
975
249
917
428
248
89
846
427
751
719
490
863
8
964
585
624
350
514
671
411
158
50
929
387
874
987
82
777
402
96
210
541
554
737
187
907
2 500 1 1 900000011
1000
873
94
4
288
694
931
790
948
352
314
492
500
376
900
689
710
855
800
200
209
204
512
452
477
801
718
563
748
746
582
631
435
648
715
824
207
211
97
932
310
533
59
405
605
17
388
607
682
76
822
302
919
301
178
781
880
879
678
208
688
535
259
25
793
729
690
23
905
176
217
611
777
888
385
638
758
363
224
470
514
235
336
633
940
270
236
245
878
106
486
875
228
997
585
15
993
375
669
322
168
534
757
112
545
346
635
401
518
979
671
716
431
590
700
999
263
539
813
609
495
549
467
368
752
874
321
871
571
111
501
12
163
384
499
989
977
5
649
770
6
246
88
595
358
484
118
759
69
843
474
947
735
89
144
791
461
197
115
414
114
227
488
619
944
306
592
439
356
676
329
996
394
361
530
165
741
769
730
113
39
851
529
189
127
421
850
393
810
455
103
577
123
360
92
513
894
120
445
708
294
404
40
415
831
693
541
643
397
856
55
80
82
808
576
615
372
162
264
457
891
337
214
507
68
558
66
172
85
323
24
574
612
637
877
920
644
887
890
785
42
150
613
147
402
962
390
22
614
664
478
300
916
990
129
566
493
675
593
278
720
109
231
881
326
126
861
46
465
634
927
600
754
713
181
63
907
206
792
362
543
316
978
936
498
218
418
7
776
343
799
37
853
101
179
291
459
886
334
554
70
508
483
557
220
350
665
642
779
912
910
945
271
827
863
673
895
490
297
219
8
386
100
704
578
823
655
51
737
27
942
391
170
428
866
161
560
16
667
99
561
844
258
721
2
203
132
497
148
755
768
383
293
67
79
966
780
645
625
387
958
117
138
964
45
434
253
53
410
660
44
623
565
188
269
261
670
268
736
698
332
149
536
795
61
969
935
406
520
256
328
154
686
551
892
610
515
249
994
506
353
542
496
647
164
733
812
215
553
49
473
771
319
156
171
604
702
285
151
448
640
450
243
295
821
743
199
412
3
307
555
191
654
618
160
995
137
636
606
749
570
726
906
460
299
548
327
546
458
744
868
166
84
836
202
841
573
745
441
124
289
839
587
580
869
379
811
691
572
925
153
502
371
194
859
290
783
403
116
335
468
567
946
272
802
865
205
413
825
685
750
784
339
438
677
804
862
247
392
320
318
961
466
903
711
971
544
922
788
867
232
537
47
491
283
104
133
794
252
185
923
680
26
641
818
852
701
714
913
681
284
712
621
159
75
33
653
656
242
241
876
367
225
646
521
411
152
444
451
583
19
626
348
725
527
311
476
436
30
234
399
250
155
110
274
603
331
198
917
308
774
985
13
629
885
230
48
982
556
815
786
679
239
738
373
904
71
223
454
650
662
330
522
226
265
594
764
706
848
173
485
569
699
425
661
889
105
929
511
134
190
908
620
705
182
142
803
125
722
756
807
798
598
547
28
292
924
10
38
562
926
709
540
586
370
898
18
509
139
463
703
959
937
187
119
622
627
158
453
237
854
624
210
140
668
581
933
510
846
251
651
95
43
814
57
279
951
974
632
78
696
72
599
56
175
719
381
34
195
782
832
911
914
787
282
731
0
504
14
806
102
81
564
422
108
313
365
840
366
893
183
262
732
617
972
952
296
747
437
870
596
255
601
519
344
552
479
286
697
517
687
229
934
532
763
157
833
128
915
575
317
342
58
35
21
31
93
950
456
559
303
254
324
954
389
424
767
462
398
921
20
325
849
408
41
628
221
589
90
377
86
312
380
652
901
442
275
193
481
602
177
941
981
131
440
267
588
796
213
130
244
416
683
525
727
930
956
475
98
819
464
340
957
883
684
357
52
591
73
835
778
882
423
666
663
333
145
884
728
54
524
834
864
828
349
446
345
838
976
201
276
826
196
487
32
528
287
233
257
909
928
396
369
121
837
939
374
717
963
64
77
943
970
222
420
847
417
266
980
692
277
60
505
960
597
639
616
896
965
967
184
829
409
988
955
305
538
899
83
248
975
280
238
817
91
96
949
984
857
968
480
62
304
354
516
845
472
986
50
766
309
273
174
531
695
902
433
707
494
240
136
797
9
347
550
355
918
167
341
426
482
579
761
74
842
364
991
400
216
447
938
630
432
427
658
135
973
1
281
789
765
469
395
143
378
739
503
192
674
897
775
449
338
212
772
382
723
659
987
751
760
87
753
809
672
526
983
36
315
407
584
742
141
471
359
419
122
740
260
998
169
298
489
762
568
872
146
657
443
953
430
29
830
107
860
351
186
608
65
180
773
523
858
820
724
805
992
429
816
734
11
2 750 0 250 900000011
1000
970
683
491
452
589
73
471
457
614
381
328
562
563
298
405
184
21
509
485
487
645
669
403
844
538
286
24
376
674
558
823
542
554
994
326
283
631
41
860
190
765
661
639
147
30
528
426
225
206
161
960
777
353
947
221
784
923
523
812
162
962
846
706
533
354
847
830
334
609
445
406
454
368
965
431
976
887
252
979
61
503
151
177
240
122
941
783
954
475
824
500
870
854
596
58
938
110
524
466
62
303
901
547
743
278
397
361
745
180
691
424
964
191
907
297
943
800
60
510
413
778
769
968
791
285
188
874
940
205
249
920
387
934
496
186
616
871
306
662
150
224
842
449
68
231
22
705
160
580
499
666
810
98
675
72
723
371
633
243
837
618
84
803
82
831
378
4
779
592
494
189
788
464
139
504
909
223
96
404
829
269
632
218
746
650
488
292
665
622
949
999
534
910
820
985
936
261
924
767
5
792
896
747
145
573
501
552
115
462
339
324
18
902
556
140
738
71
3
135
9
396
514
644
544
78
685
435
621
52
134
173
69
108
272
119
319
367
521
344
991
157
899
564
638
701
967
997
541
855
478
136
412
374
142
222
575
581
117
709
890
731
438
165
867
356
627
728
894
14
383
782
615
418
567
54
294
536
293
17
13
370
507
486
325
995
628
600
291
511
216
349
236
232
684
838
130
331
228
233
195
836
657
226
929
749
330
99
158
401
956
239
952
282
834
309
33
408
490
267
641
904
539
409
781
612
635
81
311
805
905
373
519
341
576
734
179
53
148
199
537
168
43
804
688
526
714
557
711
167
170
126
76
883
930
917
444
680
382
217
989
637
128
647
611
676
586
597
279
42
906
752
220
948
648
928
981
308
469
247
720
104
1
245
255
839
809
437
425
185
468
880
480
460
891
827
213
851
710
394
732
789
415
873
97
770
27
866
143
984
253
355
771
421
377
704
670
208
36
640
727
853
365
345
780
203
877
950
737
969
819
881
505
287
799
465
735
607
169
863
366
357
375
45
492
8
551
806
531
655
372
120
990
700
429
193
305
323
362
875
83
166
348
296
230
57
724
251
171
814
483
315
393
176
998
241
441
201
346
914
398
713
629
200
953
740
75
93
919
235
12
815
757
548
595
972
317
137
577
50
935
933
795
112
572
410
664
196
546
606
271
719
760
703
624
453
932
214
270
980
290
845
304
194
209
48
87
776
121
673
132
868
428
925
955
498
16
555
571
587
958
915
908
174
473
590
260
520
90
219
49
284
748
79
897
951
273
380
761
626
395
876
242
708
584
654
113
192
265
153
389
37
129
750
843
602
388
313
733
889
440
172
237
474
144
416
489
44
861
517
582
579
550
125
605
658
878
182
359
679
85
459
390
329
862
89
667
446
966
508
35
619
660
351
668
227
332
849
646
893
543
911
790
879
986
275
693
39
246
583
463
832
591
833
856
988
502
26
322
342
66
568
725
818
257
886
758
707
885
423
152
164
578
443
593
333
717
739
307
234
229
643
250
198
461
127
175
756
337
561
974
786
154
427
124
656
335
900
244
10
116
102
40
107
163
978
280
937
29
716
299
327
447
0
741
642
336
553
848
254
794
264
56
301
476
295
975
288
472
610
718
2
722
411
495
549
7
384
318
895
569
623
759
808
617
379
256
417
31
588
88
92
772
736
497
95
916
118
506
604
649
338
687
146
103
289
821
141
422
262
513
352
540
653
400
608
321
484
945
927
212
530
690
922
826
369
274
516
277
91
451
763
436
211
773
340
913
23
74
659
133
522
545
574
774
535
111
869
455
155
138
762
80
258
442
677
310
961
852
882
482
276
210
957
918
51
841
754
34
19
694
347
512
992
802
613
67
858
402
32
470
884
678
560
202
857
439
570
973
268
281
364
996
663
625
850
798
456
921
312
385
432
434
864
565
721
696
944
20
585
859
94
636
785
744
926
751
215
672
433
358
912
59
386
105
448
183
419
755
430
888
314
601
114
982
796
414
391
399
939
993
726
525
197
204
872
652
178
187
817
946
131
599
559
518
865
266
407
764
458
302
692
598
689
686
942
797
420
963
787
481
931
64
892
65
493
181
392
47
903
630
515
983
671
149
742
46
695
634
86
316
248
63
793
15
729
263
479
450
715
699
822
70
527
529
835
6
100
813
207
11
766
28
106
971
363
753
343
360
156
109
651
25
825
775
712
77
816
697
730
828
477
603
681
807
768
159
682
898
977
532
801
238
101
259
987
350
698
320
811
840
566
55
300
594
702
123
467
620
38
959
