4
1000000000000000000 0 1 107897 1000000007
1000
100236313
49308929
34419143
70996226
5934335
43806182
88475540
83404381
78764810
59882835
41216654
63335539
5502747
22658370
67759316
0
35929701
89122922
79304295
73909445
85454424
74988415
86749188
41000860
74556827
42295624
71319917
94949360
82756999
106062751
46719401
58588071
70348844
71643608
80491162
88691334
13702919
48014165
39382405
85022836
98725755
22010988
17587211
56969616
55890646
54056397
58695968
71212020
92359832
24924207
87720261
80275368
66788243
2805322
71104123
41864036
83835969
81678029
19745151
85778115
9171245
69809359
36792877
16400344
100128416
68190904
48445753
17695108
28916396
42727212
1402661
25679486
23737340
38195538
54919573
76175282
18234593
59127556
24816310
99373137
3344807
76067385
98833652
37763950
13810816
38842920
82864896
87072879
28484808
64522406
94409875
8631760
59559144
82541205
34742834
70888329
103904811
37116568
63767127
73693651
7444893
8523863
16076653
103041635
61609187
72075196
33879658
57293307
19313563
50495796
42511418
25032104
16184550
2481631
72614681
44561461
17803005
50927384
68406698
49093135
61501290
77254252
41540345
38950817
101207386
63011848
539485
9926524
106170648
40245581
99696828
63982921
72722578
77146355
65709273
51251075
69054080
91388759
26650559
5071159
17263520
29455881
9279142
82001720
70025153
10034421
55135367
92036141
9710730
107465412
86533394
43590388
16724035
1294764
21795194
9387039
31182233
64630303
104120605
26218971
7013305
71535711
4423777
64306612
13055537
88907128
58480174
57616998
89770304
56322234
69161977
89662407
28808499
90633480
70133050
23521546
56538028
1186867
51358972
27621632
51143178
4531674
37440259
41108757
12084464
90741377
56753822
105307472
96136227
62472363
12516052
78980604
96352021
43914079
21039915
77577943
97862579
53516912
61393393
86425497
2373734
755279
41432448
71751505
2265837
23413649
63875024
13163434
88259746
43482491
67975110
101531077
84051763
46935195
3884292
15860859
99912622
27405838
30211160
44237770
84159660
93762493
90525583
95488845
94517772
60206526
95165154
95920433
11544979
39166611
48661547
81030647
37332362
1078970
15537168
86641291
73585754
33016482
7121202
86317600
7660687
101099489
10897597
100667901
33124379
98941549
41756139
49416826
30426954
28161117
31290130
69377771
18342490
30750645
18989872
12839743
100560004
83188587
40569272
92575626
76283179
42079830
49524723
92791420
8739657
40785066
102610047
29132190
52653736
44777255
30966439
20176739
83728072
2913219
5179056
43374594
23845237
57509101
89878201
96999403
67004037
50819487
90417686
22442576
75527900
74880518
104444296
33771761
87396570
12408155
35606010
86209703
24168928
48553650
55566955
59019659
6365923
40677169
64090818
22118885
7552790
83512278
55459058
25895280
53409015
104336399
66464552
90309789
106494339
89986098
8092275
82433308
104552193
105846957
44669358
107573309
10250215
68730389
14458198
90957171
20608327
65493479
48769444
105199575
89230819
7768584
62580260
19960945
50387899
101315283
82217514
29563778
32800688
103581120
42619315
86857085
40137684
25463692
13918713
22550473
93330905
48122062
107033824
18126696
98186270
21471503
60314423
14242404
52977427
17479314
106710133
52222148
85670218
104767987
67327728
96891506
24600516
76391076
4963262
52437942
92899317
55351161
51898457
12300258
37548156
24384722
91604553
21579400
26758456
80599059
16508241
9602833
15645065
86101806
46179916
102502150
54164294
46287813
23305752
80706956
31074336
37979744
16292447
107789103
16616138
25787383
74017342
89338716
30319057
3992189
29240087
31721718
53732706
73262063
79412192
60638114
11437082
5718541
49632620
91280862
88151849
52545839
59343350
32261203
69917256
98617858
87936055
75312106
97107300
80059574
34203349
24061031
4747468
43050903
87180776
36469186
102717944
61069702
94301978
11329185
99157343
3129013
101423180
2050043
52761633
84914939
78656913
45856225
104983781
66572449
17910902
104875884
93870390
10466009
102286356
90201892
82972793
40892963
81138544
30103263
57077513
39921890
78333222
48985238
36684980
68946183
8308069
15213477
41324551
47798371
75851591
3776395
47906268
32908585
19853048
98402064
31829615
66896140
97754682
57724895
6797511
11113391
14997683
82325411
67867213
84591248
5394850
22766267
69593565
54811676
9818627
84483351
75743694
78009531
85562321
11760773
97215197
37871847
28592705
26434765
83296484
22226782
49956311
31613821
102178459
68083007
77038458
70780432
90093995
99804725
77793737
18774078
89446613
41971933
46395710
57185410
4207983
20392533
37008671
12731846
58048586
72183093
82649102
19097769
78872707
39274508
97970476
78549016
26974250
21255709
31398027
45100946
43698285
29024293
13487125
42835109
6150129
91712450
431588
3236910
11652876
65925067
60746011
44129873
26542662
103365326
38519229
107897
34527040
67219831
1726352
34095452
59990732
3560601
106386442
323691
21903091
73369960
51682663
67111934
39813993
52330045
19637254
22982061
11005494
80922750
23197855
50711590
70240947
95812536
93546699
14026610
105954854
79088501
56430131
9494936
10573906
91928244
20284636
81893823
33232276
11976567
99265240
863176
61717084
77362149
103689017
35713907
71967299
3452704
7984378
105415369
58264380
41648242
53840603
104012708
45964122
93438802
28700602
101962665
58372277
15105580
27513735
68298801
48337856
61824981
54487985
13271331
42943006
17371417
96028330
79196398
74664724
73801548
84807042
92251935
54703779
73477857
87612364
34634937
101854768
20068842
81246441
67435625
70672535
84267557
5610644
7876481
63119745
94733566
87504467
55782749
53301118
76498973
38627126
95057257
96244124
95596742
64953994
97430991
26866353
27729529
63551333
63659230
8847554
68622492
4100086
44345667
34958628
10358112
7229099
103257429
29887469
74448930
36900774
54595882
105631163
25247898
14566095
44453564
18018799
33340173
20500430
100344210
59774938
60961805
78441119
72398887
98078373
60098629
35282319
105739060
75959488
49201032
70564638
18881975
2697425
35174422
56106440
71427814
68514595
42187727
89015025
76714767
80814853
100883695
29995366
64846097
33987555
50172105
6581717
105091678
79627986
91496656
66680346
45640431
43266697
19421460
32692791
82109617
27837426
40353478
94086184
85886012
59235453
95704639
37224465
95273051
24276825
38087641
27082147
80167471
47474680
64414509
107249618
97323094
62796054
38411332
53624809
12947640
67543522
33448070
35821804
87828158
15321374
102825841
64738200
93978287
62903951
72290990
65817170
30858542
99481034
48229959
7336996
56861719
69485668
74772621
2589528
96567815
75420003
36361289
39598199
15429271
100775798
18666181
46611504
97538888
106818030
84699145
88799231
81462235
29671675
14673992
3668498
102933738
32153306
47150989
11221288
28376911
52006354
90849274
24492619
88583437
103473223
72938372
71859402
94625669
24708413
15968756
4315880
40461375
96783609
79520089
18450387
93654596
12623949
39490302
70456741
5286953
53193221
51790560
62364466
20824121
647382
52869530
61932878
55027470
77685840
30642748
92683523
45316740
77470046
11868670
58156483
67651419
106602236
34850731
58803865
44021976
83943866
62148672
95380948
4855365
32369100
31505924
107357515
5826438
83080690
77901634
103149532
107681206
85346527
101638974
66140861
8955451
53948500
66032964
93007214
80383265
52114251
45424637
39706096
16831932
56645925
47043092
36037598
50280002
32045409
107141721
91172965
69701462
74233136
106278545
57832792
103796914
75204209
36577083
94841463
106925927
73046269
100991592
17047726
1834249
93115111
9063348
65169788
48877341
16939829
45748328
33663864
25571589
62688157
44993049
22334679
26003177
87288673
27297941
50603693
61177599
76930561
84375454
72830475
75096312
45208843
76606870
65061891
18558284
47582577
14889786
6689614
94194081
1510558
46503607
74341033
19205666
54272191
3021116
21147812
83620175
36253392
10142318
55998543
28053220
15752962
85993909
96459918
1618455
49740517
40029787
62256569
6258026
32584894
50064208
971073
38303435
57401204
54380088
79843780
73154166
51466869
26111074
2157940
102394253
86964982
88043952
62040775
98294167
47690474
55674852
36145495
101746871
12192361
46827298
92467729
105523266
49848414
81785926
39058714
38735023
45532534
6905408
81354338
99049446
10789700
14781889
10681803
92144038
88367643
28269014
13595022
46072019
215794
14350301
93223008
100020519
81570132
31937512
33555967
30534851
65601376
26326868
6042232
21363606
44885152
42403521
14134507
35066525
65385582
68838286
79951677
78225325
51035281
47258886
56214337
25140001
59451247
17155623
85238630
64198715
74125239
47366783
51574766
6473820
66356655
60530217
35498113
79735883
104660090
4639571
60422320
27945323
29779572
27190044
61285496
60853908
8415966
23629443
89554510
20716224
23953134
97646785
20932018
100452107
96675712
72506784
66248758
75635797
35390216
34311246
19529357
23089958
55243264
25355795
99588931
85130733
65277685
98509961
57940689
22874164
78117428
76822664
1942146
63443436
102070562
53085324
8200172
63227642
21687297
32476997
69269874
37656053
29347984
13379228
43158800
58911762
104228502
91820347
59667041
91065068
1000000000000000000 0 1 107897 999999937
1000
26542662
33340173
84807042
17263520
77362149
22766267
58803865
14673992
39058714
59451247
76391076
40892963
74880518
23089958
79735883
39921890
55459058
60638114
1078970
60961805
107465412
96567815
58480174
84051763
42943006
89770304
26758456
48122062
26003177
43806182
55674852
37224465
26434765
18018799
104660090
78117428
79951677
11113391
91604553
47366783
28269014
46395710
9710730
68730389
73262063
62903951
78980604
36253392
49524723
56645925
37763950
48661547
60746011
86425497
47043092
3560601
41324551
77470046
65277685
37871847
60314423
4531674
52977427
31721718
97215197
34742834
102933738
40785066
103149532
323691
70133050
65925067
90633480
63875024
41971933
12408155
8739657
45640431
7229099
82864896
69377771
63767127
63227642
31505924
16724035
105739060
42619315
20068842
90957171
18989872
29240087
2265837
14350301
17695108
5934335
42295624
94733566
98617858
73477857
17047726
75420003
10358112
39813993
83296484
93762493
65817170
50927384
5826438
84699145
79412192
52437942
101207386
76175282
96028330
77254252
29887469
66356655
40461375
16184550
42187727
61393393
35498113
24492619
7768584
38950817
54056397
33879658
64630303
5286953
4639571
41108757
35713907
77793737
57293307
21363606
7660687
42079830
67759316
102825841
74664724
86101806
76498973
53516912
26974250
75635797
46287813
54703779
73693651
32476997
43266697
1618455
59559144
55566955
59990732
18558284
55782749
68514595
68838286
6365923
28592705
57616998
42403521
70456741
44129873
101423180
92144038
8092275
11868670
71535711
107789103
88043952
13810816
67004037
47798371
44885152
3344807
90741377
78549016
85778115
57724895
43482491
92683523
30642748
28376911
98833652
24924207
66788243
37979744
57077513
77685840
20824121
71212020
104120605
6473820
39598199
83404381
84591248
22982061
83188587
3452704
61501290
1942146
9063348
56214337
7013305
12947640
56969616
863176
80922750
29995366
91065068
61609187
94841463
23413649
61932878
16076653
16831932
54380088
89986098
85886012
66032964
25787383
107141721
77577943
94086184
88799231
102610047
46719401
82541205
33124379
73585754
5071159
56322234
90093995
52330045
107249618
95380948
51035281
4747468
19529357
48445753
46179916
72075196
100775798
58264380
21903091
80383265
14458198
85562321
90417686
57401204
38627126
62148672
6689614
16508241
64198715
971073
40569272
83512278
38411332
12084464
1510558
20176739
3992189
35606010
82433308
64414509
34527040
15429271
63011848
107033824
99373137
49848414
86749188
81246441
84914939
2050043
83943866
100560004
14781889
36145495
57185410
48229959
51790560
31290130
26866353
69701462
36469186
10466009
39382405
52869530
62364466
99049446
33232276
88583437
103581120
37008671
36361289
12731846
33771761
90849274
71751505
100236313
47906268
83728072
33987555
102394253
104228502
98941549
31613821
91712450
83835969
27405838
49956311
100128416
93870390
50819487
53732706
16400344
66140861
68622492
71319917
78009531
94301978
103796914
9279142
82109617
34958628
94625669
12516052
95057257
78225325
14134507
107573309
13271331
79627986
61285496
11652876
88151849
91820347
70888329
8308069
49308929
10573906
63443436
5610644
32045409
13595022
31937512
30211160
72938372
54164294
46935195
21795194
75851591
80059574
35390216
25679486
21471503
93438802
78441119
85993909
83080690
62040775
93546699
99696828
81785926
30858542
48337856
104336399
88907128
8200172
71859402
2697425
52006354
29455881
66680346
71104123
87396570
43914079
54811676
47474680
29563778
75959488
81570132
55351161
34203349
25140001
48877341
1834249
85670218
50603693
43050903
89446613
65061891
76283179
27945323
10681803
30319057
13163434
7552790
101638974
12300258
95704639
85238630
81893823
62688157
64090818
81138544
2157940
103689017
58588071
102502150
60206526
50387899
22010988
97754682
5394850
96136227
27837426
76822664
21687297
70780432
36684980
7984378
72183093
46827298
104444296
74448930
14026610
99481034
35174422
29779572
25463692
81354338
106818030
17587211
103041635
55135367
107897
1726352
86533394
17910902
9494936
37548156
20392533
103257429
84267557
38195538
73801548
61717084
44021976
67651419
39274508
48769444
89230819
27297941
69269874
45316740
58048586
74017342
101746871
64846097
96999403
48553650
29024293
96675712
60853908
95488845
57940689
105954854
71427814
93007214
105091678
79520089
97646785
45424637
30426954
93978287
102717944
65169788
49093135
75096312
6797511
81678029
81030647
96244124
99265240
23521546
11760773
25355795
64522406
72290990
100883695
44345667
44777255
3129013
95812536
33016482
106278545
7444893
4315880
37116568
89338716
21579400
41000860
79843780
12192361
92036141
8415966
42727212
22874164
84375454
69485668
27729529
35821804
96459918
76714767
3776395
10789700
6581717
16616138
7121202
90201892
36577083
67975110
67435625
82972793
82325411
15752962
16292447
63659230
59774938
215794
60098629
32369100
28700602
65493479
68946183
24168928
45532534
103904811
20716224
647382
77901634
22442576
4855365
15860859
72506784
102286356
67867213
97107300
15537168
6258026
68298801
81462235
42511418
51358972
59127556
53409015
97862579
101531077
31182233
62796054
24384722
40029787
78872707
88259746
10142318
43158800
539485
51466869
49740517
22118885
42835109
14889786
56861719
41216654
37332362
32584894
49416826
67543522
755279
22334679
84483351
58695968
10897597
36792877
87720261
39166611
106494339
99157343
105523266
44561461
80167471
106710133
91280862
43698285
1186867
70672535
11005494
10250215
52222148
66464552
30103263
19853048
85022836
100020519
44237770
36037598
32800688
66248758
32153306
0
72722578
75743694
70025153
19205666
55890646
62256569
27082147
11976567
65601376
21147812
107681206
26218971
51574766
80491162
17803005
11437082
29671675
13487125
89554510
69593565
66896140
15105580
59235453
41756139
23305752
59667041
32908585
67327728
22658370
29132190
32261203
88475540
93330905
45964122
28916396
2805322
79196398
105631163
24600516
69917256
59019659
8847554
99588931
6905408
98186270
91172965
88691334
71643608
87288673
95920433
4100086
94409875
2373734
78656913
106386442
13055537
89122922
46611504
98294167
23197855
39490302
91388759
78764810
97970476
9818627
2589528
93654596
80275368
9602833
84159660
76606870
86209703
1402661
107357515
19097769
7876481
103365326
46072019
53193221
91928244
92899317
56106440
74341033
74772621
61177599
35066525
68083007
73909445
105307472
92251935
89662407
60422320
35282319
92359832
103473223
74233136
69161977
23629443
19637254
78333222
77038458
24708413
17479314
13379228
87828158
62580260
47690474
9926524
1294764
70240947
51898457
106062751
10034421
15968756
5179056
77146355
50172105
99912622
46503607
87072879
79088501
105199575
54595882
82649102
90309789
3884292
82756999
49201032
52114251
18450387
35929701
4207983
20500430
15213477
34634937
106602236
18342490
48985238
63335539
26650559
25032104
23953134
39706096
49632620
32692791
106925927
47258886
45856225
53085324
59882835
76067385
58911762
34850731
38087641
54272191
70348844
88367643
21039915
50495796
86857085
100991592
44453564
93223008
57509101
28053220
25895280
44993049
73154166
31829615
63551333
51251075
93115111
15645065
27621632
19421460
96891506
4963262
30966439
54487985
87504467
51682663
6042232
87936055
26111074
43590388
4423777
100667901
55998543
15321374
85454424
95596742
85346527
101854768
5718541
94949360
38735023
69809359
13918713
38842920
3236910
21255709
18234593
71967299
91496656
8631760
41432448
19960945
13702919
95165154
74125239
34311246
61824981
41864036
86641291
26326868
86317600
20608327
45748328
58372277
40245581
30534851
51143178
44669358
100344210
18666181
41540345
87180776
99804725
17371417
54919573
73046269
28808499
102178459
92791420
96783609
50280002
83620175
97323094
16939829
47582577
61069702
25571589
75204209
105846957
36900774
41648242
76930561
34095452
87612364
52545839
57832792
40137684
52653736
75312106
11221288
50711590
8523863
12839743
73369960
9387039
59343350
3021116
60530217
11329185
5502747
43374594
97430991
20284636
101099489
64953994
89878201
31074336
33555967
70996226
68190904
30750645
45208843
24061031
53301118
11544979
64738200
19313563
79304295
53948500
48014165
50064208
74988415
22550473
92575626
89015025
67111934
106170648
33448070
20932018
63982921
96352021
94194081
95273051
100452107
55243264
2913219
34419143
56538028
19745151
14997683
14242404
102070562
3668498
69054080
38519229
17155623
94517772
18126696
24816310
29347984
33663864
86964982
92467729
12623949
14566095
53624809
98402064
70564638
75527900
22226782
97538888
65385582
63119745
82001720
104983781
80706956
104875884
56753822
80599059
68406698
56430131
53840603
31398027
64306612
98078373
52761633
72614681
28161117
47150989
62472363
7336996
82217514
18881975
74556827
23737340
431588
101962665
27190044
101315283
98725755
40353478
25247898
40677169
37440259
58156483
38303435
23845237
37656053
98509961
65709273
66572449
45100946
104552193
105415369
85130733
9171245
28484808
90525583
24276825
72830475
18774078
104767987
80814853
67219831
8955451
2481631
72398887
55027470
27513735
6150129
104012708
1000000000000000000 0 1 107897 999999929
1000
96352021
93115111
94301978
21579400
49740517
2913219
2265837
70133050
25247898
67219831
17047726
7121202
94409875
20284636
16076653
67004037
18342490
14350301
82109617
3776395
106278545
45100946
9926524
41000860
79196398
37871847
42187727
100020519
60530217
84159660
63659230
50280002
41540345
19853048
48985238
90741377
98833652
77470046
96244124
55135367
101638974
5394850
80383265
61717084
7444893
17695108
99049446
67327728
323691
29671675
104444296
43374594
39382405
98509961
62472363
39274508
5502747
82756999
22766267
32045409
93330905
75527900
71104123
54272191
87720261
87288673
79843780
63335539
100775798
6150129
14781889
66788243
91065068
89986098
74341033
60314423
58372277
61501290
31290130
75204209
62580260
3668498
23953134
33124379
66140861
89338716
10034421
77577943
104983781
61393393
76930561
21039915
106062751
84051763
92575626
105739060
6905408
18450387
10250215
33879658
48014165
31937512
26218971
4855365
18989872
26758456
36684980
36577083
59667041
32369100
91712450
54595882
59774938
45964122
91604553
107357515
12731846
70996226
78117428
104875884
12947640
101746871
64414509
3992189
19960945
50927384
88907128
17803005
92467729
105199575
19529357
40245581
87936055
31721718
66248758
44993049
48769444
96675712
66356655
78333222
88475540
10358112
100991592
106602236
27621632
47474680
1726352
21255709
14673992
84483351
18126696
9387039
67975110
95920433
58264380
45640431
64090818
104767987
57077513
74125239
107789103
90201892
52006354
68514595
75851591
90849274
38950817
77146355
70888329
66680346
2805322
13810816
40569272
90093995
78549016
64846097
77793737
82972793
12516052
29887469
106925927
70780432
47906268
5718541
98725755
5934335
97754682
38303435
56430131
84914939
66572449
23413649
71319917
61285496
19313563
24384722
35498113
21147812
15105580
49524723
73909445
43698285
96136227
64306612
74988415
78441119
69917256
60638114
67759316
3884292
9063348
3344807
59882835
72398887
70564638
50711590
16292447
61824981
77038458
18234593
92144038
36792877
22658370
93870390
106818030
11652876
74233136
29132190
27190044
30103263
67111934
23305752
33663864
77901634
95596742
25140001
67543522
51035281
57185410
79088501
54703779
26111074
102286356
5071159
64738200
40461375
56969616
95380948
23629443
62688157
88583437
31613821
20392533
14458198
42295624
60961805
82649102
58048586
19745151
971073
50387899
46611504
80922750
45856225
39490302
68083007
70025153
99912622
53516912
19421460
74772621
34634937
15213477
71751505
75096312
35282319
8631760
86317600
73801548
34742834
20824121
86749188
98294167
35713907
52114251
53948500
76498973
11221288
80814853
40785066
65277685
87612364
11760773
85670218
15968756
3021116
4315880
43158800
51682663
70348844
44129873
102070562
78764810
34095452
68190904
52977427
53732706
105631163
96567815
20932018
94517772
41648242
28484808
87504467
51358972
88259746
39706096
15752962
49201032
71535711
46719401
27405838
60098629
31074336
11868670
24061031
3129013
69809359
1510558
51466869
58695968
863176
44561461
63119745
10897597
40677169
88799231
86533394
79735883
57509101
1078970
84375454
22226782
65061891
91820347
13163434
83080690
5826438
45532534
59343350
39921890
24816310
104012708
40353478
51574766
107573309
20176739
53409015
60853908
47150989
83188587
10681803
72506784
39166611
94086184
81030647
22982061
32584894
4639571
101315283
215794
48122062
98078373
74880518
30534851
9602833
41216654
101854768
28269014
84699145
79520089
56861719
95165154
14026610
72075196
26434765
72183093
59019659
1294764
9171245
52222148
57940689
58480174
9818627
105523266
44453564
107681206
60422320
100883695
46072019
96999403
57724895
61177599
96891506
4531674
97107300
38087641
46503607
58803865
85993909
42619315
69269874
55243264
55782749
2589528
95273051
49632620
8308069
62148672
91928244
94194081
43050903
45748328
34311246
72830475
83620175
28700602
7876481
39598199
89878201
85346527
84591248
69054080
8739657
35929701
90633480
24708413
97430991
61609187
8415966
79951677
30750645
107897
57832792
50603693
103904811
54164294
92359832
4100086
37224465
23089958
0
93654596
52330045
76175282
94625669
100344210
104336399
25463692
83296484
4963262
19097769
103365326
54487985
68406698
11544979
24492619
37548156
67867213
16184550
15429271
30858542
27297941
94733566
106386442
56645925
38195538
46395710
30426954
72290990
6689614
39813993
5610644
46827298
92899317
102933738
56538028
37763950
102178459
86857085
84807042
47690474
82864896
96783609
71212020
49848414
52545839
86101806
755279
84267557
50064208
105954854
79627986
25787383
33016482
101423180
100560004
13055537
34419143
12408155
6581717
20500430
93546699
81138544
94841463
53840603
10142318
36145495
13379228
29024293
42835109
7768584
2697425
27945323
81893823
14997683
21363606
10789700
53301118
16400344
9710730
26003177
95057257
81785926
66896140
69701462
15321374
18666181
104120605
22118885
43266697
89122922
38735023
52653736
17263520
50819487
86641291
58588071
8092275
26542662
14242404
86425497
69377771
80167471
82325411
43806182
13702919
28916396
87180776
43482491
1942146
101531077
49956311
48553650
68622492
68730389
91172965
10466009
90957171
93978287
23521546
42079830
40137684
15537168
86964982
45424637
54056397
21795194
40029787
72614681
20068842
88691334
41324551
107141721
27513735
85562321
32476997
102610047
85454424
65169788
5286953
26974250
32908585
18018799
97538888
25032104
78656913
47043092
103041635
25355795
18774078
1186867
34958628
73585754
78225325
93438802
3236910
56106440
98186270
75312106
82541205
91280862
78872707
24600516
29240087
33771761
73262063
1402661
41108757
8523863
59235453
90525583
79304295
59451247
85778115
47258886
7552790
83943866
30211160
36469186
99265240
3560601
48229959
28376911
5179056
97323094
80275368
95812536
76606870
30642748
94949360
99696828
44885152
83728072
36253392
74664724
99804725
13271331
101207386
85886012
53085324
35390216
83404381
30966439
34527040
16831932
92791420
80706956
23737340
46935195
77254252
102717944
58156483
33232276
9494936
103473223
539485
11329185
44237770
1834249
82217514
96459918
57616998
89015025
22550473
28161117
12839743
6797511
107465412
65817170
67435625
48445753
101962665
47798371
89554510
29779572
100667901
56753822
6473820
88043952
51790560
68946183
23197855
33448070
20716224
80059574
50495796
58911762
92683523
55351161
103257429
20608327
10573906
104660090
41756139
75635797
93762493
61069702
72938372
26326868
81462235
16508241
11113391
50172105
98617858
75743694
85238630
32261203
97862579
28053220
59990732
44669358
60206526
431588
38519229
65493479
37116568
95704639
11437082
62796054
42403521
32692791
29995366
55890646
89662407
29455881
102825841
36361289
99588931
46179916
647382
16939829
71643608
65601376
98402064
87396570
62903951
85130733
25679486
82433308
29563778
25895280
69485668
83835969
55998543
100128416
91496656
76714767
93007214
2481631
56214337
37332362
80491162
17371417
102502150
63767127
70456741
77362149
100236313
44777255
42511418
32153306
49308929
15860859
76067385
78980604
90417686
65385582
97646785
33987555
97970476
2050043
40892963
87072879
2373734
33340173
27837426
28808499
64198715
73046269
54811676
87828158
62040775
88151849
6258026
55027470
26866353
103581120
99157343
95488845
49093135
62364466
37440259
103689017
76283179
63443436
63551333
24276825
53193221
106170648
6365923
31398027
73693651
14566095
9279142
72722578
75959488
106494339
73154166
76391076
54919573
89230819
89446613
34850731
83512278
34203349
75420003
32800688
7229099
64953994
38627126
65709273
104552193
45316740
67651419
12192361
100452107
92036141
14134507
46287813
90309789
52437942
55674852
81570132
71859402
8200172
36900774
52869530
101099489
17587211
41432448
38411332
66464552
28592705
57293307
91388759
12300258
7336996
64630303
70672535
107033824
73369960
62256569
3452704
107249618
8847554
74017342
59127556
53624809
6042232
105307472
81246441
63875024
7984378
35821804
4207983
85022836
106710133
61932878
7013305
59559144
96028330
11976567
63011848
54380088
35066525
44021976
11005494
37656053
52761633
42727212
45208843
33555967
27729529
48337856
49416826
103796914
74448930
105091678
44345667
64522406
43914079
88367643
22874164
77685840
16724035
12084464
55566955
92251935
55459058
18558284
71967299
15645065
12623949
99481034
30319057
43590388
81678029
69161977
79412192
31182233
60746011
98941549
36037598
99373137
21471503
13487125
48661547
74556827
70240947
37979744
17155623
42943006
4423777
17910902
8955451
51251075
68298801
22010988
80599059
13595022
93223008
86209703
19637254
78009531
41864036
56322234
16616138
37008671
2157940
76822664
82001720
47366783
7660687
29347984
24924207
25571589
68838286
39058714
22334679
1618455
27082147
102394253
69593565
26650559
17479314
31829615
65925067
103149532
63227642
23845237
21903091
51898457
63982921
38842920
71427814
35606010
41971933
4747468
97215197
14889786
22442576
104228502
35174422
18881975
66032964
21687297
19205666
31505924
48877341
89770304
81354338
73477857
24168928
105846957
47582577
105415369
57401204
13918713
51143178
1000000000000000000 0 1 107897 999999893
1000
44453564
14350301
91820347
28916396
45424637
67004037
54164294
53193221
89986098
95488845
40785066
85130733
18989872
41108757
30426954
21687297
17047726
100020519
3021116
65277685
84159660
78764810
67867213
68946183
63011848
9171245
81462235
59127556
35282319
106386442
78117428
61824981
72830475
71751505
14781889
42295624
36792877
10897597
93654596
82217514
106925927
23197855
43266697
42511418
104875884
23845237
39706096
84699145
62040775
37871847
7660687
78441119
56645925
72938372
87396570
107249618
22766267
73154166
75204209
35713907
93546699
66788243
90309789
3884292
60853908
71643608
74556827
58911762
64522406
103473223
49201032
27837426
88367643
86533394
63659230
56106440
57185410
94517772
32045409
81893823
67327728
80167471
57724895
46287813
49848414
105199575
29995366
91388759
41971933
3129013
15105580
69485668
64090818
72398887
105307472
102825841
80059574
39598199
71967299
21363606
80275368
94409875
7984378
47690474
81030647
89015025
104336399
26650559
11544979
4855365
34527040
98617858
11976567
30750645
95165154
51358972
99912622
68730389
66356655
102070562
28700602
3776395
50927384
18666181
100775798
44237770
69701462
103796914
36900774
82864896
45208843
83943866
30858542
10358112
36145495
72506784
79735883
15213477
647382
101638974
57940689
82109617
91712450
54595882
106170648
40569272
44777255
92683523
33771761
100667901
17587211
31182233
101207386
49416826
83188587
63227642
23737340
10142318
23089958
75851591
69593565
5718541
51898457
79196398
34203349
73801548
88907128
48769444
27405838
77685840
16616138
43050903
79088501
87072879
58048586
85562321
93330905
98294167
14242404
83728072
84267557
74988415
8847554
85670218
88043952
63875024
68838286
22442576
55027470
33987555
99373137
66680346
75527900
51466869
59882835
13595022
71859402
12084464
5502747
102394253
6258026
26003177
46935195
100991592
43914079
88475540
23413649
93438802
31074336
34742834
90201892
50172105
47906268
39382405
86209703
79520089
9818627
92036141
25571589
58695968
57616998
54380088
90957171
36684980
45748328
30211160
48014165
43590388
1186867
85886012
94194081
85346527
59451247
55890646
49956311
55243264
77793737
53624809
90093995
75743694
58803865
65817170
70564638
104120605
53301118
74341033
20500430
93007214
94733566
38842920
79412192
18774078
87828158
60638114
107681206
20824121
16939829
17155623
102933738
5071159
52653736
76930561
99049446
82325411
43806182
69161977
60422320
84914939
88259746
25895280
32908585
4747468
89662407
20284636
431588
101423180
863176
95057257
69054080
55135367
29347984
96999403
51790560
91172965
3344807
27729529
83512278
95920433
29455881
56753822
87720261
42403521
73046269
98402064
104228502
14134507
24816310
64630303
2157940
19637254
32153306
58156483
2589528
70456741
18342490
73262063
25679486
66032964
46395710
69809359
69377771
47150989
37763950
26974250
9926524
89230819
24276825
7336996
91928244
61717084
1294764
97970476
76175282
38087641
67435625
54919573
97430991
50711590
50387899
24708413
103904811
28053220
103581120
8092275
106278545
60746011
44669358
41864036
32584894
27513735
5394850
20392533
104660090
37656053
97323094
51035281
60961805
34958628
1726352
98833652
40353478
87504467
4207983
90633480
104012708
19853048
88691334
99157343
14026610
85993909
67543522
37440259
75635797
3236910
28269014
2481631
16724035
92251935
101746871
23305752
40461375
73693651
78872707
78225325
66140861
97862579
9063348
31505924
17910902
71535711
36037598
41324551
66896140
92467729
38519229
46719401
80383265
48229959
8739657
76283179
39058714
18018799
25463692
62903951
61501290
100344210
39490302
16400344
75420003
99265240
59774938
50064208
57293307
5934335
57077513
50603693
77901634
76067385
15860859
92575626
98941549
95812536
7444893
36253392
24924207
28161117
4100086
55998543
80814853
72075196
16184550
94841463
78009531
80491162
64414509
51143178
50280002
93115111
63335539
63551333
93978287
83080690
101531077
63767127
15968756
6365923
70780432
46072019
49524723
6150129
29779572
82001720
33124379
11005494
14566095
27297941
63443436
323691
61177599
97215197
42943006
13810816
36577083
21579400
19097769
37116568
74772621
95273051
52006354
82433308
60206526
69917256
6797511
11113391
32261203
27190044
101315283
49632620
34311246
94301978
4315880
24492619
100452107
26326868
66248758
95380948
83620175
67651419
6581717
83404381
971073
22118885
43158800
40892963
37008671
13702919
47258886
27082147
67975110
103365326
7229099
46179916
42187727
58480174
11868670
15429271
68083007
91496656
67759316
106818030
3560601
72290990
70888329
57832792
92144038
17263520
76498973
9279142
24061031
92791420
46827298
42727212
102286356
51251075
29024293
20716224
56322234
98725755
74664724
41648242
71212020
92899317
98509961
77577943
81354338
99588931
60314423
106602236
96783609
23629443
86101806
54703779
31398027
44345667
66572449
7013305
7121202
65493479
101854768
37332362
91604553
58372277
46611504
28592705
39813993
55782749
104552193
9494936
38950817
215794
35390216
41540345
66464552
10034421
10789700
8200172
91065068
20932018
46503607
68514595
539485
35174422
100236313
19421460
56430131
81246441
18126696
71104123
40137684
35606010
83835969
28376911
77146355
28484808
65925067
38195538
21039915
52222148
56861719
87180776
95596742
107789103
73909445
74125239
82541205
12300258
2697425
41000860
1402661
68406698
47582577
86749188
77254252
26218971
6042232
6689614
48985238
64198715
25032104
45640431
25247898
103257429
32476997
45316740
74880518
5826438
99481034
48553650
30319057
26434765
77362149
8308069
85778115
70996226
76714767
82756999
56969616
33340173
62796054
65601376
80922750
93870390
37224465
90849274
15537168
43482491
59019659
61393393
33663864
44561461
51682663
30966439
16076653
32800688
84375454
12516052
54272191
11437082
96136227
97754682
14997683
50819487
52545839
53732706
13379228
53516912
8523863
56214337
74448930
31613821
41756139
100883695
2805322
31721718
73369960
38627126
49740517
79304295
87288673
34419143
14458198
55459058
87612364
100128416
83296484
103149532
0
86425497
60530217
11329185
45856225
12623949
44021976
78549016
7768584
1618455
18450387
62256569
30642748
62364466
60098629
85022836
61069702
19205666
70133050
76606870
49308929
106062751
22982061
89554510
42835109
105415369
97538888
88583437
81785926
10681803
81138544
45100946
5286953
26111074
94949360
96028330
64306612
76822664
65169788
29671675
45532534
52977427
84483351
71319917
45964122
19529357
38303435
59667041
105091678
64738200
33016482
94625669
86857085
90741377
95704639
62688157
11652876
58588071
75096312
74233136
52114251
10466009
18881975
33879658
52330045
86641291
14889786
52869530
39166611
74017342
35066525
21795194
29240087
44993049
73585754
85454424
39274508
35498113
20068842
107141721
48122062
21471503
76391076
37979744
80599059
9710730
22658370
12192361
30103263
53948500
90417686
107573309
43698285
11760773
99804725
22874164
21903091
61609187
61932878
35929701
101962665
65709273
89770304
15321374
87936055
5179056
81678029
29132190
26758456
36469186
16831932
18558284
55351161
102717944
55566955
32692791
26866353
37548156
23953134
16508241
4639571
34850731
32369100
51574766
63982921
4531674
53085324
4423777
63119745
84591248
24168928
20608327
68298801
107357515
97646785
31290130
1942146
96244124
86317600
91280862
17371417
47366783
25787383
101099489
69269874
88151849
34095452
23521546
65385582
104767987
98186270
28808499
33555967
103041635
89122922
59559144
34634937
755279
65061891
106710133
96567815
82972793
6473820
72614681
31829615
56538028
10573906
72722578
12947640
1834249
41216654
12839743
79627986
96459918
38735023
105523266
106494339
98078373
41432448
12731846
50495796
47474680
18234593
77038458
105631163
22550473
105846957
64953994
84051763
64846097
48337856
102178459
42079830
96891506
84807042
105954854
79951677
29563778
62580260
38411332
25140001
13271331
55674852
48877341
70025153
62472363
13163434
89446613
36361289
100560004
15645065
19960945
102502150
49093135
104444296
82649102
33448070
1510558
59343350
70672535
48661547
96352021
53840603
42619315
3992189
8415966
97107300
17803005
90525583
31937512
78656913
20176739
107033824
59990732
3668498
75312106
17479314
6905408
21255709
62148672
78333222
22010988
8631760
2265837
9602833
54487985
102610047
2373734
11221288
33232276
58264380
59235453
29887469
92359832
78980604
52437942
57509101
17695108
35821804
93223008
47043092
70348844
67111934
4963262
25355795
44885152
88799231
24384722
12408155
7876481
2050043
40245581
103689017
107897
93762493
19313563
39921890
85238630
94086184
9387039
53409015
96675712
16292447
14673992
22334679
7552790
77470046
40029787
26542662
48445753
21147812
10250215
61285496
13055537
86964982
52761633
73477857
54811676
13487125
99696828
68190904
54056397
27945323
22226782
71427814
57401204
75959488
79843780
24600516
104983781
2913219
1078970
15752962
105739060
67219831
70240947
13918713
27621632
43374594
3452704
5610644
72183093
80706956
30534851
8955451
89338716
47798371
81570132
40677169
19745151
68622492
44129873
89878201
107465412
