4
1000000000000000000 0 1 65537 1000000007
1000
30015946
39453274
27460003
4456516
262148
40501866
51053323
55575376
10944679
2228258
196611
60162966
53871414
42926735
49218287
22937950
27197855
31588834
9765013
42664587
29426113
40239718
40043107
42992272
23200098
1245203
3211313
7602292
16122102
55313228
37880386
45286067
15532269
60687262
48759528
59114374
54920006
31392223
38601293
50856712
62587835
1835036
786444
57475949
37487164
34603536
10223772
45154993
27656614
12845252
24510838
55051080
6946922
51381008
50660101
65471463
46924492
2687017
52036378
4194368
50463490
62391224
46465733
35783202
30671316
26870170
49742583
9371791
3866683
43188883
28967354
57541486
2621480
33227259
17039620
61408169
13304011
57213801
24379764
46596807
46990029
10027161
38404682
16646398
54002488
19136804
24707449
57017190
8978569
44040864
12910789
11534512
60425114
15859954
62718909
59376522
32506352
46203585
13172937
55771987
49152750
29557187
9044106
45023919
13566159
3080239
19923248
57672560
25100671
327685
40632940
20054322
16187639
45875900
65078241
26083726
26542485
22806876
59179911
36504109
36307498
31457760
3735609
53674803
48956139
29360576
18743582
13107400
29819335
55706450
10879142
21692747
55903061
31785445
11862197
15663343
50070268
54592321
7667829
54330173
24969597
28705206
3801146
15991028
65537
17432842
12124345
21365062
2818091
3342387
45679289
23855468
3276850
61866928
11206827
59245448
31850982
9240717
0
23789931
63898575
24904060
41681532
61146021
33751555
59573133
7274607
17760527
32637426
23331172
11927734
29688261
40764014
4390979
16056565
38470219
50594564
35258906
27918762
56296283
7209070
56755042
60556188
46400196
60752799
17563916
51577619
11403438
34537999
26476948
16843009
46858955
52232989
65012704
9961624
16384250
27525540
2031647
37421627
33620481
55444302
18809119
52429600
54657858
33554944
6029404
33292796
851981
41747069
43516568
13893844
31326686
48431843
55378765
63636427
26608022
42271365
59900818
8061051
35586591
2293795
43123346
19857711
46531270
54199099
46269122
45613752
63505353
44630697
26214800
63439816
49939194
57344875
23527783
11468975
2883628
17301768
62456761
2359332
27853225
28443058
8913032
21889358
30999001
52757285
1638425
40370792
60097429
59310985
22413654
57869171
13500622
14942436
11796660
42730124
62260150
43582105
24838523
41288310
19661100
17367305
4718664
31982056
22085969
49414898
42140291
45089456
37618238
10354846
48235232
41812606
62129076
62915520
4259905
26935707
51643156
52953896
41878143
12648641
28246447
41550458
54985543
36045350
56558431
33817092
50332416
31064538
37749312
40895088
25952652
22348117
32899574
6160478
64226260
35848739
18350360
28574132
30343631
23986542
20316470
6619237
45744826
21233988
32571889
22282580
7733366
5111886
5701719
10616994
22217043
58196856
44892845
16449787
24641912
19595563
23265635
9568402
62784446
47973084
21037377
11665586
17694990
35455517
47842010
655370
1966110
64685019
4522053
38732367
59442059
62981057
35521054
20513081
1376277
36176424
2097184
33096185
20447544
27066781
47448788
42599050
54264636
43451031
25624967
39387737
62849983
14287066
47121103
59048837
57279338
25821578
46662344
11010216
40305255
36766257
44171938
49283824
65274852
61277095
16318713
32375278
15139047
54723395
1703962
8126588
44827308
49545972
28836280
6094941
45810363
31523297
16974083
61604780
54068025
53740340
8716421
38011460
13631696
6815848
14876899
54854469
22741339
58131319
61014947
47252177
59769744
60031892
55509839
36831794
41484921
34079240
18415897
63374279
51512082
46727881
32047593
13697233
58459004
30409168
45941437
27132318
48038621
12452030
22479191
34734610
15270121
19071267
57607023
16253176
8847495
19726637
20578618
6357089
37290553
27394466
4063294
18481434
43713179
63570890
51970841
64619482
9175180
58590078
14483677
56623968
39715422
25231745
3604535
32702963
7340144
47514325
30605779
15466732
40108644
12779715
18546971
38339145
43647642
10289309
56361820
17498379
5898330
51839767
13828307
19988785
44565160
51774230
61998002
16711935
38208071
5374034
50004731
12386493
22151506
51446545
62653372
56230746
61801391
37356090
2752554
44761771
7077996
38535756
58262393
14745825
9437328
2162721
37814849
48366306
58917763
30933464
63177668
47383251
34144777
52101915
43319957
21627210
60359577
11337901
52822822
5767256
19267878
41943680
1310740
57738097
13435085
28508595
35127832
55968598
33686018
6750311
31195612
1507351
59704207
51905304
33489407
29032891
34472462
12189882
57082727
27722151
64357334
21168451
18612508
29229502
61670317
43778716
23069024
61735854
24314227
34013703
6291552
7012459
58983300
13041863
39256663
57148264
18284823
12583104
393222
24445301
32768500
44106401
42205828
56034135
64095186
8585347
39912033
59507596
45351604
18678045
37945923
49480435
44696234
8650884
17957138
11141290
25428356
46072511
45220530
58065782
58524541
55116617
6226015
29622724
42402439
41091699
44303012
36897331
48169695
28770743
46334659
20119859
26411411
62522298
45417141
59835281
58786689
14090455
12320956
49611509
2949165
5832793
50529027
3997757
9699476
28311984
7798903
36438572
38994515
1572888
65340389
29295039
56492894
23921005
12976326
19792174
36373035
53216044
48890602
36569646
47186640
7929977
9306254
58000245
42795661
31916519
5963867
3014702
27591077
48497380
58655615
64291797
1179666
15073510
19464489
53478192
33423870
10551457
38142534
29163965
34996758
44237475
26673559
50201342
35193369
47776473
64029649
64488408
22020432
17826064
41353847
34275851
48628454
47579862
37683775
4128831
55837524
9830550
43385494
61211558
60294040
20250933
17629453
22544728
15728880
36962868
39322200
4915275
2424869
53019433
18088212
19333415
40960625
38076997
50725638
3932220
40567403
41222773
26345874
2490406
43909790
10813605
60228503
62194613
28180910
48825065
50922249
29950409
34800147
65143778
41419384
5046349
14549214
53150507
458759
14614751
3538998
52626211
55640913
26804633
4325442
49808120
10485920
42467976
61539243
11731123
37028405
11993271
48300769
25690504
63964112
62325687
6422626
33030648
1441814
43057809
7995514
3145776
28639669
5242960
61932465
29098428
19202341
47907547
1769499
63112131
34865684
40174181
3670072
64553945
21496136
30867927
43975327
13959381
13238474
38928978
50791175
9896087
5439571
16777472
6881385
26280337
18022675
30212557
58393467
14352603
63308742
24183153
26018189
30278094
51249934
5177423
8388736
61080484
15925491
27263392
7143533
39584348
64160723
18874656
52691748
20906303
20775229
59638670
8192125
39649885
5308497
24576375
63701964
24117616
10158235
59966355
21954895
17170694
58852226
34669073
25493893
48104158
54395710
62063539
33161722
53543729
16908546
1900573
49087213
34406925
8454273
49677046
25362819
25756041
5505108
15335658
31654371
4980812
5636182
52167452
51708693
22675802
29491650
29753798
27984299
8257662
64881630
34210314
524296
8323199
63046594
2555943
3407924
57803634
28377521
44499623
589833
56427357
14155992
55247691
25297282
56689505
15007973
14811362
35062295
11272364
16515324
21102914
33358333
36241961
39518811
42074754
20644155
1114129
63243205
37225016
64816093
41615995
56886116
17105157
19398952
34931221
27328929
30802390
13369548
60818336
32113130
32965111
6684774
23134561
64422871
32309741
36700720
4653127
8519810
58721152
23724394
65405926
20709692
43844253
12517567
1048592
39977570
131074
31261149
15401195
21823821
14418140
11075753
49349361
25166208
53805877
6553700
51315471
18940193
43254420
47710936
65209315
38273608
48693991
23462246
42861198
34341388
30081483
15204584
37093942
54526784
26739096
47055566
54133562
45482678
14680288
15794417
42533513
22610265
30147020
53347118
49873657
57934708
28049836
10092698
45548215
44434086
7405681
9502865
35717665
60883873
40436329
10748068
31719908
35979813
27001244
39846496
54461247
32244204
23003487
61342632
21561673
40698477
52560674
46138048
21758284
36110887
17891601
39125589
56951653
23658857
21299525
5570645
28115373
33948166
53281581
58327930
20185396
53936951
32178667
12058808
3473461
23396709
50135805
60621725
36635183
31130075
63767501
57410412
55182154
48562917
29884872
53609266
46793418
12255419
50266879
17236231
39780959
49021676
56099672
4784201
32440815
51184397
38666830
63833038
64947167
50397953
18153749
23593320
35914276
61473706
9109643
35652128
7471218
44368549
30474705
983055
25035134
52364063
52495137
33882629
9633939
35324443
60949410
12714178
42009217
11600049
46006974
14221529
24052079
40829551
24248690
25887115
44958382
917518
26149263
42336902
30540242
8781958
52888359
7864440
4587590
38797904
24772986
53412655
64750556
39191126
50987786
51118860
14024918
35389980
53084970
20382007
20971840
720907
20840766
32834037
41157236
4849738
10420383
19530026
56820579
22872413
6488163
52298526
38863441
10682531
18219286
19005730
28901817
41026162
47317714
37552701
39060052
25559430
47645399
37159479
54788932
13762770
7536755
56165209
15597806
21430599
30736853
60490651
16580861
27787688
1000000000000000000 0 1 65537 999999937
1000
5701719
9240717
38273608
1048592
20775229
31261149
25231745
26345874
3145776
26870170
32637426
8061051
63898575
57410412
16318713
60621725
35848739
25756041
7733366
23003487
7077996
35979813
15335658
52757285
3014702
9765013
40043107
57672560
33423870
22020432
11403438
55575376
31719908
22282580
58655615
65012704
63636427
46793418
34210314
55378765
47710936
37814849
36700720
11534512
20250933
46858955
52691748
18415897
27656614
56820579
35258906
53347118
39649885
4587590
45286067
35455517
47842010
65537
4259905
43057809
17039620
61604780
22741339
25690504
10354846
21627210
57607023
56755042
12976326
38797904
26673559
41747069
33292796
34996758
36045350
22610265
12124345
57213801
11862197
7864440
40370792
13500622
63243205
26608022
42992272
32506352
45810363
65274852
8192125
30933464
39060052
27132318
49152750
45089456
15532269
24838523
27394466
53150507
49414898
2621480
65078241
29819335
15663343
32965111
8585347
18350360
18284823
64291797
40174181
34144777
9830550
65143778
4194368
48562917
26018189
34275851
16187639
56165209
35324443
16253176
51774230
11993271
1179666
13041863
40764014
23527783
28770743
458759
2490406
34865684
61998002
55182154
49611509
1507351
42402439
19988785
52101915
37093942
2555943
60031892
52495137
51381008
52232989
27066781
22872413
43909790
47383251
61735854
33489407
47055566
50266879
13762770
42271365
31588834
34931221
60556188
48628454
11600049
23069024
32178667
40632940
41878143
3932220
45023919
2424869
131074
46465733
20578618
39256663
52429600
53412655
13172937
45744826
59769744
15859954
51577619
17957138
18743582
50004731
44499623
44434086
56361820
3407924
62063539
58459004
4522053
47186640
22217043
32375278
31392223
15597806
63112131
35127832
60687262
24445301
10682531
38470219
55771987
56099672
46531270
39453274
9502865
44171938
33030648
11927734
32768500
22544728
17694990
28836280
7471218
26083726
2162721
62587835
62194613
52822822
2097184
56492894
31064538
30867927
8126588
31982056
10551457
20513081
4653127
42861198
61014947
59048837
38928978
20316470
64750556
41484921
28115373
63833038
33554944
61408169
60490651
33096185
5177423
14155992
33227259
16777472
26149263
20447544
42336902
48497380
29032891
32244204
19595563
15073510
48235232
12910789
35521054
33686018
7536755
51184397
64881630
14614751
31850982
40960625
27263392
61539243
14483677
9371791
43188883
35389980
6422626
56689505
51905304
20054322
58327930
37356090
5898330
44565160
50397953
60425114
5636182
38535756
64095186
31195612
16122102
13566159
61866928
10223772
30605779
23331172
53084970
16449787
28639669
4784201
15204584
12648641
4718664
17432842
33751555
10813605
21561673
1114129
64422871
46662344
45417141
50660101
8519810
59179911
37683775
52036378
29950409
17367305
851981
55837524
48169695
45941437
3211313
29491650
39518811
29688261
18940193
60883873
58393467
58196856
25887115
21823821
25493893
35652128
5505108
9109643
30343631
1769499
19267878
60162966
28049836
18612508
38339145
14745825
10289309
61670317
41288310
24510838
29753798
54657858
27460003
37421627
33620481
53936951
17760527
22413654
63767501
6029404
12255419
4128831
23396709
4390979
24052079
9633939
60818336
51708693
55640913
12845252
44761771
20971840
12320956
56886116
8847495
27853225
36962868
6881385
57082727
21430599
31916519
35062295
59114374
31130075
19464489
17826064
36504109
23986542
9306254
8257662
61932465
34800147
62522298
3473461
2359332
47514325
64619482
22806876
15007973
6357089
57017190
54920006
41222773
52953896
60228503
22085969
56427357
13893844
58721152
18809119
30081483
20185396
23593320
34734610
27722151
1310740
54723395
6684774
40436329
59900818
32899574
51118860
48104158
14024918
51512082
38142534
26411411
48759528
36110887
36897331
43778716
49808120
62784446
61146021
42205828
19136804
17563916
40305255
10485920
46596807
25100671
14221529
35717665
27001244
13107400
42533513
43582105
2883628
59638670
40501866
0
63701964
13369548
12386493
50594564
25428356
44040864
22675802
8650884
17629453
21954895
46269122
52626211
9699476
24641912
58065782
7405681
23724394
57869171
55509839
39322200
42467976
57148264
2949165
30015946
39912033
41681532
42730124
50987786
2228258
50070268
10616994
20119859
54985543
9961624
5439571
5767256
49021676
22348117
25035134
58524541
34603536
14876899
13697233
37028405
53478192
14942436
64488408
3080239
55706450
32309741
19792174
21168451
28180910
25362819
47776473
13304011
40895088
10748068
36176424
63308742
36635183
43385494
27197855
52888359
46924492
58590078
11272364
8454273
63570890
41943680
63964112
50135805
47579862
43844253
43713179
53019433
37159479
51249934
21496136
20840766
26739096
8978569
6619237
16974083
60752799
19530026
5963867
21889358
11337901
25821578
56230746
39191126
589833
58262393
983055
9044106
62325687
37945923
9896087
54461247
42599050
44696234
61080484
48825065
27984299
4456516
48431843
59507596
7995514
32047593
32702963
45548215
24904060
1703962
3997757
23200098
15466732
46006974
59245448
42074754
59310985
11141290
51970841
30147020
46727881
25297282
28443058
53740340
33817092
29295039
23855468
11075753
54330173
1441814
32440815
41615995
33161722
48693991
6553700
45613752
39125589
56558431
44106401
45875900
60949410
12583104
8388736
11206827
21692747
6226015
21299525
22151506
41026162
43123346
10092698
34537999
14680288
29622724
54002488
37487164
3801146
50791175
31785445
30409168
58983300
53609266
36831794
29884872
35783202
18678045
42140291
18874656
57475949
64553945
7798903
23265635
30212557
64947167
18088212
51839767
40567403
45351604
43319957
29557187
32571889
54788932
6488163
49873657
51643156
13828307
41419384
17105157
6946922
12189882
16515324
42795661
17236231
23462246
29229502
786444
47252177
2687017
30802390
1638425
14090455
49283824
29360576
43647642
15991028
44237475
51446545
18219286
59966355
12714178
8323199
8716421
60097429
64160723
27525540
53543729
31523297
29426113
7209070
14811362
19661100
60294040
1900573
45220530
11010216
25559430
7602292
2752554
44892845
56623968
46203585
58131319
31457760
54592321
8913032
19726637
34013703
29098428
59376522
26935707
55968598
45154993
26280337
53216044
52560674
4325442
57934708
27918762
25952652
24117616
39846496
4849738
1245203
38011460
36766257
327685
64029649
5308497
32834037
65405926
59835281
31326686
30278094
61211558
28705206
24183153
48890602
35193369
19005730
44827308
46334659
47448788
35914276
37290553
28901817
33948166
6094941
14418140
64357334
26476948
40108644
58917763
30999001
44958382
39780959
17301768
46138048
48366306
47907547
6291552
15139047
47973084
13631696
42664587
46072511
10027161
65340389
38076997
5242960
59573133
19071267
50529027
63374279
13959381
54526784
46400196
19398952
655370
39584348
22937950
18153749
47121103
10944679
16580861
30671316
20644155
41550458
56034135
25624967
40698477
61473706
10158235
41091699
63439816
50201342
45679289
20709692
21233988
63177668
62981057
24576375
53674803
62129076
20382007
15270121
44368549
23921005
1835036
12779715
36438572
57344875
4063294
26542485
65471463
48956139
3670072
48300769
35586591
28967354
38732367
14287066
49480435
52167452
57738097
13238474
28377521
50332416
50856712
21037377
4915275
30474705
10879142
64685019
15794417
38601293
55444302
1966110
27787688
56296283
3866683
63505353
12517567
55903061
36241961
21758284
43451031
49349361
38666830
34341388
55247691
917518
39715422
34406925
33358333
24772986
6815848
3276850
34669073
38404682
32113130
44303012
18022675
5046349
6160478
56951653
51315471
47645399
57541486
54854469
524296
16646398
16843009
5374034
34472462
58786689
11796660
20906303
29163965
14352603
38994515
40829551
7143533
36373035
36569646
61801391
16384250
3735609
31654371
39977570
34079240
52298526
62456761
393222
54199099
22479191
4980812
24969597
62718909
55051080
28311984
24314227
18546971
8781958
48038621
49742583
7667829
38863441
16908546
12452030
40239718
19333415
28574132
49087213
38208071
55313228
21102914
28508595
21365062
23134561
54395710
27328929
62653372
42009217
5111886
15728880
46990029
50922249
54264636
27591077
17498379
52364063
43975327
3604535
45482678
55116617
59704207
54068025
5832793
47317714
17891601
62849983
65209315
9175180
25166208
50463490
262148
62260150
43254420
196611
43516568
61342632
49677046
2293795
18481434
36307498
1572888
57279338
24707449
24248690
42926735
62391224
23658857
61277095
33882629
57803634
37749312
3342387
16711935
15925491
30736853
9568402
6750311
720907
24379764
2031647
49545972
44630697
7340144
7274607
7929977
12058808
3538998
54133562
19857711
10420383
41157236
23789931
53871414
37552701
37618238
30540242
49939194
19923248
64226260
13435085
37880386
26804633
63046594
39387737
37225016
41812606
59442059
62915520
17170694
28246447
53805877
2818091
53281581
26214800
11665586
49218287
7012459
16056565
60359577
19202341
15401195
51053323
11468975
1376277
58852226
9437328
58000245
41353847
64816093
5570645
14549214
50725638
11731123
1000000000000000000 0 1 65537 999999929
1000
54199099
40370792
50070268
56820579
22151506
27722151
65012704
3538998
58655615
12386493
30015946
30278094
51839767
34210314
22085969
26280337
45810363
58131319
62915520
43844253
60162966
40567403
45679289
15859954
18350360
63767501
1114129
23724394
59114374
44171938
39387737
44106401
51381008
9044106
32768500
17236231
29098428
60818336
33620481
65405926
18940193
589833
32113130
25297282
41943680
11337901
32375278
21430599
33686018
1703962
54133562
39256663
44434086
26214800
49021676
23134561
45744826
35127832
52560674
33096185
131074
45286067
2883628
55837524
28770743
42664587
51118860
40829551
24379764
3276850
40895088
27853225
63439816
3342387
21758284
56558431
56165209
46793418
41419384
52036378
18874656
49480435
48038621
19857711
2490406
31195612
55444302
60490651
23986542
1835036
6029404
65143778
4980812
22937950
53478192
61342632
24248690
38666830
37618238
57803634
51512082
23527783
48431843
62718909
37421627
44303012
14287066
5374034
54526784
56099672
7733366
21627210
62849983
9633939
49677046
50987786
42599050
63964112
45417141
58459004
30343631
63243205
51184397
3407924
16122102
47710936
30933464
13893844
26083726
9371791
62784446
8978569
53019433
26935707
8781958
45941437
34669073
38208071
24707449
39060052
55771987
43385494
37945923
43713179
50201342
23265635
63046594
24576375
40501866
15925491
2031647
52691748
16056565
25035134
58327930
49414898
16908546
51643156
23200098
30081483
30409168
60228503
29884872
34537999
11993271
14418140
7077996
13566159
16843009
3866683
35848739
13697233
34800147
33554944
53740340
59442059
8454273
64160723
36373035
22413654
38339145
13828307
25559430
45548215
35979813
29360576
9437328
34603536
44827308
38928978
52953896
34734610
65340389
8716421
9568402
37159479
42074754
17629453
56623968
52298526
36438572
49218287
15794417
40436329
6422626
58983300
9109643
29426113
10158235
8323199
64488408
43188883
5242960
52101915
57017190
50135805
38601293
15532269
6226015
8061051
35455517
60556188
13631696
10616994
47579862
37487164
17301768
44630697
22282580
42926735
62063539
28443058
30867927
6881385
39649885
47907547
14614751
15597806
56886116
17432842
17891601
24510838
36045350
47055566
33161722
36766257
63570890
1638425
1572888
20316470
28180910
24772986
57738097
1179666
29753798
24641912
25100671
60621725
20644155
62456761
53543729
21692747
20906303
63112131
53609266
53281581
40764014
28574132
36241961
19005730
46138048
57607023
18088212
6488163
17957138
35193369
34013703
35717665
46990029
14090455
18481434
19530026
46072511
25493893
7012459
61014947
23462246
22741339
16449787
59573133
52167452
9306254
9896087
8126588
58852226
57279338
25428356
7602292
48956139
11731123
46858955
5046349
23921005
23331172
10813605
43319957
49349361
19595563
23003487
20250933
32309741
50791175
60097429
53347118
10485920
3670072
60294040
55182154
27460003
55968598
41288310
40043107
17170694
16646398
47383251
27787688
32965111
55247691
25231745
30802390
196611
62981057
42861198
24314227
57410412
17367305
61998002
47973084
6684774
40174181
7995514
5767256
30999001
59048837
62391224
61670317
6815848
36700720
13172937
35783202
50660101
43516568
11403438
33227259
15204584
47776473
18809119
52757285
26739096
28639669
44499623
24445301
58721152
26673559
49808120
32440815
31064538
21102914
33358333
62194613
23658857
32506352
5898330
33948166
22806876
57869171
21496136
13369548
524296
35258906
20513081
32834037
59638670
14155992
14942436
59179911
43582105
34931221
19464489
21889358
36110887
13041863
26608022
59704207
851981
21561673
55116617
39453274
15991028
36504109
33489407
49087213
30540242
5963867
12124345
3604535
20840766
27328929
12976326
38797904
7798903
53674803
51053323
48235232
20578618
53150507
12845252
28049836
20054322
3932220
39125589
3211313
31916519
33882629
65537
53871414
21299525
54264636
54985543
57475949
8519810
30736853
54592321
29032891
63701964
27132318
2228258
43057809
58196856
34275851
52822822
48300769
5439571
31850982
18415897
35324443
50463490
7274607
41747069
32178667
49873657
4128831
34996758
55706450
55509839
4325442
29688261
57213801
26345874
29163965
44368549
51446545
55575376
41681532
31130075
23069024
57148264
57344875
5701719
26542485
27918762
39977570
30605779
45089456
30474705
43975327
20447544
38142534
41812606
38273608
42140291
16580861
11010216
14483677
48169695
48366306
22675802
52495137
8585347
20119859
40698477
50397953
31523297
42402439
39780959
52429600
44958382
61080484
13500622
12189882
9830550
37552701
2621480
49611509
37683775
6946922
1048592
19136804
64881630
56296283
54002488
27656614
3997757
20775229
6357089
6094941
46006974
16515324
12910789
720907
24969597
8192125
23593320
31588834
8650884
39715422
47645399
19792174
1310740
47842010
6291552
40960625
40239718
55051080
25952652
8913032
48693991
56951653
35389980
10092698
44892845
48562917
62260150
9961624
54657858
63898575
8847495
63505353
5308497
65209315
49545972
32702963
48759528
58524541
44761771
41091699
48628454
54461247
36635183
18546971
24838523
30212557
58590078
15007973
655370
2424869
61932465
2293795
3080239
38535756
56034135
36897331
17760527
19988785
31326686
31392223
38076997
50922249
27591077
10223772
7667829
2687017
49939194
40305255
59310985
29491650
9699476
56689505
45023919
41615995
4390979
15401195
17498379
27984299
35586591
11927734
28508595
27263392
28377521
34079240
9502865
39518811
38470219
56361820
44040864
2949165
34144777
6750311
41484921
16974083
64947167
57082727
25624967
4522053
57541486
7864440
1769499
42205828
25690504
12779715
11534512
47186640
55640913
28967354
39322200
1507351
8257662
51577619
45482678
19333415
14811362
15335658
19726637
12058808
14024918
65078241
13762770
44696234
16384250
64226260
28705206
25166208
63308742
56755042
4849738
13435085
37880386
36176424
22544728
52364063
60425114
32899574
59835281
21365062
63636427
12255419
24904060
27394466
22348117
25821578
41878143
46662344
54854469
14876899
33817092
14680288
44237475
50594564
14549214
22020432
10879142
10682531
40632940
36307498
29622724
7340144
34865684
14745825
7471218
64029649
39191126
52888359
53412655
64095186
59966355
1441814
40108644
42795661
39584348
18284823
11468975
11862197
35652128
15073510
60359577
46465733
4063294
19071267
24052079
27197855
19267878
50266879
13304011
62325687
46400196
2359332
22217043
34472462
4718664
12320956
917518
61866928
28115373
17826064
7405681
2162721
34406925
31982056
1900573
2818091
21168451
28901817
3473461
52626211
49742583
54788932
57934708
53216044
59900818
37814849
61735854
2752554
0
51970841
61408169
1966110
16711935
57672560
32244204
26476948
46727881
10354846
15270121
65274852
19398952
49152750
64619482
43647642
6619237
15466732
54068025
19661100
33751555
48497380
458759
13959381
45220530
43778716
27525540
51315471
50856712
39846496
4194368
54723395
27066781
4259905
56230746
42533513
38863441
14352603
7536755
2097184
55378765
29950409
393222
17563916
18219286
35521054
15663343
38011460
49283824
24117616
47121103
12583104
4915275
52232989
64816093
51774230
59376522
58393467
262148
31785445
7929977
64357334
20971840
21233988
26149263
6553700
63374279
10420383
62587835
47448788
53936951
53084970
61277095
55313228
21037377
27001244
23396709
17105157
11141290
22610265
29819335
5177423
8388736
33292796
41157236
63833038
21823821
15139047
786444
18612508
9240717
64422871
33030648
4784201
35914276
45613752
28311984
31654371
51249934
37028405
56492894
25756041
36831794
38404682
51708693
10944679
10748068
16187639
1245203
41222773
5505108
29295039
35062295
45351604
58917763
37749312
58262393
32637426
42467976
327685
21954895
29229502
7209070
64750556
31719908
3801146
37356090
5636182
20382007
47252177
46531270
10551457
50725638
58065782
9175180
3145776
64685019
62522298
16253176
26411411
60752799
32571889
46269122
18743582
50332416
54330173
61146021
54920006
51905304
54395710
64291797
60031892
3014702
12714178
45875900
23789931
25362819
59507596
32047593
63177668
43909790
43451031
15728880
44565160
4587590
61539243
26018189
10289309
62129076
10027161
30147020
59245448
36962868
47514325
34341388
26870170
53805877
24183153
4456516
33423870
48825065
59769744
9765013
36569646
11206827
19202341
26804633
41353847
16777472
61801391
18678045
11665586
50004731
48104158
12517567
56427357
55903061
45154993
2555943
61604780
22479191
42336902
37225016
6160478
13107400
37290553
5570645
46924492
5832793
20185396
28836280
17694990
50529027
4653127
28246447
37093942
25887115
38994515
13238474
11796660
42992272
60949410
12648641
42009217
42271365
65471463
11600049
46334659
46596807
47317714
1376277
20709692
5111886
17039620
3735609
12452030
11075753
43254420
31457760
30671316
42730124
46203585
31261149
22872413
60687262
58000245
18022675
23855468
61473706
14221529
61211558
48890602
38732367
18153749
41026162
43123346
11272364
983055
7143533
16318713
39912033
60883873
64553945
62653372
41550458
29557187
19923248
58786689
1000000000000000000 0 1 65537 999999893
1000
52167452
1114129
42664587
23265635
48169695
14418140
29032891
41353847
15925491
26935707
63112131
10944679
31261149
44696234
17367305
63505353
59048837
51118860
20840766
48825065
42992272
13566159
18612508
56099672
17760527
44171938
48693991
27197855
48890602
50201342
13697233
10748068
23921005
51839767
42730124
59179911
26345874
46269122
11337901
40567403
13828307
62981057
54461247
64226260
26083726
6488163
61014947
58393467
11141290
53019433
42271365
27394466
65340389
29491650
49677046
65209315
1572888
17432842
39191126
50791175
37421627
3276850
33030648
27001244
51184397
38863441
16449787
46793418
1638425
60556188
34800147
15270121
44040864
30147020
10092698
2752554
63701964
31785445
55575376
21168451
65537
10485920
34144777
63243205
48759528
18546971
53216044
55313228
27460003
30474705
3014702
52822822
30802390
20054322
18415897
12124345
38142534
34210314
7405681
36766257
42336902
2687017
7602292
9371791
40960625
2883628
5111886
57017190
14155992
51446545
55378765
4784201
19464489
30736853
62784446
17301768
25821578
61277095
50856712
24969597
65405926
55968598
51708693
53281581
62129076
62391224
23658857
49873657
48300769
29557187
24510838
28443058
51970841
18153749
64816093
16515324
53084970
12845252
31392223
61408169
52101915
851981
54657858
18022675
57541486
39977570
65471463
37552701
18284823
42074754
64160723
32637426
9175180
20185396
28115373
49611509
32965111
31850982
39780959
27591077
31064538
24117616
41288310
31457760
8716421
58000245
45482678
7536755
57082727
39518811
24707449
63308742
44761771
49808120
47121103
59245448
33817092
61473706
21758284
36700720
22020432
2621480
24445301
31719908
35914276
59310985
30409168
43385494
55182154
25690504
17957138
3407924
9568402
10420383
3342387
12189882
49152750
41157236
33948166
1507351
25428356
41026162
27263392
40174181
15073510
60162966
10813605
22806876
39387737
44106401
56361820
35127832
59704207
29295039
58327930
61801391
54330173
22413654
40632940
6619237
17498379
31130075
18940193
27525540
50594564
4259905
38339145
50987786
37749312
26411411
34406925
64357334
62653372
6750311
36962868
47579862
12058808
34865684
57213801
4063294
30212557
21233988
57738097
13435085
39715422
35062295
21365062
60097429
26804633
24772986
57672560
8454273
61670317
13631696
54199099
64291797
64488408
13893844
9633939
34603536
20316470
13172937
35455517
15794417
25100671
43713179
58852226
53543729
34472462
45679289
48562917
59835281
22610265
43909790
57869171
18809119
12583104
12386493
56492894
25166208
48956139
39649885
36504109
4325442
4718664
39125589
2228258
20447544
7274607
1769499
22348117
28311984
45875900
38011460
36897331
24379764
38535756
64947167
2424869
60687262
26149263
14024918
2949165
8781958
8519810
46662344
11534512
50397953
5701719
21823821
43254420
917518
55051080
52495137
55444302
7667829
37356090
6684774
18743582
9437328
46400196
34734610
27066781
63374279
48431843
61735854
19595563
41878143
46334659
45089456
54723395
8650884
26214800
15466732
49742583
5832793
23855468
47448788
9699476
131074
38928978
53478192
2031647
47907547
45417141
62718909
60883873
40370792
45154993
39912033
27853225
7995514
32834037
12320956
0
31195612
30015946
20644155
52691748
35324443
1900573
40108644
9109643
38404682
10879142
6815848
2162721
51643156
3604535
20906303
59900818
13304011
8323199
58917763
10551457
19136804
23462246
14549214
43451031
10223772
35389980
41681532
49218287
8126588
37225016
62849983
27787688
43975327
39060052
19923248
6029404
28574132
33686018
58524541
24248690
10354846
29688261
46203585
59376522
5046349
63833038
786444
20775229
34341388
32309741
52953896
23789931
33292796
58459004
23986542
24904060
51249934
12976326
12255419
58786689
61211558
16843009
22085969
43057809
7077996
49414898
36045350
49349361
17105157
44827308
31523297
62522298
55837524
16908546
4587590
5242960
47842010
44499623
49283824
32113130
47514325
37487164
32702963
25231745
8061051
42533513
42009217
7340144
3801146
23069024
30081483
196611
60031892
53740340
61539243
32768500
25362819
16646398
43647642
2293795
32375278
29622724
51774230
21299525
55116617
45220530
21889358
41943680
49021676
28180910
10027161
27656614
7864440
57148264
52888359
51315471
48497380
56820579
12910789
15859954
59966355
1048592
8257662
63177668
17039620
53674803
17826064
52364063
26542485
20578618
8847495
30933464
23396709
50660101
16318713
46924492
55706450
10289309
2490406
15532269
57607023
26739096
10682531
35848739
19857711
36373035
37945923
4915275
2359332
15335658
13959381
36569646
20250933
60818336
589833
14680288
64619482
33751555
19071267
1703962
55509839
33096185
43188883
27918762
62587835
16384250
63767501
19726637
8978569
61998002
720907
17236231
25756041
3080239
1310740
43778716
51381008
53347118
983055
35586591
8585347
45286067
27132318
61932465
42926735
11927734
63046594
42140291
40043107
14221529
58196856
6881385
37093942
30867927
21496136
65143778
37618238
25952652
34537999
33882629
43123346
262148
49480435
9306254
23134561
35783202
45613752
2097184
53150507
15597806
43319957
36241961
14287066
58721152
43582105
54264636
58262393
23527783
11600049
1441814
61146021
41419384
16974083
44303012
9896087
19398952
3932220
7143533
15991028
50135805
47645399
17891601
393222
33161722
6553700
59507596
19988785
30999001
26476948
10616994
3473461
30605779
58065782
31326686
65274852
47973084
31654371
26280337
46727881
39584348
47186640
14352603
6160478
52560674
52232989
33358333
24314227
13041863
21692747
5308497
35521054
11272364
19202341
10158235
64029649
11862197
54133562
3866683
51053323
327685
25297282
15139047
47252177
655370
60752799
57279338
2818091
22675802
29426113
56689505
18219286
1179666
44958382
21037377
15663343
30278094
33423870
55640913
7929977
60949410
63964112
46072511
42402439
46465733
9502865
19661100
62063539
22151506
11075753
8388736
5570645
12714178
36176424
65012704
28901817
23724394
57344875
13500622
20971840
34931221
7733366
32244204
46531270
33620481
56558431
1376277
40239718
36831794
9830550
63570890
40895088
42795661
41747069
22479191
49939194
26870170
26018189
15204584
57410412
58590078
37683775
16711935
16253176
52757285
34013703
50266879
5636182
28377521
1835036
60294040
44368549
35652128
33554944
61866928
6094941
56165209
56623968
27328929
51512082
28246447
54788932
36307498
52298526
29819335
52036378
47317714
50004731
61604780
41812606
53609266
8913032
53412655
41091699
22217043
38273608
24641912
35717665
48235232
25035134
37159479
3735609
61342632
12517567
39453274
18678045
20513081
29753798
15728880
46990029
20382007
58131319
16777472
34275851
54395710
64881630
1966110
11468975
28967354
14614751
31916519
40698477
37880386
11993271
64685019
57475949
458759
6291552
39322200
47776473
45023919
3538998
28770743
64553945
61080484
17563916
7471218
6422626
13238474
54985543
22282580
14811362
19005730
60490651
7209070
32440815
3145776
36110887
3211313
42205828
53936951
39846496
40305255
44630697
60228503
5177423
62915520
41222773
22872413
63636427
45941437
38666830
14745825
51905304
54068025
50725638
21430599
19267878
64095186
59769744
19792174
46138048
56296283
59442059
13762770
30540242
44237475
50922249
34669073
40436329
45548215
54920006
26608022
46596807
38076997
1245203
24183153
16122102
28836280
44565160
11731123
30671316
22937950
62456761
63439816
3997757
33227259
41615995
16056565
37028405
28508595
49087213
41484921
62194613
64422871
17170694
2555943
9240717
6226015
14876899
59114374
53805877
41550458
11206827
29163965
64750556
16580861
29360576
24838523
32506352
34996758
48104158
524296
58655615
38470219
29229502
9044106
24052079
39256663
59638670
48366306
62260150
25559430
27722151
14942436
12452030
7798903
55903061
11796660
56427357
42467976
4456516
36635183
3670072
56951653
47055566
28639669
5439571
40501866
27984299
19530026
6357089
46006974
50332416
21561673
40829551
62325687
7012459
19333415
38994515
9765013
25624967
56886116
4653127
35193369
38601293
63898575
60425114
23200098
46858955
32047593
20709692
37814849
13369548
14090455
21627210
8192125
4849738
20119859
6946922
34079240
55771987
45351604
4194368
50529027
23003487
21102914
44892845
52626211
57803634
56230746
55247691
17694990
5898330
42599050
48628454
35979813
25493893
54002488
18350360
18481434
5963867
5767256
33489407
43844253
31588834
65078241
52429600
51577619
38797904
11403438
60621725
16187639
22741339
29884872
45744826
32571889
45810363
54526784
14483677
37290553
54854469
15007973
48038621
38732367
11010216
5505108
12648641
30343631
35258906
29098428
9961624
18874656
21954895
4390979
50463490
25887115
59573133
22544728
42861198
60359577
26673559
43516568
40764014
28705206
12779715
47383251
15401195
31982056
56034135
13107400
5374034
29950409
32178667
23593320
53871414
4128831
44434086
49545972
4980812
11665586
47710936
57934708
56755042
54592321
17629453
58983300
38208071
36438572
32899574
23331172
18088212
50070268
4522053
28049836
24576375
