4
646436837461850285 877420520 699267152 927868957 946466749
1000
389104102
242175934
180007504
176869925
442975869
828876058
297315076
469728085
632670601
652374077
388326393
73773467
461738556
423464015
38269388
668997799
486379309
499142331
196849999
872889525
579566026
910270652
732585521
850210084
730991959
267552980
519492931
242708539
84645287
844713122
384073538
26015872
665016079
475325366
97474595
729203045
608319273
47424532
208832890
465823776
745511204
131792990
885279061
342459057
746189101
575717528
827646500
507115079
253656338
169739878
668962851
348064680
478388753
591583206
366216061
451477001
215272670
106033476
646679829
248174328
781774095
810174463
461571392
853422547
25582499
80558060
876425101
801902245
605791462
610661922
799538757
902080538
910185641
679001023
814139437
899998509
637718279
135564206
154047827
46708385
45467811
35631566
116759743
243291978
105860332
609506488
325873169
17119937
557388297
18562604
779953275
682949604
601252529
656155446
422442685
808346627
186291558
815109838
757561540
72736086
38263336
97742482
675818756
761081016
240048219
439498529
745182050
230886352
430816118
653777155
521265520
73556603
274925982
738269700
53544135
783339533
825474254
677830546
484088
210729970
87180153
914862000
930512567
616840540
533042801
461104960
448801455
466362376
552427161
115246582
517271408
727309938
826196764
243022112
851869507
432705806
415347339
233411561
812776676
259179993
694754286
605585406
106065895
482693881
250145266
71443340
267518833
620381508
145955279
750656924
331768835
871837724
253438748
458665688
547994401
224849697
627180523
255824739
600340446
285568255
843503767
629230296
68016472
51576541
174913479
752580580
851650790
98475207
946224971
907153673
401871600
250055548
47504833
52629904
732614314
402199709
337552354
525818750
905387301
810125846
249353499
371894513
634399316
638274316
6609620
770897348
520461198
878035321
680243042
370461616
537507004
634897725
923955906
813055946
16573497
310331829
143717195
601589846
58291927
387974819
214216753
694856459
303564690
626915361
676041294
267069451
910765042
757727161
76636917
785985594
679747511
717423873
12318323
214405854
846702222
694474728
630777495
443462278
247857034
440071771
522569719
780031309
171991662
215501098
801499804
45067442
790387569
456154685
181419544
212982447
625728730
55218526
495679386
767297888
933432724
194408935
551638164
733745809
675325454
726858227
427582457
96999960
786466975
173072871
624932944
187275819
733327327
22048719
762617054
573530600
740768308
218127884
437866941
625125168
843596581
730118798
352090210
846158797
214281751
589015032
394330714
53811195
520034613
279347905
709129407
393926521
36080585
713841116
748085214
102712049
846232690
111716970
618603204
260087116
224228944
285476963
489136418
15904270
129786211
53066948
221499544
575783111
426478701
142995166
147166935
369798764
211364741
462647776
298747615
824414504
508066663
711511402
533347950
155185408
781422779
564493947
881122896
338956425
560066010
650547847
283060186
65865273
853631554
531282100
904562604
834039291
932735506
892151378
763949793
508906
810803271
596486316
289415045
217487613
888251617
265192239
821844024
212806748
846127805
236327683
601129271
70634395
243596591
440356824
69487377
191233095
761247500
274684558
301782429
351803997
247615646
822915733
609516912
176972123
43290251
560850460
688661738
623692631
245818098
587921724
441351870
421962748
538128592
624997354
906986780
448152237
600997960
690726073
538404793
544473020
143850177
795510179
901969668
178194620
867277614
430513509
771175429
266438149
919070477
45752651
300370759
306504118
346534863
256018326
444483957
468411375
576358198
651082492
773832009
662637018
907316528
140289626
82892567
197785456
82253272
115001877
822499742
711093070
657971677
651863345
401507126
373714046
891682115
903288396
97857279
702002066
372590681
217031689
196010263
479878744
327053279
751455712
717462299
694552351
289065121
932616336
710393239
133876341
788577251
567502988
884051973
831515083
245548293
9878354
77315101
735253696
358822917
548386664
654881589
700016780
931757777
929246202
624872
927580536
150516299
532960379
691723270
73163331
487754616
268465836
217453157
549556347
236036772
267358041
742884907
890922006
794852624
156700182
416078117
681253215
500911214
410461720
443837090
551381471
162152150
677197846
270368131
928657247
424926416
190142647
606711477
472253499
109593326
672935410
433766701
265378310
902150317
401688141
223637009
803928322
192194617
726732855
694056461
754843819
43794772
139577949
71777727
487653247
362167447
178417137
97836560
261209226
421315678
401270030
242231111
459018816
904795992
494724099
214130729
688273591
414491170
704431050
510334172
99066071
503437006
876712712
38502095
49244004
904807801
58371250
153001048
638169458
242271539
644414498
279078811
580361680
256992886
242409469
665713274
454668355
555829959
828226203
785268018
177396582
918157166
294275996
729690289
839856399
273630070
568544256
35315547
155233987
618882809
938887688
640169059
110529549
113937496
408711800
547091877
751686963
638741798
315865928
510702533
41926827
522064785
204009743
527882767
298407296
684009429
522807881
87820901
219890375
205877840
589625662
37369571
260276666
484354124
57284221
403433566
555157160
248112305
575896467
270513779
532690990
283387708
398565029
18196335
68480056
1792964
111253216
356333458
554908681
523914920
369092592
591005064
260466515
426427033
580769742
428377949
510850497
82392567
783026077
410863328
351735775
69947125
603495845
493221533
191300723
510530782
447173771
928472517
460219481
337741923
558227202
915173171
4380372
687006725
693241794
874288830
210810402
462269665
227895421
523435228
297373518
467583208
835137379
123234660
152252981
178862501
639191427
631801464
786442674
315542606
806515057
618467411
870760715
754910272
594412925
119801419
629142899
90422935
282657633
132970896
694781624
438806225
74644760
238767885
855673131
176357172
258425284
700888619
739348280
941259666
812410138
926911009
446195791
668964794
819163299
912012865
292302148
642559742
70757522
695429498
645692544
133202550
360850717
54690599
76427360
766576859
754269766
481357672
688854138
301267397
603153015
543885481
496572033
679487832
634970510
414345373
23558726
843167468
85041383
382773597
142686775
456319348
444659184
327503016
445481731
415486506
716010942
872700676
273770084
581803431
835337942
475831997
670068389
606240908
436855239
449722777
27116539
255461485
344984832
889522873
392781477
534634179
473386869
290526484
458786512
507080350
97572204
355373470
819137200
53623982
804735687
143333782
82304167
579915810
438010861
98935810
881703228
466949806
629705829
25758730
723243111
117280976
610222877
893789490
706633366
99060375
593339148
705896947
600561464
140095853
505303336
554646014
632314632
559199226
93815747
268939235
911357922
682180045
815201720
770076623
826381095
286200153
921437845
907464610
802373006
721002159
857409727
386540021
740227810
240155762
631432135
485340207
682898226
176188229
535870080
231468750
566916729
390947468
771433344
83197697
49611564
362175102
248844874
30076833
924219391
668228038
672423037
152256020
688339625
381696711
460301248
129707508
468042109
591143986
437609197
249730579
396239204
662072414
609292218
702832785
766359508
700309642
370945322
111848273
297898639
44709015
394853462
764306201
638659000
55057123
817325535
888639646
149654875
646639614
301692068
683353975
223830658
911786059
563776421
530732582
433424015
19330861
301721814
470471531
105418743
865938920
163167505
484496642
686525154
621517937
689044257
422058163
859713023
482734043
612659226
780241757
935970758
211319785
189247039
241529094
471472105
506166840
878773062
255727517
722535665
350232585
744171326
36896420
75112623
840841842
43661982
128466631
691471531
809765334
358995620
499111745
787090426
863238864
560953445
926994134
506322653
415146350
508336321
830007560
941949503
607347639
636939970
464329456
28717253
713430313
387302887
366274010
666685054
503581712
452725034
242563448
626853715
643162875
720228314
730907441
374345696
490817750
403974150
899266841
207334118
868867795
227501797
277863471
59872250
8356640
713309167
729444071
53869633
111946152
918541626
109715338
317692552
315317447
104077819
449140226
854727168
146373957
437395410
686979735
726115371
540694045
59948517
10925679
260732546
759961663
479908712
50622895
245284666
790847999
42394934
193852389
741420778
160896726
171439167
39624157
272947205
130157233
55392443
712510422
879582079
699632920
772823021
157611834
332679223
763462477
340230227
690109495
427736977
744797289
701256325
572419751
33195859
404377514
197617536
139855519
621450206
821139224
57946191
938190418
727635147
214614223
456912428
478586862
229070680
906258121
667142490
787518737
938349520
311473499
817400404
900842410
161230270
526005528
826145726
653536656
309352733
414701651
104751346
61584934
686860341
728635257
557587917
59996124
575672964
275193176
875567227
130477969
245839239
226162612
335790418
919558974
563083282
773383725
358245812
274886328
240389470
366249757
662278467
175648948
160629274
403461036
520991763
936695737
759758786
652127702
582437949
239040610
149615508
637977847
144076721
468952695
312209349
848905773
738678481
255023715
59226279
564887193
362506374
53905975
696306240
803010056
811463281
518647331
29104566
409625586
751895952
778653072
471259202
358664982
193301213
610533343
801668933
330237325
772429332
334693901
193881759
474362125
464675258
7368095
448409521
444263333
412745345
186814968
259610225
880095575
862006491
549211645
403987690
501879807
865473956
295089713
355358752
660729964
655963402
363837194
89829991
42235510
640767224
157022106
182027981
435217895
854766980
351075466
70682111
471812077
800489287
872703656
224537578
677379845
499563895
471099624
230040386
704512271
936437646
468170303
414291009
897485328
754278947
875133166
727280099
878022655
724392772
272949848 539522733 76549446 635651286 946466749
1000
405712189
324978575
635328034
678756860
703243840
121186394
872091076
2131237
218736379
131741310
310890413
398782765
771395919
905195313
531795718
411084611
171770275
708753146
156930824
608770528
430998508
929869947
332872948
772942231
220483014
466792923
333228370
160319125
818181373
471690977
27576762
852099685
873838475
921114442
798366507
513954449
490779516
444271135
810422134
370638009
163291556
316468000
809277240
128106741
661939334
141626014
850112402
342206506
395539959
700685800
540044636
822630473
6798842
578689178
612688818
922416034
135785863
87773523
162434352
282554926
278590139
365264254
129724018
297194176
256178967
454286070
861939215
142001192
318660991
138643366
929251589
722293074
244009250
179149022
860628847
337774044
727564063
230631136
309748399
722321650
893658311
202562729
128575349
814141567
866539632
138901866
441718616
243129747
333559614
238177321
310994980
730058405
553179308
125921350
28855152
305819602
23164145
241117359
106666405
125851649
526648035
610374159
895302231
188810749
402699057
905266125
213894399
204669223
650362376
884456369
692165755
425790734
96487971
773825540
267214453
88542629
215253805
528338345
166083978
529548228
202462096
426868055
409229924
288108809
288231600
302738927
135639141
172498025
771814251
271817781
380333127
176038564
388920062
906192794
154004464
342854619
749893492
354790669
103957520
518216259
920841569
126071502
445007473
582770763
186510335
738285328
93652152
641534233
217998449
488065083
27548152
236686205
521852003
489767883
890052846
864912971
305671317
491310997
551592463
542366487
661128663
348831147
737624921
719643955
472197087
680262642
716524085
476540776
87127504
340993547
559102350
547947826
360560727
739236958
466614934
652587214
602043703
891641069
199518761
857822125
70299914
654411627
782777116
655100626
784193303
767826762
806927563
578472067
650127828
472050234
419785359
310362845
360990107
565022162
471315839
686208534
801807901
689434463
681931865
590462916
189533911
507358691
56020584
496345866
293717432
842906285
784150798
74319240
617640699
477850574
794671951
317691666
819267255
689475902
292238844
296909580
37394149
552792740
501533883
713495691
327238948
601831843
444298528
320327211
650568958
475796200
411257375
508983407
446521128
706754332
657805592
126415964
164036409
352372059
217796000
415411773
705488781
852254641
589456584
181977452
159627661
84284070
537035112
709737556
468567065
182104296
221632544
126192393
67227312
891241718
699837136
591733272
357399695
803210441
457464730
4287869
865355842
726367241
371786289
185200805
784454262
764318046
593152358
341588185
482744633
629721744
713304152
524323654
583052688
794793619
9518432
393377500
413009658
269329325
660745970
633433484
332461302
200508895
642834127
395502591
476547856
708885681
79913147
235795349
697951869
649591108
632327871
133221465
143575908
497698276
344993688
748137550
891706712
721211733
332044018
71003773
393887287
488460471
658879894
533123114
840789345
906032403
918822902
489063125
160827056
253849229
685282824
564579325
787726610
244375430
560011543
880272477
636185954
788857635
805106087
586638878
613587137
370762567
378294166
605420297
87629823
917233904
409313590
801972248
71380119
346572483
693059377
695663838
214566450
574211285
173234166
220285289
414782620
130547324
555380098
255412967
806209073
479996098
480176533
237371119
660078730
910701392
80416913
237541124
907366955
629146716
364618400
501174905
199976726
33098316
924850376
359739611
645143769
922129055
393616626
917556894
600618375
129768972
615259313
329240711
708232539
859645868
228534194
163525286
652426457
655815593
473073548
98418546
28384672
164287429
238854201
231110720
900884380
499808821
114229190
131958642
33975141
27687229
349436514
104927389
633993274
640110105
443934869
661549858
847227090
600122245
2887466
767645653
467075673
465442739
50003571
569670745
489063134
277008448
224323785
361525922
688235112
1344637
166508394
139942929
420099986
686454711
89120980
81653653
132307876
214109853
675158556
667053988
816008518
71755914
517488032
153926827
920308377
564520109
535942253
877058426
850387639
632254825
538244318
556134425
240407841
300142985
937491277
913637044
879359963
462133591
604395435
23900911
849247800
806526781
396757155
406719151
22904243
433999720
613851891
163892028
724182308
740833059
535590687
501332801
189995648
3301292
372303953
929396647
932567294
683881775
680001849
7934436
12855702
362073184
905115586
223676813
1736849
585299704
646484289
591411430
45986074
445058330
213634607
156256135
244706643
691439464
352887389
222369306
195566973
895813799
925334837
927135684
361374076
540448024
386669535
379916962
378636312
644373566
604780381
95632395
194513178
316125752
165102256
903259475
476387136
574261650
589960774
104174465
319265617
261924765
216108888
70458882
426563597
1371898
340209028
433395242
858015304
264997109
25604372
796575114
292038489
684197629
635905978
746276720
431416580
655581012
803122725
26072122
428659883
941519755
812365409
942923386
851302439
381688340
156802224
918616247
899159750
518608659
481339802
110855597
882497087
152825989
149165529
648049281
748937982
23502857
260051212
832825265
341187236
304535968
712203245
704085372
935364686
171038968
587275910
834096643
511833895
344456383
292803922
204706154
141777707
374887508
157359207
352222989
260853683
176042489
614709597
137945734
405083555
776709388
262853693
462624676
95903183
271981646
159016232
926754833
117700281
546314049
94093035
44101005
407395109
770663795
382988783
257338335
615629314
250991228
359443610
344301950
26787368
9452806
13930119
153233988
308208759
426869054
817097803
352584826
226672209
436805955
217058312
541998695
395669796
366490818
39087451
477472885
902909372
4495874
890895207
47586634
249668991
266956109
556431412
907735105
390670285
749422193
551582024
547309589
629013858
250413115
98782101
13228740
627067509
643459964
528847686
844492183
641646299
77127908
498522931
723146519
415484460
71573903
518287573
626612608
836323050
707686703
236317239
863876539
278651188
307575910
472588435
652915151
183267133
570184282
130900718
939372209
158530222
655833255
316666629
9648610
885314788
499700656
4206637
817207886
57917720
522073733
625393137
64017353
118516223
302558146
339374835
316885321
206494604
750453450
892084735
584811847
76507479
788730737
308481257
490380414
802631489
547597608
331845953
286891488
57628031
242269848
532024967
50551599
621628411
937583737
900121053
53058889
69984144
369358628
439793400
506937542
646368084
574204765
529172295
568299633
812021801
129858804
651081439
380221777
206189175
143802538
41479299
587555980
638454272
492237591
715237513
105527768
138890082
925122102
397214233
261207800
7470851
79038424
606698029
829573124
8527631
243504329
920292528
17561859
849656499
499999269
605361721
784923566
356694285
792961791
622937364
514048085
808772045
316171039
77723814
708949651
779330110
144576900
605431778
170607199
94334738
693108308
826822976
209964997
373381314
468018950
123967773
144119174
251359668
673907764
470462395
507707846
367586610
571305550
706102656
814923232
55332842
438782252
669170913
120095373
856173406
510168338
738369317
904716399
109464647
242386587
852027394
434912159
217133340
118655822
352813739
872607278
330612935
448306936
466606543
354259724
797945847
917660484
307621828
450877299
590699589
223205134
422835015
584550240
796503997
35366830
268115607
182690197
866233355
286704753
702151414
231728973
705713312
207936220
3124390
44123270
487966808
484313045
319697507
532837826
806009829
683665232
942370767
565475472
850539009
369858131
567291557
672942220
190143452
256574542
454890633
124458188
815181040
371752957
790493271
427262408
274770257
116983944
509594544
832912074
295174234
574070092
761626388
286021537
136267697
482957393
117361958
213977877
394953728
188047174
209066010
647445029
938724159
585366883
570395063
550457905
612110003
121096608
764596636
560539955
462048527
737313369
717381373
862778408
182238439
373912372
500254649
329805982
259109860
868190729
149132222
581175713
248487184
284915935
512096846
316574752
364457477
95509738
739069594
67812631
6214252
883380202
250974948
332876893
306528161
524941680
613715479
420912220
757495698
335972194
385091960
96137337
470329542
138953339
2642681
617878890
645558839
323808057
304762097
129593802
860416078
617307965
181425829
214014271
774517476
516475430
483218417
294896326
32000611
187744164
281734405
883716248
433843544
111039125
806832895
162186231
135865038
37240518
444664937
933249008
142904546
303478209
239827103
8223175
548615363
303189661
835328600
388083740
482035411
523806990
740630725
526081050
633791767
764564386
375128030
775596603
921987227
333109043
182823035
498156067
563892106
782115903
177877966
931771742
21609012
558097796
738767513
813937024
670911962
821554207
533654838
90544529
532952097
7124911
132773142
297598008
603704086
784044835
912839163
522598302
450947633
525508663
835126434
831521932
42157296
839632547
412156699
749640473
899362260
197977265
127644928
427394648
268695986
218890472
641670070
323418839
344415366
349304573
559356237
383248299
71149394
387796007
919115845
840836183
271592275
492726391
939524202
379675254
741881137
577480589
778849168
280518289
581236393
23650226
500885942
757711699
807037528
79642921
94055634
102262831
676523778
732483044
818501161
865572862
332970233
658576713
115809181
367376650
268390872
456301200
712122688
851950688
306384582
698564940
113874284
261106661
693552033
230948014
920072445
96848288
489061379
775120931
152766502
525956116
535464282
229271165
434500700
918073843
31445329
20705926
193029010
269294427
682944672
263314963
51257923
797127047
529431384
315218718
152708526
906431874
342479792
74342765
134262946
382235687
126320016
329524277
234359025
200712351
779477218
807086258
896809792
532897016
566188590
616938077
664563533
876191183
387930762 830280551 663498649 387649460 946466749
1000
933261264
440685382
295762315
755456362
879262346
777718932
837277497
470207819
473542858
324719712
492683585
714267821
720763870
780453558
190192667
588069813
528202679
627795993
421737623
726092481
8736797
296690584
556670130
13829446
806381395
551201865
795874136
544028136
154958922
127972287
459963395
320654608
45024310
592412015
628608931
494078943
663216057
215576192
472505253
461418120
652921250
923562609
275990348
848387721
35937473
286499720
329539017
573104148
875191662
945476410
908639569
600541168
69900872
896965555
520603174
876832590
522104126
164753629
471897202
585344133
485729700
877842072
677420127
517229645
278528700
382647879
860832813
609947317
1932972
52172400
720860291
944062599
718480350
270708267
122735677
129439430
497642561
169515762
766188267
14715537
626936037
34671807
771723519
635653027
11065101
442011405
308402386
222118351
906809860
252065760
138595180
723542287
563310212
920512355
296381911
557759949
22529761
433216248
632611042
325308856
889495529
432140479
886624471
758388926
54958002
3807115
43094416
618674423
276902898
845172575
110849321
56025726
172164108
881549311
357909313
448795189
658737543
563850830
572382034
901769773
557301870
502231278
283711906
125377356
422085535
173440611
314849075
487293937
820549214
34352318
94658973
587347587
425782664
845042229
688232979
347377067
457524647
757252705
911238311
488562273
68246259
755878650
524159976
195271018
171522803
864704674
292051000
912888154
9344837
318423201
485374983
847854327
753957497
373629545
914454300
233878671
580431259
865720916
762334015
427446449
291913518
567740002
721830380
738791127
744403478
281371206
406136213
707658885
123366116
767931871
308822174
624488960
597845865
639355134
83931673
169988528
165769719
697271590
29624530
333229053
226022507
888484833
919450923
395743093
611645729
529245188
514255409
709267673
898230292
461173066
220551958
934686779
284700478
288896001
278344780
546780146
498040589
556224013
295251219
665002205
118780963
929184677
675330281
473931281
281136392
916188951
900926528
653429534
176601839
242822982
542321274
307002103
376438881
702591350
915977430
711953367
81419916
26397942
785014321
660674876
221970821
265180669
463080966
751160097
217808139
480125167
108098233
359820040
127658396
261066489
304295016
580863461
684740168
824017645
704289649
233019467
767091306
682987815
641619027
820491990
234278886
805177623
559973207
657861854
545486746
423058827
715781603
822778676
692166112
514639079
299516381
597504518
58904757
862497306
320538654
911094631
682783178
5116155
528432073
672255244
645231951
25584336
300060150
483054373
524918524
278257585
544747344
103359088
786685422
128027520
548952765
806173741
761372966
96603961
265509123
442928660
246284271
88773283
166843021
303099833
154289124
440738821
525522610
443544610
875532496
196518130
436687272
446384017
225661635
556926867
765251139
820030363
160715054
790904614
125879784
63250338
46743404
766092496
179545727
777575250
368736982
741486027
577251605
725197582
650448373
157979848
553746600
152633103
441054684
340571274
275601888
695002541
900870427
169763069
637996548
801751913
446006583
413134424
365665890
197234052
832905754
830611607
586876844
507957331
758177469
935214120
469111581
573986652
396476782
185652560
107793032
812038897
738439672
412306119
868280911
647871783
775486755
453600315
547285316
564865196
631202781
913883746
680772138
490224662
247295742
271701082
640884637
364254249
502590924
47877670
641000812
89744328
369817176
812165723
312786594
522340277
761804562
166621589
605625889
307160186
940904606
579596484
456278341
839118218
281854428
695439700
257945703
141389496
899060745
318913271
858242040
343378688
847410160
535694217
919575862
31904154
619517413
420642566
383039064
670978208
622343029
738880476
842590952
238035530
337626786
201421653
642055657
136992915
714015173
386195681
416383852
275018103
799472904
284619265
147228167
174653722
541070948
881671960
378412264
255055018
787348822
170147576
449688621
260518954
437515749
388004356
233730863
388626025
550667054
744845031
3603028
757061107
871428637
265467103
165452816
399838278
181554960
791724187
301546776
724410613
716141161
60761734
184115233
766019921
418316970
126612145
611148697
149853245
606700224
713747448
355665691
811854984
223572520
293326380
480108464
277689102
882896546
328406846
63476555
528381692
164410124
559156746
369514631
81453983
540557101
19415057
382044757
47832944
693774326
176828648
594111736
360135372
302952370
178269771
424938751
197931506
852669270
881463768
933989246
910682106
777112599
520164799
38773094
753700500
612574136
317016274
915634145
98643106
916913399
325974835
274058147
546743020
125248229
745858736
812372685
393021838
798133915
931393267
106678919
404738818
524638171
944009484
416958761
744693443
621402618
483287747
478673232
728023623
506571178
835587142
173564398
657418287
645526003
111436963
786559813
482504460
199011394
215195494
515028550
758259081
536958861
906942754
342742077
760790627
587877748
807494113
341904223
407796364
814084273
787240348
692266039
458174596
798960429
130689557
352950177
318381570
696754190
605015518
91798262
288983599
493712843
934887038
750556895
271927524
133170795
701099593
366850793
181609389
298549068
251368379
793366058
137012997
419744763
225769122
921754539
116884441
644018373
406963168
841353220
258325508
210378119
427692842
55486431
815072718
378053521
846617972
476173667
815710345
570364625
349244566
88864918
789313754
192177352
794699613
108366995
42501445
295597006
537778613
764831101
584865472
826275459
405685286
738544187
180105067
51922095
284638157
900832747
707241575
30600250
286791437
320282200
865524949
865528697
686456821
597361929
593147255
391700444
889765302
662996426
48556684
840703417
175691330
522635134
208402858
800416833
573867605
125249181
180582444
453539944
208698005
344857899
668764021
642717044
442987283
859285522
162205242
137074415
736593779
574287089
403886092
790460231
405313458
872544559
309055021
432836857
195118172
829007703
886389185
563078758
544886577
216961578
921787917
515006361
602637125
60441366
397293102
341412333
474773691
794239654
637951449
252167009
327686010
771514006
69010476
412299422
660850482
753623654
893461818
244272876
883669416
670094243
789837776
410131868
230408298
192207250
794205486
388201190
612173961
343335107
245665639
774200635
712531406
210620024
894949174
420479986
366535571
151710778
853358024
275113342
923360656
932675208
237745087
801849722
312184949
628861408
674957110
767605749
170429917
197323625
147792755
786528233
272056237
463691360
842046932
225990163
419313338
515724850
395658547
95197624
883778105
660019631
135917955
382542678
287647655
785750392
709077602
164887104
144919104
619632846
342006590
396877836
590311260
152533054
605395220
551384240
246043487
611566463
741302306
612970467
274326098
335229733
452133805
836112850
935684331
523076834
927624972
707924423
511447526
573354203
72821013
323183291
499267487
436762974
282131147
519612844
707482354
205850138
177883731
696304785
40139129
66103004
528683828
428768182
810624909
467969044
845422681
427957415
235486091
767015272
729043166
238147510
332808189
519417076
31596455
69013863
941331288
799318043
417988404
86831850
79587416
105480405
689020206
53007084
461495618
664639086
579140085
946399523
152187955
919994773
248349045
164950415
357152436
890309899
113161640
236782561
229261530
674386050
581320848
809139645
828925152
77497726
530936358
42947443
702439622
778639875
718897288
231479555
194030955
505216422
16195342
606985189
855501905
50907475
893802394
922042820
198403383
558959672
888633679
260126483
740208404
593654458
607483509
625601385
684421592
55306848
918984040
315880549
864464213
495850172
370296833
143303522
610877719
763082085
187448917
175260481
744435140
103225007
507388559
192354787
157508757
434672150
577456162
354541527
902815304
579510273
898289580
571917569
593040323
856063232
695471017
272988553
31078347
529888631
525844066
832232474
10295470
159857261
635086855
306196120
188351314
99873314
614941889
312685643
868297530
40755
602312822
107127244
47819440
579665408
38906508
92973045
763183044
720627303
469397296
275161168
53394781
106282852
180011403
135572545
645947863
842562400
530755716
75704167
531571697
118522494
133726926
360948060
226021578
396921178
796301964
637869849
787940013
105903842
735745425
591330849
841617744
399051611
119563084
497354737
426265848
529099853
600863461
466670747
791993448
904702332
33624539
202463440
599760842
238067485
912166769
888793581
732956167
696841178
88277120
303567810
472324518
404826653
707138375
322435820
127834134
503720040
232955777
479001825
916563024
492239571
805720580
686679139
783210335
395188518
833572082
270520166
112620106
784040225
936101613
360582068
722102651
658469691
295834045
861999943
156794700
892254336
633398180
148133600
43530991
878839226
190670954
58940257
3218048
325894410
170166272
524248923
861347287
426590055
773269912
905910246
535779297
739161051
824901928
758278911
390175245
268150224
682954281
632420349
686951275
252171542
329113588
260557697
617432500
521446758
434601280
844302610
834601662
910808197
701411385
407726368
554047304
13576676
162021241
587628983
63422772
707862815
574465348
708695921
545426730
329125396
913250102
379191194
727337635
178824711
736398873
743366223
573986861
672244971
540313174
541215745
351631367
147840144
49460693
379713796
890504348
684737562
845606257
396057764
800706035
283085852
111831086
94544208
567038458
814934371
254673861
270709913
755847071
783601825
54262525
799961724
313752953
854201590
775234749
457604210
426474474
760720363
911009021
291257294
625882202
588359140
58014161
439693
373585253
95203864
596187835
742076011
285995461
866879690
314662065
47599707
909287528
130581285
60233754
487595036
299840438
237641101
500691964
823122852
61126717
897373444
658887933
46449358
700732724
749622375
497543538
128632392569545526 722608614 329504425 199684348 946466749
1000
626501328
466094374
342782960
784163386
322163132
472410206
741082480
398057727
807665870
52777821
940874760
892579098
377127936
432161110
763408714
210599688
82566435
540517049
50068904
50213579
294795165
663052456
424212467
123624238
933864858
785116457
616746814
384262317
297751531
862672894
688953474
149286590
871716140
826429707
491794306
145156372
809831334
369932180
460715126
428076069
663095356
820572506
847950469
270323598
270723456
555632237
416198804
654672505
667569211
28120211
143446262
539634364
907720718
716695318
877294032
26087025
864357002
401280611
702752729
460402786
521935452
740571901
379862274
711651053
576962678
544393147
842481004
225006413
750122929
868639178
476224505
836555259
31357213
632232304
170254264
629817349
338276160
921162725
755001638
393641322
156813150
161368717
415249607
125333953
832726612
743867257
751548230
197456393
515642334
663773793
890170847
267070895
586548602
246458419
439565452
898891279
108484178
866862537
693577354
710080545
609303322
372059580
315180118
603459125
476967905
618394982
699606339
284611233
770626945
125189109
4163151
848965025
5925577
241108829
427175367
624156481
873638761
348653203
166180510
457506213
757307784
724094166
597720027
670117725
358409065
7867164
68101971
861508778
729150407
65424716
420295375
76502751
519516316
309771886
427105918
158325670
838813320
233796096
289713302
772775063
110607383
72519037
567164184
122344906
250550384
505081833
752107737
183927055
417790891
818404494
943337650
93231946
306769343
632180019
624090272
602759722
218957668
61123010
893052609
550901361
417760496
872536272
139960475
670364004
850305599
188355441
340375984
555192173
266960293
737767359
865110515
316578305
797965180
552862621
85704024
458555429
887547289
330495723
443628230
716789207
34663165
584548783
718751828
624054268
545327404
43166011
686144886
382110296
458558648
498881899
371038502
529419378
922947357
600927435
538374768
640325180
4575591
94824761
399518694
592512470
344182051
170599429
826927210
772111265
856816381
757571200
509083860
398449106
530404902
852141640
681769960
224004031
276984888
843075931
879073495
796793601
123431771
537219693
770943051
245873950
769965848
675622428
137954440
768250903
60262438
761506194
375658963
815753160
32681341
650429989
572805884
492627385
362869656
550047940
281588364
180234055
8830915
726887315
173378247
870540967
520371389
682360016
939252887
833408220
846551850
820218432
541621810
213019747
359445638
785869270
694007274
461970517
422323154
599038876
25300396
315347146
80053999
41699890
544683985
287333700
260553868
840904410
345083759
141866293
699497023
171301173
1987719
363155105
637186220
817695394
33292818
124253887
475603974
768185680
413383229
932298122
88859262
486879274
718437411
700106145
65201026
397279367
470893211
515922773
868392262
456467007
188528023
411561375
693942586
433265603
295050508
759243512
668510396
484981950
800241409
907868489
398545863
321421233
749600741
480993837
478702316
646767087
503906499
493608486
209843832
614790797
711823271
582563558
789796990
264634686
814498888
239160178
376502672
361747830
88784148
272680114
786600751
315958230
244612149
356918884
88041343
818501329
264494932
27251599
6274917
544048671
930802203
704888895
656452388
782470086
925432773
571879848
64518936
818939713
811111046
729569032
628732324
448571909
707670918
323537519
322060084
691170869
509922993
120610620
491164218
707206201
729507283
761166399
883927171
253089831
749703795
739439152
344770523
478946545
941897574
720878920
847633054
712971490
288652386
247692759
933629318
359924441
199686184
373248922
605217249
907571797
542400560
765067150
423374892
457459656
334701393
741575355
828082599
912422079
458128112
526583472
762620336
175716297
459487932
723951111
251922983
810326962
481516005
102530377
119092574
868147522
924858055
194511208
336346098
165241627
570052522
176548992
500780685
927288978
670465210
318302392
211740183
722068617
934942920
789047213
571321616
66158170
165955484
625959988
354398864
77935725
14660377
177651344
848834611
495400032
728198715
723262304
49413355
368753359
234689929
441750244
459945268
582632536
579439141
856006467
222339995
910673564
527877961
117597527
410939868
19019123
561159302
864528942
78424470
434220611
75463368
865076297
451158621
146735836
808281261
605659973
806261044
664113481
396550719
772007216
817957874
340400507
156342355
190933009
469603098
585218450
348632027
482203068
359875880
384395597
16430258
436027301
825226297
941779047
577246055
90235904
612425472
691778963
643881300
451898092
881387497
126500110
729262456
233177996
154794709
270050395
309878507
593506937
26592659
671772217
505620582
69855356
740216237
228344361
544738019
231139866
83111761
761649853
862355327
503195133
72456827
339166476
805961441
106529690
8663415
809072950
72042581
383059747
33569359
555536445
878221884
662475236
781955767
533232726
85338555
662112985
70734555
430525859
684131920
44216092
785142633
547073180
620225726
614965474
282604432
813005156
725412907
869228017
801593127
785159237
772245005
916225675
646665329
22252790
714735139
150785507
227657935
899409449
535553650
693858181
358687622
822997174
164722097
179421092
796942002
224608138
842635052
726854811
602403612
371713797
145580849
293902562
335210932
328505543
303423362
780787970
155959502
279903920
937455019
74206229
170723507
252962170
604721888
498360969
441565271
566597465
248007052
139428621
123106955
824723943
752034361
82364206
1717714
709265448
345783762
504154442
849993160
866845349
336580881
639723952
828253854
18521180
718063428
202200384
39047549
374291298
565527721
5663345
571272310
660647034
924624644
929143191
935261340
16076732
188191136
722634150
244467067
410648391
543390560
72901444
441417123
445286824
504566506
231512729
655479327
506704291
511331490
623330351
52726228
890948797
110623730
559181987
258364365
220590874
651888999
46115164
228920973
2670849
10237325
782458441
315511876
293565547
250978806
538301657
741835616
606976982
55212422
24349622
307296721
667880985
238592026
534214589
305982767
249610553
931347721
655270285
445989411
209717283
420763455
541045133
196929449
446400794
877612804
443180522
923606522
325591785
825628416
221833765
674322496
515621857
641464372
271985253
809380052
910815127
200685652
773810867
683930388
200039199
370493388
159046165
637388802
593355970
461847773
509928308
342103093
113513817
596794899
384144790
863678708
705500149
220550579
353465117
903732909
112473201
767729876
546662135
719776519
186251317
330571481
289810966
704006183
478057389
164435213
909607197
570983343
82679486
8259627
267665160
674635789
357992829
456449378
853971405
114967931
631767040
561264715
283543121
370028508
564134006
901101302
370291598
553951707
780237558
429629870
32912448
335569309
830776249
892921380
466286739
359987940
205538659
888299620
553714398
790163050
30357679
135406585
446658643
895908758
199478327
617310519
592803929
149299071
778495967
472540253
184520599
854869628
298619333
498106902
574204107
624370267
608313078
658025093
531947950
543635757
889367886
676538013
340016560
338649793
62230836
656659928
590022769
635552069
438186642
730388740
70987572
919133573
500283417
946111760
31087153
35834763
243765334
758485898
253776424
186925670
413985236
577072008
380684626
356408387
792785138
535707837
172321593
119252230
242599048
86627237
880451359
851403822
151193121
360659133
684082039
36880227
454894124
645730283
204244698
611681732
676824430
233060975
804331727
302172970
324438551
417537987
607276931
2540414
615113019
136211075
643795129
504320579
878045208
217073844
877206151
749737856
875267182
106802789
110131462
250216855
93993608
313308864
83137049
126694391
104556728
499370960
632410123
287783044
44033866
523240196
397003923
332433141
85886124
319630422
697307640
659712979
197390883
330139716
336356451
24076138
99046358
882708215
12101269
546714768
773236903
317678961
906156852
330885921
96587323
426149254
456581778
730307713
56029734
553317400
40827734
518435053
531960222
296952775
63218679
6332087
498910593
186729021
252668183
269349299
548721695
897891391
838935255
240752602
95656213
247547301
279486720
665427194
112867991
661486818
200730803
65146087
303833881
691642183
626066231
773588212
747018395
885966130
689439201
35390011
623574324
174621300
641590453
371509942
555294469
800344330
250184142
715894746
669477991
280288374
663911341
170675498
473613913
791739534
486036
5667072
875690906
416954955
687272222
487842820
335457064
841650374
907653201
327266920
553060517
452219488
590024873
781296106
839592781
874393010
453509139
566412635
785053678
860950298
142028337
86648462
860196932
14361253
797741736
913022955
927116854
264082970
642785049
791855291
734838156
342633755
683112716
755611167
837223132
65263277
848206954
268268982
764387654
858088254
391691223
491029079
615378230
99621435
546387798
497344977
267231818
499882651
630008543
578402423
574348066
553339012
789062756
744893601
484228773
886420107
250525966
447892199
215890585
770944539
130843832
118672761
323165442
192135952
806403498
598248953
112198295
405199897
879419332
43847583
696102653
371586254
417393420
312555354
8884432
49784245
762076231
63013489
828863470
271288239
773320954
86565480
312851559
279390594
849791316
633703946
731538130
920406977
258058669
178973949
592144781
42871940
413256118
351769438
689762008
300120569
489151528
48522553
578485314
219193547
863390462
683864038
899477286
44707711
296951665
217621666
810544832
944321970
326754701
634492899
815610861
472408656
354086834
781095454
212484661
746054496
70264868
129194980
238619691
199150374
234776687
744533515
918437136
631039760
373534269
650392390
688713563
607673781
762807806
869377192
638812368
43498872
134694401
215568157
407273374
814056396
66070389
10334587
347773950
44674543
690000528
221727334
903876528
711182109
801147728
685155542
720275477
716799730
468984783
