4
30363204723392555 64335379 278896241 583482894 951115883
1000
282691175
808736118
858314764
809075751
62757300
638123033
936888118
929590515
5032393
10860696
698288180
475588251
7292946
55949005
307167274
926247548
83236455
425702348
564806030
593170880
476900347
272107994
147509301
469571750
728799321
940989147
181792654
263182379
678505411
810630345
695852408
123679092
554847429
635168242
628483705
371822157
726908727
943890661
127560674
549112067
371541013
591525646
486651019
124775623
13551712
68906814
441315562
443376298
779385832
274712496
608554483
777335639
215222592
530311714
380869893
472729008
381467515
669890476
47312686
858702429
745494911
305184668
478916505
846166926
849459645
797870781
724591751
922596278
439646663
269515733
733957246
617557635
256363349
615638907
757906712
133700563
728294219
668313721
35249003
509000022
604258606
324633782
157772470
635277681
555443926
777421681
942779234
247444813
513353519
108131973
188852191
510435054
786497597
756038107
891625771
44741205
228600114
588918527
335788630
122458538
380792680
243210320
191960020
295814994
262210224
388695275
675974929
525878078
193381720
762474932
514738661
925702470
854319709
198083460
736448622
872132751
513085490
631991952
75702333
850162409
781302476
551463637
942944581
898480346
703495828
880778842
492249861
726513202
273256916
364316665
47531047
301049577
434083882
397774126
117582216
58486016
449350583
520224902
128341632
832207852
269471841
293370058
178241240
933579533
222872006
313058482
124944739
532457996
457211075
549937378
688792309
288644717
186520578
547874784
286274836
12625178
362961428
722394455
150940870
5745318
912590767
9200726
867493820
466808015
55612329
675598263
702105656
90152017
672294708
813592221
514225508
455444717
4436852
557661643
922431549
850430631
385043388
609717154
213972258
704744056
612532013
528023875
527234638
494114008
648065889
54927866
641336601
111680481
175322197
368274424
591092263
277473346
40924824
248582582
728068719
121117769
125043090
290184072
341370954
609092946
695949158
362364255
610976234
524961806
758809548
741201223
576760595
814291952
951001767
617174970
759249709
698873371
367252600
84280971
860654424
747668227
928062878
390438960
744956827
417521839
780914540
520869776
592749786
204604485
730910666
390584718
939774728
288770730
169207764
58647916
286670237
263962894
834114793
139118372
381646872
337601105
51413769
171751091
195875210
763427613
414519132
42466937
116645714
209998590
155768869
742094482
18532528
546142312
165142147
350574189
151302414
832391909
66197656
288620495
350072790
669317560
937299917
322819596
578564873
71083426
869064275
613938935
539516525
307644257
865233293
119306565
184833384
335231148
187459008
500812550
384020007
763089885
279198253
272932543
433267849
327143368
180304835
705983101
365890341
270233161
889432450
147242021
98019135
535586257
707925785
208723818
105055459
44148545
591774177
920282642
420903916
725657298
875610708
64588493
523085650
71453196
860394451
175842393
522870601
230069083
3500920
731649332
61024465
707146504
927011872
179296869
674664528
255867981
864462806
228520195
19298219
281819557
440786471
303153944
800729889
63186197
590924320
273652508
715142545
892936382
741492083
848580863
695479096
807357185
941533342
4543947
215397649
920413213
483311414
143265936
916656664
805280896
946491389
630595589
295797596
343026083
286306317
938866162
533091541
560808345
949009526
656640764
607617834
398939704
535308988
260309511
914296456
418289184
881996571
83975373
19812117
834225498
648287146
103537336
715639361
188698495
530600925
432286147
98792997
709710626
656728154
46019378
78538975
883488369
456308627
385061678
431107288
209265825
351304354
874201558
294773391
219227753
83249124
377489473
489823687
482042895
330081215
400327845
633847420
680787083
667104108
612704969
533465442
448240394
99387574
334078840
694611488
831137596
110582997
909378376
659496794
440959158
476510019
818353699
752055452
178319545
775689891
872561026
641513634
507770766
882389485
461694981
738827386
271235580
436339319
605362864
878175868
163059601
167789655
901404902
51747073
666326885
653922827
839279432
582526684
6601104
234694247
242358418
181483260
366225060
69246998
201552843
828841249
869359394
779872806
526570436
701239142
723120961
439868940
64949577
327598472
56305650
288856217
743244476
823109034
943281750
510040835
462574203
845557636
316955246
275070964
898446490
101478684
544595777
549655230
699796611
940941867
750968070
475250686
277993713
943559801
506124928
948735809
141559261
313136713
368458492
692254878
258628152
249038766
560066019
753966662
77728847
210564708
223768749
530445058
930781941
112038332
903573783
28071241
618823757
691826264
185924862
572951275
419214762
649951220
197613598
264575939
491519477
723268156
499142735
461254546
613173318
617285863
783565259
112257001
922351615
669661237
600327538
512224587
481730543
135754102
231881801
29701149
319698701
315477546
562693456
911150953
195233731
900019799
718936996
773883979
327227843
364124433
895785973
658013391
895995805
135109317
697066521
733529745
274379938
705802878
832798336
459725343
739859955
524300903
469784189
710181986
241099780
50645340
380728103
140851982
327874486
682793900
222488538
801754298
58604166
593942360
109755030
74478184
868336599
103919263
125175708
143015003
228597552
596553864
853749084
604003088
474236747
558082736
242364704
217981736
702992059
147747889
688633023
946522893
13439955
592302360
693095495
263904565
860357045
920472615
113369188
154469529
608839164
748963439
228157022
34997095
727609962
283151800
680131699
4610649
442075610
510105392
95246235
345775144
730073404
703816268
583144878
743737746
419597596
334079467
264649722
873441420
321045195
128938725
414389150
833419417
547286078
105609858
742712708
129294669
555609048
876044588
247726947
647343858
821714297
320077596
150010454
280666103
586646101
685708313
695251008
803409083
291638501
267340115
659494965
116738087
716007067
241692546
809304380
449324502
485961453
771826272
360803891
213929686
320245750
218652331
258193156
251362046
501817016
204653757
819605456
430112610
18717375
121949782
10325114
5094644
338040901
824043977
777320021
865006423
64478340
180771515
378972519
201484423
915738579
806568867
220318063
868135142
556578377
415638000
547210220
194088698
93823625
449725831
277477683
598564357
505806376
831918526
649592789
798933076
369403386
266008985
31235767
318559472
578813217
638731617
270237729
448360684
549147660
360841460
41027455
703985808
609566366
878286983
287981150
782525596
870046397
75592820
904943216
912055459
772185295
270157104
764346104
776804036
179485100
87619326
22059827
854824461
429863845
382800986
328119234
302565043
528913055
70177139
902038833
26704508
375165907
259611034
924455330
442961408
349006547
591770112
579873052
172792935
798518935
192888516
506720753
479748310
664081349
186935951
519634484
324577789
263440704
526876713
181887583
207480572
728595762
816671879
140422898
377265591
364328506
33034075
133413722
213726088
908728091
784843098
490947219
855932676
896341043
438848435
459587371
780558482
777759429
935489774
582597069
812290967
231464951
126453330
32377586
248363789
276064505
579442486
176053195
850804873
509758692
906464660
846634125
16407756
763167188
272511593
40865652
947576385
651226766
858595334
514380229
291931301
709004366
573859975
775445564
533818382
199887011
649603146
946565643
475276073
942145014
891199832
787180580
901482405
644560239
721195289
118865235
659392261
136269116
55974415
599803198
360473245
710412828
305667103
392398535
897581358
378094117
936720316
111408658
430392277
306676150
698170042
195693907
176896737
811761121
691242564
182394824
931656466
946865514
929252974
141647306
663766830
260259423
348232468
131558736
476679935
134582146
911082813
908294791
143796927
7930018
271116985
842411712
905350891
754463030
286124388
276597727
411211781
503145997
913946781
852245166
664953986
831433056
617922311
606938857
139023817
46573447
62653011
290088440
839911466
383141388
930687000
634298596
266241280
856725718
776688601
466401122
2659099
787460488
896573155
827888890
842543398
354822868
613710429
319610685
712168794
762235852
293438358
275580372
590418461
585148052
69350778
42327710
902699757
874237610
392235114
624676314
613154907
189347324
60239615
84338883
388388968
276555070
727322731
658934846
801727546
817101201
35214740
333074723
566306992
539618097
602884614
601228768
719348382
884026417
803633014
360065169
672801895
15196941
652585997
947888251
520940335
702657263
181528797
226162693
74232293
828239323
487313425
80768338
769282429
680117425
492952048
31387097
764300575
241653655
530710251
431819355
583619979
374218968
444471367
687733608
658834670
163641370
86685267
541366242
30968884
259742197
152124136
387911357
71721448
922124618
159990094
180863689
782098146
510823425
700507546
627462972
842362682
566270175
461906014
512956121
391727873
701840388
781795535
692458398
685361059
671155763
792905708
702276811
652113056
928663613
222397236
680527688
608328662
717159738
52085636
515575683
14938003
879998332
369886951
565208184
819607127
771185918
466799760
840620987
610405682
162917702
742707919
145845534
273438452
149982671
573120532
589532644
481808679
652529559
775668215
423665251
5961273
289836114
74776130
121049190
57032575
484724926
658673978
19240868
339252107
692091597
613317163
280502595
835733322
772710862
19719939
887196126
947681487
805206349
748491043
163488060
521124387
839420674
585935630
673715231
925166407
176439025
276159340
579072154
623469365
466076489
452205588
270586302
113064883
397884037
70010642
11749041
477555583
130752646
91773942
200282218
341988477
665591492
482641267
540638819
123464696
370324740
803817293
30444723
371386129
615774007
527371423
461716144
564777498
274419694
327344598
757611219
24208932
691292491
191732684
140845171
142265961
918327367
673424442
71060829
324693231
681353583
258479539
198581703
78943642 106835736 828438326 616459579 951115883
1000
780182165
109998856
453164254
740277286
414385273
627713272
370078640
817506099
862512960
373321181
138789352
331768201
777599676
449532167
906587202
878452278
643633769
628835326
746400235
402384150
678783856
705971678
61980848
778391957
662367820
785982193
19826820
749438094
633549192
358827276
919931929
387809801
95686130
940862119
688488196
320604746
150403986
302523280
309589292
234648883
642179689
603829576
235513423
498992422
723894671
910453478
213180561
460626589
325272013
540014757
646933059
915490465
847815228
448689679
471852933
5852991
447396640
557983285
246484588
511584478
21548113
687477603
654052017
607154255
743769034
535968650
924931605
502232703
196840769
323266685
179234063
593958056
26508525
625940644
420305609
560877833
862756152
817773905
922816619
611742902
796099777
136724506
15357874
888204836
537258087
805802625
923543750
462588931
901079388
695997157
479982676
152018255
91990546
111084532
737695001
345523638
930315530
14736771
804646057
278686637
544019800
15113260
60403329
917345739
367479816
755119537
212816846
439498692
274450541
749098810
365012132
694988747
245331332
596449675
69168588
882158405
757507105
615466248
773078846
117495872
716456510
569474647
279324223
287952833
540063991
550398781
456978664
562804266
18047724
238831246
560007517
195531769
676039074
280575192
342231079
737567518
448457031
257365692
869605887
462434425
853479128
796837717
673157320
80324890
594664030
793245622
378561809
593745007
489028671
774485244
347985841
753051362
283848637
337814027
594720221
669463708
137032086
609022200
12213322
443448648
754435038
218323389
220480484
541164425
459776447
439150689
805333308
42487599
587887948
603668304
841693058
195099879
571145580
774062384
102750596
826392950
390068164
484061251
103669678
927479015
893897076
729291706
619781864
476511650
623268902
402482643
609929675
8657617
352161993
107895124
428200843
229970986
231002067
340605322
251482946
522870331
140381792
822159356
693945388
892295065
185569645
476523573
572955157
798868250
108859514
478787209
623107247
574261280
791979565
117646592
495833633
925285631
81855192
811146473
323157041
289556518
353459294
356704237
435263351
308380871
144046579
39732206
314861092
309581151
842960048
389012732
512778312
59688895
942169892
629315459
427986863
116440045
384319877
375924751
291041628
509390475
475864740
828722707
27912741
379710351
912757429
293616295
569928961
932761633
642661271
864940206
95928214
268603729
679715030
20987240
395591907
812194226
42733760
598055220
143261300
608123348
224324055
153982347
265049584
459464247
616788667
66669968
588736590
895770101
108808641
834384455
109563141
762439217
737912084
705321102
365331587
135060502
2003216
407281082
444859059
35569552
517601014
883733255
602270747
851628200
165314985
183148480
326565790
507232851
918831533
270598084
709215715
899749158
780036662
652098440
855551104
541756701
221578953
284355238
428833136
810162015
212032344
583694103
914386974
887170684
711703881
384739595
840879211
671721228
718211326
677254372
127449149
485069789
101524044
98579026
339306502
927559056
775916664
773642993
682031061
451975876
555724276
217075033
306671461
863038622
223484276
615602310
243829000
307716732
58412123
132277198
708905221
490927123
405067814
68961850
277133326
652526332
907362672
25896208
540425355
203077530
89386336
402746386
946989989
756923426
752764521
642219098
773304261
806749998
146355721
614420752
282354614
429803719
924967979
900727712
741682479
875146523
688059766
730024421
542786710
349786464
473431379
161365407
531181929
907678755
325177567
755176845
35204029
571484570
845084330
195152971
565860939
403181398
937056941
869211878
386440361
679368013
422413902
242448959
825457083
882883849
650887566
721183276
245706183
739772107
63940886
865673083
5128851
384272290
570131770
902310789
61584840
44028549
892088903
863247700
470676965
336244121
608174475
247262521
562088936
672480396
701400296
16224640
166924373
86375583
775864117
894903935
386101553
748392549
406279725
906875058
466628716
935966393
665118234
519700005
838200111
398064081
483782547
420239724
914196819
539403937
558929802
724293383
140754393
492368008
836647399
7658556
147774840
907398039
85429391
534471867
261255302
326444856
609736669
826573381
742357727
102586937
513133085
505389313
610735195
297207591
227921400
499106342
419732669
742134127
527985450
279773100
874619187
227776319
25985860
517282150
123241915
326361458
841621065
439005009
761657565
501125232
12167485
552069880
508133610
524641588
538234350
717295014
79327991
130614166
795114078
575786400
447289320
934129436
639383760
247823308
195260929
200943085
132384166
177841611
283374184
831559246
1298728
645103423
729833337
818339599
92216792
256918174
268738021
744615116
670513984
867154193
663596356
773056473
513848055
648536158
420294051
771731405
325937532
65964771
495347951
306420700
332090901
938537740
163255764
260434297
824423566
706664465
754495002
947104441
920764244
675708041
927959331
119312694
138323430
507625868
198069455
51217161
855246823
492120850
520774191
841182747
791177402
880540635
906788231
213464352
324324876
784457629
752359456
46236404
415867802
772067608
515946059
456049104
728769260
702476917
762982267
248260111
193993895
684585291
168892395
448524270
180109624
899121401
465324374
722645575
849595899
553978783
569814337
557192495
563823009
659524132
913377396
276461484
315093766
619449061
854125069
930746884
399875696
129231841
71421360
801576043
2966178
272851291
430670005
452897169
147739398
812900648
507070210
142262962
153690004
244286650
452831254
909452284
170924288
517859673
446586507
488376365
909326839
513168862
814694317
922403651
238586411
618129391
14842820
302393418
838690519
420975841
716398834
635898365
662600464
708953470
267313691
221207405
495691594
153543163
648360835
926538299
569527956
266092715
730165440
821015291
393680975
360509594
204190085
153194832
4133244
301096736
372733132
590445197
77537311
317155887
549300661
126225060
733254644
220743016
308186532
639022477
803281038
815036422
778077575
221174251
144010719
492038533
191829749
290970315
266540225
188509221
174112665
57473659
608665180
935415120
914032721
807810820
566384118
746068376
889225523
5387509
131802894
169977139
184534796
62499254
104069754
934400569
302896584
101319342
129868724
36329069
871125811
299483125
217315501
885804784
251603591
394365902
208348833
689195037
754409795
139915319
298971800
62467359
645240633
779278932
946580084
505025259
645643894
269545555
555850425
607334799
338970825
641040655
403300364
190211855
384124355
393051388
299187832
933667176
816945778
146815733
947554184
142009656
386837093
196293343
299147478
34606304
542403513
360095711
354718342
91157566
695872048
144599940
349246774
831064247
234909477
160379342
276247107
331562994
214699353
13728412
100850562
287205947
833378993
914872898
164520825
466691393
892125034
352619332
688291441
313526376
444180275
363094374
455266747
219567476
776304618
20092774
523723616
9654069
676510992
67393457
748329139
59566805
780296484
857785110
895164139
590805472
199993388
108845133
695850510
340293043
291696392
251438489
304309691
113146588
739492973
791187355
314460301
748214660
364029663
201346969
405562406
396717766
492971400
677936812
697978953
70738306
834086207
156173382
764360792
395359279
608759913
697517788
232294731
269581292
949361715
296122937
663134843
632530106
137059486
256815310
262267531
884722597
510503202
816554440
349293039
657090039
745469116
96418857
511044252
433997461
449720940
821270299
176747782
259556929
730196372
122509667
860705618
4958748
682872119
90969935
851327708
476829582
411687482
856940857
81916498
446170281
14382582
765893350
306652386
531572350
417508656
536380811
327835972
459348888
309683008
569083844
539325106
732199047
35746214
942979644
121095807
5070054
399942681
443917310
811819589
878082117
229071675
158512939
570245162
184962252
233952650
206125662
367378283
859744430
601474118
769798970
900127088
378651987
28904708
331280852
46902277
337154923
936458445
599354442
107964500
313610429
321923956
861718245
768379321
489514180
918211344
940349268
271008509
208575441
119791304
188604294
636804551
222116703
828843149
37804757
849549826
73570433
546397796
894067073
267362317
923861792
511076993
684673105
694560841
692579055
309968933
634410195
72374667
358757021
392721433
725692823
521692184
13930590
604047144
246956215
147403103
253114886
107622805
72684890
289607346
198247945
289884831
836527484
101639149
575900342
582523575
778850752
201209321
811576396
942430950
398558071
46252818
844132523
217407212
673058226
356080942
24220663
173956610
643642955
659162356
154263640
413497312
753172720
300752806
609198365
177137176
336804083
335341648
273326634
424707513
687699077
779880110
583368470
335877113
421985171
629757873
894828101
198836088
366731172
433424795
37862307
943245014
571485825
233489147
147679599
852617257
719794983
188775490
269663561
400722797
384345145
85264537
867866369
78361671
147412827
94796580
855814686
940204690
367291652
758800316
896406251
608482824
856257109
843587382
753473545
654249214
235955712
86136821
126488475
340907064
441150893
152318721
570756820
257455934
501271660
385702847
669428245
645643218
248795530
738359942
332618689
736649888
913864324
758574588
934554735
156673780
924702571
555761009
933050051
575546536
808044746
885677495
462829389
244827031
452178806
937721929
297001989
541772551
916326893
133992469
25958445
58863775
936000044
716814530
621621242
514528194
224817825
620605778
111474200
924407739
229243022
422337080
475338761
892138170
622309792
679071871
531568346
945935321
550668144
256052994
875446054
810308029
183369786
478770262
729909881
892357429
437111717
6545327
342607402
454910690
20336656
651875015
92606145
858233842
291801100
297833662
584134646
37446964
583419235
388332852
646036044
472890726
514281139
664346538
865187459
317418272
268232557
158704200702292467 310955769 875467621 659173110 951115883
1000
307901870
458009797
199829374
881548888
6836617
52191822
109187137
104112457
666237408
104520473
462708824
721489445
733282338
446906196
97342273
389492741
886288582
881599894
548001911
28370966
565740861
522843313
683713270
510539151
205570198
949916856
704425044
312710931
632398692
575513533
351841279
223180132
304751267
229983592
423063564
440620009
576050419
392847258
2847562
145714237
724190656
433581340
940189041
742980686
740906620
425745797
363476588
392414803
693532868
250306335
555052803
74588639
371376036
552888371
395657317
276635399
337095038
83785664
334155460
865935108
841858967
744493108
115538720
15072862
772164662
184582139
794049335
221814774
178650310
518757466
489857608
733613069
210322508
499427005
362826352
863960835
822565612
313918450
612892895
694942369
805283191
354256692
73889777
399697239
778171287
562233164
116529178
830614439
421179523
673261843
350189161
238095556
66461147
862548874
182217326
107061224
530591409
561652429
849361372
347025422
120583435
626298925
391015004
754162056
78942590
77324894
520550627
530380134
848948956
139338301
850450800
13270578
862694488
545875279
942181272
401453778
674638164
515436092
935702025
587991862
726262378
238936146
769135555
883435755
152969452
87890431
843121410
295798788
805096182
673775378
381691538
773286069
191987816
131689779
769491925
112619735
530345298
549561966
648137892
361551701
545699990
160528508
289697618
511058702
485544125
83377162
698442424
215412213
888479819
246424616
149240964
465281888
781111862
696389299
570302251
909336057
582819371
480001344
342641222
108064616
84758881
585579971
161102405
813843063
351161959
242206332
766402063
188485596
350056154
702164945
735468475
64273243
110564281
30393250
574151814
367383734
13365964
167779576
341427698
373880007
657319090
752561331
131139549
155621165
158641799
507297580
838305816
804622495
490242563
141250936
335254149
312219767
19038044
826372798
149878765
69592404
345734263
752122457
495138186
590876005
856790844
231742928
476724370
559632620
698220734
460361256
745027859
218815160
571240948
804313517
433150585
202064252
844731415
731769681
904909475
487925146
145570326
893114920
902332774
21834536
9000676
225366275
786667028
600388370
853807217
607264741
814119282
720673681
150962925
635310921
771487815
28800410
525352911
178630649
157610067
640890245
464919308
501658228
38650016
28366358
522814706
152145822
447281297
572407428
145490401
587340343
146518646
222497117
479740837
861746604
355135501
175481828
937335022
690360077
901019508
171839047
902189423
499043539
913898025
183489385
429305527
422281048
838271001
834261637
253747436
8202158
556075957
346774669
683624027
207058020
380280204
736067804
3554416
535351506
618912862
474064828
529098284
850688575
785146074
885744180
771308522
899590174
232677166
351882672
493193778
606008358
477446942
360254680
871522610
460611529
869444521
45998201
682258451
737371314
215448024
254739160
70558773
505872011
2034824
820609052
91297839
864516747
207368456
720238776
726956952
386099389
855387493
483585655
932319269
336857959
633109964
463966411
110009088
596643896
738570492
22616238
379606978
359710619
339929141
295476104
431222659
644928246
293083782
799465067
455343113
57194588
342756744
432024186
514776624
586485762
574298357
80710186
90492540
10766126
373045982
95708988
228850329
491215307
378707477
822501857
194770455
214599943
629483007
690181472
620038988
940111161
454856823
342728820
351224776
492046051
187895933
411945028
14799004
159163137
639891349
169692729
797054311
667248525
739725122
555733735
602545144
853144233
411565050
943023652
921661675
52491563
47414997
565433463
255865276
418203649
255444758
592415038
716375306
243045681
183566607
45839733
32545232
301939362
141178951
107692097
817831192
618155419
252423603
208318
327197991
174108953
942856252
401146906
897776323
653472069
578365840
608204195
85030117
173491419
127937301
405634833
737494123
25338828
424256193
64947981
390327251
209442089
63339176
309800859
509298494
909252019
29815653
848390313
714918670
749027741
550432301
624610998
797602700
378489269
482185054
419986776
371836432
735610919
930999021
570748758
800841619
486346608
112312809
710323819
507238644
355712948
416484254
36394053
673417080
215498989
197628594
418860975
401146588
244627906
904860972
196830899
309478195
609958704
732915880
443337796
22226926
422252676
709931396
936646662
209878206
563416071
612110642
318317001
179331369
719637993
214661091
425182230
759448270
15683783
778414666
617130418
824675252
889226333
448152131
110285124
820109779
681980976
554707981
549719835
247337518
518376053
685121816
352923002
439561082
105486496
326106936
284125119
59863306
661624738
830787588
384312845
267644921
667186576
877090675
278209301
942464644
727375066
677528179
648201380
663240353
919376980
345848149
883051556
175704409
110769705
373513850
717353567
146937322
811873327
672118925
625413419
523778090
456994043
506031203
722773657
749899198
25939836
247067493
331875021
646295852
920656848
764883125
706290651
795328010
390330008
298381186
919618685
430539400
843508630
131031988
878526718
38085758
224611734
119534780
492012949
668742055
583174392
596411834
427324705
44160715
208359093
657493430
802234679
837729226
476099845
663041106
459399798
512951927
705692202
814964707
294063610
1308399
572363376
451570624
478253304
651578267
53816916
498305970
784016544
770014193
164426773
525784593
643463892
929223716
64549798
602798798
236474534
349725787
574487214
66873023
791183682
441496998
853985070
87839564
199274765
254184480
242241078
749529946
254604919
336457366
37485200
673766123
519967074
438162827
163434708
51857652
793123165
346077382
682876515
198798951
301674586
113769072
415556784
774020649
929482720
865443359
135707957
512088264
141839630
744475643
825430267
768044778
481676062
513581749
625340510
527230448
489638447
235970947
692355531
591374944
260811391
888137826
899240861
84735768
329923106
588322912
416512507
189406965
166539133
808566062
533871933
485397029
491185731
756754755
843142106
682664597
949774264
928941327
779410460
823868351
694787025
717086741
469406480
407869290
322134078
595309602
794982894
903569745
947909676
548968128
594728874
699232495
813848623
52881623
660257682
246460730
229111928
744899831
220204886
358296923
413063608
610518100
937745294
716279960
948129560
328046464
247352955
765290519
516897723
892834945
401266806
326334664
645468192
56290217
250408748
207508083
426240844
486890052
871711957
877562171
215518636
478916725
298187969
167514604
149906473
337468245
36351062
241100174
297011159
291096375
824512415
92096811
292278523
596352490
205827562
5660797
937738900
532343203
388434796
7471754
392911841
37250172
159481808
269525986
227335881
113301717
352108095
518618529
478128026
266535779
140887271
932695591
332119920
360508740
490664491
258380761
473420627
661690253
609347481
172166958
266662812
30687168
619029608
426545192
26196728
572240922
26469114
854468547
727006523
132357974
568868863
155956314
142033259
250098940
522482236
105726550
719786094
714591359
99412418
883694896
894363840
656547535
438074796
275418815
308955378
228961760
638803000
769829992
421091992
455969505
134320311
904751200
886632196
514646330
803600992
81583886
771209713
145327539
570437681
442566743
692295893
617568507
490464102
176907567
912734208
563143969
320474308
840566482
790774578
166621114
294661848
379442813
168699320
840047469
660205893
7621553
514569388
636716094
196321481
888810080
795577329
519625907
651084716
213784252
733627236
83511234
339021572
675567425
479750617
267950213
206696935
865135179
99915027
605186313
503161900
916427030
652325172
199843668
404893515
163763936
708763182
900336374
593086077
105777987
766594948
222191892
47148089
430033412
613081726
274377724
188212257
665917501
465933424
278434175
738827249
553750364
297258687
199717771
877896598
255519666
450614169
845724605
662399469
629767393
601267900
362661912
809200798
416517242
425721887
667411584
28862730
864060443
671212520
147813100
373518949
179318750
454195795
648146936
459768144
854252309
877974598
694845396
879301176
722261152
742512151
197227931
790853225
492242670
423788378
523900749
327475152
838264992
723156740
793654026
707524622
836608028
337364340
615516569
596387687
133248531
541092793
237767513
45619747
448397356
940141614
885764999
932937260
916111479
841326894
247118762
465860466
810441370
142836702
358119905
469178730
231262852
942389569
376109705
804232972
937400509
899893355
532030369
623698109
91385595
613485818
741248664
432877978
330865832
923738811
300140946
267288823
697554214
240296319
152315975
525716128
352478397
305966900
155377291
564347355
783089857
162247483
170317760
518049592
869846337
423079521
260055304
691643472
820654005
127182187
424403532
563134387
890293833
380396588
163061577
293292022
50489816
815274739
158904395
495508533
358507310
159832426
67012829
330469482
145861905
545841576
491584531
349419440
282735432
919268176
702016884
843900605
381215512
909893312
12775080
859961937
697329997
187485363
105241539
424835553
40728227
651062239
320694808
494777068
146260851
666255236
554077063
255642589
265650193
165099043
831889620
322794456
358321493
587569096
76678922
839839376
839366442
438107304
79836776
348359132
649103120
534387756
554437511
585165142
383645772
58657376
302831298
391725213
175704403
132609832
624694340
171017657
323732243
3186387
207267442
722709341
717245261
139718143
655143203
786130872
887539576
543666423
712815390
277021685
725541281
716755085
93307375
487462598
158808901
262749056
149838382
701143190
387002770
367043043
936409767
320535315
120434485
112426359
186962468
435192121
116483342
117006385
123217286
97842508
172098692
493536950
560381381
69334110
52276861
554206018
131346999
34345470
251443812
588546862
444099513
532221726
896809378
239393585
540876602
79648823
174130752
436000011
525010302
150563772
748912564
856764365
166934911 362085394 862095117 407716580 951115883
1000
89530043
672653917
686332941
217326506
640595487
333611774
935732969
354401177
591680257
316387739
473187708
342562057
232274740
893128910
688796276
832651945
650885103
324283572
915291125
459725490
403592139
579631777
753060809
494349210
47685921
816439960
669910782
347534678
35815206
913687328
495368552
443732457
878438225
903183523
465290108
927701594
178555428
898725977
454497482
185255530
757256492
110920453
478965445
200136988
221839472
362326832
577713262
905689631
465177006
269360792
35654740
806429727
16499126
807629583
528169174
744459160
122235369
453491737
266984935
701620350
350892908
484999561
195425577
14522143
332411370
612466901
304613523
594390680
658299169
327826938
100188463
855126884
642825486
308758457
31785933
476400960
801233972
430097436
188804454
454877146
608485421
435323325
56609954
83430269
71853689
708711262
544197491
15067799
17927401
431318472
762221179
337681814
272787125
898819504
176242445
225973006
2849031
464709989
801097417
307921203
657090270
90843131
157252216
556933416
740569623
334263750
106950413
258951229
791439763
99099849
525758582
253415142
881436243
64859880
741155015
462775845
434643239
702967706
8488650
127257548
60465616
738820875
267022414
306195740
60462330
532011524
380193413
257986315
214835998
814540638
752003490
610379568
614693833
204739359
937364423
153572289
810618060
413444672
835674703
616477964
384629482
290965860
359611201
371847803
948679384
236223963
504559100
118391774
610586628
949503220
652337285
417924941
85439106
299914580
901911488
2291076
564083222
949473329
847823192
606928429
289256021
588604100
133307566
20568053
742429724
499795551
283013166
528459952
460538567
541182903
633109877
58752748
945201391
448894923
306403488
742227378
50818121
325152232
694981460
592183552
362026865
593045715
917122364
315903172
451484815
9934426
543185914
282875924
794650889
861622423
542623298
119794840
378073363
440622519
372695833
305286880
630295826
544640916
723897339
490618863
887134390
156417456
477281311
450093297
689883096
53675120
392638786
508681917
83771269
867089702
363882511
216896848
122794156
813482931
477658073
116227840
274714540
851761966
30819215
881972278
260738788
55424635
482296095
55585105
198335113
201530228
263140952
202419936
788806143
690643547
90416233
895744688
574759616
393849978
156591955
937647247
868213392
435618870
395111971
26348619
352732496
231248005
606836417
763387453
262564055
908381201
65078994
772034242
871355288
765332486
290104495
469616333
330121258
545866955
95232544
500057451
128476766
855087482
229050774
450185298
851236888
217177795
916887509
158967658
659331298
679939513
255860227
136776735
511262276
501064514
458151887
112107197
25682394
101407710
904467495
644080371
212457494
520311455
857643838
599697404
74997035
584829496
737481287
221209141
919187307
770805977
510573552
888122681
296661621
916923165
691953087
304195500
50812660
6322469
233646901
118533897
225405807
620521426
481862646
263395400
530941374
718466974
329978190
73811712
449783100
383091152
669288252
119030290
241290835
7484451
213532233
890140388
487744941
287961987
372700961
946685875
465881919
99583653
612872907
3661414
272209197
839626525
699891760
445895712
894877295
122061375
285468456
167140578
334846347
855026984
717988020
337928650
718852140
405675364
848235597
947735753
856994104
896501347
176977232
779403806
167055552
474291192
195019252
651549117
301259059
502845279
177806059
628725722
69249602
358438949
422243701
336683315
593161911
578496635
382379544
592526905
608133457
386799807
471059594
709590207
887983954
45915519
625341422
543492246
763918757
261112495
949673507
303109227
929759420
781052735
535430739
277973664
15994084
396847727
809522629
507958184
583499156
56290585
782620216
81662306
797716989
851005571
409228275
586932978
850035549
221652062
878806519
768814768
566441227
578321864
817460991
644007707
430392492
94495415
495828083
539769070
753885054
247831280
242142480
423831911
529667508
15811112
646339166
747123367
590639847
531579991
788683551
189038295
378131592
588946392
675035233
950715871
591056691
887771934
384847727
610566954
753183986
491952054
341280945
849466443
606696852
184917054
133340828
773823259
669468490
730769904
392235083
334728960
714585293
567050269
160193141
909783983
632009522
643432071
825525288
602918987
370100993
697077620
197965363
450066912
859562639
859570980
99622209
673038106
254309908
609799934
416709143
913277267
810855466
10214000
245617094
425161944
52945016
256097170
407340808
596095012
869064647
510674159
63490870
206183427
190627004
207701088
472731640
714272949
308186956
529317223
324967081
471364213
900313947
639492334
235137006
578315823
674376902
332674521
408543767
389342182
890305137
893167144
599407931
531477574
742468241
575754830
913831799
528955130
102647623
830801139
557816351
550236139
666228519
883469507
328434461
356907096
184248134
625083936
856047543
534046536
724937117
119748965
327285913
493468224
5887956
465678321
282224441
909800574
321391888
766452888
314495650
631042211
796542297
156082134
281363513
548470789
4310212
459906966
275578319
579795070
746517714
660858881
436384269
797834047
53374951
127618596
190659742
120667414
780015348
571907610
828144773
658867685
237800509
118225943
724664437
571154856
189194968
836658918
815563235
710147483
943222877
667879292
540634551
760284745
907877528
603133082
711610123
255651754
361615190
537841239
290488938
569128978
868327755
458607172
592613751
492432736
942094057
201584535
628311711
523626177
81285512
571751872
619125831
756652010
617843861
740945787
505327292
923608525
175573288
639992704
298952684
44530289
706741025
58431197
932062236
838507496
476808926
286983128
461758792
374121044
369420111
203148238
841313705
125235928
39479360
906810677
279633536
566206163
341596507
89367930
419667768
401430717
289492244
106920860
396438400
237422993
736297952
698593544
365571682
874963619
512002234
291500723
900564289
105025456
861289233
884349479
253648212
231379281
696753643
535196786
65104985
421916408
244803463
365461433
290770415
452177899
567535109
110317763
870109472
689008811
85454393
670379139
824676727
863257358
923752635
20306757
409164932
800044057
673600346
859507414
106733755
342034127
146249072
359158628
322260965
745530440
111453771
256259023
480130591
593712603
777131968
670153346
775591164
941327549
298121999
521033318
781223124
728654452
677812872
646368794
767292823
402109832
311040997
589748558
329698234
905107337
508660758
203906416
601626927
622015494
855815635
855331790
584216440
424400432
682938061
268041785
581993080
477412538
519791466
778266408
290464665
275962047
876882100
173189971
450921527
329132039
247601874
126490617
320753920
733407481
690826627
640113230
888467574
193271262
338115569
335880293
75278748
392179521
551543259
731564367
753955733
130081249
390348760
169199187
190082412
438374338
289109714
350892908
376804570
165704073
351028655
19859442
491287923
261498547
181610363
910475753
613346017
302306806
178657232
64212080
416203855
800067212
38646113
391048268
16878680
78128998
204510776
129838882
512461853
268948442
555841552
468303528
572909079
415870737
623749927
130073809
33217635
379836162
730562718
795098704
839382343
426316481
814008880
68876237
898303180
936361841
817703338
177485701
199081366
245443446
873099285
867361905
144300558
501926744
618471467
69604654
742893041
642480918
931748718
472674328
829315126
441369800
125617112
45926870
309654124
522846074
232590558
828431184
150001149
101642739
497975960
1509678
800901812
75742154
440084851
112485610
281378164
560215008
405031040
334543298
865091031
320466656
410805874
499960371
682879296
668637450
783146247
288993611
331451185
622928164
731821132
929860215
369670698
467302800
359201332
160784018
144631704
776320624
116612813
595401200
525667987
690002289
332508411
537124385
469536928
528355785
349836074
140853508
749401011
45442680
823164217
194402888
891683195
516696527
251297286
88698242
37752329
830934164
202985823
676525128
666950341
424722860
346389600
910901000
928779577
13699453
564189966
625753003
272472808
613842424
469041030
514083306
678311844
742043008
597264620
404967392
83648892
348258981
332122297
328541943
281582394
341643358
47732189
369675775
790285194
900368491
324663773
416876450
729092442
929075096
689909186
190542002
386508164
878546524
702036240
557572177
222489723
703842035
479743872
533496156
444839798
947496717
157345243
869534293
726739760
423036604
589095413
823442234
27864194
130234534
359270030
578554467
319995756
125785777
615645656
350507783
285230752
936618797
49306464
690153820
28205381
418587569
308059140
400825790
122198826
17722538
775883183
244834188
803969085
78650563
419079265
99107792
39563092
221783611
44504443
384518846
325173723
438517234
649042681
683751760
331104176
714267556
234998667
818928845
197080701
146327229
357161691
342095637
865796138
802836043
564328989
28097715
171995264
167396876
501408218
310975443
410954775
94043021
686435714
567580517
686386858
300989999
458660826
54502480
910591321
29686954
165723510
105925415
317314526
414291205
290741936
438654868
428325981
599359692
854694111
884929652
456256734
310150462
463996477
49466672
328760107
113867863
107217202
650496111
343171475
291631027
439969739
182249462
238940544
59603837
367710292
38333862
456418790
532750745
564091829
478097446
888581566
391935087
113524757
721684874
398790651
798286965
46204926
924796877
129653229
166560373
658531499
264943752
453911129
221808301
920728666
137207164
411285259
889132009
43843502
427945184
906095584
439451312
272997463
415320953
220578488
408476527
923083901
545919001
946229353
171183464
624968428
70864792
240183438
912864441
811246967
492018870
369983117
720579575
833451216
96300471
930011653
875856419
606947621
896213985
709164612
808279712
98181527
122499266
358500970
601429527
34006646
353789551
135716837
887884386
903528102
62222826
397505947
745829182
