4
647802246 429463593 845603322 774944365 947137889
1000
425779109
97106451
899447265
580867863
471126563
740059606
356534856
16686646
97456329
753902580
435816227
403563214
893200104
705865523
390294796
623853488
586254793
170859141
678722716
646563956
454651502
728215153
913096715
282655216
664306084
325636397
94287102
826121123
669888424
41285483
313419370
207056851
628773174
53531685
258906943
549834225
845434774
176958695
488261922
465439084
39113596
107122591
687829234
360437832
853128050
434821605
293397792
15324849
714583593
368476533
213786231
234818145
202571713
658934294
426669535
631602621
826239904
634544336
474495583
645070661
80980717
432703388
705609705
246073144
546189558
927033321
501153794
310359836
652503591
674901179
715959516
318688170
357873798
472650611
515580672
795249319
880801345
673828612
375527639
394554790
227590159
65323338
15881036
129738228
194778874
770098898
504941517
639637635
203916997
137526071
434774942
452981191
679809516
775057427
307257987
563774595
917338561
31540525
812206098
179709436
647306043
761852995
571564252
643752554
744878984
708040750
946540306
585930459
779560230
139599825
710092375
594937297
931556399
705626468
713081189
699847044
803783717
592043507
276246107
15010148
109911155
604681984
391697194
257554111
11872115
861857135
334898096
53343093
623042320
835071395
566531843
88652120
305832924
292636420
133427576
406816335
546102577
564523745
260986104
733740003
590896411
247395820
567085563
678308824
9319077
538447427
817079931
904796809
483132459
231315215
616021636
167509629
944148161
64691389
203402852
399432732
181956832
275065562
447798604
688374199
912092538
693404064
144411940
44962049
823838793
180182682
613246684
884463045
804243431
276082229
336465432
85559820
19956324
557861911
317898082
496259224
558072287
627680540
90669146
863349828
736074272
934686181
858031069
279562953
155027150
23303938
730611958
230033997
114742201
421302992
159482306
136462685
59988895
51165443
33537403
456370429
329994865
135244661
621266995
823987051
516642713
551334880
684120659
605083285
822435980
254141335
161905791
505452098
616877203
126066208
444481552
79678832
526086922
740300150
129788238
749116736
553212770
643736223
174615128
709061818
541435420
501956880
616750785
884312178
11745019
539887188
3309465
823606342
340214084
63940593
824186067
661427664
857046541
739857322
26661644
524149043
706376622
280790626
581308570
131445472
905925978
831226003
946510638
243322765
789165358
143908022
910575363
756344873
711310149
342013585
165226949
593135219
122187944
686032939
865591597
918160198
321473689
617504943
220538041
295323795
151472412
795924331
925623576
380240714
838595075
416683010
563698653
325101815
83301328
181800877
375783159
53117816
457207854
294949870
87065785
405326371
205398525
189590605
775664873
137142118
656142610
249236134
587101079
382277001
26906103
871641891
55372950
900480102
882825346
21938871
791094470
818400947
427911362
703364494
759363283
509309541
267550619
413675299
820717144
187502975
202865262
525105915
608205103
721618065
301932988
821242399
429942983
737000204
202016967
44904060
890687999
622652749
301908634
246353689
460472791
808645490
308879375
101098253
636375159
38484054
840228208
447941386
613981581
374957490
83862862
86688636
243033355
669561007
895509495
197573097
691276694
121382528
657426691
846861190
934535288
476811606
106458760
27874630
474519889
245710163
346360192
74409706
415846245
228163475
534576413
488420600
603770635
899534245
47570205
224378021
439146799
210664224
449548811
161946167
614940463
342280480
944895970
197834792
15074138
710934919
288446165
915464226
490885582
343875412
887345119
413651244
228521355
684529195
460291908
385740384
10013509
170275263
816436083
578789897
829128585
167888173
210315281
798866437
725397919
521010565
584182578
655887931
909384654
285144610
920813288
284383305
10319543
48427300
432471960
764055338
448851857
867683010
594912932
612095405
258250062
283911571
314228511
260150567
21156327
903849612
563626338
402554242
595242425
193166688
809564197
708378575
770730894
43954800
634585161
349511888
188487711
327619714
925181512
127990636
165331700
381294954
236668720
57987944
897742141
351171195
906548552
634994048
499928899
517465329
907398506
912862893
7499512
339036350
441978238
464543232
931000638
900513466
476565220
679410430
779960493
417141583
846653688
279656275
390015324
856803446
519248325
708422959
136042417
130881644
246632582
184752445
76772080
301521168
228082903
578389638
495353849
671655671
223984158
537033484
887338526
621505614
919400179
803225572
38686299
667363096
122550180
887654786
180752892
97506807
646802662
653492242
473758531
835940425
36218462
590732403
886734478
750730525
179237407
594727954
888212277
271644906
322362320
363625588
323594221
742718491
73359809
634939818
773933646
137754190
783473451
24322936
273703756
71434515
156808148
590002751
644710476
95408619
518060455
914347475
360011571
280409766
687200495
892888232
102993477
404223076
277330776
354246602
279617841
328380821
100680405
97499172
569390274
286252025
115050768
196757617
638613135
792590359
559339231
688523432
193306416
841861969
822342417
426625692
348463801
8064021
108054532
49124068
206647225
836000352
412592990
227546464
910903434
304719444
113896355
102590150
429519712
173001818
202615853
807408809
536365413
85915449
119457797
274932701
387424158
704063525
206417320
222544898
541284931
559760869
128147646
61361749
176134144
274495571
720658169
691022661
206219620
361730548
594436915
71576479
274573416
438088176
289280062
262382132
121816880
598876815
695599494
329997276
91773488
379960930
420950505
736647448
195066360
817447500
513834969
85710198
570436650
252393732
187670856
623455875
53710635
328403961
97097406
122710766
841627069
473659128
494838334
197858285
150668994
455887343
83351503
922894209
291428142
915349318
757964205
112730171
20004698
565959399
147925025
859050403
224477779
465864018
383117044
764327497
551559335
756531738
77580720
940700665
40465354
93611027
754288152
358965518
643853417
432282913
272391397
755520420
396981163
860281374
875312408
131065864
441288907
229005087
269941807
27289331
45163076
38550171
400160575
827177063
787804798
914001331
826957471
295891447
330264242
555514712
559198619
294483326
66453541
530875287
846126584
758014240
479848294
542486003
520773811
620418335
255134190
641354593
90782790
843772832
601766318
754035758
38512347
309627083
326686848
99773494
433063794
819920775
199246246
205776750
174043481
221378399
57756318
655848592
899077598
100657826
676120184
489065092
625990077
933749183
165898828
276913776
610673900
520719803
214391502
830786108
925948403
437776081
833567595
433655999
47084692
306133725
124326391
17855667
548785281
851470919
174006917
901729780
145477272
413348141
639354578
16398939
945673860
857997617
604407537
923831962
664738389
847261227
492437193
259240968
736035444
715503864
147451228
909729740
393159665
845254030
219972116
417364436
890248784
656553227
816783954
28962017
192011167
872978554
686845391
231940967
821470053
99219630
734256206
829686672
345116968
16018086
547498791
910881311
923886334
316874745
782218479
442803779
14027785
346795307
732820344
313856220
91733697
462698107
239912606
51354049
690897533
633053789
684933230
237107250
1002719
295031325
593446231
278072116
600882663
183568953
386957882
243211931
777537794
60972889
64395361
164182252
149719096
496717899
193142864
148264136
417228735
640185099
75870767
670558230
157808712
8924996
382441921
145732463
595420642
818623281
788611447
317239768
392408334
199655957
262905857
164348894
750413197
319609154
176254854
155138830
381463645
287225876
928911492
45761401
736727697
825933259
354216034
583705162
850856418
729406148
760106647
182809582
675537296
17276931
219975530
841707608
704672374
792587369
258414672
767920217
688194753
843126179
769062539
442771037
521804273
923504562
912222501
896146026
745863672
342151324
462994893
802858644
253776340
905108204
411952710
802709653
763119004
770761092
236557905
325263096
818632305
720036355
68267764
682678494
559776439
946548391
438616134
421818281
522300305
331967502
612579420
260619583
325746387
459745161
138548464
767207982
634207103
121259873
282808437
696434640
885932783
149776259
878636956
809628044
289799156
640799273
920861240
875112772
273429601
168043172
918156229
153382096
276572196
720168195
472316743
805089953
548359240
234756470
888387689
598904457
318887668
364594083
849648490
827885212
163867103
880097637
641902111
827869720
874498946
500956924
220330938
325474656
860406679
812902534
292259726
618096646
691611781
308392186
684104171
862033087
494451949
503632037
794057534
229431744
300623334
163402169
937960852
327005109
10000471
317213886
125188047
525502595
489648388
243130653
234695513
300792362
282923099
591322856
578413779
715393462
920580554
390137223
471676142
534473608
526056633
694500618
868041043
504778483
37918846
899825224
690423566
7952316
175050452
833003218
666223611
850185601
546177319
818755039
765537455
536007577
607023802
815229956
178349253
889960040
114443587
80065573
672611747
608810781
575705485
906844133
289171214
604249382
920617289
73152940
783022665
360561417
49838374
335024437
697076265
12855152
140329778
430045819
225619296
175983285
640960147
295285006
236566260
163696379
404529465
778667583
267714086
880500876
50113571
759547637
410301002
676486826
142884744
363405650
778059388
164824579
875420486
410822250
577550232
612390014
896666652
624889925
740534295
327983600
217706289
132049285
312349383
814520442
269460515
826434029
810014068
480832801
617768490
314734135
847499853
826649187
804150400
875687760
190563246
649530685
566293531
299841303
63023311
303398107
756984476
381333376
518299730
573207987
423210691
289018459
877826064
586968182
282502562
212154956
940942829
878044087
602186676
624481977
817859628
302760107
376131031
630033489
846220673
376883501
334995285
512532892
227744186
34564892
938658962002195541 499293292 411449905 61563388 947137889
1000
543118996
595085494
911663760
945141775
118766563
641086786
839846546
393255896
474023793
625646331
578151790
500705346
778942534
674676464
629852288
876452154
848886372
827635392
735442023
501449919
415764534
318225820
197978363
732553826
505503651
927370711
760637174
656491557
598393632
823135370
745194541
465414303
527121241
423011033
834300870
71248025
545492103
575790163
542873982
16045827
739172404
658741357
509111324
294954484
153442741
669821772
566462778
288404647
398248480
903929423
171201380
352513854
704961082
708071435
777952323
69078005
236689184
289031236
579499867
544630102
910324373
473174582
558300165
565060531
750677334
96149343
312547613
34882844
405588461
640484969
239507740
591928934
705691971
446635494
340909155
448511986
906014874
203552286
745471215
153862764
468576699
403625612
82617297
525417652
678258611
637472884
306338838
477501902
897127465
174266674
246179046
481238388
259826253
835063633
747984090
120519666
645948633
10431964
234969605
832601049
905105024
766501364
906356609
172393135
600473173
59885873
225265275
600972699
59084658
332859093
163377868
528115819
34177956
451318906
11375111
600591241
460458253
705708812
555229231
65682120
597178740
298221871
762498956
450431772
305197019
546005258
34565608
484942449
446484136
403251851
528498963
89556977
684568734
347698051
66945687
763247996
145810332
933142225
333302748
897349327
230078959
267588615
354523188
348456560
160737042
302124841
608044646
621012780
239242601
526670673
59091450
627862345
337724681
668539119
543409249
873708569
607401183
395171947
140581985
803769264
739258637
602123491
680076380
481195532
738638511
49552711
927292522
670498023
125245666
156694606
358844207
274033095
211100971
945297838
168370817
16547210
745130807
577943296
30379327
710373714
756351928
497354222
523053437
549380078
617071685
181825279
493644923
878539763
589447071
831524439
860035502
734340391
424351246
97677740
733138398
114394253
938658348
707716728
520501126
219067281
47740988
196925118
433358305
113894594
854103016
28098382
528423203
505302242
606805050
82656509
215193409
715138431
280811543
276901010
694656713
353405132
790908206
233572796
219344400
215780557
355173832
298276002
187655050
53080375
898094692
38807814
324801921
509702019
622554792
99757135
705814642
818073677
911872521
841191362
49470948
386755994
185589559
928364000
380532111
370167135
386032527
12339596
891626302
719810351
129475724
791055339
808589505
433942949
906580224
527345082
533641391
628971879
533529777
789335464
448043741
636822150
239859005
350831074
641155712
496592016
862330085
665620996
770363071
275769813
137157613
749418606
398666118
552513985
373895937
193577199
446554030
349319007
509038996
936740054
707407454
514624633
109341533
108928917
551822304
424891677
621916910
64106792
522918411
840022985
673849394
567047242
585472568
421953719
847608528
747037758
554908918
639123956
82200056
542418091
843541556
211624648
783952518
394113933
372033128
119471480
234452778
270551443
777353270
112580556
201112142
109072772
98515153
814824936
222732319
253345423
319631317
849403331
919680583
945492293
651421515
612882744
748442009
360122831
603508924
921525723
473527422
711903942
138814491
173272335
14155589
766907906
347866937
575160730
639660667
197921222
293398753
738649361
144592921
373075225
729467465
371493410
284014590
477870666
896603714
373711082
821663480
730940890
680334129
397174831
138932237
413829503
500106355
15466125
750209751
697244775
418567720
562251948
714212121
783090546
42578437
424261762
183443540
292333739
361639852
531829911
259517485
334552975
522351329
368118419
896254937
938725794
132399962
525333102
171001154
172454286
616298952
279294949
660261475
602418924
206123819
40603777
931177177
373130028
278740863
683863215
242838115
384841538
430561747
380605964
242231661
385177446
800647021
200905824
419701277
124682716
32472010
601828798
677627582
161702894
555442713
848657789
782474258
299061398
386685478
914235917
726344556
115256069
505516075
727213886
512794107
916320569
837464509
400591547
226303362
298890970
311983198
294549007
726562751
331698273
596352008
390744780
682891147
928578354
117349978
368827389
151496570
941796732
14892465
453348122
928644874
407012498
269859739
38738388
13193212
752279741
265261407
604172299
869667378
79237540
749093794
473128470
765720272
91191978
490543705
926347991
719659800
333876530
649532698
567126340
398538651
23782545
876582189
881059889
707589275
311102241
494172036
876708436
863330215
367692163
302638878
449631761
660780712
563654418
911330699
109334563
631499483
490149508
869464181
784806529
756469100
891826892
423927018
263229041
14333304
272978559
343676194
597357611
690951005
182406195
386031026
769750673
132896230
3974842
928208483
143152101
105637107
145554021
538390523
78910198
840005559
282948939
59136245
872961257
266922599
496618431
105678618
521571793
916747186
250349403
244021175
725478417
330761090
1472490
210429627
851907927
595380760
560447373
946791433
933791890
705589081
145579073
444675573
158871202
159023791
271969336
941095648
909899868
271615361
241648869
123552280
491539719
503929506
906330193
726787678
61772727
72452997
331488728
180598955
449096843
423179682
941883744
296597305
67624383
294411598
211062463
166874879
938948117
665482585
122501531
202740038
498489760
616015617
777285563
149133089
755268230
6586176
57558764
716381438
932396425
46630435
634382814
775633502
603250951
8466984
203076498
259966485
229712282
327409616
271032452
409168740
253157605
475696211
613305129
426869017
142689843
269200135
582053594
183220164
50691219
541825677
207141736
417370426
655357456
333004142
227372961
915406264
517172071
136329223
496779073
777513322
122028787
585979699
395808682
766390935
291177062
63546794
70571006
509627128
333838886
594965843
627030474
645971685
128088031
50011678
880802086
878237569
631864483
817773968
428620591
527586623
555465578
614548352
601901907
79925885
786511795
59080988
624115205
600489475
616024417
153009055
330126233
458599921
22179894
740038246
215868897
447948639
251709757
82297301
276648500
501588159
142457497
397050653
519456160
788338592
389189552
540572096
467242039
889854993
420349341
515615793
179932503
42341201
891846623
550539749
123153991
128274435
22991645
177973930
237490679
298937554
875216031
598487637
221763990
5460721
775841738
572948852
545464584
802547273
430265873
309171635
353769426
546578613
397898922
911018106
525725524
156389875
578585274
101820055
37746895
598364641
55754536
248875851
279240686
196706388
38908432
855417422
734997021
491804213
803794492
800088602
352410963
44487259
423558830
190715309
564753927
476902987
407808026
145470068
423631133
32171600
465307684
67171292
534751488
733817260
246816460
794237116
262466225
498776622
688677640
163342059
261583306
264871316
54630944
734633014
186773772
499550921
814781167
921441779
210246131
411461174
14627870
739713580
242508381
615733528
212282230
114010699
677983539
174610466
10774202
729467495
456884666
180152294
174676381
821442887
886880314
158325667
325729735
161626952
563246308
834628598
576823417
919752526
493389513
715556925
314697569
161952810
614988702
97176074
820616971
361508988
180926677
545646308
170095520
617073284
370648306
331932721
865976276
384274894
233666366
41728551
298780201
788232923
204405627
725174133
691547199
336291151
488333306
865359711
222120598
280148870
317857325
72600397
91438215
755611313
260254924
387858322
748799884
866621150
845936995
67284271
528864097
230632549
326081724
220035969
301236143
830272848
861580388
500186558
738339194
14575933
205492350
780592749
360016470
786027300
739481568
470769232
377259870
474874646
324033010
69147964
287952031
154757593
386122826
709213931
670635134
858466909
815159891
418260351
874570834
9264631
796243905
783910782
771857343
726409316
225451822
222242550
855964035
153636656
589012274
235619268
44866054
416156038
426226100
361399527
944810250
38177840
713038481
885144798
782398966
942305479
270126525
835038102
747817550
502203508
93056844
372756797
693755117
836394310
558628108
857066237
927996047
460529887
117010420
596284015
191676167
759457180
784251374
414997046
91077847
753531721
774530892
14695255
565754495
573123597
250264439
843288759
149033250
879237216
820921011
7745417
355604069
64799166
652015685
908349799
814099936
774125424
802433456
937173196
826501072
647925259
125514879
854324368
320417858
736822698
397750847
2079790
84128
142348254
562217097
504737277
360970768
245253051
158318332
109685548
79229802
544048301
517942019
339145664
208218037
494865093
818142554
296785577
284824606
644800617
125937506
759864162
6302672
494195800
853813348
854904160
632521990
147096105
439326116
839847473
255795679
693419011
508647187
905962208
562599415
864812858
78682777
515851235
794457258
184482726
925499796
17290042
855046850
703635737
746443566
729793890
598745498
471155622
673230397
11304539
317238336
568839494
20285719
548232336
30262428
610970431
671121992
648403721
71873184
20193686
585265716
640496669
374679874
101781
621402584
269742837
220403888
568922216
403360818
159738925
247215481
667920277
432432546
206039031
94611606
891232915
58459541
142784461
896365779
853767241
613398959
180835427
23012769
792897429
404265741
542315351
847804048
219169744
289772523
867788842
423224429
541966014
569444751
794517740
895960329
300923496
582418853
597617838
298066711
933864537
676322419
835978866
667581102
466782241
793799140
821771857
110011779
757941467
167665775
222285826
565473296
445770498
203090450
770119728
909045028
913937528
536086354
731506532
514633365
827311681
65698322
279693128
899586870
672119621
939160744
173971104
331794108
786316647
643942832
188356197
593280709
694748831
23790047
478437954
307160541
112788838
164593341
68380943
97866426
415542288
68099198
556280512
769901874
837001220
719746150
187403695
859258164
208400096
212604579
687523676
709704750
799289486571648185 20522947 149369231 192946084 947137889
1000
400484892
878872568
211469573
283581786
219843755
121673176
97189969
803367489
857542476
566568079
28626354
199500453
19024285
470746447
291404635
763961621
480762368
445051857
667326462
369611757
420977026
839181444
624658623
788406525
619354788
222457263
666396975
653775718
225382554
837461778
857055210
723005680
96975559
319849453
697406241
502593961
537844249
425220955
842085719
624557620
778018300
341284352
111382177
490243267
213482690
899955736
793336181
560391222
364010130
372259182
229308868
185515836
944852028
106679083
606201763
502708923
383956471
406447607
80366320
330990372
126678126
502652149
621979394
588519083
844665663
124722525
434266340
177844639
395688003
226240152
924909983
8327678
443128930
43366884
849617210
32371216
157552251
10481087
455025760
554953119
930993643
405948000
598691700
356665854
616689840
535699349
162421882
801669899
300140281
843009333
683928646
901155158
692158548
938371192
159961586
916957158
61553048
467752676
224836028
761705145
587821037
664350829
264779280
933080681
133786706
270856293
711041573
510122062
881455457
229972029
850880930
686807041
489765557
390333830
615822727
326925631
180640336
55477325
9021985
786116386
304551507
636671667
807209806
17524016
845003860
94203458
319213397
113849020
244531337
347298865
942805084
86861719
20931221
481776821
298509589
477809630
165335609
334722147
309579057
200435529
806763770
642948219
808427118
702532911
792141098
867329439
774990897
810620421
683969742
923718535
107739827
104654906
52852714
9316685
915341546
757070871
181837554
409499394
742312403
449178335
38514645
779440052
408411017
46461869
724405196
56717876
336959312
266313459
282931382
407635281
58096252
449749168
906469789
833547884
746162477
413551173
624901629
739830842
613266921
773916502
401874972
154201745
852444586
313168628
431555040
494943977
929675282
385544168
315724071
387768132
637680827
469631093
776217552
777189654
95910045
674348418
896469537
9354609
658420505
722674209
768897460
374385638
557300439
549221810
645969301
472450783
914824537
349399613
59727941
478100945
416463024
876255897
109362423
850842236
165070663
357320608
391615749
331976169
483988100
49143155
455245759
251303788
853840664
705925264
930003551
234268290
865307399
630807255
165860351
74361072
828512079
167154343
102025350
333601094
159032947
647791189
243597462
600739098
898967707
909819762
198752566
277909629
734224384
787984501
601913809
837616343
28397831
289867268
891760297
35096827
738258760
645154130
517960259
114744224
920463122
167288399
359542183
462574055
395225314
490891764
199410834
458992303
215445879
347892838
468571211
770741274
408686456
643933642
465446482
425443587
800231497
748215171
778871116
131825450
104756477
18253137
760785835
660452047
462140316
58934957
476121199
254350580
919586996
900749756
393450720
111075644
364995339
352001759
109521950
36171826
469797495
153610467
755630492
557400862
326456131
310354045
403340670
306914762
329943410
790532659
533735893
466880997
131914383
768100632
659780472
584718482
530355886
115379019
292962730
358690011
740252232
283331850
233972442
747919730
916825913
692922139
779907570
193007260
914464702
52358832
120663692
141708210
4725085
254803764
384795145
892395345
796018473
866155439
382035705
379577690
873085255
559829722
82261222
378593340
888946540
530934369
109847643
497786650
922827072
245070359
274507358
109874948
781933359
336918520
687868480
603031184
647362913
700661286
348146259
382896461
822768483
799115979
43950529
692851134
462818501
469337531
751564098
894285378
83311364
460446861
232923240
668019347
797261682
29149253
771965510
760957197
659048457
702416111
246422159
297252537
20020955
279803402
825842201
809415337
760251608
71467234
359483561
262884197
336296594
282016684
811043620
886934663
141876518
630800993
137179544
852512890
542249435
89505736
260801880
784517808
892929299
859145451
743035528
306405850
35770228
914565890
530326437
88117025
389508408
879083263
597681819
136236771
941703305
520980050
928785506
895919290
92866790
84891509
926683986
325415
312378173
172446125
160045620
725237368
171400517
407941720
942544352
269569404
270440422
215439796
301280065
842969647
314764318
511149763
830701915
232909251
236655054
630739001
861316838
143759852
3610881
128666865
379098541
109360317
521275829
540203098
91045449
873716157
181754631
815533878
686325360
73319320
297175391
257298991
123628903
130991087
789331380
694238566
270819327
547811659
118261784
174435639
340709363
396038671
243697193
552376270
871762744
780481140
25744278
673698389
655736003
234545884
326390676
689024585
10117167
312474516
483933842
884221692
804008334
733939209
226373016
247412835
805506631
830534232
303176492
611854757
582921505
889300085
110355601
613515505
873948968
692087958
640653196
407288283
210618001
420204113
503022403
139609174
915731840
473395650
386592800
274850976
578406224
542097938
393751781
104081176
183429662
511962929
818151590
323694517
870821897
208888813
786707990
210166029
52401878
117901536
568432978
109204112
32846541
764554502
619264639
212953622
161054480
390180823
36783770
97121603
257969906
52065826
462390959
811473812
575668949
560904156
801383063
515608086
64042397
325645230
78137086
64278745
99108583
575919077
728927683
677979970
391125866
607907923
400524395
180015202
370826729
837488903
672127858
556085176
323652576
395977482
641174169
139373722
287266701
526792180
938616248
740495980
719354958
123386144
8684095
918023671
415201
945555744
57469527
463433948
510193068
238362862
896615616
77421144
608949350
42860365
386362856
100980842
54488739
506327685
878501233
262679240
745282572
309425377
490544841
128752917
480530430
276719084
888846741
399437407
718822303
763764824
138760901
540148716
723883959
243752558
286092665
445254431
460390763
711467812
754219733
482388587
641199085
800465884
904319777
919975167
648830387
787315855
251089507
457764972
771924831
206028738
886464080
824210336
231777955
122897431
630298469
914767088
717904887
160812351
803568525
140507984
300490564
38410877
829891988
477381109
288893328
290204833
878953464
304196330
835353524
628584521
205133663
340707345
381812639
277527978
717828913
855650343
193545911
120866064
538812091
772701019
863997128
927240887
815455021
328399373
748951240
280628988
577783968
276333208
821297702
310425651
96332242
98815188
463075975
931999204
13260448
576256166
675805786
76108295
775718237
865597221
771160144
774249652
808936173
611515953
438867974
896960142
619788585
853169625
679302957
300433430
479528877
481279023
628685415
636294712
581677121
259754133
320606859
374602194
52736401
765868467
666746014
670843677
524423642
671559405
170120767
538404250
745681623
91573010
575201427
218634774
78732370
936099067
635179657
83387635
526630921
490722168
345029207
919686129
99372784
426239735
349728091
322812379
611924361
609659625
360896573
690708465
217149108
711247443
556480941
213458783
686933945
581089533
856312983
53172123
666747468
475936929
609865085
527087135
155051597
376220957
560974466
806366070
280364143
722961020
362430498
20361054
314686285
944962740
151464668
412318097
361299500
307576839
759857849
700851216
445983899
590029260
41589760
898159123
4238271
138559721
110686404
267810815
191339222
267821773
102414269
219270407
101514953
560450401
810551669
373551295
504231566
832308945
635531777
816802150
204510703
802559970
570869463
530109594
385399869
113146811
473620171
412337919
862588165
74583986
769179730
225646712
421242259
318012810
473141044
914959517
706943289
140670295
728572074
542429375
73011378
852673404
939152363
200960608
359251209
420189047
875251527
610829641
222240115
927874557
234776708
189916333
481201773
125534557
495285179
702312384
20106192
703323705
221898546
810253838
878018208
298132953
161333861
800848313
593896065
508539053
443961168
856879073
203392082
212055290
322567936
770342634
440459822
11597486
615740946
462320105
823359320
425603395
113695252
146265094
127869839
562806254
524653790
803795411
408434649
68271174
498018367
942569278
235616808
441809021
640741157
141023026
65498586
759179096
572768652
273247670
924666175
172588528
744158564
811021111
651920282
609356053
630793909
595524677
541300235
624663743
662493874
512587995
804632567
876794119
686916908
285768688
263532472
353567722
899183410
228710521
358135183
586647298
145908814
37625802
701882404
657146158
313624216
502001299
943769905
572289763
197620839
251550012
43270055
641889713
676697500
414060318
577389111
289115347
594668823
478165992
634714817
86670640
629244087
640957345
706742184
697762435
748192842
531762409
714479223
302334584
925615450
817075372
749101098
803957650
535496551
643479902
34550265
559840052
211390888
138710248
13203922
325778746
677629529
664957968
643421294
381686860
205594180
502446743
870226738
6420846
170845321
68427215
201681631
307899561
410373330
541903580
679550653
588175997
654658568
875452618
719521516
38843638
24116560
566066592
296954103
541730752
599508931
694588412
637949199
514939058
753814485
97942997
10638671
720881805
674359259
851389809
724226103
465408919
565370944
162145470
84683816
349238852
110799375
371763375
528607273
333671585
501456238
694595263
660027934
264475170
677655546
571154599
340896385
895481298
410098544
104559095
832201651
718145610
185699837
430972816
836768230
327048098
19218265
471105246
442411930
699345276
624882415
846616396
264474192
125828174
687540326
126072507
786094545
229174623
449309703
85348356
320193471
302902469
566537755
52750936
938668625
544675524
688961130
865707265
69736612
106933641
511293020
189292533
768453141
580300095
584934523
267014378
74422981
656700464
594323779
873734675
332923119
504556149
698300671
303762985
14329523
648369267
925913581
106255897
681971202
714363872
60157669
709391115
87909768
906371739
255324885
489353186
739178630
59420878
495821152
192993221
327219671
94920660
589307068
689638115
585093432
820225395
83735791 177061758 728654375 399043610 947137889
1000
847917532
223909348
892160313
622238088
14421249
35960789
566886367
151791579
706918723
113074324
728960962
544907911
331834344
596702523
19387229
530527473
628679459
605903244
197846568
377720252
84901388
350884672
738780889
207614261
415182112
203876123
111229187
249927696
321586980
70593471
5114386
860215316
690027753
268668183
164135975
418663517
746800770
192017689
817025950
534979913
357974149
270851349
534639335
445915159
475645761
198436936
170203495
275423351
12585081
685845165
597053944
489933289
199565583
285982294
456861292
420759231
765983966
64889716
481548098
623877692
700597573
53543104
518882014
803578068
152367631
781360939
233371433
764427324
510758486
596193913
79047863
15030388
839121671
482727481
209380675
256609694
312677270
399330293
444672855
821984644
366583689
900815480
349458934
607363423
80413335
218835615
36256434
326114754
206314560
683019487
916774760
366410410
682089221
250961655
816810245
635507955
306556886
18319576
437715377
135308153
559140014
288673263
716034885
225433526
262604176
136745582
913802911
670173328
785273015
54311665
815581471
53173097
128469860
431897304
512917060
676816749
918947999
246107985
234572288
222938001
748756724
921384691
487024401
377480637
891155788
201024734
842336113
783303237
169473539
661390012
511928316
772017071
225308711
91069712
389455918
298588173
77666685
103628303
872660342
86091279
459201270
532617711
758511255
143927748
705292056
871968869
458566666
715046015
884493963
227317059
626753672
650264513
312844804
930524163
558943602
275098589
516633410
453169436
658404424
903050284
913202563
752545928
130606687
864560583
883167331
21819764
893740168
15419838
330189032
188093341
667384
123015400
438194732
422148993
747438222
793577603
85741303
81471753
763553765
912731843
95849741
611731078
678493362
578299932
133484576
893354935
840627848
615952796
773364
208747623
789457301
868953852
871141644
313019141
376543800
858483707
285842619
766843354
830718276
592525619
342933491
617018664
499862638
98383290
290147257
799644077
66510005
452699198
322693076
822995001
104175715
798126025
768072934
377957430
842716768
269655182
297150336
802047525
719757245
663022075
249441267
56997596
209035775
378645290
814913234
187170001
678205739
556346463
268212051
101751841
195275670
826389237
419623591
867056161
432693818
120942897
893116114
12395764
656194186
774140069
271722934
569298342
313332129
380673077
137695957
427811940
853690074
533711210
156977360
799591678
871515903
490467973
269194241
570406526
821607282
831528387
355901620
539214196
281673183
545223996
470604015
868658243
495919168
760824339
7846083
781349166
83559472
147865050
427621806
386322091
896548405
398560248
491532869
744899956
53645423
586783151
429109606
601588014
722917018
600952041
317395513
906530113
622761681
726872828
861956890
409570975
177262815
159513417
817892581
536481373
704663155
396459911
92037321
199891562
143492092
463856122
381990605
363931117
128520246
374812815
292048681
796500529
481856885
23716215
389174292
883094235
493067521
514314114
558200233
826259084
931103683
431480661
539961507
863784478
870445693
415201776
572579377
891074547
221702843
229994297
610122263
881915787
861031737
189659236
624931009
773361963
169227510
246747329
493972197
880786354
52384854
525029106
592109897
240147045
145921329
446084969
233014235
232418793
779773731
477783056
550874013
600818408
652839767
421515150
383007575
133829763
525453037
602714686
384678535
802536634
219576865
164906683
160474108
775642082
276414619
212041855
839420211
1380771
379072548
399684087
437027364
351710209
597731926
939426324
416295792
83285902
370272851
208069523
574833962
743562669
733302273
171101552
665601204
113577570
62738386
402959871
810684587
240704607
734360669
464848416
78118844
680906873
706771864
276050219
887569806
459132279
266081144
546208290
283675138
505169252
324490521
560156858
574991534
844193770
898714223
218515790
121585571
636306173
468079097
474344901
327199720
487736182
753478575
484046853
9287571
605369722
860220949
927271125
243965169
847666107
479899511
141595415
338642936
553449233
438268869
746077327
500296224
762982158
150085633
374712761
565209680
57316634
30183591
786469465
424611322
327766680
416093481
769755785
618882681
188693886
666994448
819682181
453719776
3074879
715327286
141245363
248464201
858908291
666505051
505720604
719857175
871631185
292715723
27686674
468318288
756362334
707784040
329281529
548269293
753097701
684769060
181362648
679169481
313047382
419594455
361581985
31307853
373814409
833542950
936925519
652586774
235816816
191797320
119147992
492273637
812061074
813572806
263564664
556432880
241112787
909659930
299212771
733640505
753655353
534945760
36327608
526071663
677033355
312018370
429820781
631169550
224463437
107638501
298163133
899079134
749977859
373902946
41742352
200464359
220998414
844634933
497436316
87318115
257469359
778080202
180310583
180721426
719179375
140645050
717409112
346414082
17592730
730835350
469532732
377573169
840529092
198035539
498063986
526479075
330286757
620765417
801972384
625750531
563361615
781625489
821655589
401243474
857930435
153966058
214850404
467237782
547563413
245182827
190451364
295363097
273620221
586802237
273924368
928560030
497197771
747108020
427191038
311442582
135532217
137208484
516074011
136405714
516174291
138732806
67457013
59887888
701235708
398107514
454789176
640114360
425656230
573655153
508081923
885044499
535212134
704981401
450729314
140016217
621403120
260002504
762589008
415586370
493614781
401196901
352222711
35801222
839143088
367490060
219623529
804425831
117098805
8943809
130800797
757173232
178292320
612862159
464632756
780913869
902747614
694166157
832964732
144103408
871161010
465689577
744629733
486151024
237109073
746130647
156778670
43125349
135930973
548910247
844893933
837493090
164721524
444850960
184314265
383219396
733078543
531628804
537905177
906403873
299586478
721207235
675613475
772580190
184241379
196703005
492817755
229900823
307993026
853496642
95105196
660411253
511870209
935341597
872877633
241810143
254755338
853807539
103767317
552590738
662789106
140487768
749886633
576731794
511041496
234239725
347227485
414280029
42774605
202744988
868908997
583597628
645039273
503967826
536012240
43613550
836811269
472802270
486210186
7930548
819038700
206052932
342339498
418478346
422332295
3036808
582670884
405157916
917654675
906642794
622777280
157296342
223531837
867383757
232804156
899038778
520741843
681890977
700685589
705542687
248388424
301821176
90033758
540515595
677874891
385156359
437051043
591872298
530111419
873112925
808001858
448822842
853764950
206703052
821647007
865058462
753100707
367288007
25283413
616689457
682284258
654621219
339619796
464846276
351792443
718471197
502018773
434007892
584061848
538873432
461812439
335427508
741294098
731570665
589207252
379703490
192364983
767931315
53883603
129491600
803083897
147954937
534071727
753501702
946631388
338788323
368741438
823260287
889761366
45025960
854327728
254343460
501777383
662970294
495738248
858441333
526008216
491000663
20823551
74335888
940431434
713237774
800612530
462065577
871271838
826567159
68668525
577111420
945576118
246707068
443428569
32357870
511320787
120089716
683116472
418947825
132704908
443148235
759465022
239060119
925888782
198808676
667755936
654272743
402851306
174936345
315147667
3772381
62746907
521490983
422133024
193434090
183045383
1332688
596891093
788662927
64784119
459443507
775279655
54077472
119795725
519151409
539080417
802269730
548528410
763671686
310143006
6786831
64072556
715985356
716943463
382542641
751119779
520412883
794465321
659136225
508070034
425460703
455559701
452892266
21956598
823647749
760117623
228380018
667995859
820914803
36899222
446981134
591318053
479459715
593135555
553795915
258111658
559026728
11535114
97252761
638935441
262273620
208120465
562235547
628155639
94209296
531014645
674760511
90203086
269882047
798412073
621405196
271838108
691030400
640940911
169733693
585425631
463996411
483007444
915744623
48747149
222432001
649669233
466425305
65673708
505661929
654040632
563812348
592606512
539098255
62049182
267376203
224159102
471565354
574851857
752334695
719874065
80737892
824815218
608988655
830333782
358357535
899295779
576236430
581702642
710348373
266824166
110362839
410202004
358866727
279797589
584732137
636110846
782888242
549690657
416689298
442434268
648732193
357733264
840291404
597089555
743140885
581609937
257013638
524527335
390249001
435315477
572291213
939142811
679112795
385124343
385782527
859293477
285659204
933931548
842921800
37098316
305903173
332338818
228983624
142269123
578316455
661487116
725284679
376163316
813042481
271803376
466920819
239823302
688426591
509856850
201969206
83582980
362577353
587994070
666703323
303665317
520470422
581440996
590724190
898552708
209426169
584864065
881834299
552784014
277248494
415127702
263864481
506228483
676077260
508078531
490338800
18742930
120173422
437996795
773536543
594480837
268361755
890181619
65695919
236382373
612321667
460454357
687068444
930052509
568484315
913559580
495676617
350156259
363376144
929903220
38463917
444494806
710734303
538415562
476832461
339006499
297508821
117639033
365776423
845922612
69864440
182287248
432290708
26042294
47001810
885637890
273967090
499320104
879987492
946386243
564722141
763490250
203070776
700629311
873189788
427207594
586537683
200293173
293785812
680024825
371157374
466278867
260253058
822667181
346162673
921106265
821799486
749529648
195940050
150266262
738412795
382712913
583552843
164752262
580059805
65068755
90672161
203503276
28465053
890079520
189113604
703459880
454386093
879824949
419710096
542350408
859964697
703055966
49865498
695371073
941361843
294374819
111313743
312476532
151641513
405881437
660710627
98472859
290389452
629347662
657589768
231309168
516646883
823960302
812499988
609050393
