4
561396948 219305369 771647124 878222541 930004919
1000
223225664
515369054
476338121
802777668
80054970
627387079
809180414
234891900
181390153
443319947
557200275
465143424
691253818
203891665
898422855
65065001
656013829
7015924
253022790
609990010
27004687
435936951
154421581
283864250
279981448
420646173
375619296
742381813
696467686
846781123
696106925
25914084
321292577
190589388
48416670
658505728
713519052
603772276
203859331
852262323
25504890
562445478
883738886
864769575
398846647
442925895
133061693
559406268
921583907
464785864
388799787
652599959
200481219
203039743
731218111
194889629
449197464
759341022
46334435
116255588
373830037
387703715
374082254
263048003
409623133
544319983
741483347
854772029
460619114
62394239
353069632
367569899
489195839
408803942
799975504
63356710
878632816
773635841
918947745
546398904
920725725
800050041
442797471
512082060
598001123
390416941
69360895
739371858
204195042
835299429
480131637
780412109
522807528
641761712
189838014
110051572
131684148
172352631
330849727
136378276
60503972
81083024
843434508
4169508
83106408
759736468
395316297
65431807
713446724
50402680
857959461
557566350
90857450
205152696
426042978
456770700
537136398
897734672
807201159
612773704
347834824
109097873
22721446
403771510
60645413
381353954
25159358
290442054
479997055
536123804
6260474
565782172
240897328
41797189
835693111
348899102
907501139
645837342
489802978
457470225
878742611
295942965
771738432
723835045
625115482
925256940
66779525
857238588
182389964
287746280
861743654
348287415
611166497
22431667
651160478
838134657
397498038
831119898
396290805
725015186
144001796
781477183
274220
186700821
809035920
286390152
909253954
864656402
303977562
674613854
713979482
411822613
51888318
295051135
235657267
133847781
802186662
68931005
67097367
139590350
59194213
209813621
544702892
241797735
462229621
317007961
752321630
673458773
675273570
668476262
650789291
42551566
460906654
849489863
800131549
565346927
142972619
849064672
543989204
638433359
595823828
463105155
435959801
81586993
410140860
110900967
195323596
824025094
643693028
867905460
565080752
201702209
562773546
866730176
897283065
561310577
732932509
164155461
393816533
728651082
554148162
239985392
847599600
294600340
898143098
173834132
546458830
2282099
394963361
456715405
202449125
343335901
876242601
240996054
506240488
689785359
333262621
656403259
716626757
389183137
143921790
631461119
816248616
827142989
656844170
572957616
100108070
651794116
609219495
388821406
111408835
488395441
470978181
198533312
71898716
661635571
747722521
227856518
852965830
779906487
543306923
754749504
160386053
34738933
793161049
921241341
365873278
725961254
674545537
460890725
726158669
875777964
416649275
150473224
415400063
320852394
57451845
428859477
286514986
660760456
509744062
450581436
614059344
607786864
324039675
662827460
917968648
485192044
142907124
373565814
153485141
267714230
409878536
740782839
778057621
35933709
445413733
225049074
94546179
404179911
110693121
772739956
249420413
790878081
720568580
859209911
85755326
855648801
613550547
53733903
391043989
898955117
909348231
420715168
881685525
880808409
835522348
248875270
293430307
98246909
462874234
432458083
189256051
122431565
144862720
897821964
56888964
165712511
656222772
253855004
567904383
182828872
345732644
781860561
699493011
820353816
656466456
922609194
140769332
836738785
449155525
536549519
303253880
582731340
230091131
154870625
602195793
657150228
607349952
663477357
234788814
249090224
148160940
837387301
887947601
40204725
224283771
557772271
371711762
396210386
172004614
854273948
351230250
194123651
400950474
537232834
763789137
131472111
757376207
169428147
567788242
450677882
394483970
909075628
837152129
844188140
37989139
687276879
711788404
623344767
347545272
571711241
591804655
253112868
121277384
460393740
282549022
624398959
694387457
575147518
678487695
898740327
125966739
326327521
558839197
870839599
26080395
921320505
307559431
587478416
888926897
416461569
798337814
315394061
435813858
667704534
493736290
245094277
412685230
413630850
787994014
82429084
430427019
927570242
507031712
110768066
367006480
630961737
809585362
20439818
922583483
560041187
78062844
259095621
56702964
148217418
668435559
809220901
846415367
153497741
4409843
154992570
438625454
496711500
566490434
869541160
316721941
392229837
424638875
726360271
178350436
710039514
609332992
822895514
289017985
592987761
863764200
916954801
73304515
147135603
884994742
665496567
401520192
297090013
497248151
435494908
334418344
93323178
903022672
668036179
774263479
524369494
779357439
306191109
211705063
233054461
613788581
263642517
228169412
319843442
121581530
151300515
887033750
433258824
179793169
604478057
127126922
130255653
394235031
228593760
339880290
718303410
9587008
332093492
918142184
27260244
451433259
177825868
69517167
37709022
607467865
178623955
80715090
454912013
868211625
866559810
259306059
831180354
683740847
85068635
151375382
519503044
169582961
358418015
148180371
89423851
771565145
886919906
71738943
175105190
419771286
474845522
298759211
165401686
146394946
393946307
679295604
589664273
514336677
439856493
369623865
483074320
32052345
477684972
754155081
192318985
204401116
95027936
704522226
220796765
485878937
875534099
533416955
202741459
470579471
8268478
907858323
320011188
137630736
785523299
570052327
100076997
885136323
426971468
820748368
202732880
94987443
917952731
551232555
63753731
886707670
693344296
908368311
497873303
221904047
703911359
68883122
251924818
728277981
152790287
115546461
428365773
811913170
81439404
695800987
29389599
396525588
218129893
560117406
752958233
298908623
544192974
333614698
464024040
538014160
898963736
417455360
912031823
627750212
27231964
512037949
695801346
753627647
34413212
60747240
613912235
764380374
615598530
65210767
479049808
608486374
5820751
160206026
318534339
181076226
61969237
331599799
587923177
420505336
364031221
33023213
758433212
118837333
773983843
328461225
451730089
9423805
670952997
733906964
928949403
537586467
230315695
412670026
474701390
398052495
361409505
324262804
731511052
148597891
870740911
613705215
255009484
343604478
889064168
662911083
184438294
630049209
520715537
859332126
853580944
405192836
223207935
448524718
629727772
330488978
445323832
410442610
488562543
461220000
32796867
922202850
156626500
185866842
672507803
456293986
91719519
817247503
435206448
551051436
92597211
602427312
688327173
165554634
897224437
654434285
297534371
798303792
99145094
341254016
275420357
154216000
682477636
390027023
804625178
804792987
116377921
671823334
404091519
278760511
831331171
13724195
623985106
719304236
824156971
370127673
431424336
320548030
386784166
163661533
95534423
864312510
321152655
649011212
744373893
833353025
333965387
349421211
688216751
342427191
740458027
725423557
867095315
316160365
767092813
757452817
822050287
38756324
520575956
905010570
312819263
888571800
273013796
821295173
681039995
889596369
94073998
909133974
7091670
628192653
166766746
824813883
688571120
419011396
587703496
850351351
344341541
926382307
781223950
800834561
368622589
896357154
25098053
754942922
266012242
815972286
318161116
61646107
759001516
126603791
215756140
215517709
418515416
17687059
695399570
738181006
603485117
777388129
739961504
105986171
29106014
336618519
685299771
364565456
465198027
7317197
346498398
867483546
160588575
278318592
688753686
773250974
871101043
531413048
520683837
431250679
277650306
851420634
450052744
411811811
78632883
729693582
829284073
234523511
845446643
285133066
129189261
713522295
100498792
482232685
393608302
8367351
809246958
327639125
907774914
926208661
769600622
43826298
62852090
160073251
820386458
522870464
417133852
722372930
98988979
44569305
240750538
640183946
58779203
192616185
427948905
765923819
520542675
380306224
346212355
436784200
96873278
446296564
871363773
448569447
808288532
487030444
825802874
519426106
176991056
453141822
76410806
753316384
373698011
696799433
49656971
141025844
337975015
126501868
478584759
223619493
48064940
586873446
300032732
201983901
468021102
172919947
300912719
188309411
814390093
909911125
267454978
614465057
171497443
795882193
655291747
562083518
861989842
148954726
129869730
625141772
162920916
920680410
492431847
562799379
545830729
459533308
68243969
372091669
540202468
340357067
322242072
786119720
585672198
881227109
244801636
928200487
885252082
68230889
254893515
891134337
411854199
721498430
157518167
408442120
287922130
126464057
138076606
523931380
65727777
691172043
184982697
594050494
119284912
324204937
600106325
753920653
241339048
801085458
306105045
792332564
689207611
86616085
155194669
279313650
368725114
391590384
7437105
145639856
243015191
882539210
193364308
393238951
121185179
605735218
499792153
442331088
642180841
171455885
98723006
316110057
243974753
519046244
283009684
121182527
828985038
738473515
755417720
804840078
802041272
400150220
665225093
834278483
582007299
111720570
376562808
800792859
722016110
840360318
758435387
785048697
907491366
434236526
854412162
470012396
625058144
417169569
840001777
673577550
177290818
136620460
405787019
256334582
481874818
754952144
917619780
921755439
408236053
558077889
239145745
27238255
362841186
127428320
72987211
271408017
405297141
234163827
330605304
213677779
767502661
204777720
47678098
516686721
326151629
413992877
797838646
755870528
169815198
430269627
905788341
486059940
31538860
324455894
679713870
467407762
217850981
97523359
664669370
628909358
449973382
391323362
604732399
536846735
353190581
856440216
293277526
506843806
477991935
878493606
573007422
230051763
94693420
431811157
10410966
542748312
32134606
244363680
103575094
48352643
691198542
889354081
768749623
370184064
80997935
748697363
267634422
268942733
291431249
474195585
651107597
412942901
77369495
233464878
666203330
16497486
741062985
249742324358595447 185871338 834124669 658164983 930004919
1000
258832696
48365994
793936788
75645285
791251896
35048614
541821544
868294750
658816180
126501310
343216199
38578681
438608366
838893109
604611164
474936540
276833507
617394584
470312030
711315983
303237982
677747515
385811538
925822478
375501403
906226132
13181295
477649842
623310068
64015854
323409976
737802848
268244632
611669728
787848014
920695224
604645927
655890460
680694748
828426583
737366455
760184784
24412529
491478365
199662498
624475104
814303321
785605632
399844166
322727994
418091036
17099416
465965779
779762600
518625638
661431121
613036993
380936842
830026101
265376372
471694951
142160441
77832007
857891957
501819885
248107357
688699177
33280198
160352771
196282344
638981888
66799835
233830216
441430385
812606948
780902181
467372292
130486403
574805296
730339407
638672157
903278875
392767076
516636596
189200414
261911021
310022051
558476343
235887892
427982135
169976341
363994721
640226800
137249012
440520750
725379302
321439343
828401706
845235789
80911632
655202077
299903029
155201142
646268883
422116773
648316010
542644761
416462087
495558123
440572764
182869737
452823938
500251778
642095339
26436909
836440931
857534278
896090648
861524874
177580168
221342508
761209979
185877263
666898993
354151493
539297693
799240247
305635466
63427223
460708518
463329107
414718653
103167467
564846096
653001038
745781598
796173464
180975233
8432431
928043069
924126863
167386366
181272178
361969391
678142021
414332611
310202311
287158134
159932692
296423419
874645618
401479164
19470754
228182486
217106233
668403044
462373696
155780422
380171393
804789402
802595524
344062153
152395730
459381949
298811415
475246658
893824358
49254852
360141168
39679656
312113766
434064286
775579000
546146294
636935325
818832232
858069404
613701889
430740475
929911764
672959566
215599541
904804251
596726684
667453412
747770009
113462709
544098251
596284152
682414286
641175797
95406788
660871734
28724339
466472114
21752225
472384073
498654468
544844280
186292853
597366742
681395575
59802550
574262522
670321286
610168045
614358465
586806333
288638737
204460407
825013167
487199381
762203302
923315015
914469117
285450079
342684916
263947282
913976634
1152709
127860581
363253157
279588297
236023322
495229653
692359117
707201915
511197015
550090767
186219909
301005779
555643034
459547336
188069012
494654936
784206778
116920418
133952756
738277606
14044356
819763483
690313997
241357629
707297537
116687547
163323423
720989929
562777021
900090698
920329212
855058968
469654402
259720631
803237892
690459751
808674219
371133554
867193310
23834494
40422617
365807779
53704582
578416671
863251882
395951176
630038993
526633555
262243029
430383987
701275170
104885765
336512407
299040962
153409921
784742380
792079937
429370134
760632191
529659909
614191615
457853244
727559740
810755720
564535450
542221415
755541633
498277462
596312703
33745492
415105622
804926113
193177479
164603060
742209021
663855748
497305533
310271981
414275301
500091167
763705683
698442106
553192760
835039748
85006557
801886950
260175613
894865813
613258211
30294941
456200519
107353635
8225164
432535684
535568643
208259832
530892254
210869500
283902430
275443895
532917663
394033307
843500965
608826054
670807911
440854962
222460972
337975755
518369083
619187888
853196472
577630076
777062476
487519981
775921764
440639989
484825638
794899032
373834368
298773358
692762874
111495658
354787053
724951323
380425508
366572697
905805178
195072466
152067653
58929470
445812146
75986856
113411570
727654199
418785932
872988669
707737595
570896046
48440482
776352083
764286181
625250535
669949090
41593411
927493593
8063062
561929224
752897760
438261754
140825999
157140890
634733545
707648747
583899124
830913307
216656467
441636247
440954555
859818040
608486341
343645567
94057453
902286286
256323187
420909520
589976280
321406170
778325580
157486618
274075646
134292655
537915756
490660234
633033964
903693676
313463546
401371688
651255956
37476827
431797315
863731346
702546595
658124628
223566285
493119479
880445756
204208560
205417957
532073973
821872443
147252918
835041234
513283252
99149746
828089521
321062263
629275793
293522775
810341559
204078013
692890852
229380060
893965932
900766598
577093066
599939622
236419621
345759628
610512571
917405887
558777694
43806624
91348613
780364837
888384988
465741051
148309287
455435552
50606620
86208728
37867239
78198071
374649434
881782016
706240981
429418220
280768411
885749597
833895158
578276963
71592788
496503951
119667889
25498671
102655176
538512898
725228981
893426790
644303765
120126446
88290114
89818360
867641079
655745534
836776907
505810531
198527084
617335345
51276938
915239098
432301831
221850996
548650532
687736321
130431038
452845695
710184585
312358315
867240660
73227291
475550013
473188445
925259599
566574042
600307730
459758632
237666211
817174743
692793532
252163802
639994997
477281570
480375107
392013998
744676216
427746053
677788621
697868431
139454772
277205737
186791873
2645561
441524970
210395138
243737348
25865953
328242721
584466615
12679088
550647775
274767188
244726931
572831505
295482379
887948426
918436991
565949246
314883182
716865405
309658981
798574350
324588900
479562019
691217854
465365152
628027825
874089624
793193942
393605321
51884313
747425138
577056995
518325578
748293253
837270628
571362201
569970976
730506701
763370580
533194064
165769483
676849593
652211532
661724764
86243951
751747871
813383340
766473885
406104501
579246913
69312462
15521173
3472531
904642571
464600329
556412684
571882320
411610937
13552224
913763231
522578529
664408135
163576688
659670045
320467895
611800431
509365941
879300841
739651983
822065815
188578965
333320459
789078776
42888928
754819699
627551719
141162608
723142064
310322710
227499708
203867624
687596305
4640439
1154189
529803667
581873744
492009079
910958196
660643155
186027415
635170518
297917706
47768396
699327195
374327461
582946889
245778391
609449894
882569173
553292898
664956745
337518398
337267118
143468983
509862753
835986628
371417369
778426394
773693117
446185695
204780438
377151628
859326182
854930822
139018991
413936375
539681671
763584457
598196291
876934796
536275930
22879057
740178068
618843399
880257955
105901884
231515273
294406757
725852699
278985578
490645757
190322869
110186334
695329290
458520014
800929620
495500885
771394158
900544775
316675967
473621813
779507146
4574790
237245733
185995575
423821313
306423559
885737195
239144902
790720024
369058551
72759542
600827036
491480697
880892673
313666292
454350541
277242258
412110117
478743452
357397425
104070115
54623404
773022945
556716334
54768204
182454445
370650099
635057213
257260348
790133652
119584053
111181009
881416483
360204581
274269080
80738267
8050257
640107637
716269383
530870032
899471972
874099202
253711097
296324585
620318655
177403118
279650683
13686953
243774101
392154944
509677939
126628899
172403394
545797058
263330998
118304042
791742354
309455916
742794642
7125711
423759576
400694096
555141165
477240535
4578985
12475996
632555436
520170586
705672590
39885747
662453429
92879757
458494310
229470068
57207654
113918137
383133001
708424545
542449963
80169298
241642638
140724602
3000116
486873280
430593078
797246936
69627884
905641281
910286286
803669722
51917459
568716509
103717881
327978299
527016045
178729041
861754596
221857897
816833873
661673189
111091393
348810128
91737212
895003358
633808156
767928941
327726875
638087628
377303545
340384788
537425300
459387365
923998988
793425475
489786134
689637817
697906503
699177052
401146692
830190907
203349432
261217543
139930533
197214102
272566672
407888581
300018215
479401102
456890157
523685062
757947624
881482547
371211601
910526564
29824996
245804794
893259840
669886630
317937730
136849267
513104414
255436486
382107535
335821116
769796559
849441515
879058905
786866340
492561029
156806232
364539396
244139425
557822494
644813731
352977977
346204659
634668324
513341799
640993082
105260310
644310187
390911306
672764632
625778588
39060437
604740184
554014821
639968641
818228609
515888478
910307706
393914821
541668440
226701328
373878386
181138638
323571984
139425147
628042645
922767307
240851273
417781475
24798286
177126546
365832762
174066447
742704510
867017555
455004620
870937312
728556087
871915610
136402062
128216566
45366073
233182673
381352320
157139595
188788832
113653323
471186720
339111365
68876820
806683467
571578640
215825528
831002679
568633203
322271437
4981642
754870051
723749877
363342002
734908686
258519730
281412454
181994379
207875114
445273396
606268333
814885379
13066160
148598452
119976193
825865110
104432752
363373419
854878312
102550567
682648637
929097492
591221313
255324
128052236
175185030
317734299
294333029
899894000
706118118
394769531
871924064
560047849
189558586
505002266
735739944
125431343
863715150
167865941
171639825
351143748
303057123
454695596
433924798
320896296
88890571
889938387
577366644
127212706
578546767
661121547
48270860
731135086
370320761
58407234
369403796
864415193
107168554
641742311
36640503
846766863
52132429
901155719
512055152
542016974
919820250
18194235
323336587
49274576
690990716
287180496
95068645
396692389
221011779
537213229
431278655
86875039
861925115
720939144
88780591
317515668
680478179
685248034
259116262
299270895
890007567
109579950
709028651
333580462
232768463
557168670
282917350
568820694
557033726
526496942
509195878
786453443
833993179
115011751
881773428
222036553
553035499
75310269
78546334
495077942
897606029
463817218
737053861
624310973
861040701
397831777
572885879
284513356
372833193
915477251
672859941
350108182
327624919
440828573
709684966
309553299
755558549
429439376
655264915
45427019
901393016
73832432
240520017
874786623
414332302
456385278
812025762
521807200
670637163
605342502
656578676
801345325
299955808
24397426
732655184
599684018
145603495
307375069
450195076
108544724
565798961
541714384
196869602
210054277
410702664
809613096
616919759718358251 344317203 827172447 55206371 930004919
1000
616700280
681549515
457688086
279099465
502427818
624266058
6001768
713262453
803713719
680734333
151608587
371140855
694382573
435793284
44574869
794528384
598800590
705605683
192146916
644768958
695900114
636726721
2902176
79623563
577376620
697645970
867528782
695774276
840977265
841908958
616624767
629724515
235835324
35382743
743803030
867872542
599126637
670847367
556295086
818052229
43088869
21766240
299157506
849016543
2480763
861224834
552917403
256246590
379655242
500209848
446886078
798021310
876606497
706217419
126122547
247860906
876649449
853533134
94797119
28802672
56253627
597557640
54551387
416266416
375852592
41955893
233777882
915670320
768045062
257548757
340023951
124875899
280167322
516479724
438398189
820471125
260394304
712988512
86010973
276225489
888922197
736758383
155478291
365489971
745704118
723149318
584465577
841500287
267785078
227698050
446790931
591605096
869461428
159726611
902451282
771439785
325232978
378808804
389970833
63619552
344803079
502985853
281681243
640065398
112653318
798779481
529738011
463396984
651569661
53837048
87793818
86167313
237336703
234392326
462901372
631906518
663569931
615049978
36707155
305949160
141741138
194123904
367590715
494812230
559454532
686583376
693635556
524015920
332114988
672067076
449021300
199838109
799106296
181484294
746228690
228087198
825501314
694900776
309560492
855648800
523570145
373145066
336028474
271858942
195419481
615245303
266273992
72643357
444975879
866875952
449693672
635841823
713903157
695707991
130600734
824781201
482132092
624846550
839731938
142228932
916211957
888675950
822049082
476813935
665845527
33463312
295726341
41081771
805573237
682372688
425944729
924629582
242747909
491726348
760311077
166880937
244252353
544095825
374056776
27492346
855680522
637298095
917892696
99294107
417248096
455656632
356095892
78253113
545401611
441987461
517207467
778855125
421779230
749691577
195954859
898085318
675095054
283482939
824953835
220472502
516893719
227634721
480262264
882397689
625907415
36721440
225923804
85409417
814376217
499908045
898531346
528590220
201713412
343525167
36414324
44952948
207111930
162321242
667393181
603118702
672694457
623704365
697037719
379476060
897591429
790101157
308035079
642556611
64198204
31614048
821722012
450212950
420066904
599095355
902993979
461326753
114200969
239742397
797668702
320086542
920407697
479655345
568499088
248133628
285750470
523661832
548976163
778905082
46942163
746727157
296214026
728321833
416832775
532347967
109784599
549352304
759867284
730354874
312341550
848425253
126005073
658068798
579302184
636779955
648703217
896709486
783351970
337193566
571744314
199526659
643707163
576892313
760060231
853363679
80259593
468543208
823859567
577546042
484057645
726282534
716797211
247616113
721294074
804087745
516183635
245096714
913445002
693207377
642264050
852333504
892946961
900125692
629094006
836225109
174048320
157231237
117974617
722288051
667186035
878474872
681466875
813953410
660494963
768429008
758122877
273673262
749293437
55079570
212861767
499214934
603746842
795611855
859560939
149442150
783069525
212941918
838423575
762040422
547493544
422317751
210687319
123958944
784060871
286548289
128298610
64508782
246680363
453948813
591932440
427234761
730462408
262498488
350529234
698840603
293888167
328111589
632679082
843286551
812216653
137467025
565456318
178537619
449052906
799170093
409434130
206423773
96997411
87170912
493050955
796745315
333828297
268593731
643692884
508258889
501540216
162054074
580896693
319989215
716385353
234317322
373897839
664147993
119569224
619299349
296775209
706109389
78134110
833479127
146157606
94073296
460912888
227774613
636671741
805321490
779374182
394679433
640138776
211275157
547739557
239748096
690878893
354263594
364131166
291556635
603693376
549373795
460596476
795020193
356561711
244398842
733994834
137785660
813367260
226631161
329640027
22442960
737941151
368430136
562472768
495950399
532985890
250056331
509207606
764114079
612402795
512236073
702776613
156699426
227226437
133250646
429131370
406824797
836211119
372690593
181750421
24279465
726689171
245702103
929260892
720261534
586309872
374999598
203871463
224135315
733215209
252264259
235406354
419368415
137456604
571862613
38571822
578011243
765766212
493954567
701705679
602936622
677201832
892470522
720725703
267296408
73558801
779509080
345087514
111419719
429632272
864227146
504169976
726527517
546892525
211306532
172789343
790582631
367391289
12147836
11717199
611278504
493726949
895343310
596003891
518948788
646990937
884693434
915082702
280555813
99556310
570046125
537173740
909103842
450591876
350448940
777169389
71616123
768099301
4448756
734660517
570544598
449751848
652660517
789802703
500027349
440079991
213101690
95626365
345991942
56518521
428286250
371405002
253218913
147736265
394233194
243635616
220359734
912870373
227317481
421070962
110592260
607728840
885051211
54863580
884098427
707845360
614857687
759843261
229439291
381485472
328468753
278166612
532581875
324768847
643475200
358814376
83931739
573042848
473804649
453481975
377443794
812253376
153748258
479779496
278177713
135065604
357787656
329244425
810142429
696755600
637253538
620498865
393013273
132789616
325227627
442634375
696107330
542871067
565432796
892005641
650762145
309017059
266521911
379974726
146319197
487523526
69119813
177742909
721193574
177939544
772869713
208243707
545964443
301828647
782238699
364963082
389955829
233846813
806390383
920974044
639272882
99454602
233282547
886312092
841140699
827561632
876741436
71352477
445943158
551750437
796290545
528694009
509426236
720624420
13010071
132528563
397665372
674652620
40318947
218107645
762117502
471638967
371738131
410414555
230535793
408174469
709490710
8403950
14405391
165607783
756300039
475850531
559682675
466210772
878178278
466967649
449482081
357747871
703384367
872950623
657539711
323984102
363266448
1957275
337154228
36904509
692685383
147379979
611399360
362497729
829814259
387831672
199347836
557195190
745439038
757632959
66709245
675859426
35439217
444157758
206965277
722417103
598831696
90590917
736737922
209595285
817771122
130032970
16154750
539039101
122577818
235154859
541674085
62716663
569583585
301637033
649956818
419235933
564849257
640537167
158027226
605299742
885072755
807117551
917917015
93317580
372220458
841621397
872060910
361279390
902265758
569944722
832524857
147574527
53266675
118340682
632982159
438676061
893466695
664837294
871261527
894207627
563103231
206111635
825495888
603912703
391837898
92879882
433569876
875244284
628660292
621388750
195424569
272397081
796472533
617774505
366872783
447515473
181308760
761655927
511368284
140173626
537598781
758196744
165253755
93427326
905721463
327563115
10731832
786206940
63963038
578245454
360146254
65769231
318967293
710135031
32272969
142920694
393251589
525967118
789095484
711545403
813181017
925108264
447752957
344790164
291421656
57459862
894115724
445736069
882681255
538202644
741128664
360652564
765355988
913266906
634987601
303915612
326185164
545088526
795956479
791927971
548300501
521195625
272356106
166878211
260803021
471643069
834462575
58199028
95736617
493026133
23827234
596172073
692643471
886194277
122281582
546306783
168123845
175598590
689322423
404877369
93879999
913009548
569976264
122897238
855752045
27527047
485593693
737662849
442830698
366974285
211921299
365626976
662414950
606003230
384794139
86363703
549389349
359060063
271118587
178740874
792018102
393149016
94487956
542708798
805210997
675245854
923373965
292974912
255660354
334741522
695025998
205962492
73915336
901388119
101210886
664187248
835350294
300915752
19496358
85247022
303085529
595380296
72239620
910972934
8001136
869576128
118228505
321933689
159140479
693917388
881524083
776026111
120101133
576370982
289026268
826684434
655370454
751316978
383236185
211278697
463564233
824635544
373640691
327614614
3577362
560784302
913601210
858377688
738969010
506100715
572115437
589667266
240146338
697808765
264942595
219748474
196801204
555579108
530582413
858094547
269761498
461653237
217114153
89041683
305771101
693140279
818528793
552569902
530833615
653082545
158901410
389821753
138385457
795780514
906438038
81095991
233695694
527036456
432739186
90575384
854754182
819486386
515137072
274815957
512519164
6913686
867577582
377396733
87329865
703362724
479815574
499752052
429405535
343491840
276963324
622067902
787697166
166146396
380901091
761492000
376575314
55354235
561971984
325678024
368344562
830971096
701437925
2701368
533210699
568072181
705633576
425229823
858094468
137486780
481853105
334724743
839529000
208568466
147813887
556892880
152374583
462751071
221375612
551395804
703795508
819876343
832366693
130014897
77149824
852963620
875977403
150190754
674147990
200608681
147344676
793580718
614478901
597652616
70639594
721770224
349019689
325135358
815797339
659784029
696237475
814561098
408906063
263805809
214501124
35937769
431828806
150299826
516602582
265500165
13618903
865830995
301036451
107912617
874038090
41589171
345916660
541366471
700931991
483487260
204734427
675021634
449594309
438177860
884759465
619994796
465847692
123477783
269691329
837144825
833739747
382758187
239126715
712319354
135016531
527858906
529499890
885774908
698960665
578202764
493389334
143177878
540540456
879715522
658657499
551134758
770262077
357842332
634774576
301241077
557258513
93210316
493187553
656063902
90878403
683442529
842722950
209163523
608163651
626134757
144100930
674425176
530113224
897122439
793705980
314489846
478561907
803759986
370044961
580548673
92278802
43305276
253091744
182463803
632669934
687501096
101483124
570406743
815608069
253543277
877325006
344286950
875998817
715523676
157355561
349427190
448670774
161316605
368166764
713649405
890758352
470202275
424130076
207266706
732335051
328758435
15378191
344853845
529700393
9367681991999138 105248609 295619271 103141969 930004919
1000
468012531
905753651
541127041
312884293
675725903
263480179
657093178
800806428
545746734
666131051
585553741
240828235
161111842
711540056
330698471
650334841
78094988
736666171
6503114
544610544
17931503
895928728
399293107
153274223
681702035
573479528
545097852
876719296
568819883
782047103
910387299
125384387
469676975
818453054
863486634
181102338
618488315
583626946
47096413
585842843
109136838
313520291
718586767
388122177
672493812
708922726
877820293
123282603
896097717
814290372
137664969
657443108
260778779
471125313
191356288
733379345
575022952
232586749
193802677
546467990
9141062
560627870
843092980
708584178
748407941
586743028
345940479
351140934
571094408
514412196
228406885
64459273
79800928
727096854
664450838
524705263
845172608
929157703
532710288
808248453
220304119
10560648
782322437
453866399
344240801
92981516
77832899
756087499
252641990
886657502
212723914
104800587
817462458
732317689
752194330
494369967
386002419
850244190
337736554
247932593
423985414
714419362
601193954
184417543
720053523
821759301
348280858
110936572
573204532
489817460
421760112
858581023
869618978
31870271
354911311
325638138
534721896
202390516
542594722
233543564
710057862
352751842
660088069
242150536
3099839
388862151
203877285
662971012
91344339
538551643
313677778
915669995
4762366
30673786
722246268
455419667
100477759
287242918
403203067
612067152
44695122
82069371
534968502
87120031
20659631
595029794
45883429
715948452
551230648
448620326
746022207
878146500
646450895
309996449
819376669
443423892
870863334
557688472
178740013
180168712
910228012
20625827
916247416
261844420
769584047
788117447
448325316
218399679
239618829
711703547
715476226
878143147
153462761
804542510
622968873
730797647
229262477
724947119
629478937
447603373
410273290
249054532
615153353
508811604
749380561
783647716
80933123
540439014
380101309
788154285
58682074
827266163
419291775
625963110
469423474
335768453
143039873
255755710
626929665
362005562
604857724
33229812
287123790
911218102
838211634
867689828
588507817
587143902
841620588
844699584
6543219
843040397
42871261
47341333
15726953
327143227
829732620
143749258
156891205
861735329
832685543
310173812
396031893
782721510
322807723
418543157
174560506
170924941
233219156
392630672
272271795
471000605
169445756
536434007
84291095
11858271
848676612
358111590
395108790
453738948
298603956
716166973
435545873
406348549
474384465
71150041
306627078
808188745
190252617
125207803
409450109
76193794
319101553
308632079
351416997
285424104
320127176
336503239
619573824
190096668
237717897
676171526
355300914
889887318
290235501
383412766
541728078
767590289
252511830
367007938
523479873
744720401
898277326
256241828
459410053
201315068
709539678
838010552
475323536
429205038
338844111
766628327
136374042
795290131
420710292
34734214
231800722
260319593
742868614
561160660
469417042
418721595
293423319
481984783
195708934
118230199
227983167
154150648
815093314
468136673
815626411
70826698
125018377
577367006
507527080
51883719
7532662
285319418
352610460
466142915
396698383
711142458
592371406
78166055
505225492
660426211
927393201
52952927
306053317
741409593
857127613
855422189
322667018
760205073
237260670
324443892
889314048
61546679
827832787
163248429
271160219
408189216
385616776
385774005
785155374
29612858
493063717
327520165
619135108
599220079
902452412
617244009
624243563
635268326
747762814
669554762
509477484
642226018
142302887
474472940
378897061
774523681
327356974
591515416
837920847
5458062
585536478
477549947
284467671
864420759
741817872
297099653
892775089
594084007
468838847
679252596
358480432
17172197
604818506
321406126
916874712
365340140
164170125
450270058
654672589
724663129
432197392
773283712
428160201
518758112
767149159
136976796
505397042
407734408
316173352
888097287
104092321
59319794
121377544
463647366
549110884
554666725
120546062
590397153
724426860
39938789
382749591
282053
16622000
549832896
335600784
754165963
385065297
408783760
24537415
5299319
486489380
795823547
465733403
811315217
783962995
550090982
119977895
884930527
927878900
190901790
89522931
759386209
634659440
496549125
466842203
468929540
110245205
13858267
19682678
794654048
875441029
527789163
564709632
107778938
699310077
682104113
275285840
429623755
132856695
687496603
164416739
857256494
853079064
356692093
321835751
885767662
287447370
452014691
581128177
702528230
505114731
531034611
254413816
105134119
713520541
241535328
127701599
101912461
22328564
332568800
280848463
356016690
100959051
474118023
672150114
689082210
888905111
26336266
144753041
11820062
525393522
877538997
126898232
279819361
377840242
585346414
480986725
677019054
411136591
403009975
16415876
722681743
200492152
929749632
245321381
737588823
344530719
502249042
716870932
831583938
49704072
213609549
20712393
785000880
431049918
438247187
8721910
586249126
590853535
454909243
855558148
308490124
462169587
434027599
851846886
801940111
330048712
629539374
697251811
558485953
771519537
242157003
123063192
878634340
561067842
565669507
432747916
437674627
352878022
777284907
290421171
285760082
596946386
146881513
788316972
891641569
285646855
801525150
301184795
276924676
621084515
416949282
452770831
4524517
77864448
670494016
712697605
128240017
333062812
322200677
867398731
676476519
167052864
927418933
55979918
504481589
193072769
549369007
301971853
260898346
481830986
785951348
838896835
299246893
294302928
263261243
266220681
425805709
265523596
164038944
449603361
171158934
360917245
82287569
797973876
764725610
924005035
469785320
527719173
56582318
542480757
799356820
426897660
212541537
589342668
580563295
822582525
152962632
565965542
2115777
773915782
345070493
408865140
14685787
918176668
575938387
245601444
712625134
698608974
872244036
99005183
339874722
75661545
457556163
260100868
215563071
41954178
347559850
898118116
4887247
79118287
220385574
880839676
496908417
508732671
125321534
351343814
464933336
4230189
802782935
578010488
21507202
318147745
883872195
341963875
179563698
763526190
33751141
691601621
864108159
717941301
712944318
616667400
26663627
910144649
457348756
328534089
544776276
207724018
228940046
726736497
404220294
562094394
67248561
804561456
222097022
202245210
765196342
582264293
164960361
805698662
239124969
843408999
113590043
844449725
813944643
296416511
253226025
37294690
924582170
169109083
788209912
661258022
810896996
894858685
770090515
505500275
834932687
724221402
845495608
283973162
879256076
353690548
530229788
131410454
404275607
780416632
326875395
61603647
36345345
189076681
153159216
478556849
13539270
832632243
33117035
917334898
257450472
790328080
386860662
870982943
867993818
342251711
873754776
757542663
289924397
52704232
867815730
687841574
653496038
856231785
552278420
752371580
651188518
363292020
793615217
653330396
564812185
369822359
203974982
178843101
545822144
140985538
493515959
566349396
208081559
47748429
870321315
269915264
143798303
281868375
413513291
414332317
890954189
786199816
562178167
397187602
487016705
542689712
578055728
4906779
781263168
118688989
830907935
836191663
361418739
201937697
822682005
759206811
458146750
523890178
310063665
687060101
182826513
625878569
343504413
758683593
911098051
407855171
750348089
705379664
110648810
255339419
158518455
260508644
541998219
646672686
168353397
867815294
881259801
636749101
103212022
260027008
112708710
605280631
782323513
581786411
398525819
705374964
391632305
880157499
442882822
729803755
890387883
762112285
707802343
689066221
554855475
221069528
624240874
583060975
56416791
824884713
31129208
115331164
589742842
269053093
735978741
29616977
505973003
600122307
156947555
109277512
282249147
765021783
195601470
191234133
587944827
735361713
627974335
741830052
396853539
132427260
292879505
896068873
305323276
534841823
693144183
116898830
852144
12577247
686847708
354633609
55779548
575529635
257158129
414124171
739641413
731673775
245928418
314340290
911214544
735910282
699031689
749406447
123342528
599660360
633634538
801157625
784817939
185297000
706394086
240364977
902555798
190968750
505004992
375743308
496142021
166631363
469416890
16711596
117201804
583902824
819419577
718918567
370315025
639472255
56661909
433961054
75967022
567305298
713779331
40301424
754829484
929083522
822663203
165927668
23852539
381404601
764874857
873539914
397942259
176413176
126365056
897882315
858695863
55660906
286306922
51449700
854731469
302155015
873563945
865382496
712409247
401149586
90066090
243700931
340712932
472881051
167556997
319294407
462176439
928257030
860205174
166966867
395620927
117287907
812837983
539075919
746614166
460993788
77390556
158444865
565457771
626144001
505413149
15902219
411599056
539080631
679247375
119356690
281870756
392624733
323222427
888695705
406874257
433285846
801329798
643684068
677328999
179107233
331992416
140598205
718557712
905574724
874579741
254347611
284272754
480644389
525277903
746423430
565360448
720756616
281667657
283400100
636551937
255478332
916174669
502986207
331421839
598984501
533568960
331024253
145023650
573067307
306056545
134339839
909232691
439844202
284167293
351466914
622040825
76335289
909126798
834192145
670451655
756385515
13194071
570201640
781084332
357313880
664297410
909048859
233791185
178891381
616304746
802243837
95216663
136481008
371869793
34791874
202216575
109152925
396384883
902329461
362285119
640944884
733526561
615357442
123883980
380593184
607772592
474777694
621746410
868991401
721899799
330004225
578282470
30064795
745912044
851562267
702027725
362224037
225105056
73715349
289909338
657450243
333512590
806058059
858945820
799177813
541765936
250458289
681603853
274530766
760422930
362549331
149737220
521118061
637448797
406247403
220874756
792799127
774429022
524492734
566592379
332740603
641573388
151517743
602707220
451724364
832383621
892502491
276924285
