4
931111184098873295 504376486 897662360 293966905 972736537
1000
571004738
93827735
213218950
891327780
157940876
747853272
561918722
914978684
434155464
641028476
10572389
287507819
496785201
487959731
633537304
620542869
621970375
615714842
377220990
59217799
230945352
819706725
831073742
847427366
291388558
712883760
68466964
122812473
457003109
600032837
143971820
534114707
451816978
269054011
190224891
410452865
423736303
959389771
291786339
386289558
366207397
393677045
788384183
161698821
894410188
92626108
797081747
182386844
853408528
843873417
890404839
249663908
265656619
404219847
91250974
207066240
252739611
133866287
62310738
2473612
939083070
131283424
609576889
380054459
329033224
921185948
806388368
197964643
881383430
954757457
962485992
573061524
630538184
575304371
330950284
54101682
820627421
901052039
194808325
683251935
143860503
157141787
270696027
636970893
32202949
385932913
447245267
148092706
251385756
935849243
120067975
78700036
172918087
377039689
290643330
766133516
167362660
382546005
631498857
742869974
339209917
265085150
70757581
953118068
29463527
958555684
223804247
336395095
344949420
770550508
293226401
123406787
694347284
693080594
680990889
889864587
501336198
611322373
858596131
647399975
408079531
949251172
299622827
468852177
506843034
295742738
867621754
128535037
772966220
454072741
303829063
579837393
213236730
597204245
754348193
335100602
741131336
359787048
647072551
826432269
304532989
571418097
809877601
37805384
59829706
547143609
518685503
695218470
599180885
273830996
144609493
921442688
439084349
41337127
82858173
632421420
687645877
421543565
532018332
727772438
666559384
71909962
575160095
729299275
683336377
372759352
243536078
95253683
541978733
156003433
428711436
857327968
860636991
754190237
252245703
718675426
39599450
401945897
459148481
27219563
419944914
35471721
346496432
560924635
759754036
416048831
289911078
380611488
753134592
962171900
484721894
533266839
4278685
531187230
947653124
730502900
950566502
889672371
472894878
317721717
125517698
381878138
11738704
321025814
383749698
388020907
315002761
179052136
89715880
896614330
193022202
577096174
920144939
799582212
273845164
149313962
652738308
658676197
485760846
642394793
586491755
269265828
118524375
620191029
835722903
821947140
400228201
536590976
950116707
78085640
802910098
23071214
769115152
723040054
183966428
113035960
386810686
730158411
610870267
377503088
868589646
898464886
774293373
369475243
854068662
263723385
416641003
862045582
437864410
75907177
409864067
825978525
657172819
714628979
144459303
450918563
227672885
959673263
812015033
611722396
243809458
134611917
834430317
406827995
337699153
100026347
336781975
18457633
31275906
261938233
655663425
406933890
809426943
134090367
714237977
229949361
600744153
925708342
905137754
889576526
352356647
187052963
825868205
417778086
112027627
432003657
732835626
302702721
442562869
13058191
835776573
476568037
684404360
109997078
458396975
598875563
528630828
309602769
228026735
850937989
85132123
237044228
768447494
624566396
119592101
845976100
263039905
94622249
833918850
202995761
374502058
742658718
383148807
147229158
171658937
206458825
315976191
213359745
851633197
585849587
36127965
901342520
872274061
247376009
742955196
22116200
880054425
274064986
671694170
322096083
161375424
563882458
918357913
752945655
743813638
673577398
224999329
779300708
788142076
278637964
956934548
58307378
207891585
899382762
219364174
535854682
512091572
827376113
616048119
735286428
938343329
458587459
17043125
152074465
446036337
921942522
459900782
445856781
622501648
922147959
841224011
839734688
533565167
914245451
817583635
677191238
325602000
30140110
751825812
783932569
37018023
573587124
376948223
527809773
231637871
264486899
539505735
352134556
198568298
869384332
681919962
150853286
547638812
159461267
405339209
654497731
22180122
831088261
350515669
776737556
361249189
772506109
696397763
464813228
204625465
770467493
246867591
583718189
130180867
891216459
876089274
971725144
43783014
888108791
889965112
11462617
124209875
796217433
247228877
769213417
834809902
74465923
633587952
654766968
843099508
296399707
965610509
913766044
710294460
290741730
917636281
930967286
381632121
169482308
23458697
867052374
129118190
1371480
960952457
534650057
142830453
610309513
600320123
573429176
188249248
485099645
138838341
520301047
795046794
322283225
621024988
607122795
11073905
241855203
25345714
453265147
877587020
754892286
873209470
271227950
486639588
36713303
347519108
653961843
702453527
2951410
724081853
596302580
878021506
227141283
100309533
499946362
355433036
363496119
8392398
730987201
104993203
98597493
701975461
60501121
749723970
227207844
365185937
925826592
119371129
86522054
273193371
522337955
314834843
527401340
644096932
605193204
968926163
145841656
126683471
694454033
438566787
81431037
598199406
131471758
430063174
459596908
54254931
62261395
599310661
542659654
38667326
342604817
891532737
8684854
175853755
19200030
536268859
37137888
138634014
227991789
456260798
903958780
310617875
380977402
678988043
133338891
564098628
512264812
393386937
236125925
68349329
879568158
605872698
70874162
295573201
401679807
308413861
828131987
862805701
23782479
346502478
664422908
225742847
785097556
396692419
647753712
351317466
622003074
167158454
63397485
912696463
204885422
214605921
729599533
100179346
299683906
552544423
494658546
129441746
613462549
349252226
674658728
413984530
580394995
94021522
232694824
355664071
815074134
581697033
186841099
65808558
592048972
311456275
913767853
163207347
593160859
588621730
893356910
664586005
138857059
594172081
415091940
65232741
451029172
969006810
122039286
202649685
613894278
567566809
233906346
711766798
395521292
813768397
894992882
340701002
484947749
702472220
131498607
423574211
905654476
804123616
788318999
308358940
844756986
492906076
324410210
374555181
849939781
593190118
486101396
210132103
153017630
11874463
147307934
948014429
636613680
667634107
330798478
228355753
336585213
828727953
709653769
762908816
120142889
185462553
86116876
78222714
562506611
160655994
118443004
488872048
764836194
799667559
309116319
599986899
166663962
78879821
753545749
470163402
652962168
437723408
323688922
235403608
201778802
370307785
555726423
189415601
710267445
291734816
17936779
514014396
368614055
826388030
147549737
879161280
422313818
957571842
310796638
34755105
795155653
359396630
197695514
965293133
432329949
391161855
159737345
343097792
946570789
706522964
315941243
853587038
356716445
355747064
317161133
332703123
602397009
927413812
443339023
698959899
603544812
339241661
101128928
719853454
818659589
899859229
969531615
149454740
185295740
288160956
513281444
853543567
823398773
473060646
260922526
23198144
504324236
631261676
696002732
558858694
696848771
275939312
264965373
744691247
528997255
29740756
685030766
278636757
269273567
812600921
875913569
917954893
785495490
868188122
661351830
688942160
785849723
823483416
5560556
784749919
458785250
89413513
790497183
608690512
687158924
137725890
24974859
158503383
396396615
94373234
493771239
139696913
351001542
281075735
887614598
42211550
814420974
264292261
347392462
538844440
353887635
93361109
765140952
409359939
43058560
479085544
820291099
533543567
14973343
657381863
56108700
40900171
447659788
40792844
210099145
8522907
207175864
787615656
839694784
738559647
822528429
645415064
825451294
531278240
245767675
157933022
787262435
627779938
276991370
147055210
4336748
863354522
710095792
812789313
838470524
287184507
809261324
858303477
178834887
903317423
176760454
822764329
513882292
680959858
423055470
601480204
928896045
181503821
872898516
727953097
637528391
34317616
495185008
906053291
251155003
253984477
686548137
967335286
949178053
679969571
30170777
41911408
373795899
216632065
964160308
433052235
216372563
241296238
84699704
828081584
186174511
312190610
261274573
241929849
911056302
153993777
514386207
576746174
153104488
716180898
835366349
477277895
691572949
796886447
900571058
802970191
508775445
19746012
810910464
327276929
548275554
236480133
866217652
832758441
776984022
882435088
317700193
539863565
556330262
290323396
257347105
433668317
174270703
923053081
866455843
432408169
566819504
28932775
142958862
388632186
621603858
418561076
450208459
708752448
49727428
57607641
534280238
872989604
869301245
709611179
492949306
67237471
533507865
85243145
652899296
741401935
430776281
87054628
419877380
950679930
908535298
967503399
104634081
58517822
75341417
488492348
76133838
45099125
806576213
77353128
82969573
387656574
632642711
566509336
807207806
538029251
825928829
127549388
863739181
431085669
878819699
873372522
248193156
352477975
923814389
586134070
602521851
158973158
171769069
577971628
344506176
646746147
964393
778609722
146530237
126391461
561726325
932804259
676242630
76928443
626029188
689699173
406920536
108159455
518748440
275029095
331565068
433722089
271850432
358474224
657406139
245034173
540788241
80322319
859615856
747147913
51285468
92869676
518171938
79914107
44819456
164283634
325997957
853867822
965755427
250376070
668752584
723595506
51345879
786801984
295921805
25079937
607065217
843042207
815595346
204274071
38346780
925916339
633155152
934169362
885558687
708745991
946107961
83915004
658785500
393919971
153377333
336207615
123622754
599296621
530923374
9302937
709641870
617586012
642837485
659457591
229878647
818434521
772699430
669659637
438691527
867037883
743361194
654128869
548690186
197376958
680685058
704164631
465650823
127911828
590098615
140927909
516359296
702053694
514544317
402143586
709592305
424078086
92759614
34927449
546789462
95005028
104196933
576869942
31736206
640111719
639118449
485403859
613499564
640068407
833445485
331440021
849199194
915526444
673015358
625440468
412484536
27852236
435090758
950766724
773704553
87059225
333144371
829943494
76664697
799254605 689867356 594812638 422973164 972736537
1000
271980566
815095033
752871796
955670096
345649085
356650044
623942559
629372845
7271846
588997769
528659576
446538135
446573846
125090664
337093478
465041300
894178427
451491922
184600436
252386701
319391214
159257248
364132437
249311549
271060409
253205689
639606596
28072978
741714574
263735021
79447979
528906414
939068804
588082969
555791157
368613313
782932314
867301042
172054165
590582351
678053292
915015859
125167939
772895508
286622531
132326229
727265940
702742530
599764490
191556507
532132503
932623160
584956811
387445133
163623493
179279290
462585700
453717002
634412198
460615602
533687371
47437565
792711733
92303671
467181217
126390706
42039526
811932307
666039271
940275271
831791857
282906433
805999516
178320473
136048498
177690782
634556866
258781716
390308740
649443284
719947015
130056954
101168656
737513946
653900680
936895876
654684197
242972484
304085378
230568635
218868245
262951550
913534814
29659506
681176211
377823559
783721370
378070880
230905376
809442307
538079761
54295431
293776769
22741917
668793930
920938608
210706178
727366456
486188113
947402315
496677048
850278048
26548756
402301940
487044562
610158765
251129703
878997358
461438039
508011984
260459205
136447944
647588721
731053027
872637227
714114743
524131435
632924053
574043695
454642676
255476668
862553756
939341448
192838103
546619097
617995691
360058610
343562066
410869429
310879076
753759492
29993038
516785282
352549219
152523593
106512727
290762990
360557896
494348008
479692243
402870989
202383099
526806656
654784054
290367229
379671461
429403026
582400179
668981113
355504927
480690838
318704313
543021847
14295538
124945287
486688371
906280299
373965007
909132153
733349794
790165535
454670830
222794939
759267793
139898456
598930711
773367740
450813547
881869840
850210032
501276118
648606559
956620989
151329721
972589929
52744425
430454114
406430609
15933745
359129668
596792832
421311529
381654672
403351697
39792316
405517
177627057
189937711
25722305
149542931
612524686
621312569
894832135
2124029
833002773
108289030
955456870
856862935
241580945
114131539
196630183
491316417
962993240
93689597
963920308
281172555
486950834
788093392
279339130
412406382
341590876
928384994
695779301
426577145
869328366
54581458
624845949
952057918
716014530
311809339
671749079
679529092
464083733
57347911
844440702
230733558
427830099
195892750
695557465
552421088
321286485
344626834
300599531
138631917
828259976
26121321
675056655
486380799
832736375
95758257
381734876
426590126
860177906
935471878
947661074
744363835
224253698
967014858
966356674
562376394
72581132
76080777
117533588
162910614
210314282
839717110
941586094
427276589
130113091
896516157
358122431
408243164
128473002
330038330
602663778
73289568
72322286
584013545
239863440
604812425
27510204
804591536
98285791
190497017
30545129
437803575
162084527
10519971
24354422
302880774
43300716
479800991
758856545
644160117
370773868
787622328
460784808
39105077
694663221
829647400
165072925
115237476
364020471
177917247
645204032
748711721
127494501
176746787
791121397
857245323
80264795
902143800
791084337
870601240
488098335
79527436
795446299
19738307
654635721
54431210
167243877
548294937
629624115
86002603
483623338
253467120
530609497
886421363
816806614
639114547
581523390
237553519
66588620
506493919
821321790
865624086
685932184
842587492
209198093
563758259
836339076
35027357
512229995
511624659
14205361
427157458
368430168
456257879
266432011
885392670
560661917
171725300
535258643
307623496
882368038
321807909
157190834
632350244
653409462
355066247
291114386
349412490
631421775
156951632
158959900
932818070
283165478
331440638
59825783
709903378
774582590
864184882
62374971
957966167
657465814
594919532
331756438
38522599
520724454
723432822
901785294
887087741
625923684
544404301
791395491
349415373
87739820
38514228
569391719
189490713
502898250
745315718
405710544
446529068
360599763
599131739
769064416
526052217
251265575
632908651
550039279
603286091
842544500
858437573
636686576
714800112
818894567
344777809
801036035
372178563
263298214
924763241
956690856
75435365
908932773
712504952
860652108
750184230
673221753
610477658
199761746
637313262
547491949
101438018
272696778
314445244
645630001
927797095
839668833
731250244
205055633
49864135
436347455
499771592
87997508
872858740
809389786
335379989
628087141
59317519
459707349
592176438
414463521
374980904
709897300
616259500
880880581
156620546
169173658
868082160
344776433
778288341
609861420
700347752
222308218
654987048
307095922
931130257
635306813
807420084
628502813
582429959
836382085
410585231
592846125
405978733
30869477
811006521
872911706
819811390
453971128
553483797
627157650
530231426
778740461
578182653
789327732
157324045
201499793
321656615
124320141
16373085
416499478
494636616
745151609
954357131
527166245
515700153
813524932
188801013
372821605
196017742
517114028
54550143
340470082
652106986
835164645
195826938
552737793
589340014
680255242
400312405
293135838
316314167
410378836
316010772
437062237
284402035
862143200
767580422
886393753
873552338
112181464
94610086
191853279
239074830
328588599
689781144
314753140
651781057
347217938
610240050
377073663
79055532
916123017
411439286
13069130
292231122
837020421
800855690
924636079
209906065
262307184
605714269
336152758
94089113
412934129
434573901
56367053
110595804
179498653
737568681
2466977
72606259
232392404
429177026
946115407
609219957
23793728
867065809
756993406
151817639
964077163
243738765
961531225
587894973
499396176
431153379
597135152
691133847
825652265
930709462
248964569
904559356
935014411
827999086
81786745
314261718
615207650
42610309
48256811
599520153
626743982
351666235
511746760
338121226
701973419
406936799
909640101
191108255
676996309
560665278
781373572
637622836
92466370
724224589
653236685
46467657
674444485
592630282
278198777
869369518
832532493
445786260
270546571
738525304
372853194
701868885
479113803
743250945
341698498
658582539
649989553
37528069
912803205
417045459
477417763
81553361
310599029
335802855
944527853
261836759
213688725
961748742
474521773
3616912
817605349
552027320
900266291
262596030
749113344
65290341
105602411
453212499
328473046
809941084
125434772
319764011
236076429
588301835
887765482
1622182
181490017
948239587
188620469
522739764
897625750
732692161
352052596
762851078
936910545
585495812
864340821
957275714
9651284
405140848
160689303
565382601
698830011
885111350
817736996
8424747
680414399
802141688
55353498
744943952
284602216
59273215
802381159
445051022
734679480
873688356
710543191
85554965
130965582
297360815
84888973
502178152
635785993
650393905
779547625
659614805
726618278
738481341
548107714
567186784
125260605
702606405
797067228
635626492
726987032
95092236
869276061
392340721
784971916
486698495
417100274
937174531
174850189
322228756
761376712
648384869
520017242
170096468
101310084
757634850
81803956
408896037
796235992
240390710
866241938
919242794
498318219
450666581
439350942
471201841
253988506
202816723
663558239
364137174
532112840
711840381
319426684
461060278
245648492
387880708
873043392
4033266
116425894
755416272
580766364
209029143
408079373
439475162
277071102
148792592
497999185
627658257
577390991
49935399
747415834
416910363
287080943
1414341
454820111
273095150
119649499
56897211
527182522
195185056
37705076
534198608
275021040
543872678
438507332
161650781
835311385
91996573
826220147
359240506
665770499
839486395
653742260
146965468
667354901
398204819
735763235
253573638
572304900
18422542
817476191
794543235
882364498
713543353
303437639
891793638
873827561
852130644
972230012
522889215
726847693
7973085
913102004
791358864
468502885
523093875
612660609
310181128
295116019
707657788
682805392
340524361
586316857
35313417
729291173
621666929
857042793
202328086
32245536
293771621
435689481
11004401
950069717
838295162
530824092
927059890
592606012
677852019
881443500
197968000
283031835
862004673
192334213
87126083
229718933
78570742
212818591
61538820
615430591
191848243
14828003
29686737
658724422
420974646
36605855
866392491
855556690
10133496
888241602
7521809
698748928
71026278
874497258
536920611
700530563
256491520
1780028
152534876
818811310
367536197
140521550
267547167
942528201
909046304
670512284
623353459
570646914
738471993
552668733
463312197
809794526
892539928
835862417
935663489
484072331
582844767
153821046
221433765
240593496
523297407
276497394
846989799
227641538
247227082
902053744
949437651
296168221
580472808
518683886
829668884
247995898
739343143
329095895
15723893
484093041
520101122
98167984
297448003
504353324
635784853
300375571
599973275
143716531
486274477
237565439
352723119
36539071
810539352
761807684
954817401
541555429
556899897
500816693
181061500
125183192
44729212
92087942
505530425
391489267
698159996
683890924
57678929
950789539
64979117
305481868
400661599
498333546
391064472
63674580
729931743
356149903
229258086
345268641
46143078
309749
697158034
353236056
833835264
116389445
785724353
861713063
855137704
585633885
879346212
390589641
339394647
820308736
609567603
525322690
139792982
729862445
256129312
264525346
406975746
52382137
144074629
271555166
58168657
171422299
808052476
422305479
732384758
565700514
381212205
403340480
231086695
403148886
595130113
943056207
901350873
31329684
482301278
75719788
457731638
134412198
628234976
418151019
158248686
307365351
545789376
352847416
236681338
920607023
458180625
371244705
839495751
838281104
968814402
179483927
906638839
559612191
713517759
293558990
561547109
825952660
758947651
150179285
208374284
454148256
488984892
438733396
196768061
401055498
716854773
573655725
888746584
895002265
260077424
460072422
653751363
164985560
241942087
432234585
349973099
931194542
415425610
403083185
232560518
395249017
828684037
591693611
409104479
423809225
263513060
346922883
67560432
330402101
70887796
51139841
645073733
676112095 503852091 490863303 72335184 972736537
1000
461683349
545265926
598420585
81867215
880982527
872974842
776487142
397931749
472889312
175236363
166892172
707989960
646150986
389636892
686540416
651890675
786560338
726344357
6333173
479212631
163983528
622746224
179133795
23298745
426334177
797592331
14349228
583728507
728823422
458152729
907920503
970316992
409484808
238179201
965663323
349752044
141926941
319991153
673594969
546024350
600794926
348671141
700337800
109200350
805135277
279434727
775045441
348886938
373554279
561225512
197566625
665857287
579898542
524225934
433312049
319764746
10127660
600410418
716200321
680837333
109718042
408285207
192672936
725093763
6756323
4777986
429557206
30804613
498225562
38460584
526252316
63866762
110569011
852172556
94283469
26764209
203611341
478932717
340787236
622308905
539070107
721702914
862344786
622244084
402877977
551636905
380042413
602493283
133211403
882081127
276028954
606227668
652114638
389215863
658163156
114618508
129838299
895841841
417360217
764274192
200815023
140359982
361655980
502017512
186336456
554604268
167804759
619120603
94272906
255739042
909188980
267711996
343259643
444878041
885001224
387091131
505049173
920031800
11236018
566131949
148841253
832098282
308947240
44800457
968049921
451603977
548535491
874177531
407399196
164858333
930901285
735937059
694428403
452285211
824054199
559799412
739926132
77773791
700405405
267214930
664008333
403196407
98113281
478599799
879826175
218579740
837906491
27080740
187971031
39906422
102544605
599127380
89749297
638137476
561913205
583723965
418692896
129506622
555285818
682765714
435626730
442138788
22153334
418038187
685815964
408289743
901434930
97008394
384212965
812879978
916835032
846288386
254919707
422081295
68111977
330928621
181733309
111719924
788376614
680957179
197172332
192844513
53592693
918433879
115160992
721521519
593732982
783811236
370530915
522209196
860994296
911197595
199037269
319730269
362856938
476872107
866541102
921814525
299700987
672374305
954414677
177082152
307898706
621558320
949462110
131850534
913155353
589138555
123893072
352875823
113464692
256023743
473192624
681771649
688226533
646762084
811406040
185311995
358638410
311775573
64709108
124409512
722840309
6274647
366184054
452089792
813810574
967770524
9736094
468179686
790127910
952377102
647386793
372733685
792968093
362395369
31982543
519380522
63672647
859996166
424820741
459225635
676559831
929595638
536995669
446108304
469199361
501862081
115301215
892078309
90089693
12647466
695414316
136730015
90933151
747284520
143024566
651596751
110613545
895575804
927373611
228987318
121490708
416706493
478946620
545626555
153457512
567299996
853488028
32752111
361878409
23141242
539862430
760529849
234573206
349043963
572703422
531864023
194135585
391532070
609990339
445245774
962489605
500653967
402489714
485470923
730807983
435823769
480871737
43846376
739696893
241280561
267370163
88055540
179148408
149718372
226441466
786024551
47175032
510680541
156944865
955936984
377308203
877737047
415256421
79130984
285154921
749324913
283482545
171306995
102353304
944091595
280048467
123481928
129186834
335920385
948102196
254019044
341957532
312222261
313684994
388181811
373050138
156386843
732677075
944169304
173223493
94497700
790128459
52181871
557850227
576805972
228751058
580656530
565042391
305306803
467753891
181606864
126690452
333138726
201680284
700961095
486817583
646115522
173518410
963864910
151777077
970726435
704671992
595851661
228777834
729943376
474539810
400055816
701483945
625912407
760984855
756772312
571385171
359776776
151163475
752016729
243982299
291080970
229918121
788362577
710323777
457842309
538984993
149497647
705593325
209625544
221289107
836720627
569816798
679717308
474476602
458285632
246667671
342155899
383678311
84314851
211721512
913325554
47855155
584644262
307805640
765753054
316267423
190410913
522784180
29340
497156207
613295961
176398067
271356621
357157492
912821740
355844474
490462860
145256153
594086620
500879848
632240422
718513526
411732407
404082905
568588891
716053281
14411502
452641483
820657371
32967221
957320466
921561650
108204674
689892443
287848397
445548527
382601684
578978220
531258200
923581834
87746960
926594350
674097029
235973388
429866384
256890376
189518507
734395600
856273122
14770641
684630858
853701801
448137333
944415295
408694332
752723
47316506
853004786
290751624
534923353
723359764
516852139
933937310
935648808
263831839
700154778
339141752
516389228
16563028
777967583
890896855
737782926
793353577
928746041
276200263
755434792
442296775
560704993
513786684
114523656
856524859
572067752
837110801
375639537
722344631
250962543
762827334
468708049
922986141
356219370
530918998
330463853
376388409
932863560
648739418
623089161
79296875
22041991
891698265
293285967
456075678
266981126
936768092
870815309
585452160
77354770
89881560
414249059
417649677
574386076
940138465
336156923
773086968
137591905
634598183
352875564
343498086
533348746
943972928
957728723
50051066
9236807
384429624
563149920
636359464
45587414
515690593
89035550
603647482
837816619
926619108
923843072
561397972
133702161
361353741
605299205
579632385
696532909
136954933
705085400
670711423
873699339
359796600
241621941
129604716
904939390
888078281
176982036
915795999
935970841
953909717
814368753
829249311
782343736
64427695
31543854
219446261
93128707
837875083
166842818
569017056
647631258
872648519
434346842
493856922
946937397
484656732
766091943
590643120
86532105
46629136
668697608
266327070
169957982
540200223
101110832
899709467
890524761
310409026
962348880
95837285
61387923
494885211
496654800
557008346
242957313
639990813
563829340
662353720
351466882
355116170
256876540
859279680
93092167
858033430
41137642
169724084
813564043
87184645
131182464
149507008
284381602
176874791
433911839
198195227
901120330
63328883
864696293
640293540
19805609
69952636
41042797
388480788
363360982
849615516
631637725
914817983
103750134
324288124
460382114
388365863
959835880
207844947
841203877
405926711
70547929
955870293
611961598
248948306
90103189
518271617
392935600
311512908
308575063
761220731
163381081
876310799
93771942
243114224
137667276
544486197
88705815
874522499
345509435
795420562
184121318
344944336
27302174
461948393
672140097
618725471
515001596
202690250
124773759
644728147
492980918
672142486
560689072
797301671
377945766
604452303
98435661
472230372
573755659
328605338
537068647
956761848
623142807
152992392
218439627
869434147
616085272
384077842
59685051
451640846
254201799
126426588
761122688
371578046
961096163
876117846
159248314
730271345
142330900
715081628
312880355
542296088
538102417
212226985
671971348
954285600
802389041
496856489
99282567
344348068
788225315
206207274
156964026
918627393
235120878
587448285
645163743
254759870
480448362
153873924
63381725
866891808
37156381
131189461
240615968
328787143
441913327
577674897
954996689
835217020
176365144
802124417
196625401
17655750
386829963
327431212
62540425
264989065
880453209
775994086
417824845
702457052
312842869
648082503
601636144
916654835
190439724
87966043
940826094
56200813
553997263
775897468
202986576
648884567
335355639
83269731
330138008
42279910
340909605
650339954
502363145
545159739
757271210
527424757
969034010
44146950
110149182
946421316
320109090
635832889
250934539
114930955
750142033
701029159
319708376
802729286
697184148
627972292
678463250
953769858
485760876
588834332
343229566
265082761
339054925
690544973
715433793
114477936
729065482
91544103
402398099
457122683
341415276
697976928
515084839
825418759
63273952
284467707
78290212
795462329
823597654
531655282
927079544
661597661
718927118
260081949
308797244
908504521
180158415
827072794
626922858
271916644
649072500
355155465
671373916
40032551
400986820
886993795
647807055
926708323
431767588
516889428
332067475
792127498
619764126
96284119
283487281
25892264
714947503
83079851
830864718
706511300
176264713
647490118
177462610
449512628
604060418
465049844
573932462
359943572
360504549
412997472
68393580
196091606
26184259
312075154
253274268
612512364
277321607
815396638
814903051
702267834
552567078
323326226
453445382
193072553
562083958
952499335
55936001
303145392
346325412
429615686
732072195
518423824
169166024
957817217
712875275
917783723
922083939
198355875
385003845
160852716
320631182
355354973
408833731
888542476
23977601
308003784
224579294
194452000
879544139
552873088
468504960
487443061
697560787
103428897
47452817
824198476
921185959
397421771
492229220
962376525
914268904
298557293
244782309
690825999
190677398
85192610
922666520
415462722
416217936
383966833
65339833
878155232
297540449
351812391
920833762
931690256
514286945
615250461
421583526
397931596
809656029
194041045
926284864
403748470
57526637
388363092
312099630
907303538
910855157
530735556
98542806
904351636
262431109
126741159
502761519
700510753
226679377
19950428
956233798
394547065
679632920
904554048
880064670
719417284
896117132
633114184
580961811
420366398
704629795
862378605
777755051
71016451
348158101
488810904
961262685
637018611
253561313
136988624
262491315
393695999
159353919
753051432
373689073
225587918
337632653
763254184
433253099
341342011
80509263
137034355
23266699
235375780
210720599
392353622
512808154
479460450
483103709
108771479
362623736
944527598
777394329
948131985
173481343
771374243
654726537
569688724
724772808
417592430
566214068
696920543
255735947
719846888
229806607
246507645
527185711
927119087
807462325
298972836
839738455
31795211
360023242
824530868
803437183
402989503
167830049
851115950
353313066
896402961
342291042
950471148
196767928
557254138
72224455
931106136
266186165
421994894
95197802
873894323
374058794
246343702
550226800
887306311
847001679
571861999
553673183
825765533
185967011
561109289
588391679
889437860
607496828
738095546
422777341
375943872
33499209
554453412
699408479
90473879
349713301
264200538
968860762 371190026 396081977 776395928 972736537
1000
815705944
588948694
378480229
30990083
292486720
16703163
1652746
444814047
83178569
129699531
722765174
460637324
652056575
2125576
952408307
121992818
384339070
267409061
574422993
864237721
905514521
882481942
85017038
393110220
204509499
114912859
298022955
330854072
291551138
295180476
130133603
712511767
193027836
230149340
639173817
288288082
90093559
704170086
522080572
130817177
449718121
634139175
243757867
572848617
819892214
285066724
729113766
488371961
527139497
955040918
537594987
739014328
936066223
729557798
781656389
807271652
208641149
534766189
312090382
395393356
344499927
208182758
371977119
36123972
127522349
315926659
358042472
677371959
849055048
736540905
930173108
705769137
240029395
564628136
726524890
760253852
764299044
956439828
454198182
964482367
468358652
127367741
395240901
773018497
323704542
443373743
914341299
58726169
838200435
588952213
944049446
208533642
209938504
89540935
506604500
180691214
557360131
751499586
792898931
906042957
487547344
932107706
149965037
262116544
199980231
355781029
263431883
332238123
904361972
869440221
719851163
620913205
592092777
124832658
877843478
199591875
241416743
824494822
690388093
27195198
218465261
34894367
835073040
627276190
262791378
886784960
516129340
430681043
565001686
845741959
927263194
594308461
508154304
516162691
766267510
699155097
8093131
772028084
804955429
921809118
222301322
324191145
282844308
140824378
268549184
472291409
754101953
546346048
710479819
538814583
254556464
763070452
493773516
550955883
282058158
14101134
506383260
155282457
398911527
274298616
181508696
778847162
336952895
562094391
224568662
855106438
625237557
799956814
341618293
276903891
477533810
346744485
622624522
11395022
408776114
383589383
459040736
372307614
953025846
22273304
597018085
962826822
867351266
261713279
828135719
63785499
969796396
27804101
690947152
699492360
543343385
571011908
69481952
85885647
571260307
236192727
440242590
437671055
438834126
591824619
966854814
470123323
860397859
233068334
344122109
954314999
182776329
8286778
654511270
571239638
622762079
540259369
901693827
465424997
126729232
689853202
671814191
924574701
523733731
16902143
369730664
175739782
562944159
309892165
934078983
706225262
921302205
56488266
285305575
194279835
659057952
324825613
813488510
427219970
92547574
783748326
251534444
549637314
262623336
78743783
777970109
165390167
25204623
195529146
501601363
453312396
863106257
474006689
515457493
276791256
79749546
336585653
717683657
755964036
732936048
685886396
499731805
892490835
186301596
760729747
180721756
464047244
187959299
797984344
73258348
467283937
25192487
719803811
939470738
350557083
651416457
80405505
662080760
605630913
430051542
313034246
406727602
677758613
493811717
400022544
855745684
476448354
661494707
604699934
16811
687891585
452167222
879454656
932921415
454246801
736829055
625039384
347008601
144826894
440179948
81870931
656936315
967682529
665182198
794169429
935207093
572155358
410473654
868990201
833081048
964571171
889869055
767004783
20803650
261095105
877874246
686078144
714966931
547511090
360540750
38796406
242646963
55912906
851447530
895904311
488484057
15259888
149689689
575640885
775560238
407692696
746150886
629075295
141409289
892464726
288426413
764835785
688864857
580708727
382244166
743074727
688717700
866459376
807064667
690851760
804175184
968974643
408570704
587036850
177682762
346304514
61936990
411110867
801544728
374399648
321841185
113963399
746312385
41616177
175150911
174539125
878284378
375482535
193026277
340491020
738473398
407974666
573965072
74598414
126893998
531644024
905512620
43179763
846030540
863327872
410328338
96371162
449361522
939594981
624117802
421180292
168630246
587938290
214371936
670090250
88897880
773985352
889558137
140535604
641484831
847814137
367060333
862878647
188831328
423795945
417677315
533589720
112749889
635244552
222200402
511344148
951525991
99448184
364239154
67923980
806287904
137494397
589469340
407027093
301027580
734348471
701935799
351102782
548642115
779736708
215782588
917865265
666023893
683753106
741942166
668465897
179712869
136683312
365308266
793771837
551310684
852388295
318544263
225453337
959482138
587916529
583041543
588147780
73446479
758979239
799592238
335541863
196189719
234266492
96921846
737290309
333618602
25559104
396341783
480391233
511022191
49738998
506935910
133597449
614240614
312475313
391405867
363410299
928321239
264916404
540099382
474909493
954251444
108033671
952831004
216068984
535763699
181696043
526503800
342096258
964415830
74631056
501474787
107775416
382961000
16894246
102949312
769448946
346312450
408996344
962822791
153477118
549495235
928473584
804186625
306183715
471265270
826075205
210879258
811503240
187940496
969063114
921334789
330029564
337791939
529276527
928513170
932927142
33337302
923400420
703557915
599447134
488246710
78769535
415641222
526999679
941925597
130213435
66654527
414389745
926347112
839244984
80476511
554579859
893688584
559071039
166986340
142266762
431521201
614498592
307546553
432369059
353052478
673748214
338239808
794193229
454825768
428378135
142722819
373383576
365683979
345898343
132321344
135875613
70847010
896170228
778938985
925664153
342662626
950911444
597995852
509575433
668931853
189934033
552210087
737548542
74251974
648333525
833700303
833940629
675899947
217921659
426705410
946944452
330159248
513820170
828439310
599200946
955511359
25637277
267303810
290402892
452119724
593987137
589272893
560104422
841501355
193669107
24163952
913660468
145218962
52445585
755312800
693080498
372752123
757620953
114708898
768645901
148578523
189929179
292772130
42896037
772288661
688369327
813660947
570038381
637706642
826181702
235094087
265740185
747269734
940041041
571459598
915709350
171799386
938733970
671793182
71320834
220295255
593572584
42044588
624972103
238446872
20014692
21163390
750883237
928103551
28369564
682475957
268107580
921199410
576653653
520088970
275863487
375024453
858421238
153195504
465196474
616872976
858054682
146700670
373380763
646734276
923450712
586141955
562743501
633590163
231890796
512801167
242017475
560309079
965765351
564744714
847643969
475765904
575611874
143606241
225418215
35018243
916149151
865053921
691630285
228718606
113865669
889038192
329695331
160907115
243090934
475178052
97186099
837189160
442419560
449163105
114398991
758748984
380818804
765506659
959861559
12910324
45696578
312418479
386891171
691244547
270100405
810573791
398484654
789108214
855115706
107354744
343508712
710901431
92245205
698149386
969142137
40506687
962285228
343969180
269937221
125905687
513445780
286067485
952261834
77462840
558122013
83249042
837443471
45406128
815206147
104008851
641222181
205358230
258924531
36154006
781655184
822408763
661164794
349727866
268372650
953848271
605435324
56839471
616656214
83450303
722426290
112210532
144049830
93207426
285398935
674996814
698106242
114679115
706647193
583582316
942788794
276420168
337157103
62205610
359645505
908775580
731991978
971931237
27700892
898192945
341264627
893148361
599462339
196432211
894769423
239496402
238674154
401730190
394200718
969854750
940650278
182614557
901837104
428911347
66458276
887148647
14456093
103999587
675813072
65226821
729138623
838764102
13769243
104841533
117585315
217374572
357431572
937746403
600466342
208912715
253678912
956251175
928559316
49780986
511244017
814518233
51188033
850898818
521823159
42711209
246457220
844990904
544327446
49779375
46242654
597634124
769483004
754520276
665294410
742949686
65481650
557325776
407874090
457436531
169433059
726716533
168887892
689776982
513947735
203967784
862240885
498455773
695929837
514655325
584816841
532130175
541534014
879288721
908347534
644934770
543622805
340909668
970407490
774448819
341466056
105674926
935770511
121964920
741830399
726617374
602257312
293649967
512500395
92709319
485284319
275266203
932957107
611813652
22118434
173380804
207297468
911494209
901190116
143925859
438987423
164509753
693711089
868436810
225764250
207263348
581125464
345143383
543521712
174439400
173402184
777208892
527662270
434829402
73178927
69805389
896515611
203881416
356098431
944512818
631976899
724101684
691802111
930351224
395550086
877393373
452318685
707537238
445824995
250935366
190482279
548608679
204481883
891642037
654268178
252272177
186373902
232071794
44927335
461486333
596250473
601999107
568531619
610108384
554360150
289787588
452575808
184828104
331560738
965343192
361867700
800120564
732561762
894651697
352228048
507639597
822979140
333121577
580070690
198765508
742428272
413864610
799203476
849425624
140013612
692394535
512925446
124521028
21210161
146842303
291477158
313635366
117351371
111391260
908985943
129337935
688835578
437170919
895192445
474766113
693271541
271222062
801733580
248395146
327822705
672408493
967675258
174452569
396731184
758628894
556472550
625473314
36802021
455315904
611718405
259652599
539913514
572691055
563163360
644628190
557330789
400305540
95461350
1558877
101563314
247489564
667902346
17423939
548761001
474625167
681946882
501701612
407408695
68927505
639027569
773996314
196606395
112206650
31695774
398387497
784929007
819422609
32002427
630886797
149041932
831994733
908933552
652709466
314272818
796615333
477681449
612697579
931354341
918500798
67147969
585156637
244528450
879674283
75658991
767975625
606473127
51374714
49056937
811627875
665548752
204636400
230002508
314917312
252171568
689249117
29284921
62770167
869269437
315993247
636496291
971784709
153437905
744468306
610152325
830406121
966763849
912734726
332083077
759356918
454662283
386511831
882263700
566732068
802030754
543179451
914742697
463608141
449865399
290568484
933161376
154874354
37864406
253894334
254873932
37890335
327779782
882602179
37358033
786376131
95596544
902915622
482424876
619732480
584404321
751282490
625656547
98384895
103958925
