200 300 7
158 4 19455984
49 17 41490257
164 20 34015263
165 81 59517833
100 43 9035359
95 87 65603323
21 4 93967028
188 100 27640444
155 30 23870278
5 4 9389586
146 143 17531415
173 24 96302901
120 38 67662324
180 74 31349370
159 80 90566938
157 94 17571038
179 60 3747316
184 159 88847169
148 143 46074626
63 36 88859325
151 22 81005057
134 63 23580894
186 107 53288052
151 7 22042757
189 121 37256682
83 75 46793987
187 116 54068671
113 34 92028903
136 43 51412879
195 108 54599717
144 20 93493710
138 52 90905359
175 160 20901067
143 110 59082891
168 76 76567029
115 32 50587348
124 116 93480521
136 19 98648730
171 170 33354574
200 170 92071100
196 4 18875875
31 11 99995306
114 72 29250943
157 19 1931946
51 42 8835394
185 71 57091997
153 121 96009861
110 9 2557510
155 96 84608687
153 37 96057533
75 18 9065187
164 149 81696007
164 44 31632436
168 108 821102
50 48 31804501
95 64 39263030
169 143 79555756
93 24 87433893
161 125 40259959
134 116 19770453
66 52 48243275
121 92 73636070
197 30 22265817
156 17 83700565
134 71 15864451
83 51 93926543
190 157 69805459
137 29 82826326
151 119 51012752
163 82 2441490
86 49 71669441
142 85 44202660
129 59 26657838
146 137 8756016
132 39 83427359
137 122 78612611
127 27 33277093
179 18 74119377
120 76 47068239
29 9 38152476
75 49 56026034
69 24 36823627
171 86 68653091
100 37 88419864
157 68 29001714
100 46 65528056
148 95 60527992
162 139 8266785
112 93 80361652
173 18 14473499
156 117 73862156
193 189 1617260
76 57 93005000
162 12 42174341
163 114 628198
200 65 23963107
120 1 18183555
112 62 22449658
194 42 27776170
174 80 73606497
140 16 14892764
149 54 32113656
123 55 94909225
54 47 13775029
197 17 68678529
90 34 53036548
156 125 87608042
81 43 58268143
62 17 31745562
180 39 24019356
85 25 57212170
189 155 86518366
198 33 77641268
72 32 4885071
95 68 86143306
161 8 3402204
134 9 60196783
121 43 32671935
185 170 13639260
86 22 4987569
141 126 91845719
150 56 91863001
193 168 11019376
197 116 27071422
187 159 93005076
138 83 83494299
120 31 68285016
68 64 89118874
129 75 96482600
199 95 26348239
140 39 30077844
21 5 21131241
119 32 68907496
159 24 42679186
194 189 13014799
194 66 28631354
114 37 60089799
80 72 14973813
193 28 62269734
58 53 12689286
134 16 67673214
123 118 75703843
48 27 83787555
196 19 28776721
150 146 31048217
172 40 11502186
173 42 98707575
169 152 78009921
92 77 73188865
40 26 70000919
154 129 80747006
151 44 70699436
198 186 41903723
199 191 32759774
140 20 67379137
187 86 89579068
15 14 83867165
147 59 23668296
157 95 31184739
166 146 48118158
150 115 86697597
139 126 36227361
136 75 960353
25 14 4298527
193 65 91717979
103 76 41579717
194 96 9092402
79 1 59846343
156 89 46735915
153 86 33171969
144 137 74358861
182 151 5106695
179 113 109381
128 84 22317194
134 120 81430463
141 68 53599111
140 85 90682050
156 9 75390391
194 50 34151245
77 34 28148224
104 9 36203923
145 84 91948025
189 78 11957250
83 43 29284652
90 51 43498386
128 56 40808093
151 76 25788428
195 47 58540699
11 5 99006272
170 118 60181391
121 26 60069940
89 35 3939954
140 125 98420138
196 149 72516970
173 69 93533598
190 24 46657975
131 111 63434250
43 33 29968405
190 148 65721578
62 23 1927004
141 52 87949887
68 11 8656178
70 27 93068596
24 1 35497588
169 55 53491338
173 72 31435032
134 5 90919846
193 101 85187297
80 68 44836925
155 101 95216881
54 53 95837356
72 45 75989979
126 19 63990039
177 107 74114240
65 6 11284045
179 47 95463323
139 68 75788438
189 180 67659437
173 88 35789422
134 52 39660404
193 35 91236787
151 61 87926370
145 103 57368668
198 34 69987980
50 46 47349076
199 28 22469204
135 22 24137004
195 110 28535137
170 154 75199053
138 114 14944109
105 80 23066792
111 25 96425460
130 86 10765533
100 84 76124863
129 104 81215433
89 7 48532942
191 56 57719412
163 16 59326308
115 68 31655625
168 11 57025084
65 38 24552451
173 158 194252
147 11 34478381
160 36 22780388
133 41 3463904
200 64 46282369
185 6 52292831
126 103 66353330
165 126 60526399
43 21 31759626
170 148 61574446
102 20 55230996
62 35 12008618
127 7 23209438
121 64 16869729
69 3 25792768
107 59 5352006
125 27 61676301
199 41 56997836
57 5 74442670
148 61 78935238
86 71 75406813
188 60 29255445
50 41 93155413
125 61 50839045
95 52 92271531
157 12 91725995
187 72 26048308
198 171 32795320
183 80 87901890
156 134 20122157
164 25 39972820
178 21 59578306
134 114 79841700
84 32 41602736
186 68 48877988
109 9 84903683
199 138 5926835
123 110 74219855
187 175 29176696
61 59 49190603
78 38 27853929
185 53 30694296
60 32 99680215
97 55 55102114
141 101 54316334
48 35 64794776
187 30 18679367
143 119 47539052
163 98 96289689
105 10 50223298
102 6 43517010
72 41 72453153
195 98 90290264
108 105 95131397
106 38 34477470
100 2 99229759
101 70 6452761
89 88 26273851
94 46 72551382
