200 300 9
123 96 20892370
124 39 68549390
159 141 71568919
183 161 2548981
119 68 28505625
30 6 4991336
157 62 46856836
185 34 65937618
150 46 23426344
57 42 95862023
130 84 83643725
133 99 89615659
199 162 6075876
112 75 42349110
9 7 66231672
121 12 93444775
184 177 8399358
175 46 19498531
156 6 40849508
193 71 64642529
153 43 2106273
132 43 75187823
71 45 20671288
175 92 92757452
173 8 99755185
174 42 70223510
173 35 49042383
82 64 42687217
59 42 51699406
188 127 45236468
8 1 56194879
106 66 87160093
181 138 3171229
95 48 39654396
115 76 35944879
30 4 8179346
58 4 5000478
174 105 95061767
174 67 47710087
14 3 61014174
92 60 50466502
161 75 13544297
169 78 7245199
152 117 95989678
195 22 92638755
200 76 26437139
92 75 32969422
71 22 95028231
162 115 40400658
87 23 66835202
145 11 17313793
95 15 5230845
120 11 32295171
170 111 73829122
157 88 40829316
100 30 11644764
186 81 67292841
141 22 89189858
73 5 50361895
76 31 94834386
128 76 71145142
192 79 76027521
117 46 40644116
133 27 17025700
172 164 35190957
68 57 28297227
70 45 65688063
164 67 8755734
109 97 82538424
135 19 17699561
79 28 18345120
117 67 38838999
117 48 31287502
164 9 37826523
124 103 32722340
193 5 96194353
123 113 99244241
198 27 7520683
141 19 28547034
121 91 60038271
151 53 11500353
185 57 71573415
179 143 70009577
162 25 38032131
104 50 16571809
197 152 31692147
72 53 64787812
179 135 39830209
56 50 53648929
183 156 34445331
104 26 61700557
174 165 12114608
102 52 89317739
136 57 36892147
169 44 10551881
51 29 80211449
179 11 28146408
116 29 54436616
163 32 99606141
159 143 31800601
126 55 52793922
139 134 88665053
150 58 12878851
138 40 55253674
143 9 55801278
61 43 88240508
91 56 74756313
131 69 69449238
98 65 90830997
26 9 22792047
47 38 131132
170 5 42729464
140 7 79991541
190 142 9587371
181 11 48444278
172 160 17896330
77 27 29768559
166 34 25539395
169 89 95635564
77 16 92417234
182 116 68510326
160 147 77900567
137 116 96703257
200 187 57486065
29 3 58482013
115 61 41088969
90 24 81953533
130 55 18597888
80 26 55603011
192 159 61160321
139 27 78490403
132 122 82086056
162 49 44038287
132 65 60466376
87 77 98085403
175 112 92540599
104 84 48666050
183 114 3810153
197 193 58432815
71 16 8953877
177 29 4151391
66 54 63845611
82 73 30722236
132 21 53079815
186 86 13669485
29 24 33266567
143 108 14529667
174 76 21894769
139 109 6208328
180 26 93362457
70 23 109974
18 11 22603913
182 48 13458052
123 68 89422267
78 48 9402626
196 195 20715950
181 135 11563962
136 40 57118450
31 4 1484201
189 49 69421540
68 38 6177476
152 149 47248582
120 108 96531946
124 58 38157854
103 102 34877751
38 26 77180761
51 21 14077873
62 12 91136047
169 129 38371705
153 117 54804076
176 135 12509941
77 24 49485313
176 76 78184559
76 38 89685268
156 126 65135736
124 72 82790368
92 14 55792449
162 2 83208659
44 19 65906247
49 7 45955452
113 43 70379359
176 111 76211214
39 18 15828478
190 146 64471050
192 153 47225666
91 30 51590141
133 90 65066611
68 33 55787342
183 2 75101153
63 33 19766244
61 7 36011605
185 106 63440807
77 43 29957234
77 75 78923460
157 68 85065742
110 101 24687338
185 91 45359718
75 11 29034342
162 12 9772808
140 110 61972792
187 137 70217839
179 170 92958111
165 73 99639404
199 73 48073781
88 72 73414012
115 51 71548352
161 67 84802910
67 32 10842676
116 27 77420657
175 24 4447753
103 25 16972159
122 98 6840817
163 142 83672179
127 69 68251839
162 114 84800797
131 58 9602428
139 99 94112273
101 82 77774194
151 94 63312261
120 24 45478132
118 69 27518598
144 77 27597416
157 126 54328878
94 8 78792076
193 124 55932154
130 126 59611923
108 107 35337721
194 65 21586556
151 10 44501504
147 61 63271528
68 67 54965598
149 60 41661361
175 43 43938041
100 5 10917892
189 129 24480984
30 29 76294497
121 38 34073991
121 26 71175438
157 5 44280214
108 34 52046192
155 83 85091149
159 118 77618613
153 36 50764109
103 97 24256783
141 118 4536210
123 33 64690672
120 18 97033037
182 170 1088568
171 5 50404852
196 59 68380648
87 1 93546356
153 116 96653053
102 78 85209408
181 165 15825477
111 70 15024615
189 22 44067567
102 30 37370134
108 91 20581195
169 51 65495547
178 89 64159239
148 73 59294509
53 25 76084232
154 4 88755544
176 148 81523130
155 149 86824031
141 45 7720669
127 91 15485498
176 149 70949470
51 13 87930968
149 74 62194800
96 68 68308600
141 77 90856936
98 87 20027240
200 100 90238738
49 12 32405365
143 56 72767196
76 33 59523201
102 1 16419813
18 10 65246013
184 21 63266563
132 50 24155480
97 11 74925406
81 72 14422570
75 6 48791859
107 15 71063803
67 11 93668518
54 49 77817241
44 6 57907574
147 23 46613043
40 36 79569
128 79 79766609
130 48 83868437
66 4 95713046
115 66 42036436
168 101 60999678
164 139 22763769
139 110 65949990
123 84 88182606
129 75 66982641
178 140 70796857
