35 300 10
11 6 49240065
29 6 14732722
34 2 92311556
18 15 61696790
24 22 47331856
33 20 88047665
27 22 65048485
32 18 41641499
25 22 91956415
4 2 70536913
28 22 76699174
26 19 30741820
16 2 30351806
33 26 87230715
34 25 67503115
22 16 88432379
34 14 60529232
20 4 75634733
25 17 47267747
24 18 59086529
31 18 43672313
34 21 83868790
32 27 96856033
20 9 26240223
32 29 39464218
30 7 97180826
17 16 90428132
14 11 222857
13 7 74455421
12 9 75288769
19 9 33284366
21 12 84056883
27 13 87331729
9 7 62254002
18 16 76146222
27 26 19634783
12 1 88291005
31 6 10965244
31 7 7617007
31 22 98434905
32 13 55010349
26 18 91983147
12 6 98595088
29 16 69192499
13 6 68778718
21 6 51973799
27 20 14224009
31 27 97018151
12 5 20810617
21 16 95536106
35 31 22809767
15 14 58413525
10 1 78196176
35 9 97629788
12 4 15602042
25 18 12272559
30 9 44965733
16 9 63664820
30 1 51844015
17 2 73839435
28 1 53407435
18 9 87690678
34 4 61661090
16 8 48191587
14 1 37797036
23 18 43800726
19 5 35725674
23 13 15531911
24 6 87958414
29 13 14212150
25 20 69652420
11 9 75808231
28 2 37997298
8 7 69806116
17 6 76073918
34 29 165823
16 3 67969367
34 10 65681893
19 10 43717458
29 26 50358608
27 16 82102073
21 3 50147381
7 1 62665822
35 20 44425206
33 13 50632589
9 2 66640346
20 15 89062872
33 23 16329983
33 4 65051731
35 21 13160656
18 6 56405791
27 4 70169789
12 11 84862722
35 6 48261612
17 1 71904553
33 18 29716428
17 8 12543011
19 4 96686266
22 12 90624366
13 11 44014354
8 2 99134423
31 17 99478506
25 15 55795194
35 15 33586497
19 18 50229778
27 15 34449300
22 14 53489226
34 7 12795640
23 3 12459300
16 5 58264118
23 9 95211690
31 14 53142648
22 20 37421409
35 33 99261780
31 2 68069107
33 27 61649047
15 10 43790660
34 24 65487213
21 14 39025956
23 22 69566895
32 16 3542423
29 4 4662011
18 14 53244160
24 11 65292431
27 21 97837891
24 13 93417676
33 1 72821427
34 1 37505541
31 19 64344242
27 8 5750838
17 10 59225196
34 6 62181117
23 8 69799592
18 7 36368128
26 7 61750875
29 5 86727933
33 22 53583868
29 1 15028523
19 6 48346630
14 9 48180539
21 20 64247540
26 3 67885287
28 25 99028649
28 5 34949872
34 9 78901062
20 7 15150316
13 9 84746495
35 10 53811936
16 1 8743625
27 3 69698434
8 3 36976187
21 1 90632210
30 18 63997501
27 23 30638645
21 2 97207822
16 7 46097132
8 1 21659960
22 13 63430338
11 10 62858220
23 5 50621394
9 5 82044290
32 2 64684394
19 11 33375079
28 4 81804257
23 12 57283767
35 17 70568167
26 23 44317578
33 11 60809725
31 4 53015051
13 1 45390647
21 9 13119561
35 11 85301232
15 8 64137425
25 23 16790294
31 28 77585501
19 7 5827305
6 2 65776580
34 13 76219100
35 32 95474266
30 5 59283071
35 2 42031735
13 4 83904084
33 31 84261872
34 18 11508405
24 14 60443969
33 6 35169124
30 28 84232661
15 7 25348678
27 17 89058448
18 13 34457392
17 15 10892922
35 22 72052521
33 21 90892277
11 4 29774179
12 3 73924275
26 16 19083886
23 7 36095156
15 1 56147798
25 14 48092160
14 7 99935195
35 19 253903
28 24 67998420
28 17 89413611
10 3 83170604
34 5 71195888
32 20 54107244
10 5 37988603
33 5 76238884
29 14 52577023
22 6 92432523
26 5 95997615
12 2 80397646
23 14 37677397
29 27 27797156
24 4 54833832
23 10 90725977
6 5 34297680
26 20 16383646
15 13 83093833
26 25 62124817
11 8 23014544
32 28 70407428
33 8 75063538
21 10 86494429
30 3 83289563
10 2 94857726
8 4 11119614
23 20 40914386
23 17 62757054
3 1 38866547
32 24 32980408
24 20 94032206
32 25 60000647
31 16 21031829
35 26 8505144
21 4 1541016
22 21 94627025
22 10 5756258
26 13 42570366
28 21 85942499
33 24 3777079
11 5 96423744
15 5 34263318
31 12 60252430
18 17 56377618
23 19 79892691
21 11 93222688
19 3 46889027
21 8 82895413
3 2 79542398
6 4 64812747
22 11 71811598
34 28 98356283
30 8 90131908
7 4 38738936
8 5 84039406
30 20 42739525
24 21 37543040
27 12 32800196
9 6 52952674
20 11 41146987
26 22 66509092
25 7 12058980
31 10 91076603
11 3 2951350
13 5 44626115
18 5 56952790
28 13 48710017
31 20 18591501
20 3 58615278
26 24 73875801
27 9 66757737
33 7 19874609
31 3 56345029
24 2 17492805
17 4 62676104
35 25 82860876
19 15 25060143
17 12 46675587
20 1 82495427
5 4 37393531
28 10 8492904
29 10 77534798
29 12 85801984
22 7 4844989
34 8 65794267
35 7 62855349
33 19 42566175
29 22 29592736
12 8 69447773
35 16 99147044
10 6 34304661
25 19 43132776
35 18 90937477
13 10 19831280
17 11 1443063
14 3 42167670
30 14 54400960
31 29 78762293
25 4 9680856
