300 100 9
132 2 90107015
140 9 16006334
151 37 38856856
194 27 97156587
272 62 49986842
35 25 79590432
244 96 19666807
151 46 89170017
299 224 67267129
284 161 82999786
192 21 49473976
113 1 41427337
207 59 11547038
244 199 67556914
136 39 19644321
95 59 90731197
141 129 16738955
275 166 34925363
143 65 52999974
193 76 98234701
98 18 46593840
293 178 96157118
264 73 6546371
146 126 94039109
28 24 59703984
221 5 95092634
296 290 6571204
217 160 13052677
144 135 65176970
201 124 90574926
180 70 69509890
121 49 85316913
23 12 7911342
297 208 38644955
116 12 26935477
150 68 62426674
224 7 95192476
275 198 63821841
87 83 88081108
154 26 1320575
259 224 19696650
227 15 55208676
204 104 16585594
85 76 30499355
297 75 66852407
194 23 92565336
154 122 35655534
200 104 53815887
56 43 72062408
102 57 46246832
242 65 3662721
156 130 19261692
278 157 72900831
111 31 94634652
199 148 46392788
182 57 20436285
126 112 38968784
264 86 62334082
213 123 519255
263 90 96934698
229 113 7675123
68 51 47946793
34 11 44665950
240 120 63620565
289 13 53855260
269 37 21953540
236 130 74063845
74 33 97883261
268 84 10709528
129 36 57811297
166 116 1367197
214 88 75253448
201 89 91503182
168 110 48543311
142 3 29769865
148 61 13762846
247 220 97275835
224 2 95642990
250 247 37374869
289 150 2366239
238 59 97025796
295 129 61218380
84 37 41131821
224 186 8032712
225 208 26545611
285 139 70950322
95 34 33768315
266 136 1174194
204 160 47590221
142 120 46331064
208 168 73101649
89 60 68107029
214 175 48750455
150 40 3550857
82 8 59788067
278 21 38741275
296 15 92993275
266 192 71957852
63 10 42410708
169 74 91394621
