300 100 7
299 64 90592124
276 150 90990922
281 168 47069298
28 8 17435783
158 56 87570110
295 288 65134225
261 251 96436405
227 91 7622120
261 124 82238752
210 194 36413641
259 1 67842081
57 41 21446618
142 95 23394909
286 148 90144040
249 232 59567039
77 4 66223780
119 65 72114379
198 53 3526223
232 174 94791039
209 179 53438096
258 71 67312732
123 48 66935045
136 85 24542749
228 214 32162309
216 53 90538812
69 67 82616540
265 5 57778168
105 74 31737137
136 105 35680879
166 85 9947652
86 38 6146359
226 106 68445156
234 36 19565120
267 174 98489348
226 64 31140556
209 26 21924557
203 30 82718492
286 257 61627961
253 27 89818268
187 53 45027424
289 226 8206374
191 164 49712051
223 48 87542587
184 91 10995448
276 41 60517258
210 160 69206436
80 40 90439150
206 84 27606035
274 12 1112507
219 105 74941497
297 4 66884879
296 221 43261010
231 164 91829572
237 133 18540963
158 14 25378264
281 101 77248136
277 222 90476471
226 214 87935288
220 218 75322263
220 125 22381422
242 239 22239144
285 127 92100649
238 48 80537919
222 44 48646181
191 178 31753410
281 34 11357552
87 51 32290960
278 89 24795577
162 115 20986202
193 22 35337739
237 224 75118191
220 127 46637422
54 12 43248183
178 87 88731424
184 55 65949409
185 178 14072025
290 71 1604847
155 121 94462489
42 14 90488489
240 129 54508113
240 4 23798924
123 67 41593264
276 172 78799407
105 42 33009267
250 190 68332517
287 143 74104623
249 68 29536224
243 231 72317001
273 226 16454456
246 135 72443226
219 143 22025071
234 104 70316621
298 82 28640062
260 24 67221260
277 70 31466014
234 146 28286828
197 97 52461387
122 18 94705096
187 34 17435863
236 202 6640562
