300 300 10
14 2 91704471
17 14 73110379
28 17 71881250
28 20 83850616
34 16 45430881
38 22 24978362
42 7 21603273
47 4 72289413
47 36 77110303
55 4 66163655
58 41 57273851
62 22 61858799
64 30 18405157
64 31 47969175
66 2 90187648
67 50 37598355
68 34 29768556
68 52 53462711
73 23 71647414
74 4 3071270
74 19 52784219
75 29 25085661
77 18 81260194
79 47 91561735
81 21 59322875
81 39 30294605
83 51 43865052
84 9 78550486
84 18 86984941
86 1 69279207
86 15 34327548
86 24 23109849
94 64 16152786
99 98 23865512
100 16 78564360
103 19 21327512
103 46 55613312
106 75 76768930
109 85 19378493
109 107 70969688
113 8 25738603
113 20 67722516
113 77 61777737
117 42 46167385
117 58 10318798
117 108 81616868
119 30 34624519
120 67 85616181
121 28 8209603
123 9 46241853
123 24 19896507
125 82 58166698
126 102 78799665
130 29 71902702
130 101 97709595
131 45 89792326
136 87 83092970
137 6 2349124
138 39 37899022
138 71 10234919
138 76 72582875
141 65 87652960
142 98 41148566
143 114 3828006
145 131 64957252
147 76 98966980
148 48 1163433
153 64 74782460
155 17 73483645
155 82 69260894
156 110 56675016
156 136 61850680
158 1 38432403
159 110 15770591
161 40 60955255
161 118 85810114
161 126 61300684
164 103 56631989
164 104 88283981
164 150 7105427
167 94 82912682
167 143 7083964
168 64 57450583
169 167 70149758
170 16 36947544
170 55 48219270
171 66 4424215
172 167 23212191
174 12 8448532
174 150 97198998
174 158 47036985
176 92 37524000
177 171 3870653
178 39 42492101
178 45 74513985
180 21 53193028
180 126 66047242
180 169 53106084
181 8 6595400
181 104 64918514
182 13 23149907
183 58 72941945
183 137 5220428
183 167 22559672
184 76 98914176
184 162 87909215
185 39 38641535
185 74 80909681
185 77 40705854
186 160 41902004
188 26 76015532
188 173 16548347
192 74 79596799
192 157 90072142
192 164 58358586
193 168 17078765
194 94 57198086
195 78 51681378
195 105 87891813
196 1 98916733
196 143 84897112
196 148 73781135
197 117 57133950
198 83 80841794
200 30 82830847
201 175 25025493
205 128 18017347
206 142 88874036
208 45 85639184
208 83 14894154
208 178 4297006
208 181 88161693
209 64 1445583
209 172 93161432
209 199 94354225
210 16 888405
210 46 62284136
210 102 39060598
210 134 29167672
210 206 94045834
211 127 81709252
212 129 95554403
213 16 43133108
213 137 91796599
214 103 79479159
214 121 42940270
214 164 79549068
214 201 84171850
214 211 48928786
215 148 53157456
216 45 36128459
217 79 13702581
217 81 23773331
217 112 2117062
217 117 62144273
220 49 63071870
220 199 27081013
221 48 29533673
221 86 98952277
221 103 49972014
222 109 95076909
222 143 96065280
222 197 4979601
223 62 42857060
223 86 22200822
223 98 18547700
224 121 64850238
224 123 77339143
224 201 85838063
225 42 76084457
226 4 47020586
227 208 10840963
228 136 74946449
228 185 29747315
231 24 30297397
231 145 2461809
232 82 48901109
234 24 44238594
234 226 50348071
235 220 99208370
236 106 32810851
236 191 22974484
238 200 92274253
239 118 9132173
240 11 77278825
240 24 48900696
241 211 63794353
243 97 42526681
244 2 27305690
244 84 21846356
244 235 56301943
245 39 91433680
246 19 65565914
246 81 39775809
246 239 25546318
247 18 10360332
248 42 50121304
249 24 79965170
249 109 55813006
249 140 25932665
250 1 27045523
250 24 89690392
250 217 10375623
251 43 16075350
251 55 87865947
251 108 30449547
251 205 50189230
251 208 13367956
251 232 83827525
255 192 29651795
255 211 48510616
256 55 24382228
256 87 8428903
256 217 98847809
257 57 88766929
257 238 54007869
258 201 54706671
260 34 23780842
260 106 27237460
260 193 87279813
260 245 89602615
261 140 27245301
262 35 27915682
263 122 73721046
264 10 71484223
264 159 1386472
268 12 56570446
268 76 59370958
268 124 96761278
268 241 60528956
269 198 91746505
269 229 95181069
270 43 75234865
270 174 78500495
271 256 70932786
272 9 86330718
272 42 58204359
274 47 32189116
274 173 39447780
274 211 8901368
275 45 50874846
275 128 24311925
275 166 7455836
275 229 47299334
276 29 68198045
276 52 57772746
276 99 15707864
276 198 85840137
276 211 59125655
277 94 71482691
277 257 83313320
278 83 13948089
279 50 64309114
280 228 90094305
280 240 9194951
281 7 78416275
281 15 55620343
281 45 42081013
281 185 92148599
281 223 26905655
281 241 41222855
281 250 63501048
283 162 72513406
283 272 4999241
284 129 50445181
284 187 14713609
285 113 97541422
286 52 90531387
286 157 21924803
286 224 48029739
286 227 11314870
286 249 91289554
286 270 10471504
287 256 70862738
288 94 56917429
288 276 50281845
289 17 30106644
289 161 46779048
289 245 47043857
291 24 24951600
291 56 46281180
291 188 48013996
292 19 71751044
292 110 43018892
292 164 20328095
292 258 68613812
293 95 34009128
294 127 1599683
294 203 68473909
294 238 90114486
295 36 80816573
295 248 80208376
296 184 4751922
297 73 30029974
298 75 25706869
298 168 41134818
298 231 3755647
299 61 49317208
299 141 87400713
300 215 85606167
