100 300 8
4 1 95140688
11 7 48829828
13 10 75633119
14 7 95057279
16 8 33187822
17 13 12788071
17 14 80724854
20 14 87231259
20 15 27984218
22 16 33495285
22 21 30856889
23 20 73256681
24 7 71654818
24 13 61400856
25 9 41635020
26 2 73470069
26 10 44748496
26 25 89407367
27 24 36712979
28 12 7182507
28 18 32152316
28 21 1322750
31 2 94253205
31 27 37117875
31 28 98994631
32 5 80245024
32 8 18104067
32 13 59409638
32 18 22732643
32 22 32406441
33 21 37027098
34 28 10734495
35 33 93016411
37 24 20313380
38 2 93550221
39 28 99206140
39 37 34606779
40 8 45976320
40 12 82008608
40 29 6848729
40 37 83698578
40 38 27408354
41 2 41536684
41 17 65477676
41 39 10895283
42 3 48121940
42 14 94003963
42 16 7830276
42 24 79900368
42 31 26416210
43 25 69214982
44 12 1011452
44 13 4807458
44 14 25550798
44 16 14057615
45 9 17552843
45 29 10519393
45 33 69766793
46 16 32157184
47 13 58887099
47 18 72795933
47 24 71568246
48 28 7586920
48 32 55121401
48 35 68277528
48 39 46027359
48 43 36801913
49 28 343884
49 44 68474082
50 47 74214450
51 8 66777602
51 15 16756663
51 32 56243767
51 37 81991511
51 45 54090736
51 49 58580015
52 7 19529433
52 12 60785062
52 20 72466546
52 22 1846814
52 31 37162541
52 38 68111951
53 8 58262912
54 31 94642878
55 37 72099189
56 31 15667580
57 9 25046822
57 13 31270111
57 39 21035899
57 46 54295275
58 22 96627686
58 29 4087881
58 49 20694793
59 5 87559541
59 27 415074
59 37 43095050
59 43 17209667
60 8 380461
60 17 6172576
60 42 49781557
60 56 45115519
60 58 28552205
60 59 28658469
61 4 90488086
61 15 68358511
61 21 74096302
61 34 83758064
61 55 89730778
62 6 42466478
62 18 35527033
62 43 48304312
62 45 55976154
63 51 55888973
63 55 74400757
63 61 34156697
64 2 59011165
64 6 39642681
64 15 76287031
65 16 83501620
65 31 58679470
65 37 31344103
65 38 89379103
65 43 49445920
65 62 6810874
66 1 73219382
66 8 99424606
66 12 3030809
66 24 17359683
66 30 17525425
66 38 91462958
66 43 96528981
66 48 68720623
66 56 67214446
66 61 58737539
66 65 5944562
67 13 18882380
67 17 88410488
67 34 8259240
67 49 8906786
68 33 99512513
68 49 37326088
68 54 29388268
69 3 12155322
69 10 4547421
69 34 11807393
69 63 31069258
70 5 43944633
70 13 53717037
70 21 15518026
70 32 14942295
70 43 24268296
70 59 79560154
71 15 99772120
71 24 83939654
71 35 99397371
72 10 42486938
72 24 25106315
72 30 45287693
72 50 54566638
72 53 21681822
73 4 94298315
73 22 90871991
73 64 26294479
74 4 16696522
74 9 31762829
74 10 27534714
74 16 11870148
74 35 29244988
74 49 99434949
74 51 52872061
74 54 28553016
74 71 68345910
75 1 91194215
75 49 63163381
75 66 35613902
75 67 36130846
75 74 83537317
76 28 54782874
76 29 47540376
76 40 20571168
77 14 79911826
77 21 13416092
77 32 92084956
77 42 88704895
77 59 21591626
78 18 94188493
78 32 18289845
78 35 19218366
78 60 99626939
79 3 6850311
79 22 17623833
79 34 8842856
79 45 94064183
79 53 57727961
80 64 54035127
80 67 49808150
80 72 26082272
80 74 19339990
81 31 64351652
81 34 68499429
81 52 62702542
81 66 85162512
82 30 49759768
82 37 90105202
82 38 21168801
82 56 15623701
82 64 34922283
82 70 55603601
83 7 94788489
83 24 90442645
83 38 46942691
83 47 68464133
83 50 75067155
83 54 68025422
83 66 74918380
83 79 47547592
84 1 38976729
84 15 64990988
84 21 51514880
84 35 19948197
84 57 17494176
84 66 90648978
84 74 17215333
85 26 51597366
85 41 59501082
85 48 51702367
86 8 9417601
86 34 35632849
86 70 30069914
87 5 91004805
87 38 28339098
88 3 94519508
88 9 64104676
88 18 82440058
88 35 82385040
88 49 77454898
88 50 37167497
89 5 62791705
89 23 47814963
89 32 50220036
89 33 20828225
89 38 14747703
89 53 95025973
89 61 13223393
89 64 71587720
89 65 42620742
89 80 50803387
89 85 9216034
89 87 98203566
90 1 36205317
90 3 25408873
90 17 86825625
90 29 88694371
90 43 8468484
90 79 60307891
91 4 73558627
91 12 38930538
91 33 39354097
91 36 35587868
91 39 17097470
91 49 71195699
91 55 7292658
91 62 15845834
91 63 32020685
91 86 67186041
92 48 59996334
92 78 25492367
93 8 23288414
93 11 73593366
93 21 16662449
93 67 27522609
93 68 73617616
94 2 74083706
94 28 41747065
94 36 32305959
94 46 15260930
94 60 64082072
94 61 54415437
94 69 55293880
95 3 48135849
95 92 37622097
95 94 56777820
96 22 5174327
96 73 39583895
97 16 51134568
97 29 85523036
97 67 55259546
98 4 44265521
98 12 73898606
98 15 2907129
98 22 32046335
98 60 95497458
99 72 8854031
99 88 70775891
99 91 9720910
100 10 53606288
100 32 24835939
100 36 95439405
100 45 76396763
100 65 23700485
