300 300 10
1 2 31939072
2 3 79542917
3 4 73045211
4 5 17505052
5 6 49654542
6 7 81056776
7 8 63626389
8 9 83982758
9 10 77960648
10 11 8795135
11 12 81282194
12 13 1767378
13 14 62979299
14 15 34809907
15 16 73925064
16 17 31451370
17 18 25735458
18 19 96253981
19 20 63117700
20 21 72608286
21 22 73770247
22 23 63935046
23 24 53302501
24 25 85774274
25 26 20215395
26 27 31128045
27 28 85209556
28 29 20350411
29 30 70220194
30 31 52336421
31 32 99489141
32 33 2032961
33 34 90115323
34 35 8594155
35 36 21394298
36 37 79336044
37 38 5743047
38 39 40435461
39 40 4162327
40 41 36162507
41 42 63451309
42 43 79825929
43 44 96478914
44 45 52023944
45 46 95848837
46 47 57302231
47 48 53011091
48 49 97727414
49 50 77431505
50 51 59676028
51 52 18005189
52 53 49059219
53 54 13080097
54 55 4816623
55 56 18249432
56 57 66422128
57 58 29123495
58 59 34625654
59 60 90199848
60 61 58540655
61 62 84107310
62 63 40403053
63 64 56525597
64 65 68081001
65 66 51790093
66 67 77044028
67 68 47098409
68 69 71686103
69 70 78527318
70 71 54703907
71 72 78416949
72 73 31190385
73 74 45199835
74 75 91534093
75 76 3846730
76 77 37538780
77 78 81311681
78 79 90096810
79 80 93357209
80 81 21890861
81 82 93766635
82 83 43807363
83 84 72714594
84 85 76766582
85 86 76384317
86 87 13968819
87 88 95806899
88 89 87981223
89 90 28336716
90 91 84956588
91 92 76978210
92 93 35847530
93 94 38246344
94 95 16701362
95 96 8517535
96 97 64693136
97 98 85732707
98 99 64895445
99 100 11880698
100 101 46181663
101 102 8940514
102 103 55091254
103 104 20235387
104 105 2701180
105 106 39445416
106 107 57329997
107 108 55726839
108 109 15960801
109 110 5931090
110 111 81200174
111 112 82481160
112 113 6031778
113 114 50708098
114 115 96427449
115 116 78701934
116 117 44419914
117 118 73934029
118 119 37456611
119 120 67836375
120 121 31668882
121 122 4833562
122 123 41563212
123 124 970762
124 125 10330834
125 126 14511528
126 127 80498802
127 128 71884086
128 129 4211452
129 130 26492547
130 131 54752262
131 132 39139554
132 133 81935511
133 134 35349354
134 135 20964674
135 136 92574407
136 137 5695640
137 138 45609040
138 139 42121620
139 140 48344768
140 141 18565808
141 142 50706014
142 143 50566693
143 144 61795135
144 145 69803015
145 146 51833940
146 147 86421281
147 148 79946822
148 149 91398359
149 150 75062750
150 151 13767092
151 152 83231921
152 153 68051988
153 154 36413355
154 155 57873551
155 156 85133018
156 157 96678540
157 158 96049077
158 159 31894913
159 160 40411195
160 161 58712976
161 162 34659430
162 163 69944522
163 164 40667051
164 165 73609092
165 166 45487471
166 167 1537798
167 168 55728589
168 169 77841614
169 170 42261995
170 171 2691454
171 172 50535198
172 173 82651001
173 174 79081508
174 175 84849836
175 176 17886985
176 177 8063870
177 178 85031340
178 179 84200299
179 180 44620797
180 181 62579074
181 182 47367565
182 183 91171606
183 184 47322082
184 185 81720332
185 186 94885257
186 187 37436601
187 188 99057286
188 189 65699964
189 190 2977281
190 191 79104837
191 192 8130481
192 193 90733911
193 194 2852472
194 195 49548465
195 196 33705062
196 197 84284619
197 198 61245178
198 199 40082286
199 200 79547073
200 201 80725880
201 202 42953081
202 203 23813047
203 204 48849226
204 205 24863304
205 206 41965946
206 207 49547008
207 208 79942966
208 209 35451902
209 210 40319539
210 211 50621605
211 212 14075645
212 213 3613303
213 214 76404516
214 215 91769070
215 216 98673275
216 217 17638999
217 218 41609737
218 219 67110303
219 220 29868524
220 221 87741254
221 222 36155322
222 223 32037125
223 224 43994751
224 225 25151643
225 226 91008158
226 227 58416162
227 228 87179648
228 229 93692888
229 230 13022126
230 231 13668961
231 232 80627829
232 233 43213543
233 234 44795657
234 235 90587222
235 236 30126561
236 237 58845177
237 238 22720946
238 239 10730485
239 240 45192483
240 241 99598934
241 242 87272713
242 243 29262113
243 244 76289567
244 245 60545911
245 246 36319302
246 247 30202726
247 248 16229518
248 249 4551178
249 250 71085417
250 251 25609254
251 252 42297495
252 253 77153087
253 254 24640538
254 255 37392005
255 256 45648747
256 257 86159361
257 258 11480183
258 259 83125340
259 260 46343074
260 261 79118768
261 262 17406582
262 263 56542224
263 264 39183912
264 265 69578151
265 266 36396425
266 267 62373770
267 268 46486885
268 269 85118120
269 270 55956136
270 271 38976662
271 272 56340735
272 273 76280265
273 274 54965129
274 275 4770670
275 276 55467575
276 277 20937679
277 278 26785975
278 279 625696
279 280 64069172
280 281 83572075
281 282 68469932
282 283 58297781
283 284 75010463
284 285 96268835
285 286 29808515
286 287 4337669
287 288 61293377
288 289 88984636
289 290 69661011
290 291 38794539
291 292 72995795
292 293 45777468
293 294 30530015
294 295 9135882
295 296 79010986
296 297 38521989
297 298 16105634
298 299 32820791
299 300 6050108
300 1 4717014
