300 299 10
1 2 43464098
2 3 20246634
3 4 52992313
4 5 87366947
5 6 6480895
6 7 9722234
7 8 71924866
8 9 12633921
9 10 49081936
10 11 78220483
11 12 7784484
12 13 68106872
13 14 28816303
14 15 5032583
15 16 11535643
16 17 58202939
17 18 56126117
18 19 9375837
19 20 32301242
20 21 12175295
21 22 73960311
22 23 56978002
23 24 7933678
24 25 75893911
25 26 16616418
26 27 29962627
27 28 84641178
28 29 84212662
29 30 78248520
30 31 8302984
31 32 77457447
32 33 78590040
33 34 53241553
34 35 6655765
35 36 29673101
36 37 6252222
37 38 74714298
38 39 17874422
39 40 38870701
40 41 56255891
41 42 19361590
42 43 72569632
43 44 15809807
44 45 76626739
45 46 41403730
46 47 75196459
47 48 91536853
48 49 24256685
49 50 13831904
50 51 78061053
51 52 76665756
52 53 85753515
53 54 25215623
54 55 49982353
55 56 13076911
56 57 73517018
57 58 95577890
58 59 8427394
59 60 75748231
60 61 7999534
61 62 83082062
62 63 27643311
63 64 66627626
64 65 91321739
65 66 71366284
66 67 57390468
67 68 42164120
68 69 62492025
69 70 78592783
70 71 60825378
71 72 48530763
72 73 40234046
73 74 33343252
74 75 24127885
75 76 93817445
76 77 32762080
77 78 10986394
78 79 77097846
79 80 40298755
80 81 70490682
81 82 66453393
82 83 46100527
83 84 97904490
84 85 60241506
85 86 38646353
86 87 81733096
87 88 9824855
88 89 15846521
89 90 68710462
90 91 56119496
91 92 22140839
92 93 45909954
93 94 20399019
94 95 65627517
95 96 56599396
96 97 5262309
97 98 89686415
98 99 10418045
99 100 74903660
100 101 76910240
101 102 42110479
102 103 45650451
103 104 93320965
104 105 47000148
105 106 79774975
106 107 66662563
107 108 77832217
108 109 61230844
109 110 9229207
110 111 12562242
111 112 36230637
112 113 63632402
113 114 93555403
114 115 89141001
115 116 8724150
116 117 8142913
117 118 98134545
118 119 94152666
119 120 41554799
120 121 86856165
121 122 77570630
122 123 91434106
123 124 59812892
124 125 38197766
125 126 96184155
126 127 51780051
127 128 89745049
128 129 46574258
129 130 3028345
130 131 61967693
131 132 47709586
132 133 22555072
133 134 81996234
134 135 15716332
135 136 66262353
136 137 7912729
137 138 29287352
138 139 38578461
139 140 17359751
140 141 99101456
141 142 33234301
142 143 53404923
143 144 52472381
144 145 66640002
145 146 10815440
146 147 22329305
147 148 60288913
148 149 53907780
149 150 73744577
150 151 37290937
151 152 18377916
152 153 57783638
153 154 73849219
154 155 37369043
155 156 94810962
156 157 55740155
157 158 48153451
158 159 91633538
159 160 51061967
160 161 30970944
161 162 20256262
162 163 11138018
163 164 23651544
164 165 20306926
165 166 31132724
166 167 88384613
167 168 31317840
168 169 1619077
169 170 65090596
170 171 79070819
171 172 24473647
172 173 35265255
173 174 37840102
174 175 549435
175 176 19552355
176 177 56230048
177 178 71751585
178 179 49560376
179 180 81847640
180 181 76013033
181 182 42763336
182 183 16843186
183 184 92676490
184 185 69188089
185 186 82891896
186 187 87908111
187 188 90758039
188 189 99292229
189 190 7246804
190 191 61289683
191 192 91345244
192 193 75064183
193 194 52664206
194 195 53428002
195 196 53550033
196 197 52897894
197 198 13896514
198 199 64628899
199 200 85132905
200 201 53746501
201 202 8354762
202 203 25583180
203 204 9039244
204 205 28019721
205 206 59139938
206 207 21783966
207 208 14754328
208 209 45641229
209 210 80628249
210 211 7056579
211 212 13741158
212 213 31311
213 214 76072409
214 215 20302436
215 216 72023742
216 217 13618317
217 218 48802898
218 219 82374422
219 220 3422672
220 221 9437597
221 222 27910937
222 223 82418945
223 224 50496651
224 225 19938109
225 226 85149013
226 227 33857463
227 228 46625836
228 229 80836545
229 230 48877190
230 231 63639533
231 232 16487606
232 233 15482487
233 234 65507386
234 235 62544047
235 236 64477540
236 237 64939189
237 238 41856110
238 239 11527245
239 240 19343123
240 241 13715390
241 242 45987804
242 243 99368260
243 244 35535069
244 245 64239550
245 246 92886288
246 247 21667924
247 248 69301247
248 249 3099856
249 250 27543492
250 251 70901508
251 252 48553594
252 253 19676660
253 254 92619304
254 255 72903369
255 256 3629582
256 257 70881650
257 258 40008921
258 259 86290870
259 260 12215230
260 261 93441951
261 262 35046289
262 263 69578049
263 264 49217613
264 265 22420003
265 266 47740732
266 267 29902738
267 268 71483342
268 269 72687909
269 270 67470853
270 271 44246887
271 272 85421790
272 273 29936147
273 274 82306099
274 275 26192057
275 276 32130070
276 277 53778946
277 278 99304076
278 279 30432460
279 280 26832538
280 281 69476294
281 282 66140060
282 283 47722797
283 284 98113696
284 285 3889650
285 286 3749651
286 287 37502922
287 288 63382989
288 289 34785795
289 290 25990585
290 291 92948722
291 292 81220386
292 293 46208604
293 294 60025883
294 295 97056592
295 296 46911735
296 297 48940601
297 298 10809645
298 299 29589953
299 300 13711301
