102 300 10
1 2 34763532
1 101 39024837
1 102 91973771
2 3 91815921
2 101 24927477
2 102 87511265
3 4 30945053
3 101 89413913
3 102 19751470
4 5 30220858
4 101 86027815
4 102 98518981
5 6 25148936
5 101 17476897
5 102 9506222
6 7 71311859
6 101 28710183
6 102 99950892
7 8 39548161
7 101 4023040
7 102 57925732
8 9 16951253
8 101 91826511
8 102 81658354
9 10 1937083
9 101 37022196
9 102 19691127
10 11 11401895
10 101 35225489
10 102 60541040
11 12 99958674
11 101 58621626
11 102 18724333
12 13 34454762
12 101 47746232
12 102 31410686
13 14 65335243
13 101 73779846
13 102 75717401
14 15 57656936
14 101 90023633
14 102 48882449
15 16 57689769
15 101 85717434
15 102 42112338
16 17 87946446
16 101 15751800
16 102 46436547
17 18 79815950
17 101 85065149
17 102 35284474
18 19 92734069
18 101 60180205
18 102 74387003
19 20 82032379
19 101 18099766
19 102 59106760
20 21 90841453
20 101 97837885
20 102 59512135
21 22 71937474
21 101 23707381
21 102 39367080
22 23 27196087
22 101 24080266
22 102 70154708
23 24 47814861
23 101 33998929
23 102 49809893
24 25 61667547
24 101 35133139
24 102 81268671
25 26 37599308
25 101 53117655
25 102 17553124
26 27 77470810
26 101 65881730
26 102 73823305
27 28 31601161
27 101 75880869
27 102 31632210
28 29 26101181
28 101 94159963
28 102 49182733
29 30 17596129
29 101 9834909
29 102 57764739
30 31 87406849
30 101 84434487
30 102 62230506
31 32 52303141
31 101 292732
31 102 96486708
32 33 56950642
32 101 5799353
32 102 30186211
33 34 19024768
33 101 66844085
33 102 93701501
34 35 59742617
34 101 85772580
34 102 34050945
35 36 21442184
35 101 98401941
35 102 55497810
36 37 98818521
36 101 33725928
36 102 47055582
37 38 27254023
37 101 94676282
37 102 84624039
38 39 50298932
38 101 69840616
38 102 96168491
39 40 88162222
39 101 18388836
39 102 94475944
40 41 81000400
40 101 31898075
40 102 97001074
41 42 66618256
41 101 28415999
41 102 82844618
42 43 5712743
42 101 77963663
42 102 94193329
43 44 79352875
43 101 5187216
43 102 48231294
44 45 78252321
44 101 97669379
44 102 76489047
45 46 45813060
45 101 24447898
45 102 39637861
46 47 25887184
46 101 22076593
46 102 91809124
47 48 74530140
47 101 15067306
47 102 30273804
48 49 22458426
48 101 9280341
48 102 57598888
49 50 86372706
49 101 79874620
49 102 74645591
50 51 72922585
50 101 93302467
50 102 5211338
51 52 59000852
51 101 46044607
51 102 86582778
52 53 12436874
52 101 70677134
52 102 399237
53 54 16976461
53 101 41686236
53 102 16309628
54 55 54766755
54 101 40467063
54 102 36097096
55 56 75838636
55 101 80162734
55 102 93819258
56 57 10392114
56 101 63067638
56 102 70064136
57 58 49217339
57 101 4803000
57 102 767186
58 59 42907319
58 101 44929757
58 102 20812271
59 60 66647037
59 101 75129757
59 102 71506750
60 61 69348493
60 101 63649043
60 102 29937661
61 62 89859039
61 101 27813418
61 102 39803084
62 63 4260040
62 101 50488380
62 102 67293641
63 64 95861493
63 101 21082654
63 102 99102796
64 65 19645051
64 101 34670438
64 102 57090979
65 66 91811322
65 101 28879831
65 102 34701660
66 67 57022588
66 101 78921621
66 102 31644152
67 68 47723089
67 101 32783778
67 102 79469044
68 69 38567991
68 101 57430211
68 102 27359935
69 70 85993868
69 101 47086174
69 102 57098958
70 71 5114636
70 101 42538161
70 102 53369606
71 72 61830299
71 101 11644329
71 102 9204378
72 73 6121444
72 101 80505002
72 102 549723
73 74 87689849
73 101 41121569
73 102 25558925
74 75 60331508
74 101 64523081
74 102 74440985
75 76 52302467
75 101 44676551
75 102 8227294
76 77 38847389
76 101 70874629
76 102 58379508
77 78 18386280
77 101 19913526
77 102 7059578
78 79 15023593
78 101 49467021
78 102 20972615
79 80 29296369
79 101 41333026
79 102 40715389
80 81 80964910
80 101 52122544
80 102 39047905
81 82 4479477
81 101 46653467
81 102 17216616
82 83 13376209
82 101 48456086
82 102 65887673
83 84 59306770
83 101 78549167
83 102 78287278
84 85 58286020
84 101 5848604
84 102 47116058
85 86 71813520
85 101 39658700
85 102 17361859
86 87 6599949
86 101 43313942
86 102 22365986
87 88 73202733
87 101 99275233
87 102 16862556
88 89 662884
88 101 33302328
88 102 91481048
89 90 20099029
89 101 12037185
89 102 64280070
90 91 49882355
90 101 9444531
90 102 46301462
91 92 35442530
91 101 28689759
91 102 6301620
92 93 96418613
92 101 31917061
92 102 89467859
93 94 32040536
93 101 69779241
93 102 59127378
94 95 26179013
94 101 76943670
94 102 52759045
95 96 83295841
95 101 7277850
95 102 73431782
96 97 6972102
96 101 15484655
96 102 82318542
97 98 18409517
97 101 71652214
97 102 49760958
98 99 71618026
98 101 53224033
98 102 40199949
99 100 19999087
99 101 73212340
99 102 39977015
100 1 34999796
100 101 11661457
100 102 50019773
