34 289 9
1 18 10
1 19 4
1 20 2
1 21 2
1 22 1
1 23 1
1 24 8
1 25 9
1 26 5
1 27 5
1 28 10
1 29 7
1 30 10
1 31 6
1 32 3
1 33 2
1 34 6
2 18 8
2 19 9
2 20 5
2 21 7
2 22 1
2 23 4
2 24 6
2 25 8
2 26 3
2 27 10
2 28 1
2 29 8
2 30 2
2 31 4
2 32 6
2 33 10
2 34 6
3 18 8
3 19 7
3 20 9
3 21 10
3 22 8
3 23 6
3 24 2
3 25 1
3 26 5
3 27 7
3 28 2
3 29 6
3 30 1
3 31 5
3 32 5
3 33 9
3 34 3
4 18 8
4 19 5
4 20 10
4 21 5
4 22 10
4 23 4
4 24 10
4 25 3
4 26 9
4 27 10
4 28 5
4 29 2
4 30 2
4 31 8
4 32 7
4 33 3
4 34 10
5 18 5
5 19 9
5 20 5
5 21 3
5 22 6
5 23 2
5 24 1
5 25 6
5 26 9
5 27 6
5 28 4
5 29 7
5 30 2
5 31 2
5 32 6
5 33 9
5 34 10
6 18 10
6 19 1
6 20 8
6 21 3
6 22 4
6 23 9
6 24 5
6 25 2
6 26 8
6 27 10
6 28 9
6 29 5
6 30 5
6 31 10
6 32 6
6 33 2
6 34 9
7 18 2
7 19 4
7 20 8
7 21 4
7 22 9
7 23 3
7 24 8
7 25 5
7 26 4
7 27 6
7 28 7
7 29 1
7 30 6
7 31 4
7 32 9
7 33 9
7 34 2
8 18 7
8 19 4
8 20 1
8 21 1
8 22 5
8 23 9
8 24 7
8 25 8
8 26 10
8 27 4
8 28 4
8 29 6
8 30 8
8 31 1
8 32 6
8 33 6
8 34 7
9 18 6
9 19 8
9 20 4
9 21 6
9 22 4
9 23 1
9 24 7
9 25 2
9 26 9
9 27 5
9 28 6
9 29 5
9 30 4
9 31 2
9 32 7
9 33 8
9 34 1
10 18 6
10 19 5
10 20 5
10 21 3
10 22 5
10 23 9
10 24 7
10 25 3
10 26 7
10 27 6
10 28 7
10 29 8
10 30 2
10 31 7
10 32 1
10 33 9
10 34 9
11 18 9
11 19 1
11 20 4
11 21 2
11 22 9
11 23 8
11 24 10
11 25 1
11 26 9
11 27 4
11 28 7
11 29 1
11 30 3
11 31 5
11 32 10
11 33 2
11 34 7
12 18 3
12 19 3
12 20 3
12 21 5
12 22 2
12 23 9
12 24 1
12 25 9
12 26 9
12 27 2
12 28 6
12 29 5
12 30 8
12 31 7
12 32 4
12 33 7
12 34 6
13 18 4
13 19 10
13 20 9
13 21 7
13 22 1
13 23 10
13 24 6
13 25 4
13 26 7
13 27 4
13 28 5
13 29 2
13 30 4
13 31 2
13 32 6
13 33 2
13 34 8
14 18 4
14 19 2
14 20 3
14 21 1
14 22 3
14 23 3
14 24 5
14 25 6
14 26 7
14 27 8
14 28 9
14 29 8
14 30 2
14 31 1
14 32 3
14 33 7
14 34 7
15 18 4
15 19 3
15 20 1
15 21 6
15 22 9
15 23 1
15 24 5
15 25 3
15 26 10
15 27 6
15 28 6
15 29 6
15 30 9
15 31 8
15 32 2
15 33 3
15 34 9
16 18 2
16 19 8
16 20 9
16 21 6
16 22 10
16 23 2
16 24 8
16 25 1
16 26 5
16 27 6
16 28 5
16 29 4
16 30 5
16 31 4
16 32 8
16 33 3
16 34 5
17 18 4
17 19 4
17 20 5
17 21 7
17 22 8
17 23 2
17 24 1
17 25 9
17 26 4
17 27 8
17 28 7
17 29 10
17 30 6
17 31 1
17 32 8
17 33 6
17 34 9
