25 300 9
2 1 100000000
3 1 100000000
3 2 99999998
4 1 100000000
4 2 99999999
4 3 100000000
5 1 100000000
5 2 99999998
5 3 99999999
5 4 100000000
6 1 99999999
6 2 99999998
6 3 99999998
6 4 100000000
6 5 99999999
7 1 99999999
7 2 99999998
7 3 99999999
7 4 99999999
7 5 99999998
7 6 100000000
8 1 100000000
8 2 99999999
8 3 100000000
8 4 100000000
8 5 99999998
8 6 99999999
8 7 99999998
9 1 99999998
9 2 99999999
9 3 99999998
9 4 99999999
9 5 100000000
9 6 100000000
9 7 99999999
9 8 99999999
10 1 99999998
10 2 99999998
10 3 99999999
10 4 99999998
10 5 99999998
10 6 99999999
10 7 100000000
10 8 100000000
10 9 100000000
11 1 99999999
11 2 99999998
11 3 99999998
11 4 99999998
11 5 99999999
11 6 99999998
11 7 100000000
11 8 100000000
11 9 100000000
11 10 99999999
12 1 99999999
12 2 99999999
12 3 100000000
12 4 100000000
12 5 99999998
12 6 99999999
12 7 99999999
12 8 99999999
12 9 99999998
12 10 100000000
12 11 99999998
13 1 99999999
13 2 99999998
13 3 100000000
13 4 100000000
13 5 100000000
13 6 99999999
13 7 99999999
13 8 99999998
13 9 99999999
13 10 99999999
13 11 99999998
13 12 100000000
14 1 99999998
14 2 99999998
14 3 99999999
14 4 99999999
14 5 100000000
14 6 99999998
14 7 100000000
14 8 99999998
14 9 100000000
14 10 99999999
14 11 99999999
14 12 99999999
14 13 99999999
15 1 99999999
15 2 100000000
15 3 99999999
15 4 100000000
15 5 99999999
15 6 99999999
15 7 99999998
15 8 99999998
15 9 99999999
15 10 99999998
15 11 99999998
15 12 99999998
15 13 100000000
15 14 99999998
16 1 99999999
16 2 99999998
16 3 99999999
16 4 99999999
16 5 99999998
16 6 99999999
16 7 99999998
16 8 99999999
16 9 100000000
16 10 99999998
16 11 100000000
16 12 100000000
16 13 100000000
16 14 99999998
16 15 100000000
17 1 100000000
17 2 99999999
17 3 99999998
17 4 99999999
17 5 99999999
17 6 99999998
17 7 99999999
17 8 100000000
17 9 100000000
17 10 99999998
17 11 99999998
17 12 100000000
17 13 100000000
17 14 99999998
17 15 99999998
17 16 99999998
18 1 100000000
18 2 99999998
18 3 99999999
18 4 100000000
18 5 99999999
18 6 99999999
18 7 99999998
18 8 99999998
18 9 100000000
18 10 99999999
18 11 99999999
18 12 99999999
18 13 100000000
18 14 99999999
18 15 99999998
18 16 99999998
18 17 99999999
19 1 99999998
19 2 100000000
19 3 99999998
19 4 99999998
19 5 99999998
19 6 100000000
19 7 99999998
19 8 99999999
19 9 99999999
19 10 99999999
19 11 99999999
19 12 99999998
19 13 99999998
19 14 99999998
19 15 99999999
19 16 100000000
19 17 99999998
19 18 99999999
20 1 99999998
20 2 100000000
20 3 99999998
20 4 100000000
20 5 99999998
20 6 100000000
20 7 99999998
20 8 100000000
20 9 100000000
20 10 100000000
20 11 99999998
20 12 99999999
20 13 99999998
20 14 100000000
20 15 99999999
20 16 99999999
20 17 99999999
20 18 99999998
20 19 100000000
21 1 99999998
21 2 99999999
21 3 99999999
21 4 99999998
21 5 99999999
21 6 100000000
21 7 100000000
21 8 99999999
21 9 99999999
21 10 100000000
21 11 99999999
21 12 99999999
21 13 99999998
21 14 100000000
21 15 99999998
21 16 100000000
21 17 100000000
21 18 99999999
21 19 99999999
21 20 100000000
22 1 99999999
22 2 99999998
22 3 99999999
22 4 99999998
22 5 100000000
22 6 100000000
22 7 99999999
22 8 99999998
22 9 99999998
22 10 100000000
22 11 100000000
22 12 100000000
22 13 99999998
22 14 99999999
22 15 100000000
22 16 100000000
22 17 100000000
22 18 99999999
22 19 99999998
22 20 99999999
22 21 100000000
23 1 100000000
23 2 100000000
23 3 99999999
23 4 100000000
23 5 99999998
23 6 99999999
23 7 100000000
23 8 99999998
23 9 99999998
23 10 99999998
23 11 99999998
23 12 100000000
23 13 100000000
23 14 100000000
23 15 100000000
23 16 99999998
23 17 99999999
23 18 99999999
23 19 100000000
23 20 99999999
23 21 100000000
23 22 99999998
24 1 99999999
24 2 99999998
24 3 99999998
24 4 99999998
24 5 99999999
24 6 99999999
24 7 100000000
24 8 100000000
24 9 100000000
24 10 99999998
24 11 99999999
24 12 99999999
24 13 99999999
24 14 100000000
24 15 99999999
24 16 99999998
24 17 99999998
24 18 99999998
24 19 100000000
24 20 99999999
24 21 99999998
24 22 99999999
24 23 99999999
25 1 99999998
25 2 100000000
25 3 99999999
25 4 100000000
25 5 100000000
25 6 100000000
25 7 99999998
25 8 100000000
25 9 99999999
25 10 99999999
25 11 99999998
25 12 100000000
25 13 100000000
25 14 99999998
25 15 99999999
25 16 100000000
25 17 99999998
25 18 100000000
25 19 99999999
25 20 99999999
25 21 100000000
25 22 99999998
25 23 99999999
25 24 99999998
