5
45 47
28 7
5 21
6 7
26 32
7 14
1 2
25 42
12 10
10 27
38 16
24 23
18 26
15 36
24 25
2 5
1 40
33 5
11 19
22 8
1 17
2 16
45 32
3 34
26 30
35 7
23 17
10 15
32 39
6 1
1 3
4 10
31 16
5 13
7 11
8 9
29 23
18 15
36 14
3 8
34 41
1 4
44 42
35 42
43 26
37 20
17 20
38 5
2 31 14
10 37 6 22 31 20 39 36 7 35 25
31 49
20 19
25 28
1 25
31 26
24 16
7 1
5 11
10 15
2 15
31 16
13 31
16 29
2 26
1 6
5 3
24 7
21 6
12 18
9 30
9 1
7 16
4 1
3 12
14 29
18 21
5 22
15 6
17 23
14 4
23 13
18 12
5 8
13 20
19 7
10 19
26 25
3 14
12 7
9 3
12 6
17 1
10 4
31 5
9 13
1 2
3 2
27 14
18 24
27 16
10 24 14 27 6 23 7 19 25 12 30
4 20 28 10 16
30 42
1 2
16 11
10 27
5 6
3 7
1 22
16 1
14 21
5 1
6 9
3 4
10 5
1 12
1 11
24 29
14 8
13 14
18 16
3 2
14 22
20 30
3 3
1 21
19 29
3 13
1 17
23 14
5 7
26 6
16 29
23 11
7 2
25 27
16 26
15 14
25 16
5 28
19 12
2 8
9 3
20 1
5 24
18 22 20 14 9 23 24 12 16 7 28 10 25 2 18 19 8 29 3
2 1 27
45 47
4 5
12 19
20 25
20 26
5 30
43 45
4 10
30 43
22 18
1 2
20 18
3 2
8 31
5 6
2 7
41 42
34 36
29 27
16 7
39 4
5 17
23 9
21 12
38 13
35 41
18 24
22 37
39 44
9 14
5 31
28 40
5 27
29 12
23 35
27 28
4 2
1 9
24 32
17 34
4 12
1 15
12 13
11 5
18 10
9 33
8 6
39 8
5 5 32 19 31 27
16 26 31 44 30 45 29 1 40 11 12 17 32 28 5 9 4
42 50
15 11
31 22
11 21
35 20
32 16
3 25
17 42
5 41
18 23
5 6
13 5
39 38
37 10
23 30
6 42
36 25
1 18
17 22
5 19
1 3
31 34
16 40
37 22
4 7
5 26
25 5
28 22
18 24
13 16
32 39
34 35
10 1
12 17
14 27
2 4
11 20
6 8
4 5
17 38
32 28
1 3
10 14
40 32
10 11
17 33
11 12
2 1
1 9
41 3
7 29
6 13 37 38 12 26 30
11 39 41 31 11 18 32 5 3 12 1 37
