643
731669277 -556579240
707056660 -678438578
422206356 -389556279
77944796 -24669727
-487563019 875452380
-523183915 -520882301
-104525642 935936196
-672571264 -740923554
-153220261 619167490
186978732 -504641820
477924743 -362524026
-406649343 846548374
-578015478 659389707
602088828 -112743988
-556455864 -929534934
940235366 179944990
-551675352 -859937826
804615686 -815008238
-138127098 -902722889
250351834 -17422828
-987866358 279957634
855839485 570489986
-716820565 -142819833
430243525 -232154756
17068009 255544298
-19363716 315342216
-512920458 295147522
-464672037 -29196938
869037466 -899063148
-428029699 -432187241
-153037903 479995342
433321077 -802066280
196415019 -351208731
-935191548 588460948
380847424 -117190824
-664995387 791987036
-222307998 426897725
659382691 -18079652
426274865 -221518605
743595997 -682697394
204473140 -823426787
-733790694 -719426617
-25060982 -640597919
-3676214 193898855
530316398 627370729
47253856 -713775479
-431708163 -308382452
38049611 296492010
118332357 -878469349
670806184 -401011414
-733527750 -5923672
-232410523 -47404209
833317504 579555371
-986761717 380881439
850084870 -865938854
-785729586 -805664106
-645899467 -167488838
-885529275 406363793
-787237724 937378201
205705268 478625928
613741842 -750315557
-169679071 749482115
-830828227 -528707833
438320963 -44341919
-789941058 -707614978
74073317 -150560389
-896789715 -543329795
473653784 -511409859
-866393127 427351021
-39951806 -383500671
-434974778 838062788
259181215 252831308
445323179 -967037159
-856429312 974001501
-933966180 110612222
-663399046 941855928
-484729900 -921610608
-611995035 677961459
-101878544 -27669866
-802943049 283154685
-926622936 -705359351
389059647 344894818
269954340 813303847
-356577686 -367164544
-180305144 -485639765
-843962329 695899903
-422709062 -313329543
618467337 -361782358
273714098 -237693563
-815648178 -868812035
305653367 414998961
420015477 -603000733
148298709 -817416228
172168271 862524107
-973526606 -498315331
873194925 -125729284
979011260 -951673661
-760788432 -833390234
-308844257 -208463250
872022319 569520123
244854556 990747434
-520074051 799114738
6462673 -593894886
-615170993 700148439
-459674334 158309869
-653051206 58109146
-374740985 298097235
297148938 -836356937
876410261 60293881
557500350 -429449330
-818260758 -800992017
-294883610 812659337
-199765793 690379964
575018294 579619486
292669223 541148681
-674770786 877060050
-787738084 387693519
621282705 457528207
641241962 469379275
32472642 741455026
556683801 434020473
671355140 215816100
451340963 574979538
-339853589 -920295896
-296627652 510039397
-312844217 16222299
-967586402 353440859
-858475202 -145346795
-32272640 -48019284
257008007 961772899
813063595 395711953
635644582 -645669998
-86575782 401477795
711413859 -493824053
13459550 484237115
-843473778 -580718989
-600557950 -961364452
-616113524 50590677
-309638861 453585638
-973183064 -932522120
800358140 -497475082
954461988 842850739
-774247320 703722319
-788422785 -697913793
-361809097 791327005
180130338 304779140
635573751 754554422
-494652753 10566792
283184269 967010857
-221627688 771075757
608713018 407456275
-43093910 -568867110
-554907396 404000342
297282545 749035356
492398006 -813458598
95856372 -37267079
850333684 -793980609
539390010 15411314
-144811606 -256568901
-149489512 387331301
-216854037 -711164770
-796631839 845028147
499135313 -24874031
397808573 412785226
562771803 509169136
493927209 -773206429
-335914126 -188039751
-644123769 -516214448
-135279865 -934828519
-181265955 -418091169
861707251 -271573071
-755816333 -222295377
-100407535 69832586
742650363 186494538
-370539045 847207226
496429576 309595278
-962900885 -579046620
-100150337 348510832
-614865839 -772258671
571631663 233120638
-634022925 893410644
-40262019 -940538860
87636629 195511507
150276004 -856197351
290005338 -209709402
-89219515 443311132
-117664278 -994136840
-969554976 969863145
-867860405 355016265
415703211 199146759
-564634519 -199864823
355887820 148901129
-917770497 979548421
814153177 322126430
377908199 541776572
-826096837 858597828
-333084906 -768026109
-361455368 886218577
171200000 653925261
-253847753 533839796
425036539 -280769925
-358638533 -177359922
-531530566 513918422
154706998 -430639935
-606009301 265767272
-931618326 808433503
195843606 -896019871
-879036839 -887450265
-418180287 950522324
-118124148 -157190438
-285954490 -609330182
757571059 -904961153
119963725 -252343460
420243343 410511135
522179227 661111549
896003367 -859737007
417077337 -948302424
407058661 -307313181
-142151825 973057606
-257189928 886795533
463551787 -888695655
900542781 -481066805
-765893109 -687915946
-822035357 -401567102
-251814021 -501202651
-479910856 302773521
840378465 -343814350
166371385 185399194
962520447 -437684977
56005267 240637182
-597415925 -572208081
-33982628 388954870
-753017322 583273830
961839747 789006601
133852854 301657165
556308441 -645844945
62654172 -933293027
298144247 -308623689
-797420125 -373217108
906767374 -979528454
-369131392 -680416561
207460515 -485561225
-375975159 -313825745
400674760 -844614717
947985025 -226535221
-579458713 -501794432
630567297 297893223
-163975890 736677975
298827562 -256245039
356708950 283680185
-925176389 451846014
-270869474 -579367463
292063161 -901297420
865282467 -607440449
293950416 -326267797
-212716220 -496917838
276770219 91663249
442402999 -854000668
132232464 458446044
98398330 -932267868
-620077418 -198751672
-744047892 36559071
-289763891 -456861543
179219691 -193378704
-512201344 44741519
777957217 321156075
863054658 740112494
-47851145 -358423799
442291458 -87974602
-545730946 265960621
-517862437 -256002173
-576255804 838858359
-763686963 -104003000
-770334216 -639715793
-222341956 663306463
12356235 -32478713
-372074866 766685514
-815094667 -199467492
-896726639 -98923513
105220057 -563406636
-835587054 933608318
-836319696 293457404
-123071241 218893807
204105433 -859050298
-397311156 -405828776
336606995 -577724962
-341371604 388519724
-579605636 -138309541
582690929 242139548
-634888042 797504749
892504330 -377382503
-91380909 477161440
-256265814 94226710
-764132784 -514176451
-640909705 296854549
910206972 -604839957
379625077 64984349
174066216 -311424865
811952932 -352904597
727981755 -786021533
-132233572 480923579
784183062 547045387
-722558161 -95285802
875347333 -37213798
-609581589 742629784
753274483 61199460
705239380 -653378809
-278880348 949408767
-664437074 -513573973
-59631106 380297891
-799351810 -788405319
809413415 86146377
-254061975 -836882178
-168851594 -724042611
83788425 624798692
-314828464 433668612
352583193 -920929107
-252514104 234195785
-115536787 433157178
877528001 996649048
395590817 776929860
550750230 363122566
-336232867 465132172
241129157 -143151157
-653560752 -321763448
-311445504 121787917
-917606584 870584652
921663750 -578946720
504587707 -714552511
666892099 461373379
-460160440 -111099299
390638077 -847355799
-1982991 -41184908
-842831884 88018490
502807924 845845699
-509589725 89116479
-413042452 167486339
365216349 817075720
-670999238 -245207058
620253651 23922968
-767593954 821051962
-706083456 669478975
440062487 593281901
-534802389 -425227778
770135084 -448326187
471336007 815579554
931699168 139579645
-90433368 -658488726
575288153 939194947
225365259 902333482
606997740 -115998139
-409696177 190864152
555546613 -334141194
791525923 -743900858
39795361 -107856426
-449893303 552596174
226416294 242105355
-988419100 -313453919
-541843075 131229426
717223645 -735501349
890793902 -747036117
-448107078 -63202685
-27149642 -591165241
479629699 592003065
341023628 -982396695
-160061764 -48158203
-833610061 -128176251
872381925 -131336152
-627578228 -764633116
447783671 336383214
-544902719 139917615
-599859184 671840771
564460981 423188580
561531665 -384843227
-300770115 280741790
-695348650 -224578199
-145083725 -200568716
526077931 464309040
347073185 -280441045
623072186 -752086729
-437353928 -930403280
741580489 900246256
-371642529 77319595
-847781500 -174543174
-220738337 -448968634
-976535211 -649697783
-386256232 570150574
-449682462 421758067
-510543155 769650073
253604434 -247273562
540506173 113002688
137371504 -896334677
56581122 -747010814
-133034308 -848132189
36339137 -939651123
-181195616 -852718725
-170680355 -234158865
525860661 523899780
-378379639 -638294274
-461351624 748301519
-938366198 824369442
-726410099 -963934174
-80715702 991303671
847256552 -649558368
859779586 -206491801
385012289 626591345
831870355 -828249854
-567132964 683329332
-252901367 -673734741
-955205021 -260199705
-15886393 -364153110
9200246 -877312661
-478039755 -359476370
914446531 102847419
-119332072 126129526
658533084 360014598
-666802062 -62546734
752972561 660537427
-443302738 -919534052
156767093 850944091
999400604 952944813
433060157 -722866525
-26805299 -247184680
-910737468 -72042317
-231700469 -923057286
788797790 -931998222
-260002661 -425140278
97073360 442635585
627353969 -243505766
-738525835 -267675888
342948366 59351609
872192717 132208317
613171484 356401896
97931325 950430758
-993063129 589984111
-447101760 -190721258
149235 797377711
806557586 682644614
285823330 166399761
-68395503 105511030
-24074572 776466429
802903220 590050284
-891500517 47610002
-884733817 -473489105
648905828 -29842494
938244854 505906127
107408179 -347528364
-805946747 807727883
483231289 934391658
-535597791 -308572700
697504140 -65971990
-243054267 777202581
739437463 -511404231
867724100 770763678
919598547 49614104
162756306 -600347037
787879141 925138079
-773513663 -786846386
435375078 450929042
-705304869 -276396417
-698997707 983769412
-891082862 -722750137
570911565 -551744663
248208676 -218184535
-665158954 -709495843
-743279765 653795726
57899249 634026838
-110006997 -657101269
-433443407 -728503657
143418071 833014397
87425446 -164053655
258975084 363886611
558336942 24845819
656319928 438959156
871472466 -178916801
-933914491 -15145123
-95000820 325388191
-267386866 -222584579
-293026408 793572361
-68892576 795855987
-600600594 645664551
152768027 168698142
332594723 945084393
334654148 -462312190
-238090569 -738848699
839922192 -145578065
806077421 36110002
465184509 -476204036
-605897734 -827394414
842941957 833329011
870789151 644583993
-704500659 649164272
-96992071 314063050
-355977559 223557379
-330211025 544347588
-846139354 -14037439
-40327169 764658962
608223396 653485527
-287988224 -121640531
-72794170 222296025
295735761 706898282
14191848 -133090484
862700687 -665052506
202279765 -761445123
-995181329 120131191
215135740 -416020896
421774474 -210658087
763782816 476024224
-185638785 12588255
927632208 -812201115
869792065 -226445030
258394861 -553783594
939318149 -975070285
22265511 -468250839
500822991 -19449430
-933762689 -396014732
881648422 -879922623
219287680 295840311
482129214 930711757
-922236597 845439313
743639925 82071119
-511053208 -645696886
580862409 47638668
861921938 93765030
-440747697 78658117
-769005826 757414183
-761316960 -905736699
-693706386 -508459424
-461138311 92080576
357852254 599195305
-86373244 -874054966
-229759038 -227195922
-229624819 793036318
422731865 -797862771
111924597 -972799160
92205452 394972964
953769373 -706291167
285189179 -176944435
151939347 -119822016
-503287820 -381992756
-342562747 111351354
812052659 -340082328
-834071812 -581194310
-139825220 -706403391
-268022973 -964752970
333395774 303506122
-789285818 -741286012
-587814271 -59443829
985746559 442720474
-401847363 221583682
597389201 -231033222
292126397 104036955
788087219 334296428
-642981824 336910815
483843406 -815476781
199182813 -49729524
-714524747 -883777221
-898988693 107151755
305593196 204326954
-175501366 717488761
910516169 -250723537
845854904 929281143
919748603 769954288
-576574197 978105368
-469635742 -456774904
-439279108 -347570653
-791343724 394213397
185963475 834293274
736341445 380351639
126646000 848503422
-501702434 -422987723
522350465 -394639395
916107616 -246845171
132293656 -535224572
689273245 597858445
795267072 868497920
475635083 -423493212
-49726510 -192479014
748364175 558592930
910263273 -271802890
-314492860 369820143
-613444290 -944613293
-663116934 786964043
275680110 754601277
465260446 652519930
55539252 81020730
-688946472 -221394638
-427795869 488428350
948854669 109212812
-356336903 199376174
744862007 259562902
-188494955 -378718247
733134203 116423479
352870809 -274142300
-209487093 156944352
365410445 -961281170
783704025 422041901
-347019382 -530286871
509779755 39942424
-596982847 222385317
67046021 73033171
-316315312 590500940
-805430859 261410971
339067335 -811686460
513417087 252564028
-601965337 -130833399
-536423787 -627026289
5532610 -43456940
796576585 -114100923
204750287 -504174450
-134646359 736203758
544454045 348337985
416472008 105241277
437058057 765531287
-920650769 -523574280
976572498 462782743
909958018 -183346566
336493154 -343002284
663488838 -832215421
550322774 -352169292
129707309 -743372067
786219439 500521662
-546882497 233416971
922728543 -643820801
-198757275 360424851
-697852934 157542955
771858684 -837415166
-725997224 413995829
-144822363 323727016
801167819 -803805191
-753167649 675567043
-736408523 826355261
189313805 -135369560
451588679 -178083280
-407200779 915938668
625478526 401535452
-593875148 195068113
-617988290 679034625
256812507 -253585317
-633976574 -462489768
-983798461 209622205
-712476367 902801636
220603816 567293575
