587
766927296 718969488
-741164397 -573862883
999523957 787260445
-894336085 880457254
-333755751 -998693562
-629822148 621060597
30513310 -908968081
396778843 182772610
86634154 114193416
262880286 956532481
-446847910 -171042487
623320012 -924833185
-924093488 923579518
790226975 -278766857
-40950542 494833753
96587150 -484223848
-895311820 453514545
-297919869 -84182368
-531454045 475121085
197665730 919739266
674944881 -938989921
212682182 490876698
-613918332 -812448218
947763520 636702431
853097129 -246984064
-797185439 -450130232
384887272 429438290
396982936 -61975110
-870410607 -396861251
496186822 -417271574
246311789 931476102
960771890 653406853
-522713574 -203312626
-589317785 -170620012
920832870 -196805448
753677016 570696441
-267462671 -108769013
-968366067 -359236209
782563810 -747010342
401959236 161545660
931181559 -835525012
169290979 -897662397
-603841027 -753767844
-331406288 -142935332
727916835 -368144120
-178550819 265028348
-844748081 905361943
630854311 -888052586
892824904 932349814
688107335 373202882
-701673744 600993962
229960131 -387667124
591361713 611447361
-892915350 -359131750
516136379 -812835472
-262170075 -700352367
562646076 -635693759
-602619389 -604027967
876420007 -274097935
561332541 -865030213
-105498360 932544604
-644733802 155146362
-992463086 616142041
-884864681 198695171
-76631716 -429398195
107457934 -728049297
364530367 -386978255
736456919 -507734385
-195626416 726812497
-416634635 731640654
594164901 -579164175
-81077458 517389331
331725784 613744326
929416538 680061851
-903676325 266529898
767595179 -802214290
-401207202 -78312219
-39061853 613500038
-539597991 189227667
-138893868 361930
901514539 556845160
-375393282 175360687
233971849 -539806320
-345343399 -636463283
799607336 -237693411
-173527484 156900730
658692857 580529558
-814297807 -29756166
-53306890 940785138
750638506 330969221
-944188118 -142626118
-690481106 364275326
133992920 -699785354
739201339 -613837094
934002061 205576395
-866334266 -190226869
367757152 -456751676
-472826635 720849329
-269849555 -704752389
65673481 -402225445
474567881 825449156
-50549667 419828318
-872550424 -743602760
960337200 -63802024
105664046 -796004123
484209622 573817633
995958833 -848436686
162110843 -405638553
38217233 909995632
-750471958 195747912
97602664 918123190
68601986 888162734
-558506657 -290744914
-834743536 45949790
76896686 -392608388
623308842 -471032379
-837081274 976949950
953827048 511304427
619525679 969564856
-737284530 2249956
-794988633 140204577
354217346 481573460
-174193276 -949665548
-739955000 577564181
881498475 243236740
-610150791 -40448567
421313023 -204971872
268676477 440401951
606768998 396736016
-901419710 -818145846
336506533 688559466
319871325 -530166922
-972179515 34278129
992014634 -163377444
360240962 -601152677
669777601 775001449
-872603208 -733989398
-729253417 -872342006
-63970923 -974005493
680854397 -684742323
-270784965 320073025
-193743054 -230643781
-206934490 607777073
-782752511 857357731
394072384 -398979377
913372910 633731814
-995963646 -537376525
389391999 625054739
-212618766 547498426
-634927564 -949296731
450585757 -293134029
-66077850 117870646
730854988 -615317533
172833124 -655919099
-9426041 -786842869
-835803849 310280430
-453363799 -201468763
-464766 -274017785
-981343124 -306304588
496886445 -610454533
-212911694 -276657510
-315428379 726810331
-82683825 -963346580
-247642508 369929734
-690160633 788228185
81511976 373900345
-630219249 -356349427
440990129 -85258930
-837387795 130566746
-779624343 697180249
-786320922 84248298
189376552 358014566
-655188817 -741108083
604257385 293452988
150565620 504455289
-970976781 -432353826
-691213611 566319421
221531915 -949083422
-57382555 653941259
787085506 -975313778
359542045 -533767444
747469954 144195608
-210749415 763847707
-276681398 448745470
40613445 -605455001
-73196796 684909758
-283507305 860765159
550367460 406640055
-518961852 -969447461
-471775827 21509648
139272114 -720732651
-594347813 891900654
-938655009 355733550
540367346 -984366953
861479100 947096688
879192678 882218970
282978126 -911931860
154018804 -988248995
-559063822 -956489144
630472384 643275491
-489971 -289411938
914573735 580479324
906256326 -488682145
-315042476 728346952
642293997 -500724138
632479178 -723465703
690631891 702836838
-452065146 -412039026
925303532 936161591
-517987149 809113815
-784508122 392971566
456509705 -661842694
156860594 385651301
-757196325 -667040045
593012073 -636743852
-484750871 -689545384
-924643536 -437218106
812271425 800285752
-8109417 70204839
324163225 -292840025
938291213 -125542488
765340849 -721407122
578246818 -544117007
-222327641 717416381
-933036052 -818349236
-287198935 -638528028
307877821 -829166448
296221186 856141774
-701485612 261382240
-103259563 667801559
-188784802 285844084
822976010 994767866
767966873 -98673192
670383992 797693832
974139546 72605182
-552089920 647858606
-725398093 -222861099
-346917199 282351623
698934071 -921948818
95979412 -323646762
-878849735 -326042175
127581871 -916395842
-464218011 162938337
-112532501 52830153
-796070777 -18695266
30031873 179382492
-107541618 778416584
-491749782 -128841920
474573114 532962818
550255062 877062191
-941849146 198041265
-706684338 682896331
-491181967 502680832
-348223629 75388813
-383603218 -316769531
139741813 643091235
570225416 54567474
754657223 -80109684
257896514 -955243579
599588596 951310691
249577168 370501097
133661522 785912728
-785377478 -1622659
166826325 -313500033
682539164 892739224
494036642 573736032
411385558 906696093
713319085 30596192
364775745 -192269080
968937414 -256765396
47013559 810670177
82587325 -819717175
-749495501 959056111
-47980072 -305701296
-602929448 688495514
701884940 562954231
377811662 695851856
331524787 40238322
230254165 876904488
768825300 -23527435
125257353 414101329
50831588 915125277
479843637 831250886
-947775964 -375174914
-153129506 841470792
-654503658 895598194
622963679 318224898
651171637 411973170
518033203 450584248
429991988 308166631
406223976 -366462806
206374441 -942756406
519966167 -475733794
608923283 -937084016
-699679325 682857729
259831025 -423498669
733371984 -303708904
-642745757 -706612868
623786862 751005299
-602088068 -653457948
234529980 -55440894
-746575140 497623133
-590093610 -510618121
-206900057 184068438
-574937019 369537917
-705953933 200166588
-901158555 -16529615
-554351136 564013775
11989390 -631867766
349537365 121489060
105841589 31019043
-222463095 343491085
-928397520 -662877659
526388741 458857611
83567006 791685839
-919170932 939831892
-35431288 665255032
277339854 -975799641
-479438589 951914197
900611509 608147577
-484680142 317612924
584248253 -853523470
345242461 -293966211
-239567429 -874579127
-299346594 915197437
-777947550 -431410105
463653071 -356129932
56703764 -724086644
-454376373 468315000
-169822608 561506631
-497127893 27647504
-754843992 -973644287
127944881 41454883
-66814150 -175335158
273552710 -140806229
-204072920 331216039
-229329741 -783991785
-130786899 103443311
-297828060 -324538050
-749086564 428707054
-790811568 653276532
-43345697 894987360
-249120744 413903681
846790523 23812694
257788131 -733137420
-882497567 779421323
-17923196 -649494131
-398844925 -216876907
753496951 835521415
-891538380 -538430197
477033924 771254534
159367876 -726350346
758864669 569421464
104772441 -561624385
-716416448 399338224
-231053474 -532025300
523265650 476894703
811662486 774194428
-531212465 142324393
-108345823 -986185120
-927378869 136231329
646589612 478347785
377546249 -145583379
844595280 928325193
771127414 71213215
-999049093 686842144
94613798 -618370678
846526916 -798273190
-925529105 -849343491
5970848 318270930
417002521 -205238103
526305627 120685374
67206665 378288041
-665905964 -663747708
999101494 -549861544
-711714124 951510659
-181390131 592951678
270896373 478721672
-465079414 215685593
977089735 760434977
-792443755 -129534290
-335798537 170652770
629563004 -390448694
-445940688 -165216665
-606248628 508649979
-157982993 150720817
-362744282 -496342717
435282938 -413039418
-846888834 -286019348
-681163456 -604851382
-93255735 296899731
-337856531 -623757449
-90032690 5166738
-385660604 751503501
157853705 -776732023
720531307 -532004828
457403549 247094100
409282687 -409119742
-775746291 819247289
-437472257 -765489682
445212169 -595733567
-186554 -478428946
-259905953 -683631650
-59058036 214719756
-209610433 850334701
687787786 416288899
285407380 733378266
868163605 114658772
-978036371 -343508214
529835437 233719684
-82428664 827929763
-352814288 818053806
419562586 -295060742
771856050 745359091
906717712 212726800
-125204610 653063190
61149835 682623179
363133960 343945181
641493409 -474965370
-588582237 -802399580
509976921 813734784
465350024 -913039477
194282059 -791271982
885813553 -241686157
-448212242 422871981
229271329 -549270235
-825489783 -616657751
15928490 192772558
431091696 -798710042
-846206242 246112408
967505554 936513389
-823293801 -607620684
-873128886 -815429764
251932491 -994659646
215578019 -658156854
-999193749 259300790
-471083996 347918825
-785160995 933210274
-819624334 -920789371
-978874408 496963460
-125129053 -183641915
-979056520 515448128
240026243 -280057371
-786993814 -436130352
551307786 850891132
-725456887 571482812
-304855548 -621937657
142443435 44252522
308213528 -8995952
313805583 -783377825
-15438611 956800774
-426158511 741865610
-772911471 -651684621
523564587 107629575
-159757499 578059971
923961541 91241662
118957491 -51102970
858837228 -49488965
970486472 235173428
-605193756 -564010750
-607881653 -585988155
139418503 -6598087
-183381210 -910812836
251771193 -196952847
-719805571 672625537
482746555 -735435026
50170556 652678458
73067073 334804671
720234453 -689852338
639117331 792387881
415204819 -590448281
-230526332 -487526937
882526085 239525968
-977388628 420005435
-389479168 213664135
617582462 710174750
792012087 618738795
954538604 506885180
-507304736 -982931716
208719528 -670605303
-315394834 -997531791
953722990 261736883
795637511 134957290
-329934302 754943036
210950125 -341588287
756289947 955081540
-632641638 -706522368
-421935852 -216953051
-348790276 282850602
166309854 -23590487
-375575235 536079630
-334383282 747177726
869415794 813791481
482246408 579809789
608123025 245838925
-503994333 -68294226
829004137 489816134
335499930 923743310
-403967134 -561783549
245778254 -16560877
47569993 71047864
-825410807 -511481122
-953747102 881369669
483924067 755698406
401700 -97840197
-42440868 21631576
-675541740 -194687935
-211854672 -131605025
552375781 -649053916
-957236053 -697436421
-467661350 367068589
-879727857 199123784
833934029 -834801525
981124801 -671046604
179967198 89478758
-691886561 -964739472
-748891953 -35583241
661870977 828884102
749455458 -256676470
-66623427 312590127
48243404 -471152254
78644365 481106758
104413239 -405062783
-920898658 -715362972
550445727 587677552
177586783 -268466767
-290527651 -71238406
370781482 -564613098
430575881 -58191273
-562021360 858955153
-485312707 -195320201
-192482582 -982705140
920297739 -362618676
-983996986 -571717711
-76513061 60212465
-119600944 987868749
-307755184 808685185
-802419048 309313468
572541073 -968190758
933166648 -957265945
158962324 -830396916
-573502894 471117088
-94082122 -156560261
246847188 -485407271
-321386747 -643973476
576722036 367660124
930998834 -367800152
-828946763 624417473
773230408 451912009
52033452 -805641106
889574723 -71286767
135012295 -246817169
-626291166 405054472
-666011293 574976672
759209794 255696427
679351131 236490406
-384567684 -437195922
435585821 31913210
-882171359 997869089
-428805932 -819357118
654623008 -34206223
-859885508 808565411
297311888 -289119800
755652817 -216404357
-324935723 36019845
863888101 -203099283
-357223206 -733417331
389483811 -414040450
435066807 -891962566
342732929 -2312004
-861207156 939461395
-234392758 184151984
-664698780 417263623
-464894361 -208564097
905268813 -495051141
-550595881 -611981728
-291614419 104795291
-110325875 503320548
-144811996 248619176
-669103489 -75881120
255781243 -951802802
426092702 -174846856
356046104 172097566
675788803 99437681
-540796864 -510892355
-768330553 976128150
-303746560 610960143
