27 23
-323 -330 -232 -301 -470 84 -446 153 -114 -358 -153 85 -433 -437 -379 -318 80 129 -125 -455 53 78 151
96 109 -254 -90 4 156 65 -352 -416 -81 16 -409 88 -158 49 -259 140 173 -359 -400 -23 178 -446
83 -410 -158 112 -288 74 145 -391 -355 149 162 -342 109 -7 -367 -168 168 35 -169 301 258 310 263
-140 -384 -220 76 20 -202 -456 -42 88 150 -416 -286 123 143 116 -254 92 170 164 146 151 118 -64
-300 120 -340 -372 -271 -291 159 -37 70 160 3 155 -156 -293 -77 73 -422 -87 172 248 322 63 356
12 71 -214 -42 85 -371 165 178 4 -472 -195 -160 -160 191 51 -19 -40 -457 -204 219 -1 321 -113
-332 36 -35 -58 160 -145 -163 -3 7 -133 -430 -266 -234 -431 112 176 135 -406 119 142 290 391 357
-366 -286 -237 -296 -245 143 -354 -313 -89 -71 152 -385 7 41 -187 -484 -481 -431 179 225 262 -83 -158
-336 -254 -45 -179 -457 166 -446 -53 -359 -298 -86 -107 -38 -104 -246 -121 18 157 216 -153 232 -49 -59
-323 -185 -286 -441 -72 -21 67 183 -336 -449 -102 -465 178 -195 -452 125 45 -314 -54 158 -150 -185 82
161 94 -315 -281 -125 -14 -316 -34 -72 132 -127 159 -151 -59 33 24 -143 -270 -227 -30 -120 -1 28
-211 -79 110 -239 -402 80 -167 -9 178 -440 -318 -27 -346 90 -425 -136 -434 -89 293 -7 179 -75 -159
-301 150 -157 184 -132 -478 -236 -479 -411 -186 -183 -203 -41 120 -106 89 74 -409 84 295 -98 -124 400
-307 172 -295 -284 -169 -61 165 -443 14 116 -141 -354 -68 -86 108 -94 181 -456 210 -235 299 391 61
-125 -453 79 -127 -174 -122 -404 -445 -17 123 -75 156 -355 -483 -266 159 -461 -117 -49 141 -298 -159 52
-234 -458 -211 -29 12 -50 -385 -252 -131 -275 48 -248 -373 -450 -150 -28 70 -38 -125 -427 39 -21 95
-398 71 -476 -201 61 -108 -252 -383 -8 -169 -444 -357 101 -420 59 -127 -444 -271 -279 -304 -377 -101 -399
190 -265 -2 -473 -237 -65 138 -148 162 -467 180 -54 -335 -281 136 -377 191 -53 108 -165 162 176 132
122 -375 -406 162 -78 -19 181 -127 117 152 -24 -196 -300 -109 -84 157 -231 -127 47 -190 -108 173 -426
163 -93 -200 -282 -405 -387 -214 -239 -396 181 -322 36 -309 180 159 -168 87 59 -217 112 -401 -101 -180
121 145 -465 175 -410 -221 -125 231 276 -46 316 242 111 -29 247 -202 340 -262 -248 -232 -187 -197 2
-481 18 -30 -358 -482 -170 -292 -76 27 177 -15 -213 -171 -184 205 -21 -249 396 -20 -253 10 -77 66
-329 153 -85 -228 107 64 -408 245 -67 231 28 -31 18 233 185 -243 133 -89 7 98 338 -364 -131
-443 -409 -313 -255 -95 -467 -468 -269 352 257 -225 242 252 -142 156 293 -164 359 -7 -18 -60 8 149
18 -60 -318 -1 13 -9 185 329 -28 -104 207 -255 -260 -56 -74 244 -251 95 231 -260 100 -347 -226
-136 74 -400 73 -333 -97 -438 373 -199 374 -98 272 -50 -253 165 199 401 -232 336 -116 -37 -196 175
-81 -406 -120 -325 -61 56 -97 -462 168 -195 36 -307 137 -476 92 -130 -237 -289 154 -323 -49 -346 -99
