50 50
-19449 -19233 -18431 -19596 -19009 -19058 -18778 -18525 -19592 -18463 -18828 -18421 -19209 -19474 -18769 -19426 -19551 -18432 -19334 -18752 -19168 -18875 -18220 -18456 -19195 -19362 -19580 -19297 -18385 -19043 -18279 -18280 -18249 -18236 -19112 -19471 -18924 -18147 -19569 -18614 -19433 -18289 -19237 -19278 -18745 -19224 -18389 -18911 -18677 -19263
-18283 -18982 -18678 -18515 -18785 -18627 -19020 -19153 -18819 -18313 -18451 -18317 -19530 -18720 -19482 -18196 -18485 -18602 -19257 -18885 -19603 -18307 -18999 -18628 -19228 -18810 -18803 -18386 -18405 -19158 -19394 -18510 -18440 -19363 -19451 -18814 -18879 -19000 -18202 -18740 -18310 -18707 -18775 -18983 -18846 -19239 -18579 -18916 -18529 -18284
-18353 -18943 -18838 -18604 -19248 -18574 -18832 -19009 -18922 -18411 -19383 -18365 -18684 -19432 -18839 -18632 -18817 -18502 -18379 -18214 -19128 -19105 -18155 -19598 -18526 -19352 -18832 -18656 -18867 -19554 -19136 -19374 -18260 -18703 -19535 -19394 -18359 -18663 -18784 -18694 -18678 -18696 -18560 -18145 -19027 -19051 -18780 -18681 -18905 -18600
-18586 12959 13173 11892 12859 11867 12711 12533 11955 11879 12879 12992 12916 12027 12185 13200 12815 12493 12497 11782 12104 12774 11929 13196 12139 12767 12401 12229 13005 12723 12660 12236 12803 13175 12900 13204 13204 12809 12567 12301 12277 12788 11911 12035 12272 12308 -18635 -18161 -19459 -19408
-19559 13178 12494 12103 12580 12173 12814 13019 12395 12056 12326 12114 11934 12324 13118 13134 11885 12844 12840 12200 12523 12382 13029 13163 12366 13167 12080 12408 12346 11746 13098 11766 12106 12683 12336 12616 12957 12205 13049 13168 13160 12780 12937 12940 12030 12743 -18647 -18695 -18836 -19507
-18966 13177 11978 12085 12327 12691 12316 13067 11999 12674 12528 12444 12288 12679 12299 12793 13115 12556 12385 12056 11835 12860 12810 12247 12478 13106 12411 12172 12674 13055 12120 12046 11778 13130 11776 11846 12836 11853 13150 12863 12473 12595 12234 12765 11819 12779 -18536 -19096 -19505 -18853
-18589 11885 12323 12559 12025 11921 12697 12080 12545 12647 13134 12808 12517 12134 12128 12186 12893 12438 12928 12480 13123 12132 12055 13230 12607 12038 13089 12516 12660 12997 12215 12147 12082 12874 11919 12254 12142 13127 11835 12643 13202 11894 12295 12504 11899 12890 -19020 -18118 -19557 -19347
-18485 12999 12871 12426 12560 11830 12769 12938 12463 11974 11918 12571 12713 13052 13060 12787 12198 12713 12812 12153 11865 12444 12376 12399 11888 12580 11964 12971 13084 11811 13182 12450 12395 12684 12010 12026 12590 12056 12100 12026 13106 12994 12541 12728 12657 12256 -18984 -19063 -18894 -19550
-18271 13116 12091 13120 11778 12151 12808 11814 13098 11872 12261 12391 12776 12695 11904 13029 11878 12288 12158 12963 12955 11818 11948 11833 13072 11979 12663 12058 12145 13131 13049 11837 12975 13103 12762 12118 13221 12340 11989 12133 12655 12222 12734 12341 12708 12637 -19319 -19347 -18399 -18578
-19462 12503 12911 13094 12223 12315 12768 11967 11879 12124 11990 12701 12143 11831 13094 13172 13150 13122 12853 12535 12423 12806 12662 12899 13028 12795 12355 12361 12448 12284 12302 13166 12625 12598 12714 12967 12354 12865 11862 12162 12360 12343 13138 12380 12270 12184 -18762 -18376 -19567 -18138
-18393 12857 11844 12053 12867 12191 11780 12734 12579 12521 11899 11924 12940 12166 12486 12486 12435 11755 12775 12272 13049 13070 12042 12253 12726 13070 12279 12204 11989 11775 12422 12292 12481 12193 12699 12174 13141 13009 12526 11855 12623 12114 12174 13072 12224 12682 -18240 -19282 -19573 -19115
-18727 12372 12493 12351 12314 12698 12184 12010 13175 12430 12324 12650 12926 12414 12237 12624 12277 13234 12926 12095 13051 11942 12808 13169 12063 12962 12064 12267 12297 12078 13058 12206 11852 12967 11844 13231 12399 11964 12622 13220 13060 12790 12965 12207 12020 12914 -19193 -18505 -18151 -18327
-18309 11836 11864 12080 13009 11749 13046 11921 11746 12112 12834 13228 12719 12474 12432 12259 12517 12772 12662 13127 12994 12969 12098 12241 12097 12743 12216 12347 12849 13015 12140 12681 13200 12739 12381 12197 13017 11860 12859 12830 12835 11973 12486 11759 12318 12212 -18931 -19043 -19167 -18570
-18758 12705 12640 12105 12633 12479 13180 12355 12000 13082 12423 12120 12890 13025 13112 12078 13152 12777 12798 12201 12128 13200 12233 13004 11890 11911 12773 11752 12904 13110 12277 12121 12953 12469 13134 12962 12402 11781 12237 12454 12042 11797 13189 11771 11903 12098 -18733 -18232 -18669 -18135
-19466 12380 13035 12711 12546 12425 11921 11875 11884 11935 12614 12079 12765 12480 12905 12038 12089 12749 11790 12341 13189 12611 12138 11760 11965 13124 12037 11945 12882 12299 13198 12143 13185 12986 12041 12302 11940 12224 13089 12593 12475 12163 12025 12755 13148 12120 -19399 -19174 -18587 -19150
-18992 12743 12647 13076 12613 12080 13169 12559 12383 12823 12244 12978 12652 12187 12124 13186 11995 12592 12316 12321 11768 11873 12662 12216 12069 12198 12007 12505 12819 12365 12051 12359 12509 13019 13150 11758 12254 13178 12687 12408 12988 12311 11933 12892 11759 12675 -18286 -18337 -19134 -19166
-19374 12321 12217 13179 13174 12147 11835 12902 12372 12716 12693 12386 11897 12928 12842 12390 12248 12183 12934 13196 12238 11898 13207 13167 13122 12122 12206 12286 11829 12482 11822 13056 11969 12893 12205 13018 12676 12580 12516 12045 12909 13130 12625 12990 12105 12072 -19597 -18790 -19164 -18401
-19426 12289 12774 12539 12318 13209 12138 11956 13094 12630 13143 12695 11977 12560 12683 12778 13132 12375 13044 11791 13213 13092 12866 12896 13050 12039 12470 12721 12628 13030 11886 13160 12939 12240 12445 12572 11945 12650 12983 13076 12784 12038 12367 12028 12238 11828 -18929 -18243 -19395 -18817
-18855 12683 12849 13142 12162 12703 12612 12979 12321 12168 12874 11885 12542 11980 12336 12421 12006 12178 13092 13008 13173 12059 11846 12481 12586 12673 13120 11902 12733 13081 12512 12461 12102 12854 12468 12017 13165 12382 12969 12274 11892 13234 12299 12398 12789 12234 -18334 -18980 -19207 -19207
-18882 12678 13207 13182 12133 12638 11940 12109 12584 13101 12432 12600 11855 12339 12283 12243 12725 11870 12490 13036 11776 11907 11880 12458 12912 12377 12818 13126 12324 12935 12870 12459 12731 12869 12844 11774 13223 12344 12254 12384 11901 12024 12002 12128 12008 11902 -19317 -19591 -19463 -19493
-19094 12198 12754 12782 12248 13012 12675 12775 12525 12368 13190 12812 12993 12380 12274 12104 11839 13224 12440 13052 12388 12584 11833 12766 13041 12352 12057 13016 12643 11925 13122 13190 12292 11855 12174 12150 12802 12467 12850 12867 11795 12059 12854 13003 12989 12169 -19431 -18166 -18341 -18699
-19452 12800 12552 12813 12060 12489 12784 12606 12886 12724 11905 13055 11852 12110 12724 13220 12326 12923 12686 13033 12038 12640 12973 13093 12384 12732 11799 12212 12270 13091 12648 12557 11812 12497 12572 13140 12967 12758 12696 13183 12564 11805 12901 11966 12351 12462 -19032 -19281 -18498 -18394
-19504 11747 12918 12221 13136 13095 12931 12834 12516 12654 12199 13213 12278 13124 12096 13220 12298 12128 13222 11965 13042 12763 11824 12898 12469 12433 12407 13181 12256 12143 13181 12604 12434 12694 13107 12691 12099 12640 12584 12027 12963 12385 13133 12938 12270 13013 -18570 -19210 -18911 -18496
-18251 12392 11996 12783 12040 12177 13212 13038 12345 11894 12200 12861 12542 13024 12991 12523 12564 12082 13162 12982 12375 12828 12541 11901 12179 12018 12005 12665 12547 12840 11941 13052 11951 13064 13081 12696 12300 12712 12435 11850 13015 12674 12550 12226 12999 11751 -19279 -18972 -19248 -19460
-19600 12741 11956 13176 12419 13117 13230 12938 12231 13112 12445 12474 12167 12831 12354 11919 13139 12613 11942 11979 12445 12419 12343 12249 12961 12124 12118 12782 12192 12777 12574 12769 12688 12334 12522 12422 12080 11994 13126 13182 12798 12276 11817 12006 12647 12895 -19409 -18401 -19018 -18948
-18344 11929 11939 12182 11974 12771 12443 12968 12928 12505 12115 13075 13121 11761 11955 12019 12992 11843 12251 11960 13184 12801 13179 12826 12535 11913 12271 12897 11829 12299 12458 12908 13111 12172 12311 11801 11860 12786 12854 12966 12433 11925 13138 12712 13170 12667 -18443 -19436 -18824 -18650
-18801 13089 13022 12091 12738 13131 11903 12652 12149 13132 11900 12654 13168 13086 11793 12593 12587 12372 12960 12686 12780 12491 12922 12886 11876 12992 13017 13158 12575 12181 12386 12111 12196 12361 12054 12992 12756 12516 12319 11764 13176 12073 12276 13025 12894 12519 -18438 -18245 -18226 -18937
-19390 12086 12913 13011 12445 12916 12458 11778 12762 12424 11965 12297 12981 11780 12666 13167 11993 12032 11745 11916 13171 13098 12090 12223 12919 12969 12552 12797 12230 12935 12392 12954 12662 12933 11749 12542 12372 12735 12241 13051 12649 12815 12108 12346 11863 13027 -19204 -18562 -18401 -19481
-18517 12546 12858 13060 11979 11949 12306 13230 11908 11916 11773 12383 12558 12195 12041 12294 12639 12582 12920 13088 11855 12450 12748 12456 13214 12216 12534 13178 12755 12134 11946 12553 11970 13232 12333 12028 12303 12979 12407 12202 13236 12320 12609 13105 11852 12113 -18930 -19494 -18679 -18610
-19263 11875 13075 13097 12061 12989 12992 12967 11827 13121 12721 12629 12121 13018 12251 12251 13165 12767 12217 12379 12748 -18363 -18466 -18704 -18741 -18177 -18643 -18471 -18707 -18452 13079 12539 11796 12701 12255 12254 12972 13141 12676 11980 12417 12010 12198 12895 12845 12431 -18400 -19124 -19005 -18479
-18371 13082 11752 12789 12758 12252 12412 12308 12479 12114 13064 11820 11977 11816 12335 11763 12230 12795 13199 12457 12487 -19294 -19191 -18570 -19358 -18158 -18774 -19414 -18445 -19140 12142 12436 13201 12529 12606 11844 13184 12883 11887 12846 12127 13215 12727 12361 12638 11919 -19050 -18680 -18935 -18437
-18200 12841 12771 12837 12779 12317 12799 12497 12053 13060 12898 13097 13045 12165 12067 12088 13196 13128 12066 12348 12327 -19575 -19282 -18504 -18860 -18928 -18909 -18876 -19273 -18337 11923 12239 12621 12903 12164 12240 12739 13054 12641 13109 12896 11864 12021 12126 13055 12504 -19068 -18853 -18465 -18534
-19575 11906 12829 12131 12220 12950 12627 13063 12988 12275 12022 12547 13023 12406 12931 13203 12315 12875 12378 12933 12332 -19455 -18684 -18172 -19515 -18244 -19368 -19257 -18491 -19147 12969 12781 13151 12408 12752 12572 12993 12095 12101 13138 12709 12801 12805 12069 11989 13175 -18414 -19400 -18561 -19455
-19444 11903 12593 11794 12485 11933 12933 12382 12368 12708 11779 12756 11873 11839 12141 13059 12194 12930 12232 12792 12855 -18275 -18966 -19000 -18493 -18860 -19046 -19464 -18717 -19237 12649 11970 12625 12664 11983 12723 12390 11771 13231 12497 12496 12420 13127 12665 12009 12439 -19275 -18458 -18595 -18933
-18279 12348 12099 12234 12031 12153 11845 11954 12854 12115 12746 11832 11774 12983 11947 12863 12524 13189 12050 12057 12992 -18644 -19231 -19274 -18459 -18603 -18751 -19562 -19246 -18696 12546 13125 12338 12749 12822 12902 12829 12029 11749 12863 12713 12631 12692 12271 12816 11806 -19547 -19230 -18198 -19606
-18284 11765 12254 11978 13080 13049 12631 12654 13154 12518 12532 12073 12160 12401 12568 13104 13032 13044 13010 12434 12602 -19492 -19403 -18773 -19154 -18675 -19118 -18346 -18715 -18782 13033 12876 11962 12990 12826 13016 13237 11886 12848 12368 12283 12634 12419 12755 13089 12102 -19304 -18506 -19233 -18323
-19130 11750 12113 11852 12957 11933 13146 12894 11748 12786 12340 12085 12160 12791 13075 12543 12426 12196 13039 12361 12418 -19040 -18971 -18759 -18988 -18713 -18358 -18557 -18563 -18910 12537 12639 11824 12029 13134 12362 11857 12427 12560 11748 11906 12598 12724 11811 12148 12237 -18908 -18378 -18283 -18818
-18592 12537 11770 12349 13148 13149 12899 12973 12333 12031 12517 12135 12615 13234 12909 13217 12243 12527 12302 12132 12620 -18151 -18763 -18424 -18420 -19459 -18687 -18970 -18125 -19293 11905 12790 12302 12037 11774 12323 12263 12595 12125 12238 12806 11938 12010 12105 11993 12809 -18818 -18150 -18728 -18533
-18556 13181 13160 12420 13072 11891 12803 12390 13186 11973 11890 12858 13132 12501 13019 13219 11981 12667 12322 12844 12059 -19604 -18237 -19094 -19165 -19294 -19088 -19468 -18624 -18525 12377 13231 12846 12902 12097 12342 12452 12430 12701 12607 12163 13044 12642 13086 12601 12758 -18319 -19216 -19258 -18910
-18681 11938 11748 12502 12396 11833 13038 12094 12020 12291 12748 11855 12669 12684 12056 12809 12863 11758 12466 12899 12000 -19347 -19146 -19134 -18474 -18836 -19000 -19430 -19381 -18791 12087 12299 12366 13113 11779 11947 12678 12468 12992 12277 12552 11931 12393 13148 12731 13204 -19218 -18492 -19562 -19329
-19450 12952 11877 12736 12041 12759 13177 12086 11879 11965 13105 12747 12889 13109 11932 13130 12128 13218 12609 12921 12894 -18629 -18532 -18701 -18567 -19191 -19483 -18482 -18893 -19062 12424 12931 12341 11875 12813 12809 12062 12639 11921 11867 12943 13119 12893 12153 12372 11961 -18846 -19305 -18638 -18194
-19307 12480 12203 12504 12604 12161 11952 13019 11757 11922 12443 12531 12329 12765 12814 12584 12410 13076 11840 12612 12743 -18819 -19395 -18225 -18897 -19023 -19449 -19298 -18693 -18290 12873 13070 12187 12593 12809 11755 11915 11876 11846 12232 11945 12744 12637 12649 12415 13164 -18178 -19070 -18713 -18881
-19226 12294 12692 12640 12698 12696 11793 12706 13192 11901 12699 12341 11801 12773 12036 13152 13147 12050 12604 13173 12681 -18734 -19474 -18624 -18486 -19015 -18707 -18384 -18640 -18226 13077 12130 12721 13235 12511 12583 12045 11930 12634 12229 13168 13172 12314 11842 11987 12902 -18260 -18249 -18746 -18618
-18249 12069 12850 12252 12619 12549 11859 12540 12311 13053 11775 12156 13201 12374 12575 13131 12929 12967 12016 12047 12072 -18185 -19022 -18133 -18682 -19597 -18322 -18701 -19287 -18379 13094 12242 12518 12792 11896 12370 13074 12565 13176 12037 12201 13078 12985 12738 13186 13151 -19527 -19090 -19166 -18502
-19574 12531 12109 13188 12113 12992 12293 12358 12248 12348 12124 12794 13115 12476 12878 12866 11956 12631 12390 12309 13032 -19171 -18274 -19598 -18271 -19018 -19302 -19502 -19333 -18357 12367 12874 12969 12521 11899 13022 12119 12437 13222 12920 12482 13038 12406 11800 12133 12994 -19511 -18147 -18774 -18478
-19053 11983 13160 12990 12313 12767 11759 12834 12092 13087 12271 13097 12094 12490 12857 12542 11804 12594 12553 12741 12893 -18246 -19393 -19542 -18773 -18592 -18616 -19225 -19494 -18976 11773 12991 13173 12305 11799 12901 12625 12494 12781 11846 13086 12747 12754 13163 11867 13032 -18303 -18869 -18706 -18148
-19441 11964 12766 12548 12164 12403 11980 12551 11999 12406 12017 12360 13075 12589 13189 12172 12147 12473 12437 13109 13234 12435 12540 12847 12963 11830 12095 12759 12308 12690 12120 11825 11859 13216 13190 13158 13183 12416 12880 12117 12301 12305 12824 12683 12026 13213 -18796 -18141 -19492 -18743
-18905 12119 12329 13154 12048 12566 12209 13062 13237 11799 12708 12331 12713 11746 12460 12495 13086 12301 11947 13185 12480 12560 12652 12191 12098 12411 13105 11965 12593 12836 12287 12027 11860 12906 11817 13231 12259 11924 12901 12244 12288 11831 12219 13158 12097 11954 -18743 -18482 -19482 -19148
-19343 12796 12771 13061 13229 12265 12701 12098 12556 12511 13190 12350 12435 12957 12331 12427 12749 12818 12933 11782 12882 11825 12500 12362 12070 11789 12303 12979 12486 12656 11969 12333 11840 12545 12536 12617 11801 12978 12015 13155 12650 13075 12797 12681 11959 13094 -18499 -18881 -19158 -18899
-18197 12670 12450 11810 12010 11946 13067 13015 12387 12163 11925 12577 13111 11854 13220 12691 12605 11934 13174 12133 12500 13224 12143 12893 11816 12460 11955 12478 13165 12030 12000 12179 12960 12766 11926 12873 13055 11967 12848 13166 13060 12524 12276 12892 12938 12247 -18507 -19204 -18888 -19367
