50 50
-76350 -76792 -76465 -76661 -76801 -76722 -76757 -76246 -76646 -76210 -76778 -76286 -76758 -76405 -76729 -76591 -76693 -76343 -76411 -76601 -76248 -76352 -76626 -76200 -76268 -76233 -76493 -76568 -76710 -76446 -76219 -76742 -76472 -76312 -76449 -76598 -76329 -76323 -76415 -76593 -76626 -76695 -76572 -76619 -76271 -76354 -76230 -76349 -76729 -76371
-76709 -76639 -76741 -76587 -76698 -76750 -76199 -76439 -76534 -76308 -76228 -76805 -76775 -76680 -76284 -76692 -76201 -76424 -76724 -76202 -76509 -76461 -76684 -76526 -76294 -76765 -76722 -76557 -76237 -76417 -76373 -76469 -76355 -76676 -76390 -76640 -76305 -76565 -76740 -76692 -76428 -76238 -76616 -76489 -76585 -76744 -76613 -76247 -76646 -76671
-76733 -76655 -76665 -76443 -76207 -76574 -76748 -76766 -76378 -76595 -76505 -76469 -76268 -76610 -76471 -76608 -76240 -76249 -76575 -76612 -76502 -76802 -76689 -76714 -76279 -76587 -76473 -76468 -76594 -76496 -76195 -76273 -76706 -76532 -76215 -76592 -76200 -76731 -76360 -76429 -76471 -76231 -76357 -76781 -76722 -76616 -76683 -76525 -76599 -76542
-76249 -76625 -76239 -76754 -76474 -76200 -76280 -76569 -76202 -76764 -76701 -76637 -76660 -76221 -76186 -76584 -76619 -76806 -76444 -76298 -76260 -76720 -76202 -76484 -76376 -76659 -76250 -76370 -76766 -76226 -76474 -76635 -76178 -76225 -76330 -76599 -76575 -76609 -76280 -76259 -76572 -76518 -76370 -76709 -76472 -76717 -76392 -76628 -76412 -76416
-76476 -76801 -76502 -76439 -76793 -76769 -76808 -76413 -76203 -76292 -76379 -76649 -76791 -76552 -76385 -76500 -76549 -76597 -76376 -76717 -76543 -76283 -76780 -76727 -76618 -76488 -76451 -76176 -76764 -76350 -76233 -76807 -76337 -76346 -76711 -76634 -76459 -76485 -76704 -76789 -76674 -76754 -76811 -76800 -76444 -76459 -76505 -76320 -76709 -76280
-76596 -76628 -76696 -76621 -76675 -76400 -76327 -76808 -76646 -76300 -76709 -76441 -76473 -76765 -76395 -76604 -76487 -76456 -76315 -76745 -76787 -76570 -76520 -76396 -76420 -76486 -76520 -76662 -76504 -76738 -76359 -76624 -76606 -76674 -76377 -76617 -76229 -76517 -76649 -76266 -76387 -76641 -76359 -76327 -76736 -76707 -76764 -76240 -76633 -76761
-76181 -76717 -76796 -76418 -76685 -76598 -76797 -76674 -76517 -76620 -76531 -76788 -76724 -76356 -76639 -76487 -76359 -76529 -76443 -76603 -76468 -76699 -76460 -76323 -76335 -76312 -76308 -76217 -76306 -76780 -76671 -76372 -76311 -76746 -76433 -76567 -76212 -76664 -76437 -76378 -76682 -76582 -76324 -76410 -76736 -76519 -76185 -76264 -76310 -76312
-76596 -76582 -76345 -76504 -76683 -76761 -76613 -76709 -76238 -76716 -76767 -76717 -76743 -76730 -76565 -76253 -76729 -76431 -76652 -76330 -76686 -76686 -76628 -76769 -76219 -76740 -76484 -76554 -76565 -76649 -76255 -76289 -76418 -76482 -76675 -76771 -76733 -76692 -76411 -76277 -76199 -76796 -76603 -76742 -76768 -76690 -76594 -76234 -76462 -76341
-76375 -76807 -76595 -76609 -76670 -76380 -76648 -76536 -76735 -76246 -76665 -76549 -76242 -76716 -76567 -76688 -76394 -76274 -76736 -76375 -76453 -76332 -76244 -76768 -76355 -76640 -76421 -76599 -76287 -76397 -76366 -76649 -76812 -76807 -76296 -76207 -76344 -76374 -76318 -76724 -76795 -76245 -76183 -76333 -76355 -76691 -76332 -76774 -76529 -76353
-76386 -76441 -76203 -76776 -76210 -76245 -76281 -76812 -76302 27610 27063 27183 27571 27516 27075 27476 27605 27559 27273 27262 27060 27360 -76399 -76500 -76575 -76535 -76397 -76548 -76624 -76269 -76421 -76224 -76628 -76502 -76480 -76236 -76715 -76607 -76204 -76592 -76273 -76804 -76644 -76371 -76321 -76398 -76272 -76311 -76231 -76513
-76625 -76767 -76230 -76765 -76777 -76529 -76407 -76671 -76378 27148 27158 27691 27537 27241 27453 27579 27628 27417 27669 27481 27616 27085 -76787 -76240 -76435 -76247 -76810 -76303 -76235 -76565 -76413 -76451 -76347 -76273 -76588 -76807 -76431 -76556 -76558 -76269 -76629 -76551 -76530 -76187 -76617 -76528 -76459 -76709 -76434 -76418
-76283 -76461 -76389 -76442 -76246 -76190 -76252 -76446 -76670 27363 27585 27081 27695 27621 27669 27484 27486 27297 27545 27505 27433 27625 -76449 -76409 -76807 -76395 -76216 -76746 -76685 -76354 -76733 -76778 -76305 -76255 -76714 -76359 -76362 -76666 -76623 -76658 -76316 -76579 -76673 -76254 -76200 -76678 -76331 -76726 -76553 -76572
-76466 -76787 -76812 -76760 -76280 -76315 -76419 -76480 -76681 27218 27419 27617 27427 27650 27177 27550 27370 27538 27172 27240 27579 27446 -76416 -76248 -76577 -76360 -76791 -76721 -76469 -76414 -76643 -76329 -76646 -76572 -76718 -76185 -76636 -76807 -76497 -76649 -76755 -76647 -76713 -76276 -76380 -76713 -76428 -76767 -76363 -76563
-76632 -76337 -76527 -76739 -76188 -76486 -76750 -76673 -76560 27162 27408 27221 27411 27345 27521 27345 27211 27107 27557 27694 27273 27656 -76393 -76439 -76520 -76653 -76480 -76636 -76748 -76676 -76251 -76619 -76494 -76714 -76340 -76276 -76721 -76215 -76482 -76457 -76667 -76805 -76608 -76723 -76272 -76749 -76211 -76311 -76604 -76549
-76546 -76284 -76262 -76497 -76238 -76793 -76686 -76398 -76605 27405 27245 27068 27515 27470 27669 27429 27082 27387 27261 27427 27470 27507 -76214 -76400 -76770 -76253 -76779 -76680 -76802 -76735 -76784 -76448 -76589 -76747 -76630 -76706 -76280 -76379 -76248 -76501 -76534 -76255 -76629 -76185 -76456 -76451 -76568 -76180 -76669 -76487
-76411 -76315 -76316 -76475 -76211 -76218 -76682 -76629 -76332 27473 27120 27664 27071 27061 27289 27185 27282 27368 27094 27573 27196 27442 -76435 -76463 -76239 -76597 -76656 -76457 -76343 -76225 -76504 -76671 -76245 -76806 -76708 -76795 -76745 -76511 -76290 -76199 -76714 -76679 -76423 -76674 -76552 -76192 -76743 -76712 -76517 -76454
-76215 -76376 -76304 -76528 -76776 -76623 -76468 -76508 -76496 27492 27117 27079 27519 27112 27542 27185 27306 27505 27187 27339 27696 27658 -76447 -76284 -76679 -76547 -76204 -76685 -76489 -76509 -76280 -76708 -76191 -76705 -76260 -76309 -76254 -76725 -76348 -76710 -76312 -76564 -76696 -76792 -76274 -76702 -76683 -76355 -76478 -76376
-76359 -76522 -76514 -76357 -76232 -76638 -76496 -76293 -76414 27062 27630 27268 27359 27255 27580 27356 27207 27496 27592 27344 27401 27156 -76634 -76492 -76399 -76720 -76758 -76540 -76533 -76434 -76378 -76597 -76675 -76730 -76449 -76353 -76748 -76251 -76268 -76399 -76346 -76367 -76519 -76629 -76222 -76806 -76655 -76607 -76202 -76427
-76698 -76461 -76673 27150 27340 27275 27090 27660 27690 -76295 -76742 -76802 -76414 -76613 -76424 -76539 -76233 -76720 -76413 -76327 -76395 -76439 27551 -76564 -76798 -76660 -76578 -76299 -76686 -76760 -76612 -76768 -76641 -76403 -76623 -76612 -76306 -76649 -76303 -76286 -76404 -76555 -76735 -76228 -76633 -76263 -76670 -76366 -76209 -76312
-76496 -76656 -76382 27435 27163 27196 27151 27682 27555 -76236 -76590 -76525 -76192 -76390 -76690 -76790 -76411 -76408 -76716 -76340 -76383 -76435 27380 -76759 -76522 -76689 -76784 -76196 -76754 -76740 -76231 -76406 -76463 -76293 -76639 -76422 -76597 -76636 -76278 -76256 -76385 -76569 -76237 -76204 -76589 -76448 -76701 -76633 -76404 -76678
-76634 -76507 -76550 27657 27216 27222 27209 27561 27692 -76333 -76238 -76439 -76508 -76393 -76310 -76647 -76639 -76438 -76731 -76510 -76689 -76532 27147 -76338 -76571 -76507 -76610 -76561 -76706 -76520 -76476 -76340 -76313 -76413 -76505 -76353 -76281 -76714 -76316 -76495 -76423 -76548 -76305 -76692 -76364 -76722 -76363 -76736 -76639 -76367
-76449 -76339 -76567 27557 27485 27317 27341 27210 27117 -76587 -76806 -76730 -76636 -76535 -76515 -76266 -76581 -76205 -76594 -76505 -76263 -76452 27251 -76713 -76246 -76616 -76509 -76735 -76356 -76271 -76553 -76297 -76797 -76415 -76530 -76751 -76190 -76788 -76487 -76253 -76235 -76718 -76801 -76517 -76681 -76281 -76354 -76558 -76626 -76570
-76598 -76693 -76777 27631 27584 27078 27654 27212 27342 -76554 -76198 -76396 -76244 -76283 -76428 -76507 -76736 -76303 -76602 -76638 -76630 -76265 27485 -76281 -76788 -76705 -76676 -76438 -76615 -76284 -76592 -76807 -76797 -76741 -76391 -76298 -76370 -76260 -76649 -76506 -76523 -76350 -76526 -76325 -76642 -76735 -76374 -76360 -76244 -76291
-76368 -76774 -76211 27252 27482 27426 27112 27251 27430 -76394 -76507 -76547 -76369 -76177 -76474 -76244 -76402 -76676 -76276 -76766 -76379 -76720 27192 -76376 -76748 -76254 -76740 -76457 -76247 -76320 -76299 -76727 -76190 -76185 -76700 -76643 -76346 -76777 -76598 -76266 -76229 -76594 -76308 -76628 -76420 -76774 -76548 -76570 -76518 -76403
-76493 -76812 -76697 27616 27208 27129 27118 27403 27449 -76399 -76358 -76380 -76265 -76274 -76423 -76404 -76177 -76644 -76232 -76708 -76438 -76399 27118 -76247 -76190 -76692 -76527 -76437 -76660 -76378 -76780 -76300 -76508 -76401 -76747 -76805 -76614 -76191 -76223 -76189 -76630 -76331 -76288 -76524 -76254 -76271 -76187 -76232 -76224 -76281
-76667 -76177 -76756 27125 27251 27609 27369 27617 27517 -76187 -76406 -76487 -76762 -76535 -76558 -76263 -76221 -76382 -76425 -76234 -76228 -76782 27557 -76605 -76615 -76537 -76299 -76590 -76723 -76302 -76529 -76680 -76257 -76337 -76354 -76240 -76293 -76204 -76663 -76738 -76477 -76799 -76324 -76600 -76800 -76275 -76416 -76375 -76693 -76333
-76786 -76179 -76720 27255 27367 27543 27272 27285 27508 -76757 -76392 -76447 -76389 -76802 -76713 -76604 -76494 -76333 -76701 -76538 -76573 -76791 27283 -76222 -76392 -76567 -76710 -76598 -76242 -76750 -76296 -76631 -76225 -76412 -76381 -76279 -76397 -76476 -76339 -76333 -76436 -76563 -76657 -76201 -76511 -76308 -76390 -76320 -76303 -76212
-76314 -76587 -76701 27090 27144 27144 27144 27277 27651 -76209 -76516 -76775 -76596 -76558 -76397 -76763 -76810 -76748 -76793 -76357 -76686 -76286 27064 -76413 -76253 -76203 -76332 -76349 -76222 -76636 -76389 -76482 -76760 -76710 -76329 -76270 -76614 -76788 -76377 -76686 -76340 -76279 -76260 -76784 -76518 -76416 -76767 -76708 -76200 -76788
-76720 -76783 -76508 27109 27270 27205 27655 27588 27458 -76258 -76408 -76541 -76417 -76471 -76689 -76311 -76591 -76590 -76207 -76496 -76804 -76714 27328 -76608 -76785 -76376 -76632 -76221 -76678 -76184 -76427 -76404 -76577 -76375 -76544 -76256 -76640 -76319 -76795 -76554 -76612 -76786 -76795 -76694 -76335 -76756 -76328 -76484 -76440 -76192
-76632 -76426 -76599 27656 27691 27266 27568 27092 27368 -76549 -76546 -76304 -76660 -76603 -76787 -76517 -76654 -76809 -76488 -76771 -76693 -76570 27579 -76592 -76702 -76514 -76501 -76309 -76775 -76770 -76700 -76417 -76637 -76745 -76358 -76345 -76189 -76327 -76484 -76747 -76189 -76229 -76398 -76515 -76195 -76768 -76457 -76474 -76669 -76628
-76807 -76603 -76580 27606 27686 27474 27166 27523 27306 -76547 -76217 -76737 -76716 -76685 -76497 -76337 -76307 -76213 -76555 -76565 -76591 -76629 27385 -76264 -76653 -76381 -76519 -76434 -76678 -76314 -76610 -76262 -76216 -76295 -76802 -76492 -76242 -76654 -76347 -76302 -76318 -76187 -76205 -76373 -76379 -76233 -76183 -76330 -76720 -76445
-76422 -76309 -76411 27341 27412 27437 27063 27323 27221 -76534 -76747 -76804 -76263 -76723 -76743 -76551 -76367 -76619 -76489 -76581 -76375 -76809 27319 -76754 -76313 -76509 -76763 -76316 -76384 -76566 -76374 -76513 -76741 -76784 -76505 -76760 -76574 -76439 -76774 -76506 -76536 -76747 -76620 -76403 -76508 -76646 -76329 -76388 -76358 -76727
-76771 -76358 -76599 27226 27368 27377 27597 27418 27551 -76222 -76259 -76355 -76524 -76746 -76610 -76487 -76205 -76674 -76384 -76606 -76778 -76772 27127 -76459 -76533 -76518 -76721 -76656 -76608 -76451 -76490 -76812 -76216 -76732 -76652 -76783 -76225 -76336 -76195 -76313 -76528 -76749 -76298 -76661 -76613 -76488 -76201 -76298 -76482 -76394
-76265 -76352 -76291 27413 27065 27361 27254 27532 27567 -76506 -76695 -76412 -76808 -76584 -76243 -76789 -76750 -76472 -76296 -76515 -76736 -76176 27506 -76427 -76415 -76680 -76734 -76419 -76540 -76182 -76418 -76603 -76715 -76447 -76670 -76411 -76544 -76350 -76295 -76805 -76557 -76373 -76556 -76470 -76255 -76295 -76790 -76634 -76727 -76801
-76717 -76772 -76565 27300 27490 27339 27348 27297 27638 -76397 -76184 -76673 -76488 -76212 -76408 -76309 -76356 -76459 -76604 -76284 -76272 -76570 27229 -76379 -76781 -76283 -76230 -76205 -76659 -76699 -76779 -76473 -76402 -76632 -76753 -76191 -76548 -76811 -76180 -76489 -76600 -76401 -76580 -76409 -76540 -76316 -76713 -76794 -76251 -76281
-76539 -76650 -76662 -76718 -76290 -76494 -76390 -76636 -76623 27423 27086 27205 27360 27499 27210 27430 27587 27208 27640 27392 27526 27410 -76496 -76803 -76207 -76718 -76199 -76296 -76384 -76445 -76540 -76256 -76595 -76523 -76184 -76263 -76508 -76369 -76232 -76499 -76187 -76358 -76481 -76181 -76703 -76325 -76189 -76494 -76470 -76539
-76493 -76412 -76389 -76729 -76436 -76573 -76736 -76405 -76792 27514 27124 27243 27089 27424 27689 27465 27447 27096 27408 27078 27336 27542 -76755 -76423 -76590 -76589 -76343 -76795 -76519 -76788 -76372 -76473 -76778 -76292 -76729 -76374 -76726 -76546 -76631 -76393 -76736 -76703 -76644 -76345 -76602 -76402 -76327 -76248 -76630 -76466
-76636 -76650 -76269 -76215 -76716 -76480 -76269 -76408 -76632 27249 27461 27261 27099 27540 27548 27690 27288 27280 27310 27448 27559 27154 -76699 -76344 -76540 -76236 -76561 -76183 -76388 -76401 -76232 -76252 -76384 -76510 -76251 -76370 -76456 -76350 -76342 -76616 -76279 -76774 -76666 -76192 -76658 -76228 -76650 -76752 -76610 -76469
-76384 -76621 -76209 -76239 -76730 -76274 -76772 -76588 -76720 27694 27219 27169 27685 27276 27639 27361 27061 27201 27167 27236 27634 27239 -76199 -76688 -76336 -76629 -76471 -76529 -76599 -76368 -76594 -76397 -76768 -76441 -76614 -76763 -76758 -76614 -76567 -76570 -76402 -76305 -76532 -76642 -76710 -76650 -76490 -76514 -76654 -76351
-76299 -76316 -76338 -76683 -76328 -76434 -76657 -76469 -76495 27232 27218 27337 27652 27370 27131 27525 27610 27516 27516 27104 27198 27517 -76787 -76668 -76460 -76472 -76612 -76277 -76619 -76643 -76220 -76754 -76416 -76797 -76595 -76194 -76787 -76415 -76496 -76779 -76286 -76799 -76673 -76797 -76364 -76655 -76364 -76530 -76785 -76744
-76789 -76551 -76737 -76380 -76743 -76204 -76799 -76320 -76295 27590 27519 27247 27564 27626 27341 27682 27254 27497 27257 27181 27072 27135 -76236 -76607 -76623 -76542 -76291 -76690 -76793 -76767 -76647 -76806 -76534 -76231 -76491 -76505 -76335 -76267 -76588 -76661 -76559 -76686 -76336 -76176 -76700 -76325 -76325 -76364 -76539 -76206
-76661 -76475 -76603 -76575 -76760 -76312 -76750 -76677 -76318 27691 27173 27101 27371 27594 27610 27553 27371 27369 27671 27093 27408 27197 -76611 -76515 -76355 -76341 -76252 -76720 -76686 -76245 -76188 -76261 -76811 -76322 -76658 -76662 -76582 -76516 -76726 -76540 -76714 -76466 -76347 -76619 -76574 -76385 -76410 -76510 -76183 -76488
-76775 -76760 -76807 -76464 -76532 -76282 -76222 -76318 -76613 27205 27469 27637 27320 27403 27123 27433 27520 27272 27200 27394 27167 27532 -76235 -76745 -76317 -76430 -76302 -76281 -76650 -76625 -76681 -76181 -76350 -76213 -76409 -76734 -76192 -76382 -76655 -76180 -76307 -76379 -76648 -76708 -76670 -76439 -76692 -76736 -76177 -76595
-76351 -76734 -76748 -76429 -76346 -76595 -76728 -76617 -76345 27584 27318 27444 27433 27284 27646 27077 27419 27067 27595 27397 27247 27511 -76631 -76492 -76695 -76775 -76559 -76251 -76734 -76360 -76393 -76488 -76201 -76765 -76361 -76565 -76345 -76235 -76206 -76537 -76428 -76342 -76738 -76727 -76597 -76592 -76575 -76606 -76422 -76194
-76515 -76614 -76746 -76442 -76670 -76366 -76763 -76732 -76374 27190 27458 27328 27498 27283 27527 27492 27345 27355 27117 27114 27544 27538 -76550 -76350 -76517 -76550 -76415 -76504 -76632 -76253 -76567 -76292 -76223 -76734 -76650 -76257 -76589 -76556 -76412 -76177 -76470 -76312 -76514 -76786 -76648 -76477 -76754 -76331 -76235 -76198
-76295 -76687 -76552 -76655 -76732 -76274 -76305 -76264 -76409 27501 27382 27419 27527 27522 27311 27512 27648 27652 27345 27683 27184 27426 -76491 -76299 -76209 -76259 -76560 -76654 -76517 -76390 -76455 -76723 -76221 -76502 -76442 -76417 -76685 -76606 -76302 -76549 -76514 -76793 -76709 -76732 -76545 -76522 -76475 -76385 -76691 -76461
-76481 -76262 -76775 -76491 -76657 -76296 -76698 -76644 -76383 27256 27506 27398 27283 27186 27560 27352 27173 27628 27519 27230 27537 27287 -76751 -76345 -76695 -76215 -76210 -76656 -76609 -76454 -76210 -76622 -76410 -76230 -76713 -76527 -76202 -76516 -76277 -76325 -76668 -76710 -76266 -76582 -76713 -76516 -76744 -76742 -76533 -76428
-76541 -76276 -76364 -76772 -76700 -76475 -76710 -76656 -76375 27167 27575 27108 27209 27073 27526 27266 27666 27222 27411 27342 27661 27464 -76595 -76316 -76439 -76591 -76402 -76608 -76548 -76644 -76254 -76567 -76336 -76205 -76656 -76665 -76416 -76390 -76555 -76292 -76667 -76627 -76743 -76777 -76303 -76337 -76385 -76740 -76408 -76603
-76304 -76776 -76291 -76610 -76207 -76287 -76239 -76474 -76674 27637 27079 27172 27428 27193 27371 27153 27609 27237 27318 27630 27118 27113 -76803 -76355 -76283 -76757 -76447 -76245 -76754 -76519 -76696 -76200 -76480 -76490 -76660 -76719 -76694 -76716 -76390 -76669 -76700 -76534 -76271 -76514 -76318 -76354 -76441 -76789 -76776 -76312
-76545 -76689 -76760 -76508 -76778 -76530 -76736 -76468 -76444 27659 27491 27305 27376 27460 27517 27569 27441 27625 27211 27351 27273 27317 -76573 -76789 -76401 -76416 -76574 -76449 -76574 -76512 -76708 -76663 -76663 -76237 -76800 -76376 -76206 -76574 -76483 -76610 -76613 -76388 -76416 -76451 -76429 -76234 -76465 -76576 -76373 -76519
