50 50
-20288 -19905 -19946 -20167 -20679 -20702 -20372 -20802 -20610 -20103 -19928 -20755 -20226 -20390 -19658 -20574 -21103 -20242 -19720 -19366 -19444 -19797 -20724 -20712 -19755 -20252 -19513 -20993 -20516 -20818 -20745 -20477 -20856 -20192 -19829 -21009 -19383 -20246 -19386 -20905 -21110 -19437 -20550 -21083 -19334 -19966 -20385 -19379 -19921 -20436
-21124 -20881 -20630 -19410 -20040 -20753 -20669 -20827 -20698 -21159 -21010 -20112 -19445 -19525 -19960 -20220 -20506 -19974 -21085 -19523 -19781 -21152 -19516 -20079 -21098 -20766 -20922 -20097 -20616 -20391 -20140 -20438 -20298 -20263 -19829 -21090 -20433 -19931 -19780 -20716 -19671 -20457 -21033 -20659 -19339 -20526 -20876 -20655 -19409 -21093
-19379 -20828 -20152 -19737 -19809 -20049 -20361 -20812 -20639 -20297 -21044 -19377 -20776 -19763 -20630 -19690 -20660 -20058 -21030 -20066 -20619 -19574 -19967 -19736 -21000 -20506 -20689 -20369 -19380 -20268 -20893 -19598 -20033 -19397 -19430 -21075 -20560 -19851 -21051 -20180 -19625 -20814 -21082 -20818 -19919 -20050 -19642 -20366 -20880 -19508
-19731 -20639 -19985 -19673 -20048 -20473 -19881 -20748 -19588 -20545 -19927 -20239 -19577 -19352 -20750 -21078 -21022 -20717 -20767 -20897 -20274 -20741 -19753 -19614 -19419 -19774 -21166 -20403 -19881 -19487 -20244 -19404 -20250 -19556 -20610 -20819 -21070 -19472 -19412 -20949 -20079 -20924 -20888 -20595 -20932 -21010 -20586 -19691 -21141 -20357
-20558 -19708 -20115 -20705 -20087 -19675 -20581 -20267 -20885 -19356 -20310 -20992 -21114 -20616 -20907 -20359 -20930 -21105 -19403 -20450 -20633 -19499 -19946 -20912 -20126 -19693 -19944 -20437 -20529 -19484 -20139 -20865 -19370 -20735 -19808 -21022 -19896 -20155 -19863 -19890 -19640 -19365 -20090 -19971 -20059 -20350 -20795 -19822 -19646 -19611
-20605 -19353 -20690 -20285 -20430 -20181 -20773 -21150 -20595 -19826 -20396 -19438 -20871 -20970 -20250 -20369 -20769 -19619 -19390 -20791 -19696 -20747 -19846 -20044 -19875 -20830 -20811 -19533 -21017 -19902 -20721 -19809 -20658 -20847 -20975 -20389 -20832 -19372 -20240 -21117 -19655 -20943 -20477 -20946 -20614 -21135 -20852 -20829 -21081 -20307
-20462 -21170 -20094 -21054 -20251 -20391 -20924 -19466 -20498 -19996 -20020 -20292 -19354 -19946 -19550 -19885 77534 78284 77043 76916 77847 77693 77579 76931 77957 78481 77790 78555 78003 78409 78549 76881 78390 78013 77713 77052 -21035 -19900 -19509 -19945 -19406 -20561 -21097 -20738 -19619 -20116 -20913 -20388 -20899 -20201
-20707 -20084 -20618 -20712 -20610 -20704 -21095 -19417 -20358 -19500 -20187 -19703 -20723 -21139 -20288 -19657 78428 77193 77314 78623 77197 78676 77896 78276 78650 78227 77945 77170 78482 77806 77251 77740 76958 77847 78600 77297 -20830 -21122 -20548 -20102 -19500 -20789 -20327 -21091 -20163 -20967 -20023 -19802 -20203 -19379
-19461 -19399 -19930 -19994 -20566 -20250 -20625 -20444 -21040 -20816 -20332 -20544 -20372 -19623 -19770 -21010 77038 77199 78358 77766 77546 77704 78430 77186 78033 77056 76966 77303 77584 77006 77353 78243 77917 77642 77326 78613 -21144 -20577 -19783 -20090 -19985 -20983 -21094 -19859 -20848 -20050 -20587 -19976 -20779 -20207
-19887 -20377 -20669 -20373 -20267 -21125 -20227 -19737 -20064 -19818 -20818 -19982 -20167 -19880 -19794 -20050 78090 78589 77628 77799 77753 77596 77111 77006 77739 77922 77723 78326 77511 77908 77858 77037 78279 77363 77608 77294 -20484 -19972 -19832 -21066 -19985 -20449 -19861 -20806 -20021 -20321 -20665 -19714 -19956 -19378
-20185 -20333 -20042 -20049 -19820 -21023 -21016 -21010 -20981 -19509 -20759 -20226 -20923 -19966 -19923 -20580 77392 77126 78043 76973 78539 77702 77176 77082 76947 76877 78513 78200 76944 77209 77083 77642 77667 77388 77603 78008 -20669 -20866 -19688 -20250 -20043 -19378 -20584 -20372 -20651 -19996 -20408 -20589 -19872 -20981
-19724 -21159 -19483 -19836 -19742 -19344 -20947 -19743 -21064 -20116 -20400 -20372 -19562 -19878 -19386 -20539 78250 77508 76987 78177 78512 77928 77270 77462 78506 77988 78073 76992 78170 77484 78630 78659 78565 76925 77796 77166 -20394 -20104 -21106 -19360 -20944 -21150 -19956 -20301 -20076 -20977 -20660 -20594 -20542 -19675
-20697 -19480 -19415 -21005 -20920 -19711 -19348 -19504 -20273 -20373 -19392 -20329 -20897 -20890 -20782 -19720 78608 78372 77683 77894 76861 77688 77051 77043 77261 78459 78640 77214 78566 78658 77986 77789 77213 77120 78590 78243 -20691 -19816 -20748 -19978 -20422 -19496 -21045 -20588 -20159 -20332 -20490 -20665 -19401 -20184
-19339 -19598 -20334 -20854 -21021 -19865 -19884 -20702 -19975 -20133 -19935 -19376 -19580 -20345 -19491 -20545 77056 77698 77252 77486 78630 77128 76878 77413 77924 77657 77588 77970 77002 77559 77733 77007 78483 77789 77596 77798 -20447 -20710 -20591 -20072 -19792 -20195 -20939 -19398 -20122 -20461 -20746 -20036 -19925 -19504
-19774 -20245 -20875 -21021 -20084 -19655 -21114 -20923 -19526 -20509 -20680 -19941 -21060 -20435 -20517 -19507 78323 77139 77049 77195 77217 78397 76984 77541 77146 77616 77803 77961 77176 78186 78637 77664 78661 76895 77102 77844 -20911 -20773 -20793 -20521 -19649 -20417 -20812 -19631 -19652 -19370 -20868 -20296 -19340 -19931
-19799 -20739 -19731 -20468 -19705 -20757 -20438 -20761 -20422 -20993 -20624 -19634 -19783 -20998 -20321 -19814 77072 78616 77847 77684 77952 77781 77253 76888 77211 78362 78248 77003 76931 77571 78456 77170 77777 78168 77464 78679 -19574 -19509 -20215 -20243 -19721 -20996 -20471 -20935 -19699 -20906 -19339 -19863 -19835 -20832
-20431 -19765 -20169 -20085 -20801 -19544 -20171 -20260 -21019 -19750 -20010 -20003 -20715 -20449 -19744 -19859 77550 77056 77670 77387 78441 77707 77615 77960 78671 77299 77497 78167 77479 77970 78148 77985 77772 78432 78388 76845 -20955 -19729 -19626 -19727 -19481 -20514 -21046 -20734 -20662 -20198 -20011 -21012 -19867 -20449
-19977 -20257 -20022 -20366 -20392 -20788 -20666 -20373 -20961 -20767 -20350 -20381 -19833 -19560 -20923 -20016 78452 77184 77320 78322 78453 77837 77973 78613 78376 77281 77829 77943 78167 78036 77716 78574 77867 78673 78429 78023 -20496 -21041 -20735 -19853 -20449 -19492 -19801 -19870 -20768 -19625 -20293 -19390 -21137 -20652
-19425 -20792 -20587 -20012 -20861 -20640 -20960 -20085 -20847 -19951 -21015 -19638 -19993 -19480 -20644 -19948 78478 77718 77579 78407 76993 77433 78584 76889 77457 78530 -20927 -19733 -20364 -20164 77405 78466 77750 77006 77591 77083 -19569 -19886 -19788 -21079 -19860 -20404 -19917 -19378 -21015 -21032 -19658 -19603 -20338 -19989
-19494 -20505 -20057 -20258 -21160 -21023 -20872 -20743 -19705 -19463 -19486 -19963 -19988 -20506 -20375 -20913 78409 78660 76923 78115 76871 76917 78209 77828 77506 77597 -19994 -19775 -20589 -21063 76853 77220 78644 77226 78090 76873 -21011 -20831 -19725 -19680 -20420 -20510 -20803 -21030 -20842 -19904 -19938 -19519 -19709 -20976
-19560 -20583 -19734 -19505 -20726 -19712 -19775 -19986 -20753 -20725 -20376 -19891 -20292 -19516 -20600 -20246 78348 77101 77508 78307 78660 78423 77094 78320 77199 78176 -19660 -20347 -19418 -19383 77223 77541 78287 78140 78275 77845 -19857 -20957 -20821 -20273 -20675 -20771 -20799 -21115 -20728 -19632 -19892 -20065 -21045 -20421
-20771 -19439 -19572 -20857 -21000 -20107 -20023 -19427 -19855 -20834 -19457 -19927 -20235 -19861 -20074 -19823 77600 78559 77088 76966 77014 78579 77176 77023 78092 78444 -20817 -20635 -21111 -19410 77987 78536 77410 77944 77170 78167 -20572 -20014 -19800 -19610 -19487 -20735 -20781 -20551 -19422 -20486 -20943 -19454 -19349 -19931
-19894 -19691 -20474 -20104 -20976 -20139 -20352 -20592 -19872 -20340 -20564 -19853 -20446 -20548 -20075 -20415 78548 77357 77583 77859 77901 77612 77408 78124 76989 76891 -20761 -20859 -20981 -20835 76915 77183 77822 78593 77941 77613 -19343 -20271 -20613 -20390 -20073 -20601 -20646 -20996 -19390 -20526 -20010 -19653 -20332 -20216
-20553 -20463 -19433 -19729 -19674 -19587 -21139 -20096 -20307 -20995 -19389 -19712 -20522 -19603 -20594 -19487 77310 78142 78172 78392 78648 78437 78672 77048 77619 77664 -19775 -20583 -19345 -20003 77294 78075 77097 77360 77365 78497 -20598 -20841 -19374 -19614 -21167 -19569 -20529 -21018 -19468 -19492 -20132 -21089 -20614 -19644
-19335 -20564 -20666 -20722 -20807 -20218 -20874 -20031 -21136 -21156 -20907 -19766 -20877 -20415 -19847 -21146 78587 77926 78083 76890 78397 77882 77080 77686 77534 78591 -19753 -19799 -20027 -19706 78121 77952 77532 77706 77663 78257 -19620 -19752 -20609 -20952 -19455 -20860 -20964 -19895 -20624 -19875 -20939 -20788 -20297 -20417
-20805 -20045 -20214 -20231 -20105 -19835 -20508 -19486 -20822 -19521 -20877 -19552 -20778 -19740 -20205 -20228 77774 78290 77581 78067 78680 78558 78043 76965 77755 76940 -20485 -20122 -19719 -20164 78224 77585 78303 78429 78197 78477 -20652 -19499 -21148 -20006 -20613 -20475 -19938 -20714 -20063 -19523 -20275 -19613 -20880 -20457
-19508 -19689 -19933 -19467 -20307 -19702 -20404 -20793 -19380 -20104 -20028 -20846 -19356 -20681 -19804 -20082 78032 77880 78213 77167 78611 78222 77701 77194 77914 78037 77735 77053 76899 77723 78655 78307 77625 78135 77590 77280 -21091 -21164 -20853 -19944 -20542 -20186 -20685 -19817 -20675 -21070 -20369 -20305 -19965 -20240
-19678 -20014 -20743 -20522 -19386 -20994 -19783 -20570 -19685 -20291 -20338 -19858 -19695 -19345 -19996 -20693 78328 77564 78388 77122 77878 77595 78575 77007 78283 77566 77859 77921 78311 78185 77876 77760 77964 76938 78308 77873 -19946 -19930 -20871 -19936 -20847 -19460 -19544 -19405 -20744 -20737 -20789 -20369 -20518 -20586
-20101 -19521 -20565 -19656 -20283 -20958 -21155 -20303 -19957 -20289 -20235 -20878 -20089 -20649 -19738 -19434 77571 77505 77282 77788 77775 77248 77955 77015 78294 76883 77633 77173 78009 77717 78164 78135 78545 77254 76988 78505 -20330 -19862 -20842 -20849 -21104 -20188 -19939 -19829 -21157 -19570 -19733 -19560 -21143 -19810
-20220 -19527 -21086 -20964 -21077 -20975 -19828 -21024 -20817 -19362 -21156 -20106 -19866 -19390 -19725 -19871 78165 77694 76874 78324 78163 78371 78558 77708 76868 77724 77174 76854 76906 78476 77476 78308 77401 78032 78514 78045 -19545 -20166 -20216 -20052 -19908 -21159 -19798 -20398 -19948 -20100 -19999 -19716 -20255 -21028
-20776 -21064 -20390 -19894 -20730 -19645 -20011 -20759 -20912 -19397 -20236 -20184 -20993 -20646 -20022 -19347 78109 78343 78193 77253 78552 78008 78041 77066 77803 77563 78163 77485 77663 77525 78248 78088 78182 77653 76857 76973 -20553 -19824 -19795 -19442 -19348 -19623 -19758 -19431 -20152 -21141 -19450 -21061 -19602 -19661
-20470 -19711 -21121 -19573 -20944 -20106 -19706 -20024 -20961 -20919 -20338 -20758 -19704 -19886 -20359 -19798 77690 78016 78050 77802 77195 78392 77996 76911 76949 78543 77558 77698 78504 78575 78174 77789 77293 77229 77576 78634 -19523 -21127 -20445 -20869 -20337 -19524 -19538 -20683 -20266 -20140 -19793 -20987 -19964 -20238
-20791 -20296 -20845 -20566 -19347 -20057 -20310 -19910 -19461 -19914 -20450 -20747 -20523 -20243 -20917 -20269 78339 77336 77085 77182 77661 78440 78560 77276 77286 77104 76871 78028 78140 77171 78632 78197 76911 77084 77499 77273 -20108 -20505 -20937 -20232 -20103 -20955 -19582 -19333 -20407 -20684 -20490 -21043 -21022 -21002
-19874 -19751 -20173 -19357 -20767 -20620 -20714 -20054 -20592 -21061 -19409 -19807 -20165 -20122 -20392 -19877 78372 78641 77152 78640 78039 78098 78497 76990 78341 77618 78037 77299 78576 78293 78118 77944 78373 77711 77877 77193 -20995 -19847 -20661 -20226 -21145 -19526 -20002 -20052 -20261 -20840 -20208 -19933 -20853 -19629
-20516 -19406 -20175 -21127 -20456 -19524 -19777 -20789 -20633 -19655 -19860 -19749 -20448 -20232 -20475 -21016 77163 77482 77287 77666 77476 77498 77903 78183 77303 77673 78316 78580 77595 77394 77527 77515 78597 77507 78641 77549 -21094 -20506 -20038 -19724 -19388 -20467 -20175 -20447 -20009 -20425 -20772 -20641 -20031 -19946
-20770 -19414 -20781 -20128 -20152 -21084 -20187 -20656 -19406 -19422 -20940 -20641 -21108 -20333 -19422 -20912 78321 77768 77438 77870 78345 77158 77565 77501 77804 77635 78175 78506 77356 78335 78523 78652 76877 77296 78415 77211 -20054 -21055 -19735 -20395 -20350 -21079 -19364 -19739 -20406 -20656 -20307 -20974 -20749 -19464
-19628 -19928 -20101 -20667 -19480 -20504 -21127 -20635 -20332 -20109 -20310 -20662 -20074 -20731 -21131 -20865 77697 78449 77923 77882 77714 77662 78325 77119 77233 78662 77035 77107 77886 78382 78075 77620 77344 78528 78194 77481 -21164 -20896 -20712 -20292 -20069 -19674 -20387 -20361 -20484 -20790 -19702 -19822 -20009 -20903
-19660 -19554 -20142 -20879 -20594 -19797 -19676 -19384 -19463 -20375 -20638 -20053 -19658 -19373 -19443 -20247 76906 78212 77603 77876 77102 77697 77057 78267 77644 76901 77594 77603 76920 78291 77401 77071 78217 77102 77120 77061 -20903 -20023 -19998 -19435 -20803 -19970 -20627 -21028 -19501 -20542 -19894 -21129 -19860 -19457
-20128 -20706 -20589 -20689 -20660 -20666 -21161 -19493 -20040 -19982 -20426 -20314 -19359 -19448 -20413 -20876 77079 77569 78363 78608 78192 77859 77749 76857 77701 77391 77280 76938 77108 78014 76915 77317 78381 77203 78323 78405 -20240 -20172 -20489 -19781 -21052 -20981 -19786 -20425 -19498 -20392 -20655 -20207 -19654 -19957
-20335 -19783 -19539 -21164 -20651 -21054 -19592 -20177 -20972 -20584 -20677 -20723 -21122 -20446 -20441 -21005 77664 78092 78107 77093 77095 78675 76874 76869 77412 78047 78195 78301 78616 77825 78546 77901 77442 77584 77030 78316 -21057 -21066 -20023 -19543 -20326 -20836 -20522 -20698 -19520 -20328 -20313 -20479 -20146 -20487
-20004 -19620 -20488 -20596 -21111 -19475 -19439 -19865 -20441 -19444 -19917 -19884 -20102 -19405 -20771 -20420 77498 78350 77313 78521 78425 77986 77649 77629 77782 77443 76892 77397 77080 77558 78028 76896 78146 77760 77256 78541 -20767 -20066 -19991 -20766 -20971 -19734 -20696 -20586 -20852 -19443 -20345 -20195 -20693 -20382
-21064 -19645 -20291 -20268 -19340 -20494 -20956 -21140 -19930 -19847 -20665 -21007 -20717 -21047 -19699 -19973 78147 76891 78446 77995 78303 78346 78595 78549 78565 77063 77186 78100 78065 77036 78108 77790 77706 77209 78172 78085 -20673 -20025 -21164 -21091 -21038 -20011 -19596 -19699 -20882 -21078 -20911 -19659 -20616 -19989
-20720 -19622 -20416 -20298 -20815 -20985 -20465 -21122 -20207 -20698 -21109 -20095 -19427 -20692 -19361 -20459 -19978 -20610 -19633 -19859 -21150 -19552 -21024 -21157 -19941 -21115 -20450 -20477 -19817 -19988 -19880 -20015 -19551 -20508 -21047 -20998 -21144 -20420 -20565 -19945 -20871 -20175 -19813 -20856 -20569 -20801 -19589 -20940 -20553 -20235
-20655 -20130 -20037 -20915 -20980 -20701 -19714 -20306 -20731 -19749 -20398 -19555 -19663 -20355 -20985 -20565 -19910 -20310 -20307 -20670 -19463 -20653 -20327 -19746 -21168 -19972 -19900 -19588 -20710 -19788 -20168 -20730 -20707 -20648 -20400 -19901 -20390 -20757 -21008 -21078 -19566 -20289 -20706 -20119 -19827 -19776 -21033 -19833 -20870 -21144
-20622 -20325 -19854 -20248 -21113 -21092 -20482 -20624 -21054 -20919 -21021 -21091 -20321 -21052 -20158 -20964 -20374 -20152 -20545 -20922 -21137 -20328 -19851 -19479 -19551 -21091 -20926 -19413 -20435 -20583 -20337 -20445 -19430 -19876 -19686 -20587 -20326 -19335 -19612 -19999 -20375 -20077 -19460 -20194 -20818 -20436 -20340 -20765 -20802 -20870
-19658 -19974 -20234 -20203 -20147 -20081 -20363 -20057 -20577 -19677 -21069 -20024 -20263 -20747 -20797 -20402 -20998 -21112 -19599 -20644 -19447 -19545 -19426 -21027 -19539 -20839 -20078 -19753 -19748 -20935 -20980 -19890 -20450 -19658 -19431 -20326 -21154 -19906 -19837 -20642 -20912 -20032 -20182 -19622 -21079 -19882 -19915 -20928 -20785 -21054
-21115 -19819 -20502 -20350 -19978 -20656 -19566 -20801 -19496 -19840 -20887 -19689 -20320 -20177 -20849 -20566 -20941 -19649 -19593 -19615 -19366 -20852 -21027 -19904 -20386 -20326 -20740 -19921 -20458 -20404 -20220 -20009 -20003 -20262 -20735 -20550 -20057 -20470 -19440 -20648 -20141 -19460 -20485 -19552 -20714 -20035 -20660 -19475 -21006 -20706
-20833 -20439 -20932 -20585 -19503 -19962 -20098 -19825 -19517 -20229 -20590 -20914 -20549 -20359 -19745 -19860 -20839 -20109 -20906 -19889 -19443 -20065 -20827 -20417 -19471 -20071 -20909 -20766 -20590 -20183 -20406 -20105 -19740 -21078 -19992 -20788 -20383 -20942 -20158 -21048 -19597 -19973 -19940 -20372 -21075 -20739 -20431 -20922 -20761 -21146
-20077 -20677 -19950 -19918 -19987 -19438 -19814 -19884 -20795 -19900 -20366 -20599 -20717 -20227 -19404 -19394 -20751 -20674 -20930 -20354 -20688 -20250 -20337 -20981 -19758 -20354 -20012 -20931 -20155 -20946 -20180 -19935 -20007 -20637 -19765 -19538 -20235 -20806 -19538 -20256 -20200 -19995 -20675 -20938 -20754 -19697 -19478 -21135 -19625 -19912
-20513 -20421 -20235 -20639 -19390 -19800 -20429 -19736 -20740 -20684 -20579 -19701 -19580 -19414 -20988 -20663 -21132 -19386 -21020 -19998 -20223 -19340 -19692 -21079 -19998 -19516 -20495 -20320 -19373 -20326 -20036 -20156 -20668 -19789 -20865 -20606 -20170 -20462 -20257 -20416 -21122 -19881 -20136 -19547 -20897 -20992 -20437 -19848 -19380 -19895
