50 50
-2329 -2436 -2484 -2472 -2460 -2495 -2460 -2304 -2448 -2295 -2462 -2359 -2298 -2390 -2414 -2451 -2570 -2481 -2387 -2343 -2451 -2437 -2454 -2432 -2376 -2411 -2530 -2532 -2464 -2552 -2390 -2508 -2425 -2576 -2540 -2553 -2337 -2426 -2432 -2346 -2532 -2382 -2441 -2392 -2363 -2285 -2415 -2481 -2324 -2392
-2328 -2569 -2315 -2575 -2583 -2545 -2474 -2293 -2412 -2513 -2528 -2304 -2561 -2569 -2497 -2393 -2478 -2518 -2313 -2543 -2581 -2471 -2562 -2453 -2344 -2364 -2403 -2446 -2387 -2304 -2350 -2547 -2582 -2462 -2396 -2317 -2312 -2339 -2454 -2555 -2565 -2366 -2545 -2342 -2289 -2411 -2313 -2575 -2452 -2552
-2550 -2427 -2419 -2394 -2389 -2548 -2535 -2294 -2488 -2510 -2298 -2498 -2325 -2514 -2345 -2350 -2509 -2357 -2579 -2357 -2519 -2497 -2557 -2518 -2443 -2377 -2362 -2402 -2287 -2368 -2477 -2356 -2572 -2550 -2410 -2293 -2557 -2345 -2546 -2547 -2437 -2532 -2324 -2508 -2409 -2558 -2459 -2471 -2555 -2475
-2329 -2334 -2339 -2324 -2543 -2567 -2384 -2348 -2453 -2339 -2317 -2338 -2525 -2529 -2566 -2316 -2310 -2299 -2468 -2354 -2368 -2518 -2325 -2544 -2509 -2519 -2290 -2374 -2543 -2445 -2347 -2541 -2373 -2487 -2408 -2350 -2352 -2403 -2382 -2563 -2305 -2412 -2383 -2367 -2384 -2539 -2374 -2438 -2492 -2464
-2453 -2520 -2476 -2373 -2413 -2473 -2496 -2430 -2394 -2517 -2417 -2464 -2458 -2351 -2456 -2443 -2496 -2287 -2385 -2434 -2352 -2505 -2365 -2579 -2334 -2412 -2453 -2485 -2323 -2465 -2371 -2569 -2542 -2365 -2339 -2362 -2530 -2297 -2347 -2580 -2328 -2509 -2547 -2483 -2527 -2577 -2346 -2363 -2379 -2430
-2451 -2407 -2515 -2505 -2412 -2333 -2367 -2298 -2581 -2432 -2476 -2541 -2461 -2375 -2406 -2535 -2536 -2575 -2358 -2558 -2494 -2473 -2541 -2383 -2483 -2520 -2582 -2503 -2515 -2533 -2536 -2323 -2403 -2301 -2572 -2444 -2445 -2335 -2519 -2558 -2382 -2364 -2472 -2468 -2550 -2491 -2473 -2335 -2414 -2301
-2449 -2442 -2375 -2290 -2386 -2508 -2478 -2513 -2542 -2436 -2497 -2571 -2313 -2300 -2319 -2349 -2433 -2581 -2514 -2443 -2498 -2534 -2435 -2409 -2509 -2568 -2388 -2316 -2493 -2440 -2314 -2371 -2567 -2320 -2382 -2323 -2440 -2424 -2395 -2455 -2484 -2577 -2391 -2502 -2343 -2329 -2572 -2479 -2470 -2533
-2527 -2310 -2287 -2376 -2559 -2347 -2543 -2458 -2380 -2495 -2330 -2542 -2575 -2528 -2574 -2345 -2310 -2379 -2483 -2465 -2440 -2384 -2320 -2320 -2426 -2487 -2421 -2318 -2581 -2445 -2498 -2372 -2298 -2409 -2420 -2312 -2460 -2354 -2288 -2558 -2507 -2318 -2427 -2482 -2375 -2312 -2306 -2427 -2553 -2491
-2327 -2492 -2351 -2335 -2546 -2487 -2483 -2337 -2353 -2313 -2370 -2296 -2378 -2439 -2296 -2353 -2444 -2369 -2434 -2475 -2472 -2448 -2561 -2354 -2442 -2539 -2392 -2351 -2327 -2475 -2293 -2298 -2457 -2358 -2580 -2383 -2446 -2456 -2521 -2475 -2308 -2532 -2583 -2349 -2451 -2314 -2398 -2508 -2388 -2457
-2397 -2492 -2425 -2289 -2354 -2442 -2318 -2530 -2419 -2465 -2520 -2289 -2349 -2478 -2454 -2317 -2435 -2524 -2554 -2384 -2450 -2471 -2483 -2412 -2406 -2523 -2544 -2426 -2336 -2314 -2388 -2445 -2555 -2508 -2550 -2323 -2468 -2431 -2428 -2581 -2372 -2463 -2409 -2465 -2487 -2424 -2521 -2557 -2294 -2404
-2485 -2549 -2356 -2387 -2504 -2295 -2416 -2492 -2408 -2316 37512 37321 37374 37381 37339 37311 37345 37513 37283 37446 37451 37398 37323 37325 37424 37437 37283 37380 37524 37441 37449 37336 37284 37285 37539 37418 37374 37405 37396 37537 37314 37406 37322 37451 37342 37534 37428 -2487 -2437 -2558
-2350 -2333 -2549 -2366 -2337 -2317 -2355 -2581 -2373 -2289 37413 37377 37470 37348 37293 37424 37285 37462 37400 37405 37422 37265 37436 37356 37466 37392 37329 37503 37352 37300 37536 37431 37307 37289 37281 37412 37282 37447 37301 37268 37498 37317 37512 37297 37514 37541 37307 -2517 -2401 -2360
-2361 -2315 -2541 -2506 -2298 -2494 -2540 -2349 -2444 -2422 37364 37509 37391 37284 37351 37396 37524 37276 37496 37422 37343 37514 37502 37488 37288 37315 37479 37294 37308 37285 37349 37419 37385 37447 37316 37384 37264 37385 37338 37426 37557 37286 37517 37268 37330 37304 37368 -2406 -2579 -2396
-2487 -2447 -2410 -2344 -2458 -2530 -2502 -2551 -2286 -2557 37472 37524 37354 37529 37309 37314 37395 37298 37548 37449 37531 37395 37357 37540 37356 37268 37503 37416 37496 37475 37413 37333 37344 37330 37517 37541 37277 37538 37334 37487 37524 37370 37342 37315 37318 37342 37550 -2328 -2407 -2462
-2289 -2292 -2475 -2330 -2365 -2472 -2540 -2443 -2555 -2496 37558 37357 37340 37337 37462 37466 37507 37525 37357 37495 37422 37497 37369 37532 37525 37433 37444 37516 37306 37371 37441 37270 37364 37387 37304 37453 37316 37493 37298 37319 37411 37361 37385 37385 37548 37285 37482 -2464 -2344 -2300
-2545 -2294 -2291 -2555 -2483 -2338 -2333 -2386 -2420 -2501 37473 37358 37370 37326 37428 37348 37271 37281 37554 37313 37325 37412 37389 37510 37514 37361 37433 37481 37521 37276 37283 37328 37471 37533 37389 37293 37359 37363 37407 37342 37508 37296 37335 37488 37533 37506 37301 -2373 -2550 -2422
-2556 -2489 -2534 -2536 -2554 -2367 -2545 -2544 -2413 -2540 37521 37530 37544 37493 37352 37479 37493 37508 37372 37486 37441 37491 37379 37527 37419 37420 37451 37274 37408 37344 37427 37362 37307 37424 37391 37420 37495 37467 37477 37496 37403 37464 37429 37319 37388 37359 37395 -2285 -2435 -2443
-2531 -2544 -2443 -2430 -2510 -2321 -2327 -2381 -2481 -2496 37544 37501 37471 37426 37348 37380 37461 37411 37546 37465 37463 37441 37423 37416 37479 37403 37363 37339 37323 37448 37277 37562 37331 37512 37337 37438 37531 37526 37331 37423 37562 37421 37384 37429 37465 37387 37298 -2403 -2423 -2301
-2479 -2397 -2492 -2381 -2412 -2346 -2305 -2486 -2544 -2504 37301 37526 37558 37530 37308 37367 37531 37485 37312 37319 37500 37351 37392 37334 37366 37363 37278 37511 37529 37557 37392 37310 37520 37394 37367 37536 37364 37355 37335 37339 37404 37332 37543 37554 37383 37366 37372 -2334 -2371 -2309
-2476 -2477 -2299 -2555 -2460 -2523 -2398 -2463 -2362 -2406 37288 37315 37396 37386 37491 37365 37342 37448 37322 37430 37291 37521 37310 37276 37468 37536 37276 37365 37298 37381 37264 37488 37281 37272 37518 37358 37318 37454 37403 37264 37378 37526 37307 37478 37391 37501 37425 -2523 -2413 -2436
-2393 -2508 -2449 -2413 -2429 -2293 -2307 -2570 -2333 -2419 37329 37533 37333 37298 37369 37405 37527 37268 37514 37392 37559 37295 37359 37277 37426 37373 37384 37479 37299 37537 37443 37407 37452 37438 37385 37527 37466 37421 37421 37452 37265 37323 37403 37420 37297 37381 37322 -2439 -2531 -2386
-2431 -2574 -2475 -2338 -2332 -2315 -2294 -2520 -2393 -2456 37297 37426 37329 37511 37528 37352 37457 37520 37361 37341 37272 37544 37283 37555 37408 37558 37324 37283 37284 37386 37354 37374 37442 37461 37421 37393 37487 37267 37428 37562 37266 37398 37468 37326 37299 37455 37273 -2340 -2415 -2328
-2352 -2344 -2376 -2521 -2558 -2291 -2538 -2537 -2346 -2412 37333 37312 37389 37388 37531 37274 37349 37447 37303 37547 37394 37529 37316 37308 37448 37537 37406 37399 37356 37348 37431 37318 37276 37321 37367 37268 37332 37387 37372 37492 37438 37266 37432 37495 37533 37516 37439 -2341 -2382 -2518
-2532 -2536 -2532 -2487 -2452 -2476 -2391 -2501 -2536 -2564 37286 37287 37274 37360 37315 37334 37277 37433 37346 37555 37453 37469 37340 37525 37503 37546 37274 37365 37558 37385 37293 37499 37429 37393 37318 37392 37350 37376 37390 37499 37377 37409 37413 37511 37346 37540 37290 -2406 -2560 -2443
-2379 -2410 -2544 -2420 -2541 -2383 -2539 -2508 -2366 -2317 37385 37419 37354 37410 37516 37402 37561 37336 37460 37283 37338 37467 37365 37514 37510 37501 37365 37521 37286 37385 37329 37399 37349 37436 37297 37354 37411 37544 37300 37320 37545 37478 37381 37456 37397 37521 37380 -2532 -2513 -2573
-2352 -2442 -2431 -2393 -2397 -2433 -2485 -2517 -2418 -2322 37442 37318 37558 37355 37310 37326 37360 37455 37392 37541 37373 37363 37386 37276 37427 37435 37404 37409 37337 37555 37401 37494 37333 37510 37469 37474 37316 37275 37522 37335 37478 37267 37501 37498 37538 37404 37453 -2567 -2360 -2324
-2582 -2377 -2519 -2580 -2357 -2331 -2571 -2484 -2361 -2428 37533 37548 37473 37282 37508 37355 37282 37559 37336 37432 37554 37322 37554 37388 37460 37345 37376 37498 37270 37273 37301 37344 37279 37407 37291 37282 37476 37389 37316 37354 37370 37559 37381 37419 37347 37346 37393 -2432 -2533 -2368
-2506 -2451 -2492 -2328 -2386 -2526 -2401 -2396 -2348 -2494 37265 37342 37560 37334 37404 37424 37533 37456 37555 37289 37268 37530 37276 37362 37519 37383 37488 37543 37527 37433 37537 37430 37442 37522 37539 37267 37309 37395 37332 37434 37442 37294 37344 37376 37519 37459 37528 -2567 -2397 -2526
-2300 -2519 -2344 -2515 -2421 -2549 -2345 -2380 -2314 -2500 37540 37458 37433 37287 37361 37467 37385 37358 37323 37541 37537 37509 37365 37363 37418 37338 37377 37448 37401 37313 37367 37448 37304 37277 37433 37493 37268 37397 37319 37466 37384 37492 37513 37517 37299 37449 37389 -2396 -2535 -2325
-2367 -2408 -2506 -2401 -2579 -2413 -2343 -2440 -2299 -2374 37457 37541 37323 37467 37533 37361 37364 37532 37529 37330 37368 37270 37312 37475 37524 37467 37434 37274 37272 37374 37373 37543 37516 37343 37313 37403 37327 37474 37308 37393 37527 37561 37487 37347 37275 37339 37284 -2320 -2524 -2504
-2288 -2455 -2285 -2317 -2553 -2511 -2412 -2338 -2553 -2317 -2479 -2475 -2578 -2558 -2445 -2558 -2567 -2373 -2339 -2570 -2398 -2324 -2421 -2554 -2397 -2526 -2388 -2440 -2364 -2508 -2375 -2521 -2442 -2553 -2367 -2308 -2343 -2424 -2428 -2421 -2335 -2321 -2401 -2427 -2424 -2464 -2473 -2576 -2285 -2495
-2298 -2442 -2569 -2553 -2572 -2319 -2507 -2513 -2548 -2444 -2547 -2440 -2458 -2548 -2334 -2363 -2424 -2503 -2319 -2311 -2574 -2431 -2385 -2538 -2393 -2389 -2373 -2568 -2565 -2472 -2338 -2459 -2476 -2554 -2333 -2531 -2543 -2420 -2555 -2486 -2503 -2525 -2294 -2422 -2491 -2516 -2551 -2397 -2536 -2298
-2305 -2323 -2315 -2391 -2532 -2481 -2302 -2380 -2455 -2449 -2387 -2393 -2490 -2318 -2464 -2318 -2523 -2303 -2404 -2550 -2336 -2355 -2367 -2305 -2525 -2549 -2451 -2344 -2383 -2528 -2385 -2467 -2300 -2504 -2528 -2458 -2570 -2435 -2559 -2332 -2488 -2458 -2476 -2411 -2476 -2402 -2415 -2296 -2376 -2523
-2492 -2389 -2453 -2329 -2557 -2431 -2576 -2348 -2565 -2371 -2450 -2562 -2488 -2485 -2576 -2410 -2474 -2337 -2413 -2354 -2480 -2580 -2287 -2559 -2500 -2357 -2395 -2436 -2529 -2519 -2470 -2454 -2545 -2558 -2511 -2564 -2386 -2499 -2300 -2435 -2485 -2415 -2427 -2483 -2512 -2490 -2294 -2384 -2463 -2543
-2389 -2467 -2308 -2481 -2576 -2386 -2520 -2401 -2499 -2559 -2498 -2414 -2321 -2376 -2338 -2487 -2374 -2392 -2529 -2463 -2569 -2347 -2376 -2478 -2490 -2325 -2568 -2392 -2491 -2545 -2573 -2406 -2568 -2539 -2328 -2439 -2310 -2307 -2396 -2523 -2325 -2315 -2541 -2360 -2292 -2367 -2307 -2355 -2325 -2484
-2438 -2583 -2378 37281 37337 37515 37267 37524 37488 37298 37508 37344 37422 37276 37489 37326 37447 37458 37281 37437 37523 37485 37338 37551 37411 37384 37489 37413 37312 37298 37492 37305 37556 37550 37411 37473 -2448 -2569 -2404 -2360 -2454 -2355 -2458 -2400 -2416 -2551 -2391 -2391 -2521 -2365
-2436 -2305 -2567 37471 37303 37298 37404 37334 37386 37300 37341 37351 37362 37303 37365 37535 37446 37512 37423 37553 37531 37529 37347 37426 37331 37483 37354 37267 37291 37459 37323 37436 37364 37318 37554 37559 -2332 -2403 -2462 -2358 -2411 -2502 -2332 -2442 -2391 -2339 -2353 -2480 -2308 -2470
-2525 -2580 -2490 37473 37304 37488 37501 37294 37274 37432 37548 37443 37524 37413 37376 37518 37391 37410 37338 37447 37370 37383 37515 37267 37290 37287 37343 37471 37285 37562 37485 37495 37548 37512 37393 37333 -2415 -2328 -2447 -2583 -2448 -2375 -2435 -2391 -2566 -2427 -2309 -2515 -2368 -2306
-2285 -2565 -2298 37392 37378 37395 37458 37389 37405 37463 37516 37458 37440 37500 37310 37491 37346 37431 37490 37444 37265 37382 37489 37558 37550 37302 37455 37361 37509 37284 37273 37312 37497 37402 37430 37535 -2532 -2440 -2341 -2535 -2368 -2297 -2516 -2400 -2575 -2423 -2475 -2550 -2422 -2509
-2508 -2547 -2565 -2321 -2363 -2452 -2541 -2519 -2462 -2531 -2399 -2496 -2453 -2378 -2444 -2370 -2413 -2482 -2350 -2548 -2509 -2514 -2523 -2496 -2580 -2319 -2481 -2545 -2415 -2343 -2482 -2423 -2426 -2539 -2313 -2494 -2306 -2310 -2336 -2392 -2372 -2399 -2305 -2561 -2391 -2540 -2459 -2344 -2483 -2329
-2550 -2332 -2484 -2294 -2292 -2506 -2365 -2562 -2569 -2572 -2357 -2482 -2382 -2421 -2508 -2324 -2362 -2314 -2519 -2364 -2371 -2331 -2383 -2539 -2288 -2482 -2357 -2553 -2357 -2413 -2430 -2491 -2380 -2407 -2309 -2577 -2564 -2421 -2569 -2475 -2476 -2342 -2386 -2472 -2531 -2550 -2309 -2537 -2411 -2537
-2370 -2384 -2538 -2451 -2465 -2412 -2365 -2401 -2436 -2353 -2393 -2355 -2404 -2394 -2322 -2473 -2423 -2421 -2339 -2485 -2363 -2313 -2467 -2448 -2465 -2297 -2504 -2540 -2492 -2436 -2300 -2311 -2413 -2548 -2457 -2435 -2477 -2425 -2309 -2355 -2483 -2327 -2386 -2322 -2428 -2462 -2395 -2519 -2490 -2501
-2341 -2449 -2289 -2532 -2332 -2351 -2506 -2340 -2557 -2387 -2417 -2555 -2562 -2304 -2286 -2408 -2359 -2364 -2582 -2286 -2511 -2501 -2401 -2510 -2552 -2475 -2497 -2460 -2320 -2573 -2401 -2569 -2352 -2576 -2348 -2285 -2318 -2326 -2503 -2528 -2323 -2553 -2291 -2477 -2360 -2389 -2300 -2371 -2559 -2373
-2413 -2528 -2308 -2523 -2298 -2439 -2495 -2374 -2447 -2550 -2285 -2334 -2556 -2447 -2567 -2529 -2354 -2474 -2427 -2376 -2303 -2427 -2576 -2456 -2574 -2468 -2561 -2428 -2363 -2286 -2380 -2516 -2488 -2551 -2337 -2498 -2557 -2329 -2582 -2307 -2575 -2540 -2542 -2300 -2503 -2328 -2460 -2291 -2486 -2454
-2517 -2502 -2509 -2489 -2386 -2306 -2439 -2500 -2328 -2538 -2558 -2484 -2344 -2465 -2378 -2420 -2425 -2572 -2435 -2308 -2364 -2488 -2558 -2314 -2322 -2481 -2509 -2481 -2285 -2575 -2311 -2481 -2316 -2502 -2496 -2410 -2330 -2328 -2297 -2548 -2568 -2291 -2344 -2388 -2318 -2487 -2387 -2413 -2475 -2529
-2286 -2413 -2494 -2353 -2564 -2325 -2383 -2349 -2558 -2342 -2516 -2310 -2299 -2330 -2352 -2457 -2507 -2455 -2472 -2484 -2385 -2327 -2573 -2486 -2458 -2506 -2551 -2572 -2410 -2300 -2338 -2351 -2429 -2391 -2327 -2580 -2497 -2389 -2323 -2576 -2430 -2308 -2295 -2302 -2374 -2311 -2302 -2444 -2296 -2422
-2289 -2304 -2488 -2365 -2330 -2342 -2430 -2456 -2535 -2514 -2347 -2543 -2499 -2299 -2542 -2416 -2469 -2357 -2561 -2398 -2508 -2405 -2349 -2576 -2309 -2552 -2457 -2551 -2386 -2348 -2422 -2406 -2433 -2579 -2443 -2372 -2551 -2379 -2416 -2390 -2555 -2566 -2465 -2435 -2338 -2462 -2443 -2331 -2429 -2392
-2520 -2426 -2450 -2451 -2541 -2568 -2471 -2315 -2487 -2387 -2309 -2507 -2390 -2340 -2535 -2392 -2352 -2579 -2458 -2460 -2407 -2581 -2472 -2430 -2325 -2341 -2463 -2382 -2419 -2482 -2553 -2538 -2452 -2374 -2339 -2407 -2296 -2398 -2309 -2553 -2401 -2453 -2462 -2380 -2427 -2315 -2371 -2461 -2492 -2546
-2553 -2295 -2391 -2401 -2400 -2572 -2362 -2407 -2351 -2487 -2369 -2558 -2379 -2554 -2506 -2290 -2303 -2335 -2321 -2451 -2532 -2323 -2339 -2317 -2347 -2289 -2539 -2410 -2500 -2577 -2302 -2514 -2446 -2569 -2444 -2288 -2539 -2435 -2496 -2291 -2390 -2373 -2520 -2512 -2427 -2552 -2343 -2553 -2360 -2331
-2376 -2362 -2557 -2379 -2405 -2296 -2513 -2427 -2473 -2565 -2392 -2323 -2383 -2467 -2381 -2536 -2451 -2426 -2499 -2375 -2323 -2321 -2338 -2296 -2569 -2448 -2464 -2492 -2289 -2375 -2386 -2496 -2459 -2425 -2489 -2556 -2500 -2567 -2433 -2326 -2450 -2530 -2330 -2460 -2414 -2508 -2331 -2502 -2420 -2320
